-2
-2
1
3
2
1
0
-2
-4
-4
-3
-1
2
4
2
-2
-1
2
6
7
6
3
0
-1
0
1
1
-2
-5
-7
-6
-4
-5
-7
-7
-6
1
6
6
3
-1
-4
-3
-3
-2
-1
0
0
-2
-4
-7
-7
-3
-2
-2
-3
-6
-7
-7
-5
-3
1
3
1
1
-1
-2
0
0
-1
0
1
3
5
7
2
-2
-5
-7
-2
4
3
-1
-2
-1
1
2
0
-1
-1
0
3
5
9
10
10
10
7
4
3
3
1
1
-1
2
5
3
-1
-4
-6
-5
-2
-1
2
3
2
3
-1
-4
-2
1
3
2
-2
-5
-2
1
1
-2
-7
-7
-3
0
3
1
-2
-4
-6
-6
-7
-6
-3
-1
2
5
5
6
2
-5
-9
-11
-10
-8
-3
0
3
4
4
3
5
5
7
9
8
8
6
3
4
5
8
9
6
3
1
1
2
3
3
-4
-9
-9
-4
1
3
-1
-5
-5
0
6
8
3
-4
-8
-5
0
3
4
0
-5
-10
-15
-16
-14
-9
-2
3
5
5
8
9
8
5
0
-2
-2
-1
2
-1
-2
-2
-1
0
1
1
2
4
4
3
-1
-6
-6
-1
7
10
9
7
5
5
5
7
4
2
0
-1
-3
-4
-2
2
6
8
4
-1
-4
-5
-3
-4
-6
-7
-4
1
3
1
-5
-11
-12
-11
-9
-7
-9
-8
-6
-1
3
1
-2
-8
-7
-4
-2
2
-1
-3
2
6
10
9
5
2
0
-2
-3
-2
-3
-2
0
1
1
2
1
0
-2
-3
-2
-2
-1
-2
2
6
8
11
10
9
6
4
5
3
4
4
5
4
4
5
3
1
-1
-2
0
0
2
4
7
13
11
6
2
1
2
2
-3
-9
-9
-6
-3
-3
-3
-3
-2
4
4
3
-4
-9
-6
-3
1
2
-2
-3
-6
-2
3
7
6
-2
-7
-8
-2
3
0
-2
-4
-3
4
8
8
-1
-6
-5
-4
-2
-2
-3
1
3
2
-3
-9
-11
-10
-7
-5
-4
-2
-1
0
1
2
5
4
-1
-9
-14
-9
-4
-8
-15
-18
-13
-5
-1
2
0
-3
-7
-8
-4
-4
-5
-4
-3
-1
2
6
7
7
6
2
1
-2
-2
1
2
4
1
1
2
5
9
4
5
5
5
8
8
10
9
6
5
5
8
10
12
12
9
12
17
21
19
12
10
11
11
11
11
12
12
9
6
2
2
9
15
14
9
-1
-5
-3
-1
0
-2
-2
3
4
2
0
-2
-4
-8
-10
-10
-11
-7
-5
-8
-9
-14
-12
-8
-5
-8
-16
-18
-15
-5
-1
-11
-19
-20
-10
1
1
-7
-20
-22
-18
-13
-14
-20
-24
-22
-12
-7
-8
-12
-14
-13
-12
-10
-9
-8
-3
4
5
1
0
0
5
6
-1
-6
-11
-7
2
7
8
3
0
-2
-2
3
6
5
3
1
6
13
20
18
14
9
6
10
17
18
16
9
8
11
18
23
21
18
16
12
13
16
18
15
8
5
8
9
10
12
13
16
14
13
13
16
22
20
18
14
13
20
18
18
12
4
0
-3
-2
-2
-4
-6
-9
-10
-11
-13
-13
-15
-22
-29
-32
-28
-22
-25
-31
-35
-37
-36
-35
-30
-30
-34
-38
-41
-37
-30
-26
-23
-25
-26
-27
-22
-16
-16
-21
-24
-25
-15
-6
-2
-5
-13
-14
-5
0
4
0
-1
0
8
18
18
18
15
15
19
25
32
31
28
30
32
39
44
47
49
54
58
64
65
65
65
64
69
77
82
84
79
77
77
78
80
73
71
69
61
59
57
52
42
30
20
12
5
-3
-18
-31
-44
-57
-71
-83
-91
-97
-106
-115
-122
-126
-130
-135
-142
-152
-156
-155
-153
-154
-158
-162
-158
-152
-152
-156
-158
-149
-137
-125
-114
-108
-99
-88
-76
-61
-52
-41
-35
-25
-11
2
18
32
41
50
58
71
83
96
104
107
114
125
136
145
148
150
155
165
181
185
183
182
184
198
209
214
216
217
228
244
257
264
262
259
262
265
266
265
269
269
261
244
219
204
202
196
169
131
100
86
79
54
5
-61
-108
-136
-163
-205
-269
-320
-360
-380
-413
-472
-532
-574
-580
-579
-594
-625
-656
-646
-607
-569
-554
-553
-534
-487
-425
-372
-340
-309
-269
-213
-159
-113
-78
-44
-2
38
71
84
91
107
124
137
133
124
115
113
113
104
96
89
89
103
115
120
119
132
170
205
232
251
276
321
374
421
455
474
504
547
587
609
602
588
587
599
604
589
559
523
490
465
435
391
335
278
244
218
182
132
75
40
22
2
-29
-60
-73
-76
-71
-64
-70
-90
-111
-112
-83
-59
-63
-82
-101
-96
-94
-101
-114
-145
-187
-235
-263
-267
-282
-318
-379
-442
-486
-502
-500
-517
-574
-643
-685
-677
-657
-676
-734
-788
-793
-758
-730
-726
-735
-733
-700
-651
-596
-552
-520
-484
-436
-372
-306
-252
-205
-155
-90
-20
44
98
146
190
236
280
321
357
383
408
433
459
485
509
535
553
562
568
585
614
633
634
623
616
630
653
668
667
658
657
666
681
688
680
669
661
658
653
636
608
572
552
542
528
503
463
420
379
349
322
281
223
156
112
94
74
30
-23
-48
-63
-97
-152
-200
-224
-240
-279
-339
-378
-404
-424
-460
-497
-519
-561
-598
-627
-665
-762
-917
-1002
-989
-957
-1024
-1205
-1332
-1351
-1297
-1247
-1248
-1245
-1241
-1211
-1134
-1025
-897
-795
-710
-610
-485
-330
-172
-32
100
218
326
419
503
599
685
739
769
773
783
798
789
765
719
665
605
533
480
403
300
208
135
90
40
12
-22
-64
-42
23
80
91
119
210
321
430
511
566
625
710
799
860
910
925
906
905
927
927
870
801
740
676
617
555
479
387
298
211
122
50
-26
-110
-187
-241
-288
-343
-375
-367
-364
-391
-415
-394
-320
-259
-249
-266
-241
-162
-98
-63
-51
-57
-60
-58
-33
-52
-108
-128
-144
-179
-262
-344
-388
-417
-421
-494
-622
-699
-723
-751
-889
-1039
-1076
-1042
-1025
-1152
-1304
-1326
-1224
-1094
-1064
-1067
-1038
-972
-833
-679
-527
-409
-309
-180
-42
116
270
398
511
595
675
757
829
894
930
940
920
882
852
835
799
749
650
482
326
259
295
250
89
-76
-169
-107
14
85
32
-47
7
129
296
437
481
487
520
647
761
826
878
868
854
870
904
911
868
808
705
615
583
546
463
349
245
169
119
81
19
-67
-143
-186
-184
-162
-148
-156
-187
-212
-169
-72
33
50
11
10
79
230
287
185
25
-68
2
134
174
-35
-385
-525
-404
-205
-219
-493
-896
-1261
-1354
-1225
-1078
-1180
-1595
-2038
-2227
-2041
-1764
-1676
-1760
-1919
-1956
-1797
-1502
-1202
-1020
-916
-831
-685
-433
-119
185
398
515
604
725
898
1098
1248
1303
1272
1226
1242
1295
1318
1253
1135
1020
925
838
736
635
535
408
213
-21
-143
-44
74
-53
-295
-372
-230
-49
56
61
27
86
208
322
466
670
781
714
675
764
894
996
1053
997
858
812
848
846
785
646
470
346
341
324
191
56
-42
-107
-158
-201
-236
-299
-339
-362
-363
-309
-259
-240
-259
-251
-190
-120
-49
-17
-10
3
13
37
43
30
13
-12
-45
-88
-90
-122
-246
-363
-380
-331
-328
-430
-603
-706
-640
-491
-460
-567
-640
-632
-637
-738
-870
-891
-818
-789
-969
-1251
-1369
-1266
-1059
-996
-1107
-1245
-1257
-1090
-872
-705
-633
-607
-533
-396
-181
40
204
319
410
525
660
796
925
1021
1081
1090
1087
1104
1139
1167
1149
1053
864
701
661
681
581
394
261
126
-1
-69
-37
0
-36
-89
-181
-154
52
268
349
288
270
353
545
811
922
868
805
857
984
1060
1082
995
850
769
737
719
660
549
394
221
112
37
-43
-123
-230
-345
-454
-519
-529
-535
-522
-538
-567
-547
-479
-354
-278
-282
-312
-282
-140
-45
-48
-108
-125
-61
-5
-4
-57
-158
-250
-245
-148
-108
-242
-436
-506
-469
-419
-455
-524
-504
-491
-409
-354
-407
-683
-1187
-1388
-1114
-599
-518
-1169
-1894
-2106
-1616
-1027
-931
-1236
-1614
-1611
-1283
-881
-588
-522
-539
-542
-402
-95
243
537
670
696
718
817
1058
1326
1519
1553
1449
1381
1412
1538
1596
1527
1318
979
736
771
1001
980
598
128
-121
-18
193
260
88
-151
-277
-273
-64
216
333
235
113
183
381
627
828
866
805
763
838
998
1138
1141
970
810
763
786
785
694
524
314
137
47
-16
-111
-271
-456
-571
-610
-591
-594
-644
-701
-758
-739
-645
-550
-513
-531
-498
-399
-294
-270
-278
-236
-136
-57
-95
-141
-150
-138
-166
-224
-225
-266
-300
-335
-409
-418
-444
-443
-471
-496
-470
-449
-309
-215
-399
-975
-1547
-1436
-709
-188
-629
-1720
-2367
-1979
-1080
-636
-962
-1580
-1860
-1616
-1114
-688
-506
-539
-603
-550
-302
87
460
704
758
739
784
967
1294
1588
1724
1648
1471
1446
1592
1776
1817
1677
1447
1176
976
917
991
1003
756
333
-29
-111
25
144
53
-216
-422
-431
-252
-28
74
17
-74
-3
216
463
642
709
698
685
767
908
1042
1119
1080
958
841
829
854
818
684
456
250
128
81
2
-160
-359
-530
-607
-628
-632
-669
-755
-817
-808
-723
-640
-620
-635
-616
-542
-427
-339
-311
-319
-303
-215
-128
-111
-142
-142
-130
-120
-135
-180
-267
-325
-241
-159
-271
-483
-591
-476
-232
-51
-164
-323
-357
-665
-1413
-1936
-1257
-137
-94
-1443
-2895
-2921
-1746
-674
-740
-1675
-2308
-2216
-1605
-960
-617
-615
-816
-883
-684
-269
280
729
876
791
730
909
1310
1767
2066
2028
1768
1613
1765
2091
2272
2166
1869
1575
1386
1314
1307
1331
1202
777
281
61
202
333
198
-90
-395
-521
-386
-109
68
-18
-205
-299
-158
207
502
574
525
523
616
757
959
1106
1095
989
874
866
938
988
916
690
469
308
236
188
54
-141
-353
-488
-533
-555
-589
-698
-856
-966
-938
-815
-756
-789
-855
-862
-778
-637
-549
-561
-564
-479
-336
-268
-281
-266
-209
-70
-25
-82
-63
14
59
-194
-367
-220
-35
17
-208
-396
-380
-241
143
206
-505
-1824
-2570
-1504
32
161
-1562
-3458
-3513
-2165
-870
-828
-1834
-2612
-2697
-2077
-1311
-879
-782
-966
-1052
-928
-596
4
578
838
758
610
743
1189
1775
2228
2304
2023
1818
1976
2396
2694
2605
2311
2009
1755
1609
1585
1750
1727
1246
650
280
375
588
536
254
-143
-375
-448
-369
-105
27
-108
-424
-567
-296
134
467
491
312
215
308
637
1001
1157
1009
728
634
763
974
1054
873
580
349
304
361
354
214
-91
-392
-532
-468
-372
-477
-731
-989
-1054
-958
-859
-828
-899
-972
-1010
-968
-827
-699
-608
-652
-692
-643
-490
-216
-80
-146
-275
-272
-50
193
271
129
-119
-143
-41
121
255
240
37
-177
-121
274
579
112
-1149
-2235
-1737
-219
365
-842
-2772
-3420
-2507
-1239
-858
-1663
-2527
-2720
-2291
-1691
-1343
-1195
-1220
-1276
-1195
-1001
-543
99
559
680
566
591
943
1515
2106
2357
2210
2026
2104
2462
2791
2841
2668
2395
2166
1979
1797
1779
1800
1588
1115
642
447
437
436
336
57
-318
-600
-640
-439
-252
-317
-581
-785
-668
-352
-63
90
88
41
58
267
611
851
888
775
688
761
916
1018
960
787
626
527
503
460
356
172
-53
-229
-319
-328
-407
-590
-800
-937
-966
-948
-948
-996
-1048
-1060
-1046
-1024
-981
-888
-798
-767
-732
-587
-361
-254
-317
-354
-204
63
211
177
79
33
54
136
299
412
317
80
-22
189
469
593
485
-54
-1014
-1830
-1464
-244
274
-699
-2439
-3217
-2551
-1384
-841
-1402
-2302
-2787
-2637
-1967
-1330
-1033
-1147
-1434
-1450
-1175
-574
123
488
543
438
517
907
1454
2031
2342
2278
2067
2026
2344
2757
2938
2804
2489
2241
2125
2028
1898
1744
1564
1350
986
596
337
208
214
108
-156
-492
-789
-823
-715
-528
-548
-854
-994
-868
-512
-206
-131
-119
-150
-53
181
457
708
741
647
586
669
882
988
940
802
637
560
507
457
381
199
-25
-225
-315
-354
-450
-604
-778
-885
-941
-946
-944
-960
-1001
-1058
-1038
-940
-809
-766
-778
-703
-564
-368
-235
-222
-206
-136
43
242
314
301
266
323
465
501
451
331
301
394
481
487
367
309
374
315
-160
-968
-1448
-1064
-327
-288
-1248
-2383
-2681
-2106
-1472
-1402
-1875
-2352
-2484
-2294
-1928
-1594
-1362
-1278
-1285
-1206
-948
-480
63
435
591
628
748
1071
1536
2016
2276
2257
2154
2198
2463
2733
2806
2660
2407
2224
2138
2030
1772
1449
1252
1124
849
447
150
-12
-108
-225
-449
-739
-956
-962
-856
-802
-849
-1004
-1060
-868
-551
-347
-307
-268
-171
-34
204
482
682
734
691
715
836
1008
1080
972
795
655
638
668
646
530
264
-11
-171
-209
-237
-368
-569
-769
-886
-920
-932
-942
-982
-1048
-1092
-1073
-953
-816
-758
-769
-740
-625
-438
-267
-156
-79
-62
8
157
359
452
438
443
427
510
572
534
496
499
548
486
393
428
487
517
232
-473
-1222
-1417
-758
-171
-532
-1638
-2611
-2621
-1962
-1409
-1464
-2048
-2500
-2547
-2203
-1712
-1406
-1295
-1339
-1315
-1077
-717
-221
246
515
618
682
908
1308
1806
2217
2344
2262
2170
2284
2561
2775
2774
2572
2315
2135
2085
2081
1873
1388
866
686
770
633
231
-244
-516
-554
-607
-732
-914
-1052
-1164
-1220
-1098
-932
-869
-908
-878
-660
-372
-141
-20
19
88
248
469
714
873
877
815
823
932
1026
1009
874
699
557
460
398
329
206
17
-226
-461
-594
-616
-634
-767
-953
-1106
-1148
-1086
-1045
-1040
-1072
-1059
-931
-787
-686
-634
-565
-377
-198
-83
-29
43
249
358
394
417
496
652
687
705
676
618
570
497
523
568
544
395
200
188
241
94
-372
-1024
-1368
-1176
-806
-864
-1548
-2273
-2455
-2152
-1811
-1791
-2017
-2255
-2307
-2146
-1898
-1611
-1352
-1196
-1092
-935
-666
-285
146
517
768
899
1068
1360
1718
2068
2287
2357
2347
2383
2536
2688
2730
2611
2398
2224
2098
1999
1841
1615
1245
725
327
273
381
149
-349
-721
-927
-959
-916
-899
-988
-1193
-1276
-1238
-1032
-715
-579
-554
-495
-299
-74
67
324
546
627
685
752
910
1046
1123
1144
1061
1012
954
871
815
717
577
337
110
1
-106
-252
-441
-643
-783
-884
-967
-1057
-1114
-1100
-1097
-1112
-1112
-1054
-946
-839
-742
-659
-591
-496
-356
-196
-30
82
109
144
232
352
469
560
604
504
425
411
446
511
474
393
239
190
290
387
283
-364
-1325
-1876
-1403
-458
-342
-1373
-2693
-3113
-2436
-1563
-1343
-1928
-2599
-2737
-2385
-1850
-1511
-1376
-1326
-1279
-1094
-800
-322
252
656
840
869
1004
1359
1846
2347
2591
2541
2382
2385
2650
2921
3012
2832
2514
2274
2173
2158
2063
1716
1170
721
567
558
372
45
-298
-615
-812
-918
-945
-964
-1016
-1084
-1220
-1230
-1031
-794
-614
-506
-396
-287
-139
136
401
581
712
766
841
971
1137
1250
1205
1127
1049
987
941
852
728
534
327
154
-14
-158
-316
-498
-686
-839
-947
-1051
-1132
-1184
-1222
-1229
-1221
-1195
-1148
-1074
-924
-781
-697
-675
-591
-350
-104
29
30
66
172
255
345
453
601
645
527
392
326
427
553
526
355
140
93
173
292
214
-337
-1215
-1896
-1665
-840
-525
-1285
-2626
-3242
-2746
-1883
-1535
-1979
-2525
-2705
-2501
-2077
-1714
-1399
-1243
-1225
-1126
-904
-402
216
691
946
1007
1141
1427
1873
2387
2685
2710
2550
2495
2711
2986
3125
2996
2703
2432
2272
2208
2106
1802
1286
838
653
534
268
-48
-278
-486
-730
-941
-1035
-1008
-942
-967
-1084
-1110
-943
-726
-541
-371
-243
-158
-34
234
527
731
837
872
935
1046
1187
1291
1336
1310
1197
1074
959
850
715
536
353
168
-38
-247
-438
-606
-780
-956
-1101
-1205
-1266
-1301
-1325
-1347
-1332
-1296
-1272
-1181
-1041
-923
-866
-808
-653
-460
-256
-92
-25
24
67
161
353
597
694
536
369
343
456
547
508
381
217
121
91
96
133
10
-465
-1309
-1966
-1776
-1101
-812
-1468
-2594
-3115
-2801
-2138
-1843
-2104
-2458
-2620
-2467
-2128
-1733
-1318
-1067
-959
-886
-730
-296
313
871
1195
1262
1320
1555
2012
2536
2873
2918
2768
2693
2821
3032
3156
3070
2800
2489
2250
2108
2000
1737
1298
888
663
505
198
-163
-406
-524
-680
-945
-1131
-1156
-1052
-999
-1074
-1101
-986
-785
-575
-375
-193
-81
36
252
504
718
815
871
981
1104
1220
1248
1220
1187
1108
1017
893
782
664
494
312
100
-101
-291
-479
-654
-845
-1028
-1170
-1258
-1296
-1306
-1311
-1329
-1339
-1291
-1172
-1036
-952
-891
-807
-629
-423
-276
-190
-113
73
261
341
348
434
640
739
671
488
408
519
624
627
361
116
106
251
399
207
-300
-975
-1597
-1727
-1348
-924
-1114
-2071
-2981
-3107
-2498
-1890
-1921
-2362
-2743
-2762
-2416
-1953
-1507
-1255
-1206
-1175
-989
-551
28
555
893
1055
1174
1417
1814
2265
2632
2780
2753
2677
2708
2913
3098
3114
2930
2646
2414
2237
2133
1997
1690
1180
640
382
346
239
-102
-479
-716
-918
-1051
-1055
-967
-956
-1134
-1294
-1269
-978
-618
-486
-461
-406
-242
7
264
559
704
706
749
881
1107
1242
1234
1134
1013
998
1002
950
812
599
405
210
56
-69
-245
-448
-659
-830
-926
-1004
-1071
-1149
-1214
-1260
-1292
-1235
-1116
-1014
-974
-939
-822
-643
-463
-360
-316
-179
90
301
294
171
167
349
640
810
694
447
268
310
506
637
536
190
-42
8
203
292
144
-264
-986
-1747
-1964
-1409
-743
-878
-1933
-2994
-3184
-2549
-1837
-1649
-1982
-2463
-2679
-2461
-1900
-1296
-944
-897
-982
-913
-528
99
722
1080
1172
1177
1313
1686
2212
2690
2905
2800
2592
2546
2723
2963
3028
2852
2509
2172
1990
1918
1809
1476
960
516
267
144
-47
-330
-571
-797
-1048
-1227
-1235
-1110
-1042
-1089
-1154
-1121
-907
-642
-419
-254
-170
-51
137
403
666
786
848
913
1007
1113
1153
1170
1148
1086
1005
881
764
636
470
295
102
-82
-245
-402
-563
-737
-892
-1024
-1119
-1167
-1200
-1211
-1206
-1168
-1105
-1026
-954
-877
-762
-601
-440
-340
-272
-148
4
162
302
363
371
372
518
742
848
760
528
386
435
579
596
390
152
65
103
182
147
-233
-940
-1668
-1826
-1324
-892
-1171
-2124
-2919
-2926
-2385
-1899
-1942
-2318
-2576
-2553
-2232
-1853
-1533
-1261
-1096
-963
-803
-496
31
563
946
1115
1197
1402
1742
2209
2606
2760
2708
2597
2650
2841
2974
2955
2759
2492
2260
2092
1967
1792
1468
969
501
261
243
111
-275
-694
-1011
-1107
-1116
-1099
-1119
-1225
-1249
-1233
-1113
-871
-646
-491
-406
-248
-23
189
415
622
764
838
896
1001
1123
1222
1249
1158
1053
987
930
848
713
545
331
112
-67
-212
-372
-573
-769
-926
-1025
-1095
-1176
-1230
-1234
-1202
-1163
-1107
-1023
-941
-840
-708
-558
-446
-369
-255
-72
138
298
297
239
327
525
649
622
584
597
576
511
460
458
476
434
271
84
30
105
130
-143
-776
-1577
-1993
-1582
-869
-846
-1810
-2946
-3183
-2508
-1741
-1628
-2180
-2682
-2702
-2305
-1786
-1422
-1210
-1147
-1090
-853
-461
82
596
932
1092
1163
1352
1691
2128
2550
2753
2703
2536
2518
2741
2982
3025
2815
2470
2194
2053
1998
1887
1577
1019
398
85
158
222
-112
-634
-1004
-1123
-1056
-978
-965
-1056
-1150
-1155
-1068
-820
-558
-407
-328
-200
62
277
431
611
768
904
993
1068
1152
1201
1231
1190
1121
1070
978
841
670
495
310
87
-105
-258
-424
-615
-813
-950
-1031
-1102
-1184
-1258
-1278
-1236
-1175
-1126
-1059
-978
-875
-762
-637
-500
-402
-252
-86
25
86
129
274
391
464
504
505
522
475
421
418
492
521
402
212
33
16
74
152
-7
-681
-1629
-2235
-1822
-907
-702
-1651
-3030
-3536
-2913
-1999
-1605
-1988
-2614
-2906
-2749
-2157
-1519
-1117
-1039
-1183
-1115
-777
-149
554
984
1179
1184
1265
1594
2104
2698
3030
2970
2728
2609
2806
3122
3251
3102
2757
2417
2216
2128
2082
1817
1260
729
483
447
241
-149
-460
-684
-837
-978
-1062
-1040
-1024
-1031
-1103
-1082
-859
-647
-451
-244
-47
88
171
401
685
907
1046
1076
1135
1230
1315
1366
1332
1280
1169
1019
910
784
638
428
176
-43
-254
-435
-599
-770
-928
-1095
-1246
-1351
-1395
-1392
-1400
-1413
-1371
-1308
-1201
-1078
-972
-859
-758
-602
-454
-280
-63
75
107
129
268
470
590
590
480
386
403
478
500
425
320
177
74
96
173
151
-191
-852
-1617
-2064
-1778
-1230
-1189
-1982
-3062
-3473
-3081
-2397
-2118
-2434
-2842
-2994
-2777
-2320
-1850
-1443
-1244
-1168
-1014
-695
-138
507
1026
1326
1447
1592
1878
2319
2829
3186
3246
3107
3023
3144
3384
3505
3380
3054
2709
2487
2340
2244
1936
1337
698
381
462
352
-37
-598
-1040
-1100
-1011
-870
-949
-1178
-1316
-1334
-1035
-658
-465
-433
-429
-180
148
428
700
808
892
984
1110
1336
1470
1512
1412
1259
1256
1281
1259
1102
828
575
350
192
73
-123
-393
-701
-973
-1102
-1149
-1213
-1349
-1524
-1586
-1505
-1388
-1287
-1234
-1172
-1104
-1071
-950
-740
-519
-350
-249
-132
-13
121
268
375
463
489
419
357
359
449
487
412
314
198
94
32
45
80
-138
-842
-1835
-2420
-2017
-1217
-1131
-2155
-3457
-3860
-3265
-2447
-2215
-2604
-3063
-3212
-2973
-2519
-1982
-1502
-1275
-1228
-1147
-810
-158
590
1156
1424
1504
1640
1972
2494
3051
3395
3414
3232
3157
3345
3638
3760
3590
3230
2873
2652
2530
2331
1885
1327
934
775
596
243
-171
-528
-749
-879
-975
-1071
-1153
-1186
-1183
-1135
-1002
-836
-685
-465
-174
81
228
380
620
849
1046
1154
1198
1263
1351
1437
1429
1355
1279
1190
1109
985
773
527
292
112
-58
-292
-542
-787
-990
-1114
-1210
-1297
-1397
-1505
-1538
-1509
-1437
-1346
-1294
-1230
-1126
-982
-843
-740
-549
-306
-119
32
137
207
255
379
569
647
586
468
418
442
526
518
379
182
73
75
71
-85
-752
-1796
-2464
-2129
-1324
-1220
-2206
-3476
-3951
-3431
-2611
-2340
-2694
-3177
-3358
-3131
-2657
-2058
-1608
-1433
-1373
-1241
-849
-189
565
1118
1363
1493
1696
2027
2511
3071
3457
3477
3257
3140
3291
3573
3730
3583
3203
2808
2550
2337
2035
1675
1342
998
576
181
-121
-374
-624
-781
-899
-1112
-1295
-1334
-1194
-1000
-883
-883
-902
-699
-359
-69
165
384
573
707
906
1187
1362
1395
1383
1411
1496
1562
1530
1385
1208
1091
960
792
609
393
132
-165
-382
-506
-646
-842
-1050
-1204
-1281
-1297
-1319
-1338
-1331
-1304
-1265
-1165
-1005
-875
-765
-647
-503
-293
-36
118
130
228
496
680
544
328
313
503
706
672
468
262
282
388
379
232
-273
-1169
-2117
-2288
-1595
-1105
-1650
-3039
-4106
-4067
-3244
-2550
-2605
-3176
-3637
-3652
-3199
-2498
-1910
-1637
-1662
-1662
-1385
-795
15
692
1038
1180
1343
1677
2184
2796
3308
3480
3339
3186
3239
3490
3696
3664
3380
2951
2580
2277
2023
1856
1638
1201
627
203
21
-127
-322
-526
-742
-935
-1057
-1063
-993
-863
-749
-766
-789
-627
-296
40
321
508
569
626
850
1208
1483
1535
1421
1300
1308
1405
1438
1312
1078
853
692
566
446
303
65
-219
-472
-643
-755
-887
-1021
-1147
-1227
-1253
-1246
-1194
-1116
-1040
-984
-932
-812
-637
-496
-382
-325
-221
-48
120
274
334
393
408
433
528
522
411
246
254
411
518
492
204
-106
-274
-519
-1127
-1990
-2245
-1721
-1261
-1712
-2992
-3954
-3869
-3056
-2418
-2538
-3070
-3437
-3357
-2823
-2141
-1604
-1403
-1451
-1389
-1036
-406
297
802
1060
1208
1418
1744
2151
2617
3016
3152
3047
2906
2941
3177
3358
3298
2993
2596
2263
1985
1775
1634
1397
915
310
-68
-154
-190
-335
-595
-862
-1016
-984
-857
-766
-719
-689
-625
-470
-199
52
216
389
595
770
886
1038
1232
1389
1441
1374
1283
1232
1246
1209
1076
887
672
475
288
133
-25
-220
-442
-633
-734
-787
-850
-947
-1049
-1086
-1032
-967
-923
-867
-781
-673
-592
-512
-399
-255
-66
79
141
210
288
402
425
405
438
418
446
389
256
118
41
148
211
134
-96
-427
-901
-1616
-2200
-2092
-1480
-1291
-2119
-3405
-3981
-3490
-2621
-2255
-2603
-3148
-3363
-3068
-2403
-1704
-1262
-1149
-1205
-1087
-625
51
714
1089
1228
1335
1537
1900
2334
2772
3029
2973
2743
2591
2697
2944
3037
2858
2480
2084
1823
1649
1467
1194
835
479
120
-218
-470
-604
-618
-652
-834
-1062
-1152
-959
-570
-337
-364
-506
-433
-73
375
757
882
861
856
972
1235
1468
1564
1455
1256
1156
1157
1155
1035
797
541
341
178
12
-163
-334
-489
-659
-826
-934
-974
-974
-974
-1001
-1019
-998
-910
-766
-610
-477
-384
-269
-100
63
239
313
311
295
323
512
650
680
468
208
162
259
385
264
25
-192
-225
-87
-36
-154
-369
-640
-1182
-1970
-2428
-1986
-1256
-1305
-2418
-3649
-3832
-3024
-2096
-1915
-2407
-2913
-2993
-2519
-1778
-1082
-761
-809
-901
-704
-110
601
1132
1304
1286
1364
1597
1943
2315
2639
2764
2599
2343
2254
2398
2571
2533
2263
1884
1534
1376
1294
1141
765
207
-146
-172
-62
-278
-756
-995
-844
-545
-507
-697
-786
-547
-114
160
220
238
398
688
1016
1249
1257
1161
1153
1318
1486
1478
1312
1105
994
948
873
706
483
259
20
-206
-358
-436
-525
-693
-887
-984
-983
-941
-925
-929
-913
-869
-773
-659
-489
-335
-229
-124
0
144
225
280
335
382
395
386
361
353
343
247
111
-14
-54
-130
-271
-357
-404
-386
-439
-553
-655
-655
-779
-1380
-2209
-2466
-1799
-1156
-1475
-2692
-3580
-3350
-2410
-1715
-1876
-2423
-2748
-2508
-1868
-1210
-774
-715
-790
-708
-319
253
764
1083
1201
1290
1461
1675
1908
2176
2413
2476
2316
2136
2124
2247
2325
2186
1849
1479
1210
1128
1073
933
575
53
-282
-279
6
58
-358
-874
-1009
-557
-28
82
-140
-339
-145
297
712
919
867
830
932
1195
1455
1497
1405
1288
1265
1293
1231
1138
1014
873
688
460
306
184
52
-135
-363
-521
-635
-717
-765
-795
-788
-835
-885
-835
-737
-603
-558
-530
-446
-325
-136
-10
47
46
64
126
219
334
362
262
98
46
99
177
75
-222
-510
-579
-431
-373
-449
-635
-741
-723
-666
-617
-937
-1582
-2242
-2252
-1544
-1112
-1600
-2780
-3452
-3073
-2180
-1583
-1792
-2354
-2669
-2428
-1730
-1061
-705
-731
-873
-757
-326
274
764
990
1030
1051
1229
1516
1852
2175
2326
2251
2029
1914
2048
2235
2266
2051
1718
1465
1329
1314
1232
986
556
119
-48
56
200
-31
-499
-777
-567
-139
66
12
-168
-146
99
470
784
906
941
902
1026
1314
1533
1550
1385
1319
1327
1321
1279
1154
1028
870
699
528
363
243
67
-151
-343
-480
-571
-670
-728
-775
-837
-901
-940
-899
-799
-705
-661
-627
-566
-460
-322
-164
-57
-51
-88
-67
110
281
324
162
-50
-153
-140
-16
-20
-146
-431
-639
-615
-533
-482
-665
-817
-862
-758
-612
-593
-614
-984
-1620
-2167
-1925
-1083
-790
-1532
-2770
-3208
-2630
-1713
-1298
-1685
-2258
-2497
-2125
-1404
-800
-583
-786
-984
-781
-212
427
775
823
826
940
1262
1574
1826
2035
2104
2055
1907
1916
2072
2163
2119
1925
1716
1532
1420
1343
1227
958
521
107
22
256
260
-76
-495
-573
-306
-17
168
66
-28
77
336
668
874
968
912
904
1159
1406
1484
1399
1299
1293
1276
1269
1170
1003
874
701
538
387
267
135
-92
-272
-391
-498
-608
-725
-757
-775
-815
-865
-901
-825
-721
-644
-604
-591
-512
-399
-252
-127
-78
-64
-60
-23
-5
-38
-68
-71
-59
-84
-198
-300
-378
-362
-372
-465
-566
-692
-752
-817
-832
-845
-879
-836
-835
-730
-634
-816
-1301
-1813
-1599
-959
-692
-1196
-2120
-2483
-2186
-1534
-1145
-1408
-1832
-2090
-1839
-1264
-818
-603
-770
-888
-727
-329
208
511
623
625
680
924
1181
1457
1689
1776
1753
1683
1753
1908
1976
1959
1838
1694
1579
1500
1475
1380
1068
641
355
438
617
414
-64
-396
-229
125
270
149
-117
-132
120
470
692
685
599
560
753
1105
1287
1199
1001
954
1072
1169
1204
1053
850
712
613
613
554
436
197
-98
-220
-272
-263
-324
-510
-674
-811
-807
-729
-699
-691
-781
-817
-727
-581
-438
-426
-435
-427
-357
-186
-35
22
-48
-172
-188
-89
31
9
-140
-271
-342
-342
-370
-427
-574
-704
-768
-763
-723
-762
-800
-887
-857
-793
-757
-748
-688
-519
-602
-1000
-1464
-1310
-692
-397
-811
-1610
-1925
-1648
-1039
-662
-835
-1235
-1543
-1407
-882
-382
-222
-514
-814
-655
-176
336
525
445
396
469
773
1045
1227
1358
1336
1334
1377
1513
1670
1672
1640
1573
1485
1371
1238
1133
1069
932
687
455
324
352
301
205
120
61
107
145
217
263
309
393
449
557
655
704
750
831
954
990
927
867
857
908
925
848
715
595
526
461
384
260
89
-77
-199
-243
-281
-358
-485
-643
-709
-722
-706
-706
-741
-719
-688
-628
-549
-481
-401
-375
-359
-333
-289
-193
-94
-33
-98
-216
-270
-240
-144
-129
-216
-400
-530
-521
-472
-448
-533
-685
-809
-811
-700
-621
-668
-792
-864
-787
-639
-532
-559
-614
-589
-470
-351
-429
-666
-819
-632
-369
-433
-804
-1105
-1035
-775
-570
-595
-824
-953
-879
-629
-395
-330
-341
-425
-357
-90
160
285
239
288
457
649
825
877
940
1027
1111
1164
1190
1265
1313
1262
1185
1143
1117
1098
1064
1030
926
802
720
662
658
623
550
463
424
454
504
532
530
507
484
494
517
567
599
603
578
556
574
594
586
547
505
450
381
320
273
221
130
21
-83
-156
-197
-240
-302
-384
-467
-502
-517
-527
-518
-539
-559
-577
-577
-542
-528
-516
-513
-508
-470
-435
-377
-342
-360
-368
-380
-333
-273
-278
-318
-408
-409
-351
-345
-365
-454
-488
-505
-531
-530
-566
-544
-548
-574
-596
-614
-574
-544
-508
-473
-494
-494
-468
-392
-313
-265
-221
-296
-401
-471
-320
-78
-87
-314
-601
-579
-351
-130
-104
-326
-453
-429
-261
-96
-51
-44
-103
-94
31
191
327
317
292
349
466
619
673
720
768
788
817
817
837
850
872
875
828
787
744
728
726
716
669
558
492
481
495
489
430
377
349
371
418
454
447
407
381
400
457
489
473
429
403
412
426
438
394
315
245
207
214
183
122
48
-32
-55
-79
-112
-168
-247
-285
-317
-329
-340
-388
-422
-454
-444
-419
-414
-406
-424
-415
-395
-384
-372
-388
-377
-352
-319
-302
-345
-392
-402
-345
-300
-332
-408
-463
-436
-389
-383
-429
-490
-513
-508
-495
-483
-485
-494
-497
-517
-508
-485
-455
-412
-429
-429
-413
-355
-248
-190
-146
-173
-203
-144
-51
23
-45
-169
-184
-82
47
1
-148
-231
-201
-82
-20
-22
-99
-171
-136
-23
127
171
84
-18
29
231
383
392
301
254
307
435
594
663
613
518
488
595
734
762
691
588
558
611
655
678
652
580
504
458
505
578
576
519
431
415
457
505
543
488
422
400
418
475
481
433
356
302
331
362
346
284
204
150
138
152
143
80
-8
-71
-111
-119
-133
-183
-265
-343
-373
-368
-360
-373
-409
-435
-431
-418
-421
-441
-457
-449
-437
-435
-444
-469
-485
-484
-481
-493
-531
-565
-583
-591
-586
-604
-636
-639
-605
-561
-557
-576
-606
-609
-571
-511
-478
-487
-495
-486
-431
-371
-326
-327
-332
-294
-245
-166
-132
-107
-100
-92
-37
-16
2
4
21
54
85
121
114
99
139
179
192
162
135
176
218
262
260
240
261
293
326
331
326
342
339
348
383
398
389
356
360
389
406
403
375
360
369
386
384
387
396
413
440
461
485
469
451
451
468
497
477
445
426
418
429
441
449
442
425
416
418
409
380
335
288
266
267
252
199
141
101
81
67
35
-14
-64
-112
-144
-167
-188
-206
-226
-241
-254
-271
-291
-312
-342
-363
-385
-406
-416
-433
-450
-451
-431
-415
-427
-459
-494
-506
-499
-486
-486
-499
-513
-526
-532
-510
-477
-473
-492
-503
-489
-443
-416
-420
-437
-452
-413
-364
-323
-310
-337
-342
-303
-224
-141
-123
-156
-173
-148
-85
-34
-5
-1
-32
-38
-16
33
77
90
89
77
97
153
195
219
224
211
204
220
254
283
288
288
290
304
332
360
376
379
383
387
398
415
434
435
403
376
373
376
362
325
288
258
240
239
219
203
204
208
200
178
174
168
167
179
185
156
119
104
108
123
124
125
116
118
138
148
150
146
148
144
141
152
156
134
106
96
95
89
69
37
7
-15
-22
-34
-58
-83
-115
-128
-133
-135
-143
-175
-193
-204
-201
-184
-188
-200
-219
-231
-231
-234
-235
-245
-265
-281
-274
-253
-246
-260
-281
-292
-297
-281
-273
-293
-313
-322
-316
-303
-293
-288
-299
-308
-301
-277
-252
-233
-226
-230
-227
-200
-148
-118
-117
-129
-120
-74
-37
-31
-61
-83
-68
-27
8
13
-1
2
38
79
104
96
77
77
94
111
98
76
53
54
83
107
131
135
135
144
170
206
223
224
228
233
240
253
249
239
240
244
248
226
214
222
226
237
230
216
209
217
235
228
209
183
157
146
144
127
105
76
62
59
55
51
41
38
47
68
82
87
87
89
85
72
59
34
13
1
-12
-18
-23
-28
-29
-32
-33
-30
-25
-20
-18
-11
-16
-28
-34
-46
-48
-43
-58
-89
-121
-139
-135
-130
-135
-143
-146
-133
-122
-124
-130
-138
-131
-117
-111
-118
-143
-161
-160
-149
-131
-139
-164
-185
-178
-147
-122
-111
-113
-115
-107
-96
-93
-101
-117
-129
-129
-128
-128
-138
-152
-155
-136
-107
-90
-88
-90
-82
-60
-38
-28
-33
-33
-29
-23
-7
10
17
23
31
44
51
58
66
70
76
97
123
127
115
101
96
99
107
112
102
92
95
95
96
95
93
102
120
138
146
136
125
119
124
132
129
129
129
125
119
112
113
114
113
107
102
103
102
99
80
63
53
56
78
85
77
52
36
31
28
34
32
28
16
4
-5
-16
-16
-22
-36
-49
-55
-42
-32
-38
-57
-77
-79
-72
-60
-59
-69
-80
-82
-67
-58
-62
-85
-103
-93
-66
-40
-42
-59
-71
-70
-51
-32
-35
-54
-68
-64
-49
-41
-46
-57
-63
-56
-46
-38
-32
-31
-31
-28
-23
-17
-23
-29
-36
-42
-41
-36
-35
-43
-54
-45
-26
-9
-1
-11
-15
-11
1
13
11
2
-7
-5
9
16
14
4
-15
-28
-25
-14
-5
-4
-5
-5
2
14
21
13
-2
-9
-4
2
7
-2
-22
-31
-30
-15
3
14
16
19
28
41
51
49
40
32
36
50
52
40
17
8
20
36
38
26
16
19
34
38
33
18
11
26
44
48
40
27
33
51
67
65
46
31
31
46
66
68
50
29
23
32
41
30
7
-7
-5
6
10
4
-2
-6
1
13
23
30
31
28
23
21
19
17
13
8
6
8
15
15
6
-6
-14
-10
-4
-9
-21
-41
-51
-53
-44
-39
-49
-65
-78
-72
-57
-48
-54
-63
-61
-53
-41
-35
-33
-36
-42
-46
-42
-38
-35
-29
-22
-22
-31
-43
-48
-43
-34
-29
-34
-34
-34
-30
-20
-15
-10
-8
-8
-10
-10
-7
-8
-10
-8
-5
-3
-5
-3
8
18
18
13
9
13
24
30
28
24
21
27
25
19
11
7
7
11
17
13
9
10
13
14
15
11
7
11
18
25
28
25
20
18
22
27
22
15
8
15
27
35
32
25
19
20
30
32
26
20
14
16
25
31
32
24
20
24
29
35
39
40
40
44
43
38
25
15
12
9
4
-6
-10
-6
0
1
-7
-11
-12
-7
-8
-11
-19
-26
-30
-33
-35
-37
-37
-41
-41
-37
-33
-29
-31
-36
-45
-52
-54
-48
-45
-51
-51
-50
-44
-39
-35
-29
-24
-21
-17
-11
-5
-2
-2
-3
-5
-5
-4
-5
-7
-11
-15
-17
-17
-14
-10
-2
2
4
2
5
12
20
25
30
35
40
43
43
42
40
41
40
45
52
55
49
36
25
25
29
33
29
17
6
4
3
-4
-14
-22
-24
-18
-10
-2
3
5
1
-2
-1
2
4
-1
-8
-13
-10
-4
-3
-6
-14
-19
-22
-19
-13
-11
-12
-15
-12
-7
-5
-3
-10
-22
-27
-28
-28
-19
-13
-14
-13
-9
-5
2
4
0
-4
-2
3
5
4
2
-3
-5
-3
-1
-3
-5
-4
1
13
19
20
20
14
9
6
6
8
10
12
16
23
28
24
14
5
0
0
5
8
5
1
2
6
10
11
12
7
7
6
6
8
7
5
3
0
-3
0
8
9
5
1
0
0
1
1
-3
-2
5
13
18
15
6
-5
-7
-4
0
3
0
-4
-5
-5
-7
-13
-18
-20
-20
-18
-16
-14
-17
-18
-17
-16
-15
-17
-21
-23
-23
-22
-20
-18
-18
-15
-11
-10
-9
-10
-11
-9
-5
-1
-5
-7
-9
-8
-2
1
3
-1
-10
-13
-9
-1
4
0
-6
-5
0
8
8
1
-5
-4
1
7
7
9
12
14
14
17
22
26
29
28
23
16
9
3
1
9
19
26
23
12
1
-7
-11
-8
-4
1
4
1
-3
-6
-12
-18
-22
-19
-7
5
10
9
5
0
-6
-5
1
8
17
27
32
31
25
14
7
7
11
15
15
12
10
16
20
20
20
15
12
18
22
22
17
8
3
2
1
3
5
3
0
-5
-10
-14
-16
-18
-16
-13
-11
-9
-10
-14
-16
-19
-21
-22
-23
-19
-12
-11
-13
-12
-11
-11
-9
-7
-10
-14
-13
-9
-8
-7
-10
-8
-7
-7
-9
-14
-16
-11
-8
-9
-15
-21
-23
-22
-21
-22
-28
-32
-33
-30
-26
-25
-28
-32
-30
-27
-25
-24
-26
-29
-27
-20
-8
1
-1
-7
-13
-12
-2
6
12
19
24
27
29
29
29
30
29
32
34
39
42
42
41
40
41
44
44
43
45
47
50
47
44
38
34
35
35
36
41
40
38
34
27
24
22
21
23
22
15
11
13
12
10
7
3
5
3
-3
-9
-16
-19
-18
-20
-21
-20
-20
-20
-22
-28
-34
-34
-33
-32
-25
-24
-30
-36
-38
-40
-39
-38
-37
-33
-26
-22
-19
-21
-23
-24
-28
-30
-33
-32
-25
-20
-16
-16
-20
-25
-21
-18
-16
-14
-19
-23
-21
-22
-24
-21
-10
1
13
12
10
13
12
12
11
6
4
2
3
8
15
15
11
9
7
8
6
4
4
5
5
7
11
14
16
16
18
24
27
28
29
28
27
27
30
32
34
31
28
26
26
29
29
22
12
10
13
16
15
6
-1
-3
-2
2
6
2
0
-4
-9
-6
-5
-8
-7
-6
-4
-4
-8
-8
-6
-6
-7
-6
-11
-10
-8
-10
-9
-9
-16
-17
-14
-10
-4
-7
-12
-12
-12
-12
-6
0
6
14
12
12
12
10
11
13
11
12
15
16
19
19
13
13
12
6
1
-2
-3
1
0
-8
-11
-14
-14
-9
-13
-19
-18
-18
-21
-19
-17
-16
-19
-26
-24
-20
-17
-15
-15
-15
-11
-8
-3
-1
-5
-10
-14
-14
-16
-21
-29
-27
-24
-20
-16
-15
-15
-11
-6
-6
-7
-9
-11
-9
-8
-7
-3
-3
-3
4
10
11
11
11
6
2
-3
0
7
11
12
10
8
8
6
3
0
2
0
3
13
22
27
27
21
17
17
22
27
28
29
30
28
26
26
29
32
37
40
41
40
36
31
25
16
9
4
4
11
14
11
7
5
4
7
12
14
15
9
1
-2
-3
-2
4
9
10
9
5
2
0
-2
-5
-8
-9
-4
-1
-1
-6
-15
-25
-30
-29
-22
-13
-12
-16
-22
-32
-41
-46
-45
-34
-23
-17
-17
-17
-20
-27
-30
-31
-32
-32
-29
-32
-32
-31
-30
-27
-24
-19
-17
-17
-20
-19
-17
-17
-17
-21
-22
-20
-14
-12
-10
-11
-13
-12
-7
1
9
15
17
18
18
14
13
15
22
29
39
45
47
45
43
42
43
46
46
45
44
46
51
55
56
52
43
32
25
22
23
23
17
11
4
-2
-3
-4
-5
-6
-7
-10
-12
-16
-23
-28
-32
-37
-34
-30
-28
-25
-25
-24
-21
-23
-25
-24
-25
-27
-26
-28
-28
-24
-19
-14
-13
-13
-13
-10
-7
-4
0
0
2
5
8
11
14
16
15
13
12
12
15
19
21
22
20
20
20
19
14
8
1
-3
-5
-6
-3
-1
1
4
4
1
2
-1
0
5
8
10
11
12
10
10
9
13
15
13
11
14
14
13
9
2
-2
-2
-9
-15
-25
-33
-34
-30
-27
-26
-26
-31
-36
-34
-29
-23
-18
-15
-17
-23
-30
-38
-41
-39
-34
-30
-25
-18
-17
-21
-21
-19
-13
-9
-8
-6
-2
5
8
9
8
11
18
26
33
36
38
36
33
36
39
41
44
44
46
53
58
58
54
51
50
50
54
52
46
40
38
35
26
22
20
16
13
9
3
-1
-2
-6
-10
-12
-15
-13
-12
-18
-24
-28
-31
-34
-32
-30
-26
-20
-19
-18
-18
-19
-18
-16
-15
-11
-9
-10
-15
-23
-32
-34
-32
-28
-22
-17
-16
-13
-14
-17
-20
-17
-15
-12
-9
-8
-8
-11
-18
-21
-26
-31
-31
-25
-19
-14
-10
-13
-18
-21
-20
-17
-11
-9
-10
-7
-8
-5
-4
-7
-4
2
6
11
14
14
15
18
20
27
32
34
36
43
47
47
48
42
38
39
38
36
35
30
24
18
16
15
13
12
16
18
18
17
15
15
13
13
12
11
9
6
-2
-9
-13
-15
-18
-19
-21
-22
-24
-24
-24
-24
-25
-26
-27
-28
-24
-22
-24
-30
-35
-38
-37
-32
-28
-26
-24
-27
-27
-26
-22
-16
-7
-2
3
6
6
3
2
-1
-3
-1
2
5
7
7
9
14
18
22
26
29
30
32
29
27
25
21
17
16
15
16
17
19
19
17
13
7
5
6
5
5
3
1
-1
2
6
7
5
1
-4
-5
-4
1
2
-3
-6
-9
-12
-12
-10
-9
-10
-10
-10
-10
-6
-3
0
5
5
7
9
6
0
-7
-11
-12
-10
-6
-2
1
-1
-2
-4
-2
2
8
9
8
6
-1
-5
-13
-16
-16
-14
-8
-3
1
0
-3
-10
-11
-10
-6
4
4
2
4
2
-4
-10
-10
-9
-6
-5
-5
-6
-8
-10
-9
-10
-9
-5
-1
1
0
-4
-7
-10
-8
0
4
2
1
0
2
6
3
1
-2
-3
-3
-5
-3
-1
0
4
10
15
15
15
14
15
19
21
18
17
14
11
12
9
4
3
6
9
14
14
11
10
11
12
18
18
17
15
11
7
4
4
3
2
-1
-4
-6
-9
-11
-8
-7
-6
-4
-8
-13
-19
-26
-30
-30
-30
-29
-27
-28
-32
-34
-34
-31
-23
-13
-4
3
8
6
2
-3
-6
-9
-6
-1
3
7
7
5
5
6
6
5
4
5
4
6
7
10
12
12
8
7
7
7
7
6
5
10
12
18
21
22
23
24
26
26
24
20
14
11
8
8
8
11
9
6
1
-3
-5
-8
-9
-10
-13
-13
-10
-8
-9
-7
-7
-4
-4
-4
-3
-3
-7
-11
-11
-14
-16
-15
-12
-9
-11
-14
-17
-17
-14
-12
-9
-8
-11
-14
-16
-18
-18
-18
-16
-12
-8
-4
-3
-2
-1
0
7
16
22
24
21
16
12
9
10
12
15
17
19
20
21
21
21
18
14
13
14
16
18
14
7
4
1
0
3
5
8
10
8
5
2
0
-2
-3
-5
-7
-9
-13
-13
-12
-13
-11
-8
-7
-7
-10
-13
-10
-9
-9
-8
-5
-6
-6
-5
-6
-7
-7
-6
-3
-4
-4
-3
-5
-3
1
4
6
3
-1
-4
-7
-10
-10
-9
-9
-8
-9
-8
-3
4
8
8
5
2
3
6
8
8
7
6
5
1
-1
-5
-6
-7
-7
-8
-7
-3
1
6
9
10
9
3
-1
-2
-3
-5
-2
0
4
4
6
7
10
9
9
7
5
3
3
5
4
0
-3
-4
-6
-8
-9
-7
-5
-5
-3
-3
-3
-3
-5
-1
4
5
7
6
1
-7
-9
-9
-8
-5
-3
-1
1
6
7
7
3
-1
-4
-6
-4
-2
-2
-1
-1
-1
2
5
8
9
8
7
10
15
20
23
23
20
20
19
19
17
13
11
11
10
12
11
10
6
4
4
2
0
-2
-4
-8
-10
-12
-14
-14
-16
-19
-17
-13
-9
-8
-9
-9
-12
-13
-13
-12
-12
-11
-7
-5
-4
-2
-1
-4
-6
-10
-11
-13
-14
-15
-16
-18
-18
-17
-16
-15
-15
-18
-15
-13
-12
-7
-4
-1
0
-1
1
1
-2
1
4
6
8
11
13
13
12
11
10
9
5
1
3
2
4
8
12
15
17
15
13
11
9
10
13
14
14
15
16
17
21
22
22
22
19
14
9
6
7
7
8
8
7
2
-4
-8
-9
-9
-11
-12
-14
-14
-13
-11
-11
-12
-6
-3
-1
1
1
1
-1
-2
-2
-2
-2
-3
-2
-2
