0
0
0
0
1
0
0
-1
0
0
1
1
0
0
-1
0
-1
-1
0
0
0
1
1
0
-1
0
1
0
0
0
0
1
0
1
-1
0
1
0
0
0
-1
0
0
0
1
0
-1
0
-1
-1
0
0
1
0
0
0
1
1
0
0
1
1
-1
0
-1
0
0
0
1
0
0
0
0
-1
0
0
-1
0
0
-1
-1
1
0
0
0
0
-1
0
1
0
0
0
-1
1
0
1
0
1
-1
0
0
0
-1
0
0
0
1
0
0
0
0
0
0
0
0
0
0
0
0
0
1
0
0
0
0
1
0
0
0
0
-1
0
0
0
-1
0
0
0
0
0
0
0
0
0
0
0
1
0
0
0
0
-1
0
0
1
0
0
0
0
0
-1
0
0
0
0
0
0
-1
0
0
-1
0
0
0
-1
0
0
0
0
-1
0
0
0
0
0
0
0
0
0
0
0
0
0
0
0
-1
0
0
0
-1
0
-1
0
-1
0
0
0
0
1
0
0
0
-1
-1
1
0
0
0
0
0
0
0
0
0
0
0
0
1
-1
0
0
0
-1
0
-1
0
0
0
0
-1
0
0
0
0
0
0
0
0
0
0
0
0
1
0
1
1
0
1
0
0
0
0
0
1
0
1
0
0
0
1
0
0
0
0
0
1
0
0
0
0
0
0
-1
-1
1
0
0
1
0
0
1
0
0
0
-1
1
0
0
0
0
0
0
-1
0
0
0
0
0
0
0
0
-1
0
0
0
0
0
0
0
0
0
0
0
-1
0
-1
0
-1
0
0
0
0
0
0
0
0
1
0
0
0
0
0
-1
0
-1
0
-1
0
0
0
0
-1
0
0
0
1
0
-1
0
0
0
0
1
0
0
0
0
0
1
-1
0
0
0
1
0
1
1
1
1
0
1
2
0
0
0
0
-1
0
0
0
0
0
1
0
1
0
-1
-1
0
0
0
0
1
1
0
0
0
-1
0
0
0
-1
0
0
-1
0
0
0
0
1
0
1
1
0
0
-1
-1
0
-1
0
0
-1
0
1
0
0
0
0
0
0
0
-1
1
2
1
0
0
0
0
0
0
-1
1
0
-1
0
1
0
1
0
1
1
0
0
0
0
-1
-1
0
0
1
1
1
0
1
1
0
-1
-1
-1
-1
-2
-1
0
0
2
2
1
1
1
1
-1
-1
-2
-2
-2
1
1
2
2
1
0
-1
-2
-3
-2
-2
-2
1
1
3
3
4
3
3
-1
-3
-5
-5
-5
-4
-1
1
5
6
7
8
7
4
-1
-6
-9
-8
-7
-5
-1
2
5
7
7
6
5
4
-2
-6
-9
-8
-7
-4
-1
4
9
10
9
7
2
-3
-7
-7
-4
-2
-2
-4
0
4
6
3
-1
-3
-2
-5
-7
-6
0
7
8
5
3
3
5
2
-2
-5
-5
-5
-1
0
2
5
8
10
10
5
-5
-11
-12
-9
-5
-5
-4
5
10
12
4
1
0
-2
-7
-13
-12
-8
-4
-1
3
6
4
2
0
0
-2
-8
-12
-10
-2
6
4
1
3
9
13
9
-1
-8
-12
-9
-3
2
3
0
0
4
9
4
-4
-8
1
10
9
1
-6
-1
8
11
4
-4
-4
0
0
-4
-7
-5
-3
4
5
4
0
-6
-2
6
8
4
-2
0
5
11
9
3
2
2
0
1
-2
-2
0
1
2
2
-2
-8
-7
-1
5
6
3
-2
0
4
2
-3
-10
-7
-2
-1
-4
-6
-2
1
-4
-10
-12
-10
-6
-1
1
3
4
-1
-5
-3
-2
-4
-7
-7
-2
9
14
4
-6
-17
-14
0
5
-2
-7
-1
8
16
15
2
-8
-12
-12
-5
-1
-1
0
8
14
8
0
-8
-1
8
6
-4
-9
-5
7
16
11
-1
-6
-1
3
4
1
-3
-3
-1
1
4
2
-7
-9
-2
6
5
3
3
7
17
18
10
3
1
3
4
-1
-3
2
7
8
7
4
-7
-12
-7
0
4
-2
-11
-5
11
13
3
-6
-14
-14
-9
-10
-13
-12
-7
2
12
9
-3
-5
-12
-10
1
8
5
9
7
4
15
18
14
3
-6
-9
5
6
-10
-4
13
17
7
-9
-12
7
13
-4
-12
0
10
11
6
-3
5
8
-5
-19
-17
-10
-8
-11
-16
-8
2
-5
-10
-4
5
7
-2
-6
2
11
11
8
10
9
5
-1
-1
4
4
1
3
11
11
2
-6
1
13
8
-4
-14
-10
2
8
4
3
7
-2
-10
-9
-1
11
8
-3
-3
-1
-3
-6
-11
-10
-9
-8
-7
3
13
17
25
21
21
20
9
4
15
36
50
57
50
53
64
55
38
32
32
46
68
81
87
100
90
63
38
-1
-35
-54
-62
-79
-91
-92
-72
-50
-67
-91
-106
-107
-124
-150
-169
-153
-101
-76
-74
-74
-52
-35
-34
-58
-88
-98
-96
-94
-93
-81
-70
-78
-101
-129
-166
-201
-215
-208
-180
-135
-91
-53
-2
43
66
64
41
23
19
25
34
60
93
122
148
163
172
177
166
148
141
140
141
151
169
191
226
257
267
256
232
207
192
190
189
188
193
206
215
203
177
158
143
130
113
81
60
56
59
63
69
72
69
62
30
4
-4
-10
-13
-19
-25
-16
-7
-15
-27
-22
-4
7
6
-3
0
20
38
28
-23
-109
-187
-241
-298
-379
-470
-530
-520
-477
-502
-711
-1055
-1315
-1325
-1106
-898
-779
-656
-397
-47
207
306
296
295
303
304
302
303
345
427
522
555
480
321
143
-6
-109
-210
-319
-382
-334
-171
31
179
237
255
279
316
332
320
305
331
417
529
620
639
598
525
440
323
173
22
-84
-117
-101
-59
-21
16
51
86
100
74
23
-9
12
77
149
195
217
248
282
293
240
121
-5
-105
-155
-181
-205
-217
-208
-181
-148
-112
-100
-110
-113
-98
-72
-34
3
55
118
172
203
201
171
123
81
33
-29
-88
-133
-137
-112
-97
-110
-149
-173
-171
-151
-152
-184
-205
-191
-136
-81
-50
-26
19
77
143
181
184
174
189
225
247
242
200
152
95
-1
-149
-283
-380
-532
-881
-1460
-2034
-2309
-2180
-1824
-1442
-1086
-690
-210
246
533
615
610
608
642
697
751
835
953
1063
1096
1003
762
433
98
-181
-397
-557
-659
-657
-496
-236
24
191
254
271
297
346
392
442
510
632
807
987
1102
1097
984
801
581
361
149
-35
-158
-207
-189
-131
-68
-28
-6
-6
-43
-94
-138
-171
-185
-222
-309
-398
-379
-240
-63
89
156
210
288
320
281
212
141
75
40
2
-33
-34
-45
-116
-215
-351
-513
-612
-638
-612
-522
-383
-248
-99
60
160
195
155
61
-17
-57
-101
-139
-152
-157
-159
-155
-167
-200
-234
-289
-338
-337
-301
-231
-110
27
143
231
270
251
226
194
130
82
44
34
78
154
221
250
250
214
178
150
117
101
129
194
294
401
467
507
556
594
593
533
390
147
-233
-795
-1451
-2034
-2419
-2540
-2339
-1903
-1373
-863
-413
17
382
575
572
526
558
677
836
1008
1198
1360
1417
1321
1084
719
286
-138
-487
-710
-815
-804
-682
-476
-260
-98
-24
-19
-27
-5
79
214
395
606
844
1069
1214
1248
1151
949
696
426
173
-34
-179
-257
-258
-223
-225
-271
-350
-458
-580
-678
-705
-616
-446
-250
-17
264
497
607
590
476
333
190
38
-83
-116
-101
-73
-39
-23
-63
-152
-265
-381
-450
-487
-508
-464
-337
-167
-4
113
161
165
156
116
54
1
-24
-12
26
59
69
58
0
-105
-220
-351
-475
-552
-568
-493
-350
-204
-88
16
97
126
111
69
16
-1
26
73
114
137
136
135
127
75
2
-83
-139
-149
-122
-103
-85
-45
13
103
164
195
234
298
356
393
419
426
476
549
560
484
381
303
275
261
214
230
369
519
466
107
-504
-1181
-1749
-2137
-2321
-2306
-2099
-1692
-1103
-466
36
318
442
483
508
507
506
579
749
993
1228
1378
1357
1161
857
508
142
-224
-551
-750
-759
-622
-412
-217
-69
16
52
57
40
18
28
133
346
619
860
1012
1068
1029
917
729
471
189
-57
-212
-267
-281
-311
-348
-363
-379
-444
-563
-673
-686
-598
-468
-317
-142
68
278
446
524
508
456
357
255
184
109
40
-8
-40
-58
-75
-152
-273
-357
-386
-385
-351
-312
-249
-122
-3
73
103
86
65
80
104
113
117
115
128
169
181
137
63
-36
-133
-216
-306
-406
-470
-469
-418
-324
-231
-147
-68
-3
51
93
114
113
106
113
158
214
234
217
191
181
199
208
204
220
252
291
330
351
316
223
72
-122
-345
-661
-1066
-1475
-1812
-2060
-2159
-2047
-1718
-1240
-764
-362
9
343
574
699
769
821
890
978
1084
1207
1298
1298
1203
1028
769
459
140
-143
-345
-458
-491
-452
-361
-258
-147
-51
4
40
91
177
306
468
649
836
998
1099
1126
1069
937
749
537
335
154
0
-129
-214
-271
-326
-375
-434
-489
-521
-537
-531
-502
-455
-358
-200
-17
140
254
311
308
256
168
81
29
-17
-68
-96
-108
-125
-169
-246
-334
-396
-445
-479
-461
-399
-306
-186
-60
42
121
156
140
126
108
81
71
60
52
62
67
44
13
-34
-108
-197
-293
-380
-434
-460
-458
-409
-343
-290
-246
-208
-163
-119
-94
-56
8
88
147
167
170
165
153
125
58
-27
-93
-128
-130
-117
-67
0
80
185
267
336
385
392
400
456
549
622
666
724
840
972
978
764
368
-163
-778
-1425
-2039
-2478
-2641
-2537
-2200
-1686
-1116
-584
-156
139
313
416
481
548
701
939
1235
1544
1768
1849
1776
1560
1212
760
270
-146
-430
-562
-567
-498
-394
-294
-228
-236
-297
-367
-410
-369
-220
12
312
642
935
1159
1272
1254
1104
861
589
340
148
15
-64
-103
-150
-255
-457
-729
-985
-1162
-1228
-1166
-968
-669
-329
23
338
559
665
663
582
480
386
297
229
197
191
179
132
5
-178
-367
-540
-682
-770
-794
-738
-605
-428
-240
-76
21
49
41
15
4
17
39
90
178
269
329
331
264
146
17
-114
-245
-351
-417
-424
-377
-318
-268
-245
-248
-242
-219
-200
-183
-169
-129
-46
50
135
224
286
296
270
218
168
115
75
56
62
70
49
17
-15
-21
6
36
74
123
168
248
331
374
375
369
416
530
692
841
926
934
871
746
438
-237
-1176
-2030
-2489
-2560
-2483
-2335
-2004
-1448
-807
-281
30
155
182
219
343
574
824
1044
1299
1607
1881
1959
1745
1318
857
466
151
-135
-378
-489
-412
-221
-91
-104
-228
-365
-453
-497
-496
-426
-268
-18
315
665
910
979
914
763
540
254
-29
-228
-280
-217
-116
16
131
169
121
36
-89
-240
-356
-395
-316
-144
37
202
349
439
458
417
318
196
128
104
106
139
153
149
133
65
-44
-174
-333
-497
-587
-597
-556
-481
-417
-361
-297
-265
-265
-265
-273
-270
-246
-207
-171
-137
-109
-89
-58
-64
-116
-192
-283
-366
-424
-467
-487
-479
-454
-405
-337
-280
-263
-265
-279
-246
-143
-41
22
60
137
297
461
509
458
395
371
348
283
188
158
224
315
417
464
403
280
59
-388
-1096
-1883
-2370
-2316
-1911
-1489
-1061
-483
184
724
970
947
838
751
702
777
973
1196
1413
1606
1733
1744
1540
1108
625
230
-55
-245
-359
-379
-240
7
195
264
233
121
-25
-165
-261
-248
-115
99
368
602
703
656
489
254
1
-233
-405
-428
-315
-132
89
282
379
378
288
121
-64
-228
-348
-374
-285
-121
65
220
294
294
234
109
-51
-191
-272
-254
-171
-78
5
38
-15
-141
-290
-447
-588
-676
-699
-632
-496
-356
-245
-162
-114
-109
-143
-221
-322
-391
-418
-393
-326
-265
-227
-211
-207
-217
-260
-365
-495
-580
-590
-528
-408
-272
-141
-6
72
83
86
60
9
-37
-53
34
227
383
442
482
538
615
688
692
623
582
562
577
689
708
502
219
60
108
194
-41
-719
-1567
-2243
-2512
-2338
-1973
-1709
-1455
-1007
-341
319
637
600
509
567
771
1034
1239
1367
1495
1697
1900
1938
1660
1120
624
302
95
-96
-295
-435
-425
-273
-108
-67
-194
-365
-443
-394
-291
-183
-39
201
545
900
1148
1187
1027
811
658
531
351
118
-79
-121
-47
15
-47
-234
-453
-657
-811
-933
-1012
-989
-818
-513
-165
117
267
287
254
215
155
80
-13
-32
75
237
342
356
275
123
-52
-272
-509
-688
-784
-785
-650
-466
-309
-171
-67
1
51
52
12
4
31
109
235
334
362
342
266
120
-62
-274
-473
-587
-634
-602
-498
-418
-360
-276
-159
-69
-53
-132
-215
-204
-120
-31
36
75
106
157
215
257
232
148
78
95
192
326
470
618
804
978
1082
1069
879
528
26
-642
-1395
-2095
-2615
-2876
-2850
-2593
-2139
-1563
-1050
-650
-311
-64
94
246
441
730
1119
1509
1856
2154
2292
2244
2051
1706
1280
861
485
205
59
-8
-18
13
-16
-119
-259
-435
-586
-652
-617
-455
-184
140
495
839
1091
1206
1212
1130
992
835
680
577
532
486
439
363
209
-11
-265
-521
-745
-917
-1020
-1012
-894
-733
-569
-411
-282
-201
-174
-202
-224
-183
-87
43
180
293
368
382
313
176
-13
-222
-425
-575
-654
-682
-675
-636
-568
-493
-441
-441
-465
-458
-406
-318
-177
-16
152
314
440
520
524
450
317
180
65
-22
-79
-118
-136
-138
-141
-182
-265
-385
-491
-541
-527
-457
-344
-190
-25
132
263
323
312
261
182
139
136
161
240
331
390
401
383
338
236
110
17
21
130
268
470
717
924
1024
960
735
315
-298
-1024
-1679
-2157
-2438
-2495
-2319
-1967
-1523
-1055
-650
-339
-165
-68
44
199
401
667
990
1327
1633
1808
1846
1743
1503
1170
832
550
311
146
52
23
41
44
-5
-100
-233
-369
-459
-492
-449
-310
-71
220
508
729
876
954
937
846
725
600
481
398
349
317
269
177
55
-97
-288
-510
-722
-869
-923
-882
-768
-610
-438
-276
-129
-19
40
63
79
112
170
223
264
282
265
218
130
-4
-174
-344
-476
-560
-593
-585
-544
-479
-422
-376
-348
-339
-339
-335
-305
-241
-140
-10
125
235
314
341
322
271
189
108
51
16
5
6
20
24
5
-48
-134
-227
-320
-399
-430
-409
-355
-264
-150
-25
75
121
128
125
142
172
190
188
183
199
220
248
249
193
142
116
112
139
188
267
420
635
833
983
1030
927
708
381
-117
-745
-1437
-2054
-2395
-2481
-2418
-2217
-1875
-1433
-967
-589
-349
-177
-29
95
300
611
929
1245
1532
1761
1917
1923
1732
1429
1106
793
539
345
180
76
51
42
21
-69
-237
-382
-486
-550
-529
-408
-202
66
358
621
833
951
956
904
837
742
640
550
469
394
300
177
48
-121
-347
-579
-770
-883
-899
-862
-791
-654
-475
-318
-184
-99
-51
1
55
108
186
254
285
303
299
243
135
-13
-187
-321
-411
-504
-566
-584
-590
-573
-540
-514
-493
-474
-454
-400
-308
-213
-116
-10
93
189
260
281
258
224
183
145
106
58
15
-10
-31
-61
-99
-153
-213
-265
-305
-344
-382
-409
-389
-305
-189
-72
35
122
187
254
320
391
420
395
354
331
328
288
223
164
143
163
193
234
294
348
377
408
460
501
518
580
732
915
965
705
146
-565
-1227
-1736
-2078
-2280
-2366
-2253
-1906
-1430
-968
-607
-367
-200
-66
47
193
389
622
895
1221
1539
1749
1766
1588
1339
1087
806
510
263
101
38
48
67
52
-21
-150
-300
-415
-485
-506
-459
-323
-101
182
455
658
784
830
827
776
664
520
404
322
258
193
101
-10
-148
-307
-454
-552
-629
-688
-693
-635
-523
-383
-255
-155
-61
12
61
103
124
128
136
155
175
179
140
65
-12
-91
-190
-300
-417
-513
-561
-579
-595
-610
-613
-586
-525
-439
-337
-239
-143
-53
35
117
173
208
220
222
230
231
210
173
131
102
83
45
-14
-70
-115
-149
-165
-170
-169
-155
-131
-93
-36
23
70
112
141
148
146
144
157
184
203
208
212
200
173
169
203
257
279
238
176
167
231
270
264
268
316
429
566
645
657
599
431
151
-213
-670
-1157
-1526
-1740
-1813
-1779
-1685
-1525
-1295
-1042
-811
-604
-431
-271
-67
182
458
755
1009
1201
1356
1445
1433
1324
1134
908
710
560
434
335
249
165
107
42
-63
-196
-329
-433
-475
-439
-334
-171
11
194
384
540
632
664
649
608
571
538
505
470
398
259
78
-106
-251
-352
-445
-524
-562
-535
-459
-383
-327
-286
-252
-225
-188
-129
-62
1
68
141
214
259
253
211
135
35
-76
-192
-286
-345
-370
-365
-346
-331
-340
-374
-410
-438
-440
-421
-385
-319
-220
-91
21
89
126
147
154
147
128
97
63
47
45
36
18
-15
-56
-97
-143
-183
-219
-231
-203
-158
-100
-40
26
94
132
145
136
121
119
125
148
183
222
253
284
348
392
369
276
187
168
206
238
219
233
351
529
705
834
876
796
547
139
-364
-896
-1428
-1879
-2151
-2213
-2089
-1846
-1563
-1264
-946
-659
-427
-247
-121
40
285
577
868
1126
1340
1486
1540
1480
1346
1158
903
635
433
316
245
183
108
30
-45
-144
-262
-377
-469
-507
-450
-318
-133
90
318
520
674
761
783
758
680
580
511
467
388
261
113
2
-63
-132
-229
-329
-398
-429
-424
-413
-408
-398
-367
-300
-210
-116
-52
-13
33
101
173
218
217
184
151
119
68
-19
-127
-232
-306
-356
-400
-445
-493
-524
-524
-497
-466
-444
-421
-379
-301
-195
-96
-17
44
95
141
159
139
97
59
46
47
50
41
22
6
-1
-1
-18
-63
-120
-158
-154
-128
-106
-99
-101
-90
-52
-4
30
58
99
163
235
276
311
387
466
487
458
379
294
246
210
168
147
139
162
274
458
621
661
487
75
-460
-998
-1487
-1855
-2066
-2083
-1859
-1492
-1109
-741
-430
-212
-84
-12
26
94
230
414
680
996
1263
1438
1483
1390
1220
998
728
454
220
80
38
68
106
116
101
27
-85
-215
-337
-397
-379
-278
-86
158
400
606
742
802
802
737
610
466
339
236
158
88
18
-23
-38
-67
-127
-215
-299
-348
-369
-366
-338
-284
-218
-134
-46
9
29
31
31
43
57
54
41
34
30
29
8
-48
-128
-220
-300
-364
-416
-454
-483
-500
-487
-449
-407
-377
-352
-321
-276
-229
-179
-123
-66
-5
47
92
123
118
89
50
17
1
-17
-39
-53
-55
-50
-54
-63
-89
-110
-104
-89
-70
-56
-54
-42
5
75
139
189
238
299
353
376
385
418
468
483
428
337
277
249
218
189
211
289
402
497
475
306
-14
-448
-923
-1377
-1776
-2069
-2151
-2007
-1728
-1377
-1026
-696
-389
-162
-3
121
240
385
592
856
1120
1346
1490
1528
1473
1336
1119
857
573
312
133
50
24
10
-11
-51
-117
-205
-300
-389
-444
-432
-329
-133
104
338
538
698
811
858
829
751
651
549
457
358
227
76
-43
-103
-126
-171
-255
-336
-391
-409
-393
-360
-319
-268
-199
-117
-27
40
63
65
78
97
117
115
89
67
57
38
-12
-97
-190
-262
-319
-374
-430
-486
-544
-562
-530
-474
-424
-391
-353
-292
-216
-158
-120
-86
-45
12
70
101
106
93
78
67
42
-9
-67
-103
-102
-71
-40
-33
-53
-68
-61
-45
-36
-32
-14
16
65
124
176
221
234
208
169
137
136
186
279
359
368
312
249
210
178
133
125
169
248
375
462
396
96
-393
-903
-1274
-1503
-1680
-1771
-1696
-1445
-1084
-720
-461
-308
-233
-181
-81
69
231
406
617
860
1132
1366
1454
1382
1204
988
796
620
416
231
145
148
175
179
129
36
-80
-203
-292
-326
-321
-268
-133
74
310
513
642
703
719
701
645
563
459
377
344
312
236
109
-39
-175
-279
-374
-457
-495
-504
-479
-392
-276
-184
-123
-81
-40
10
42
40
41
70
102
139
155
133
88
28
-42
-125
-217
-319
-403
-458
-486
-482
-464
-453
-437
-409
-392
-391
-395
-382
-337
-262
-169
-74
19
91
142
170
170
137
81
37
22
34
46
37
8
-21
-42
-63
-85
-107
-118
-94
-41
18
74
115
151
186
233
290
300
263
212
238
348
430
417
334
263
216
153
60
-7
-14
55
162
228
118
-221
-647
-1075
-1439
-1725
-1900
-1898
-1694
-1372
-1011
-637
-312
-98
16
97
162
247
348
485
706
957
1195
1380
1451
1390
1227
1005
744
483
259
101
47
65
95
137
143
69
-45
-166
-263
-318
-315
-228
-45
202
448
658
803
859
852
802
709
594
477
391
353
331
278
170
5
-200
-386
-517
-600
-658
-667
-599
-467
-312
-188
-100
-43
2
42
64
77
80
77
106
169
217
209
142
39
-65
-149
-230
-336
-432
-495
-502
-465
-439
-435
-438
-455
-469
-454
-427
-399
-358
-286
-170
-34
69
116
132
132
116
81
23
-35
-69
-70
-35
17
47
40
21
6
-8
-37
-77
-98
-90
-41
51
160
255
314
332
339
353
345
306
274
288
305
305
279
217
144
59
-37
-98
-107
-91
-55
-21
-85
-342
-707
-1043
-1275
-1407
-1497
-1513
-1392
-1143
-835
-535
-279
-96
25
115
191
273
382
503
647
809
964
1111
1197
1151
1003
834
671
493
310
156
87
96
127
143
140
99
29
-47
-113
-135
-115
-61
53
233
422
587
697
734
721
677
611
523
426
343
288
234
135
-14
-162
-272
-339
-376
-416
-447
-441
-384
-285
-183
-113
-70
-39
2
47
85
106
100
100
116
133
127
74
8
-42
-86
-137
-204
-275
-339
-385
-412
-424
-430
-444
-459
-454
-431
-405
-378
-347
-298
-218
-135
-65
-21
2
28
55
64
49
15
-16
-29
-24
-17
-19
-24
-29
-30
-32
-51
-75
-89
-82
-48
-6
27
65
131
227
323
400
438
446
451
445
415
361
294
227
195
196
196
156
17
-199
-453
-731
-1046
-1382
-1655
-1782
-1749
-1615
-1410
-1133
-823
-536
-289
-78
104
249
369
500
665
858
1032
1161
1235
1254
1224
1134
979
762
529
334
193
88
12
-23
-34
-63
-100
-138
-169
-194
-198
-150
-45
99
252
406
561
697
786
821
805
745
667
584
500
411
330
261
194
114
-3
-164
-356
-546
-681
-726
-687
-603
-500
-370
-204
-37
81
142
166
164
157
161
162
155
153
159
171
164
108
5
-111
-225
-312
-376
-427
-461
-461
-425
-371
-322
-303
-304
-298
-281
-258
-228
-186
-141
-90
-25
31
67
74
59
41
23
-6
-45
-70
-75
-57
-27
-9
-15
-34
-62
-95
-132
-167
-182
-143
-51
49
117
144
139
122
107
77
24
-40
-73
-64
-39
-35
-54
-66
-64
-57
-66
-92
-143
-270
-488
-740
-946
-1055
-1087
-1075
-1001
-843
-629
-419
-245
-96
35
139
205
280
397
529
654
764
871
960
1008
984
896
786
663
535
416
310
248
240
254
256
234
204
168
121
79
53
62
100
162
265
404
534
612
628
607
563
478
343
189
55
-26
-46
-20
9
32
45
42
15
-50
-133
-204
-244
-255
-236
-191
-134
-69
-4
49
73
51
-5
-60
-98
-128
-151
-171
-183
-187
-178
-172
-191
-229
-288
-341
-370
-395
-414
-424
-417
-372
-303
-234
-190
-179
-177
-176
-175
-168
-145
-110
-69
-28
3
17
29
28
12
-20
-66
-110
-139
-153
-154
-141
-110
-71
-27
7
30
48
55
56
50
41
39
39
21
-17
-44
-47
-35
-17
4
38
95
146
135
15
-225
-543
-838
-1025
-1111
-1135
-1094
-965
-756
-526
-330
-170
-43
42
89
131
197
299
430
568
713
847
930
964
942
871
761
629
495
377
297
266
272
288
282
271
257
223
177
140
119
114
135
197
304
419
504
554
583
585
537
437
297
153
46
-7
-10
18
58
106
146
147
98
21
-67
-150
-221
-256
-254
-214
-149
-83
-27
-3
-19
-56
-100
-143
-177
-203
-210
-188
-153
-128
-116
-133
-177
-230
-287
-338
-378
-393
-383
-342
-284
-220
-164
-127
-110
-99
-97
-106
-119
-127
-125
-107
-88
-85
-95
-110
-126
-143
-178
-228
-260
-257
-223
-173
-113
-44
20
55
58
48
25
-18
-66
-109
-117
-96
-82
-93
-107
-105
-90
-75
-72
-65
-44
-22
-21
-28
-16
15
44
53
44
21
-56
-214
-396
-510
-540
-547
-575
-576
-489
-335
-201
-115
-43
41
122
178
226
289
370
452
525
593
648
673
649
594
531
476
419
354
294
280
312
339
333
309
301
302
283
245
215
196
159
109
87
123
182
232
259
285
331
359
337
286
250
228
202
155
104
83
89
90
63
29
-8
-43
-86
-122
-136
-130
-120
-101
-59
-14
5
-11
-48
-89
-122
-162
-214
-250
-257
-247
-232
-220
-212
-210
-225
-244
-259
-272
-290
-295
-280
-247
-207
-176
-161
-151
-155
-179
-220
-271
-307
-315
-312
-297
-265
-211
-155
-130
-137
-146
-142
-142
-150
-143
-123
-114
-114
-122
-127
-124
-136
-166
-189
-196
-189
-168
-141
-114
-91
-79
-69
-45
-5
19
27
28
39
54
55
38
26
22
-9
-88
-200
-281
-317
-332
-362
-370
-333
-258
-163
-57
51
148
230
284
323
330
323
317
328
351
374
401
422
449
465
473
468
450
425
418
425
422
402
372
350
330
308
266
219
169
126
102
102
126
162
208
266
320
351
359
350
334
310
282
251
223
208
214
228
226
206
168
126
77
23
-32
-78
-100
-100
-76
-41
-8
1
-11
-34
-62
-104
-152
-189
-205
-206
-203
-191
-176
-166
-169
-188
-221
-264
-303
-337
-368
-383
-379
-362
-357
-375
-399
-418
-423
-427
-433
-446
-451
-420
-369
-316
-276
-249
-226
-226
-255
-297
-328
-346
-357
-361
-363
-352
-327
-297
-269
-235
-207
-178
-156
-135
-105
-83
-84
-104
-101
-73
-28
3
18
21
29
42
57
87
118
155
189
231
273
312
322
318
303
280
252
214
187
156
130
99
80
81
95
126
166
202
224
227
218
223
232
244
251
261
270
290
315
327
327
328
344
354
364
366
363
359
357
365
363
352
338
333
341
344
333
314
295
283
275
263
250
235
219
204
188
167
142
110
83
64
42
16
-12
-32
-42
-52
-58
-65
-70
-74
-96
-119
-142
-158
-178
-209
-234
-259
-284
-311
-335
-354
-375
-397
-412
-418
-414
-408
-404
-418
-441
-471
-485
-482
-463
-440
-446
-462
-484
-485
-480
-475
-466
-450
-422
-405
-399
-392
-365
-336
-303
-274
-242
-223
-205
-198
-202
-211
-213
-187
-157
-114
-68
-11
44
86
118
119
99
78
66
67
80
111
151
187
213
226
243
261
268
256
237
225
234
263
317
378
423
449
456
453
433
409
383
362
347
339
340
352
364
371
363
331
297
262
235
201
158
126
118
128
144
161
184
201
214
215
194
164
115
60
18
2
17
52
101
149
179
188
171
142
101
52
16
-13
-28
-31
-21
-11
-7
-13
-28
-40
-56
-76
-103
-118
-132
-136
-129
-121
-113
-117
-126
-142
-156
-164
-170
-172
-178
-177
-170
-160
-151
-145
-142
-160
-183
-201
-214
-220
-237
-246
-244
-233
-224
-220
-214
-206
-186
-168
-160
-177
-219
-270
-309
-329
-332
-312
-268
-217
-176
-161
-158
-147
-129
-119
-129
-148
-162
-164
-148
-115
-72
-31
8
37
40
25
10
3
-6
-12
-13
-4
12
37
66
83
97
94
94
81
58
44
46
81
115
148
182
218
255
282
296
293
265
232
203
181
169
162
174
186
194
199
203
215
231
242
239
222
207
194
182
169
151
138
129
126
125
117
109
101
101
102
99
96
92
88
88
84
73
50
23
7
0
-2
-3
-4
-11
-18
-29
-39
-45
-52
-51
-41
-17
6
24
29
23
5
-21
-44
-66
-85
-104
-113
-116
-112
-101
-94
-92
-94
-99
-106
-111
-115
-116
-117
-110
-97
-87
-72
-61
-50
-53
-71
-99
-131
-156
-177
-197
-213
-214
-200
-170
-136
-111
-98
-91
-88
-91
-105
-121
-137
-141
-137
-131
-123
-126
-128
-131
-131
-121
-110
-101
-87
-78
-71
-70
-61
-40
-21
-1
9
16
22
26
30
22
5
-12
-23
-27
-24
-13
11
43
73
94
118
147
168
166
147
132
125
112
103
99
113
123
131
155
181
208
221
214
197
168
139
120
106
102
101
114
140
163
190
206
209
196
173
147
117
86
61
43
24
14
13
24
35
33
21
7
-6
-12
-12
-3
3
1
1
0
6
5
-6
-23
-46
-66
-91
-105
-100
-96
-90
-86
-76
-61
-42
-24
-22
-30
-46
-69
-91
-115
-130
-135
-135
-132
-126
-115
-101
-89
-77
-66
-62
-57
-58
-52
-45
-41
-34
-27
-22
-22
-28
-29
-27
-18
-14
-18
-27
-35
-31
-21
-9
0
9
11
14
11
-1
-19
-39
-50
-56
-47
-28
-8
16
37
45
43
31
20
1
-21
-46
-69
-74
-64
-37
-8
9
14
11
10
10
9
-9
-44
-83
-111
-116
-96
-53
-4
30
39
28
17
12
8
6
-3
-20
-28
-12
24
67
96
93
63
27
-1
-11
-19
-32
-46
-55
-42
-1
58
117
159
183
184
171
155
136
100
48
-1
-26
-18
21
80
130
153
150
139
134
129
115
90
61
34
18
16
25
28
15
-9
-33
-40
-31
-8
16
29
29
23
20
18
17
11
-2
-23
-37
-49
-48
-52
-58
-59
-54
-31
-8
13
16
7
-17
-44
-74
-97
-108
-108
-96
-83
-63
-41
-22
-12
-12
-21
-35
-45
-51
-51
-49
-44
-41
-35
-28
-29
-31
-37
-40
-45
-58
-71
-80
-81
-72
-55
-34
-18
-9
-2
2
4
9
12
13
19
27
36
39
31
14
1
-7
-11
-19
-38
-55
-66
-65
-63
-56
-43
-22
-4
11
25
33
39
40
31
14
-7
-22
-31
-32
-26
-16
-1
10
17
21
27
27
24
23
22
11
-6
-22
-25
-11
7
24
37
46
49
51
54
57
52
46
42
46
63
87
103
104
88
66
47
29
12
-12
-35
-50
-53
-41
-16
8
31
45
52
50
44
44
45
53
58
56
52
41
32
27
31
36
34
26
16
3
-11
-24
-35
-46
-51
-46
-36
-16
10
34
46
41
20
-14
-40
-48
-36
-17
9
21
17
7
-6
-15
-21
-29
-39
-45
-46
-43
-29
-14
-7
-7
-16
-29
-40
-44
-46
-48
-48
-52
-57
-63
-62
-48
-30
-11
0
3
0
-4
-9
-8
-4
6
15
22
24
16
1
-19
-38
-50
-59
-68
-69
-57
-36
-3
30
49
44
25
2
-18
-25
-22
-16
-7
2
12
24
34
40
42
35
18
-4
-23
-36
-35
-28
-18
-12
-8
-2
11
26
34
27
11
-9
-26
-34
-39
-41
-40
-34
-28
-18
-4
7
11
14
14
16
24
34
37
32
16
-3
-19
-23
-17
-4
10
22
30
43
61
77
82
76
66
54
46
42
35
30
31
34
32
27
24
22
23
26
25
22
14
6
-4
-8
-5
2
14
27
34
31
21
15
9
6
-4
-18
-30
-34
-24
-6
14
28
30
25
14
2
-13
-19
-12
-8
-8
-14
-26
-35
-39
-40
-45
-51
-55
-54
-42
-26
-14
-5
-6
-7
-4
-2
-5
-14
-25
-33
-35
-36
-38
-38
-40
-45
-47
-50
-53
-44
-32
-25
-31
-42
-53
-55
-45
-31
-15
-3
6
14
24
31
30
23
11
-1
-11
-15
-8
3
13
16
19
25
39
53
62
64
67
63
57
52
44
32
13
-6
-17
-16
-6
5
11
18
19
20
20
21
25
29
28
20
13
10
6
3
-4
-12
-19
-23
-22
-15
-4
13
25
28
25
14
1
-9
-17
-19
-21
-22
-23
-21
-16
-10
-5
-3
-1
3
8
11
11
10
3
-5
-10
-13
-11
-10
-4
3
15
29
35
33
27
20
17
16
11
9
10
8
5
0
-5
-15
-21
-21
-22
-22
-19
-15
-5
5
8
5
0
-10
-18
-24
-24
-22
-17
-9
0
9
11
9
3
-7
-11
-10
-10
-8
-9
-12
-13
-18
-22
-21
-16
-9
-7
-7
-8
-7
-4
-3
-5
-8
-18
-30
-41
-48
-51
-50
-44
-39
-33
-22
-6
11
25
31
30
24
18
12
6
0
-7
-15
-18
-12
-3
5
16
28
33
33
27
20
17
13
8
0
-6
-5
4
18
26
28
26
21
19
17
14
12
6
2
6
15
25
31
35
40
46
53
57
56
49
41
30
19
9
1
-5
-10
-12
-12
-8
1
7
3
-4
-7
-7
-4
-1
-2
-3
-3
-8
-14
-22
-27
-24
-20
-17
-17
-21
-22
-20
-15
-10
-7
-11
-13
-8
-3
1
1
-2
-6
-10
-18
-22
-26
-35
-44
-45
-40
-34
-22
-10
-5
-5
-6
-4
1
2
2
-3
-5
-3
-4
-3
-1
2
1
0
1
0
0
5
8
11
11
7
3
2
0
-1
-1
-4
-1
1
3
4
6
9
9
11
10
6
-1
-8
-14
-15
-11
-3
4
8
9
10
13
17
16
10
6
1
-3
-1
4
15
23
24
18
9
4
0
3
6
6
7
11
17
22
22
22
22
19
17
13
7
4
2
0
-1
-1
-2
1
6
10
6
-1
-7
-11
-15
-16
-15
-12
-10
-4
7
14
13
6
-2
-13
-21
-26
-28
-30
-32
-34
-33
-22
-10
-4
-7
-11
-11
-10
-6
-3
-2
-3
-4
-5
-4
-1
1
4
4
5
7
8
9
10
11
12
13
12
9
7
11
13
13
12
5
3
-2
-1
-1
-3
-6
-11
-15
-14
-9
-3
2
5
5
4
2
0
-1
-5
-8
-10
-11
-6
-2
2
4
6
13
22
28
30
27
21
11
0
-10
-15
-15
-13
-12
-10
-7
-6
-8
-11
-14
-18
-18
-16
-16
-19
-22
-21
-17
-12
-7
-5
-3
-1
3
2
1
0
0
0
3
6
7
10
13
14
13
12
15
17
18
17
18
18
18
17
14
11
14
21
29
37
40
37
28
16
4
-8
-12
-10
-4
-1
-3
-7
-11
-6
-3
0
-4
-9
-9
-8
-3
1
3
-2
-12
-22
-26
-25
-20
-16
-15
-16
-20
-20
-18
-12
-8
-7
-7
-8
-8
-9
-9
-7
-6
-8
-10
-11
-11
-10
-8
-5
-5
-6
-9
-7
1
6
11
12
8
4
0
-1
3
5
5
7
11
18
21
21
21
20
18
16
14
13
11
9
6
4
1
-3
-6
-7
-5
-11
-14
-16
-20
-22
-19
-7
6
15
18
14
11
13
16
23
23
20
15
11
7
3
-2
-8
-10
-10
-7
-6
-4
-5
-7
-9
-15
-17
-15
-11
-6
-4
-4
-6
-10
-13
-20
-24
-26
-21
-14
-9
-3
4
11
20
25
25
20
13
5
-5
-11
-14
-9
-3
2
6
7
6
4
4
4
1
-6
-14
-18
-12
-1
9
13
10
2
-4
-3
2
8
9
8
7
7
8
10
10
7
3
-2
-5
-4
-8
-9
-7
-2
3
7
7
5
1
-1
-2
-1
1
1
3
11
18
21
20
16
12
10
9
9
10
5
0
-1
-1
0
0
-1
-1
-2
0
-2
-7
-10
-8
-7
-6
-7
-12
-16
-15
-12
-7
-7
-6
-4
-3
-4
-7
-12
-16
-22
-26
-25
-22
-14
-8
-5
-3
-4
-2
2
4
1
-5
-11
-17
-18
-17
-14
-9
-5
-3
0
5
7
8
9
9
10
10
8
7
2
0
0
1
2
2
0
-2
-5
-4
-1
6
12
14
16
21
23
25
24
19
17
14
15
15
17
21
26
32
36
36
30
23
16
11
8
8
7
4
3
3
5
5
3
-2
-10
-14
-13
-9
-3
1
5
4
3
1
-6
-11
-15
-16
-14
-11
-7
-4
-5
-4
-4
-8
-10
-10
-9
-11
-14
-14
-18
-19
-23
-26
-25
-24
-18
-17
-19
-19
-22
-23
-22
-23
-22
-23
-20
-17
-15
-15
-18
-18
-18
-16
-11
-6
-1
4
4
3
4
8
11
10
8
8
10
12
12
12
13
15
19
17
14
8
4
2
2
3
3
6
11
15
17
18
18
16
14
14
13
11
14
16
15
13
15
17
15
13
8
6
7
6
3
-3
-5
-5
-4
0
1
1
-3
-8
-9
-10
-6
1
10
17
22
22
19
12
6
1
-5
-4
-3
0
2
4
6
6
6
3
-1
-4
-7
-7
-7
-5
-4
-6
-10
-14
-19
-24
-28
-30
-29
-24
-18
-6
2
8
9
6
0
-7
-13
-17
-18
-14
-10
-5
1
5
8
10
14
20
26
25
18
9
3
1
1
3
6
6
3
-1
-5
-9
-10
-11
-10
-7
-4
1
4
0
-2
-6
-10
-15
-16
-13
-7
-1
1
0
0
-3
-8
-11
-12
-11
-8
-4
1
5
9
13
17
18
15
10
5
2
2
2
3
3
3
2
2
-2
-6
-11
-10
-5
-1
3
8
13
11
9
4
-1
-2
0
4
5
5
4
-1
-3
-4
-4
-4
-4
-2
-1
-3
-1
-1
-3
-5
-6
-4
-3
-4
-4
-8
-9
-9
-4
3
8
7
7
4
-1
-4
-8
-7
-6
-2
6
16
23
24
21
13
8
5
5
4
2
1
0
-1
0
-3
-4
-1
4
8
10
13
15
13
7
1
-6
-8
-11
-11
-12
-13
-12
-15
-18
-18
-12
-4
5
12
10
6
2
-3
-7
-9
-10
-8
-5
0
3
4
5
7
8
8
8
7
3
2
0
2
5
5
3
-2
-11
-15
-17
-15
-12
-10
-11
-8
-6
-2
1
0
-3
-4
-4
-4
-2
-2
-2
-3
-5
-6
-5
-5
-2
0
3
6
10
13
12
7
3
-1
-2
-1
-1
0
3
4
7
10
10
9
6
5
2
-2
-9
-12
-14
-15
-12
-8
-3
1
4
8
10
11
7
3
-1
-4
-4
-2
2
4
6
7
6
5
5
6
7
10
15
21
21
19
16
13
9
7
4
2
2
2
3
4
2
-2
-4
-1
3
7
7
4
-3
-8
-8
-10
-13
-16
-20
-21
-21
-22
-18
-15
-12
-8
-5
-4
-1
0
-2
-7
-8
-11
-10
-8
-6
-4
-2
4
9
14
15
11
6
1
3
4
3
2
3
