0
-1
0
1
1
0
1
0
1
1
1
2
1
0
0
0
-1
-1
-1
0
-1
0
0
0
0
0
0
1
0
-1
0
-1
0
-1
-1
-1
0
-1
0
0
-1
-1
-1
-1
0
0
1
0
1
1
0
-1
-1
0
-1
1
-1
0
0
-1
0
0
0
1
0
1
0
1
0
1
1
0
-1
-1
-1
-1
0
0
0
1
1
1
0
0
-1
-2
0
0
0
0
0
1
-1
0
0
0
0
1
1
2
1
0
0
-1
-1
-1
-2
-1
0
-1
0
0
1
0
0
0
0
1
0
-1
0
0
-1
0
-1
0
0
1
1
0
0
1
1
1
1
0
0
0
-1
-1
0
0
-1
-1
-1
0
1
0
0
0
0
0
0
1
0
0
0
0
0
-1
-1
0
1
1
1
1
0
0
1
0
1
1
1
0
-1
-1
0
0
0
0
-1
1
1
1
0
1
1
1
0
0
0
0
-1
0
-1
0
0
0
0
0
-1
0
0
0
0
1
1
0
0
-2
-1
-1
-1
0
-1
-1
0
-1
-1
-1
-2
-1
-1
-1
-1
0
0
0
-1
0
-1
-1
-1
-1
0
-1
0
0
0
1
0
0
1
1
1
2
1
2
1
1
0
1
0
1
1
1
0
1
1
1
0
0
1
1
1
1
1
1
1
1
0
0
0
0
0
1
1
1
0
1
-1
-1
0
0
0
1
0
0
1
-1
0
-1
-1
-1
-2
-1
-1
-1
-1
0
0
0
0
1
0
-1
-1
-2
-2
-2
-2
-2
-1
-1
-1
0
-1
-2
-2
0
-1
-1
-1
-1
-2
-1
0
0
0
0
0
0
1
0
0
0
1
0
0
0
0
0
0
1
1
0
1
1
0
0
0
1
1
1
1
1
2
1
1
1
1
0
1
1
0
0
0
0
1
-1
0
0
0
1
1
2
2
1
0
1
-1
0
0
0
0
0
0
0
0
0
-1
-1
-1
-1
0
0
-1
-1
0
0
0
0
0
0
-1
0
0
0
1
0
0
0
0
0
0
0
1
-1
0
0
0
-1
-1
0
0
0
0
-1
-1
0
0
0
0
0
0
0
0
0
1
0
0
0
-1
-1
0
0
0
0
0
0
1
0
0
0
-2
-1
0
0
0
0
-1
0
-1
0
-2
0
1
0
0
1
0
-1
0
-1
-1
0
0
0
0
0
0
-1
-1
0
0
0
0
0
1
1
0
0
-1
-1
-1
0
0
0
1
1
1
1
0
1
0
0
0
0
0
0
0
0
0
-1
0
0
0
1
1
1
1
0
2
1
2
1
1
2
2
2
2
2
2
2
1
2
1
1
1
1
1
-1
-1
-2
-2
-2
-2
-3
-2
-3
-2
-2
-3
-2
-1
-1
-1
-1
-1
-1
-1
-2
-2
-1
-2
-3
-3
-4
-4
-4
-5
-5
-5
-5
-5
-6
-6
-6
-5
-5
-5
-5
-4
-3
-2
-2
-2
-3
-2
-2
-2
-2
-2
-2
-2
-2
-2
-2
-2
-2
-1
-1
0
0
1
1
2
2
4
5
6
7
9
9
10
11
11
12
11
10
10
10
9
8
8
7
6
5
8
9
11
13
15
16
18
19
20
18
17
15
13
11
8
5
1
-5
-10
-16
-21
-27
-33
-37
-42
-47
-53
-57
-61
-65
-68
-69
-68
-62
-56
-48
-39
-29
-21
-14
-5
3
10
18
24
28
30
32
32
29
26
22
17
12
9
6
4
2
1
2
3
5
7
13
19
26
33
40
47
55
63
69
74
77
79
82
84
84
83
80
75
69
63
59
54
52
51
51
51
51
52
52
53
53
54
55
56
56
57
57
52
51
47
40
34
26
18
9
1
-9
-20
-34
-43
-49
-55
-59
-59
-59
-56
-57
-57
-55
-52
-53
-53
-55
-60
-73
-96
-129
-168
-209
-256
-305
-350
-385
-407
-412
-404
-386
-353
-312
-266
-216
-162
-102
-41
17
71
118
155
179
192
196
191
178
158
137
117
96
77
56
38
21
6
-7
-16
-18
-15
-2
14
33
55
78
101
125
146
168
188
209
226
241
249
246
235
218
195
166
135
104
75
53
34
14
-6
-18
-20
-13
1
17
36
53
67
79
88
95
96
93
87
80
69
56
41
26
7
-13
-33
-48
-59
-66
-68
-71
-73
-72
-68
-61
-51
-39
-26
-17
-11
-9
-8
-15
-24
-35
-41
-41
-40
-40
-43
-46
-47
-51
-60
-70
-77
-78
-76
-69
-51
-34
-33
-56
-92
-111
-109
-97
-97
-98
-86
-58
-43
-57
-87
-104
-91
-61
-39
-30
-20
-12
-24
-86
-196
-326
-436
-501
-498
-440
-355
-263
-182
-113
-59
-22
-7
8
42
94
166
249
321
374
394
377
321
246
168
109
82
70
71
80
86
83
64
35
1
-24
-33
-14
37
99
159
204
230
240
236
223
200
179
169
176
186
181
152
104
46
-2
-29
-31
-16
3
20
40
66
89
99
95
79
65
55
53
58
70
87
100
104
93
69
34
-7
-38
-63
-76
-71
-58
-36
-25
-30
-50
-76
-102
-125
-137
-136
-115
-79
-37
2
27
29
10
-20
-47
-59
-57
-48
-41
-30
-24
-30
-40
-48
-54
-67
-81
-99
-104
-90
-70
-42
-20
-10
-10
-14
-19
-8
29
38
-57
-317
-725
-1146
-1427
-1482
-1337
-1079
-820
-604
-428
-285
-173
-96
-64
-42
19
153
367
619
838
950
932
803
613
424
264
151
92
71
92
137
181
182
120
7
-113
-183
-175
-99
31
184
334
457
542
581
565
503
422
359
348
384
443
490
493
447
363
260
153
49
-35
-93
-122
-147
-177
-220
-261
-285
-278
-239
-177
-98
-5
94
188
265
305
305
266
195
117
49
-5
-46
-78
-106
-137
-174
-213
-245
-268
-285
-291
-281
-249
-196
-130
-67
-18
6
0
-25
-55
-79
-90
-94
-88
-78
-65
-56
-64
-89
-126
-161
-180
-170
-135
-88
-42
-3
22
33
25
1
-15
-12
14
56
100
136
160
154
117
81
62
67
83
101
146
237
335
328
117
-334
-946
-1513
-1866
-1911
-1679
-1311
-930
-605
-353
-176
-72
-37
-44
-29
64
256
549
879
1138
1255
1197
996
734
465
232
71
-16
-33
14
91
147
141
56
-90
-232
-317
-312
-209
-33
175
392
582
714
762
724
625
510
425
395
430
503
561
568
517
413
280
129
-32
-171
-263
-286
-244
-158
-80
-88
-237
-504
-743
-818
-706
-493
-254
-12
232
435
537
528
425
244
39
-111
-163
-121
-51
3
17
-18
-107
-243
-368
-453
-474
-428
-333
-192
-21
124
195
186
121
34
-41
-95
-113
-85
-36
5
30
29
-8
-84
-188
-279
-321
-308
-254
-162
-54
45
117
148
129
72
-3
-63
-87
-61
4
88
168
216
219
186
133
85
59
57
81
138
212
269
306
335
345
268
2
-476
-1060
-1599
-1941
-2000
-1782
-1391
-988
-665
-426
-242
-97
-15
31
97
206
408
691
990
1237
1336
1281
1098
833
555
303
118
0
-57
-41
15
69
74
8
-106
-229
-310
-314
-222
-53
151
372
581
744
834
834
756
634
517
449
441
476
505
505
463
365
233
78
-85
-252
-429
-595
-685
-654
-520
-361
-231
-151
-105
-74
-58
-36
13
76
139
215
284
319
291
187
42
-104
-235
-335
-386
-385
-351
-302
-261
-243
-244
-265
-301
-321
-305
-252
-172
-81
5
80
121
114
73
24
-24
-63
-92
-98
-79
-58
-43
-41
-55
-88
-134
-167
-170
-147
-103
-45
19
81
119
129
114
87
55
24
0
-10
-5
23
62
100
158
206
210
180
128
89
95
134
197
273
349
439
544
621
523
157
-470
-1249
-1907
-2258
-2230
-1857
-1380
-957
-624
-360
-123
16
36
-4
-19
96
347
715
1111
1394
1495
1405
1186
903
593
295
60
-82
-120
-58
42
112
108
5
-164
-342
-466
-474
-371
-177
84
367
641
843
933
911
790
639
508
440
446
482
516
522
477
380
221
3
-271
-575
-832
-945
-873
-659
-399
-182
-39
49
91
80
37
8
11
68
180
306
402
410
304
127
-74
-264
-426
-527
-561
-526
-436
-344
-269
-228
-242
-297
-363
-405
-392
-309
-172
-21
126
233
284
281
224
134
35
-53
-104
-113
-84
-40
-18
-25
-62
-112
-144
-162
-167
-154
-125
-65
20
95
132
129
101
74
55
49
42
30
24
20
56
127
189
230
234
214
196
175
169
178
212
262
337
478
624
686
568
193
-403
-1109
-1755
-2177
-2283
-2092
-1719
-1269
-849
-511
-243
-68
0
0
-1
85
311
648
1017
1335
1524
1543
1405
1163
852
529
236
4
-114
-118
-58
12
24
-48
-180
-330
-457
-520
-490
-358
-123
183
509
797
985
1044
983
848
695
568
492
463
475
498
491
434
314
129
-104
-373
-632
-824
-906
-854
-702
-512
-333
-205
-118
-67
-37
-11
17
64
136
224
303
335
302
196
33
-141
-297
-407
-461
-474
-445
-387
-325
-279
-262
-266
-287
-306
-305
-270
-176
-52
77
191
266
292
272
213
138
62
2
-35
-44
-33
-27
-34
-57
-97
-135
-168
-190
-196
-188
-159
-109
-41
43
124
169
167
127
82
53
30
14
17
31
55
92
110
113
98
80
76
100
157
219
269
315
357
415
481
536
571
502
208
-318
-975
-1601
-2033
-2194
-2077
-1736
-1315
-936
-626
-340
-105
12
42
53
128
337
626
969
1301
1498
1538
1440
1245
978
667
357
89
-75
-131
-111
-53
-36
-92
-188
-299
-411
-496
-501
-407
-198
86
396
699
911
1005
991
896
773
647
561
515
484
473
444
387
270
70
-169
-413
-622
-770
-845
-831
-758
-624
-445
-274
-134
-51
-14
27
85
153
229
306
361
381
350
246
77
-129
-332
-486
-572
-592
-560
-490
-412
-352
-311
-300
-312
-321
-313
-272
-193
-85
47
181
289
340
341
298
217
129
44
-23
-62
-77
-71
-64
-66
-90
-125
-160
-204
-228
-226
-209
-164
-110
-46
30
91
136
144
116
84
69
86
110
129
148
158
160
141
102
68
45
49
79
116
156
192
236
299
368
419
453
492
515
459
220
-239
-795
-1333
-1720
-1901
-1900
-1688
-1356
-980
-627
-346
-106
33
80
95
140
309
557
837
1113
1306
1409
1399
1273
1043
745
446
188
19
-72
-88
-59
-52
-77
-140
-225
-325
-431
-470
-423
-275
-48
204
478
694
832
894
868
788
669
553
466
409
383
354
296
183
25
-153
-349
-557
-751
-878
-898
-814
-671
-503
-325
-174
-52
27
67
98
111
127
163
216
262
255
183
67
-63
-194
-316
-417
-487
-511
-488
-432
-369
-321
-285
-271
-260
-229
-189
-129
-51
39
150
255
325
349
330
282
213
142
80
22
-15
-41
-62
-65
-66
-79
-99
-128
-156
-166
-162
-139
-94
-33
32
94
147
179
198
200
179
148
115
91
90
115
144
150
132
101
62
19
-18
-31
-21
22
88
171
279
353
403
446
489
533
448
174
-277
-816
-1256
-1564
-1707
-1714
-1627
-1393
-1092
-771
-483
-293
-156
-78
-12
109
292
543
784
989
1151
1253
1271
1181
1004
764
529
326
164
69
3
-31
-61
-119
-176
-256
-324
-376
-410
-365
-246
-47
188
407
603
745
816
812
751
670
581
500
435
388
349
299
198
39
-148
-344
-503
-618
-690
-688
-629
-517
-382
-251
-128
-54
-11
12
39
84
107
129
161
198
227
214
162
69
-49
-180
-303
-392
-444
-459
-450
-423
-382
-341
-302
-276
-253
-225
-176
-103
-24
63
140
201
239
242
220
173
115
52
-12
-62
-106
-138
-154
-167
-170
-167
-152
-134
-120
-106
-94
-72
-49
-26
13
62
110
149
165
165
172
175
166
147
117
79
51
53
69
82
86
77
86
136
201
255
276
264
254
291
366
456
525
498
324
5
-424
-869
-1236
-1497
-1656
-1679
-1548
-1279
-917
-591
-353
-198
-97
-9
66
174
319
506
733
942
1131
1255
1262
1169
975
737
504
302
141
16
-49
-70
-71
-82
-132
-210
-291
-352
-380
-349
-243
-84
118
325
512
666
742
744
685
594
506
421
342
250
158
87
28
-38
-131
-245
-358
-442
-491
-495
-445
-376
-293
-203
-110
-20
33
54
52
46
48
45
44
45
44
35
12
-43
-120
-207
-297
-363
-399
-403
-383
-358
-320
-279
-230
-186
-161
-130
-95
-45
18
79
136
176
194
191
170
130
76
24
-30
-79
-111
-130
-136
-134
-127
-120
-116
-109
-103
-98
-85
-63
-28
19
76
123
158
181
168
132
83
36
17
8
12
29
61
113
157
184
181
144
120
110
114
140
158
193
267
361
485
596
629
518
224
-193
-656
-1067
-1347
-1520
-1568
-1492
-1307
-1009
-700
-461
-293
-189
-106
-30
66
210
397
612
821
1010
1154
1196
1128
978
779
563
367
214
105
39
-7
-21
-21
-45
-104
-194
-283
-340
-348
-283
-160
1
181
356
512
609
636
611
550
476
393
304
216
135
83
54
23
-29
-107
-193
-277
-350
-393
-401
-380
-338
-270
-175
-76
-1
43
62
59
32
-9
-37
-54
-56
-45
-29
-19
-35
-78
-136
-196
-253
-300
-330
-348
-346
-321
-279
-232
-186
-149
-111
-76
-56
-28
19
70
125
174
198
199
172
128
81
27
-34
-93
-133
-160
-166
-146
-116
-89
-74
-68
-57
-45
-34
-22
-1
16
29
46
55
59
58
52
62
78
88
108
134
163
186
178
157
137
135
145
141
149
158
183
220
240
282
329
370
380
297
118
-165
-499
-811
-1079
-1259
-1351
-1355
-1252
-1065
-812
-547
-331
-180
-76
18
110
209
335
474
620
769
899
991
1009
938
802
643
480
332
221
141
80
41
17
7
-12
-64
-134
-189
-211
-192
-132
-35
88
224
353
448
512
532
515
466
395
325
248
172
98
44
18
-21
-79
-150
-219
-278
-332
-360
-359
-335
-287
-229
-151
-67
-6
31
41
34
16
-6
-22
-30
-34
-39
-54
-81
-116
-161
-214
-268
-320
-350
-366
-366
-350
-318
-275
-232
-189
-151
-111
-73
-41
-4
40
81
119
144
158
149
115
70
22
-15
-49
-81
-106
-126
-129
-120
-105
-90
-76
-67
-59
-58
-55
-46
-24
11
55
98
124
136
132
121
110
99
100
111
136
164
170
173
169
164
164
137
122
131
158
214
267
316
353
369
387
400
394
314
96
-225
-581
-887
-1090
-1205
-1250
-1240
-1171
-1015
-783
-545
-362
-247
-160
-54
74
225
394
553
689
804
906
979
981
889
742
593
462
351
258
175
102
37
-19
-63
-106
-168
-240
-294
-308
-264
-164
-46
71
190
303
404
468
489
480
454
410
348
284
224
166
110
63
14
-38
-107
-183
-248
-311
-368
-401
-402
-366
-310
-241
-163
-99
-59
-39
-38
-35
-35
-34
-19
2
24
37
24
-14
-64
-127
-192
-252
-303
-335
-341
-330
-312
-289
-256
-219
-178
-132
-88
-51
-17
19
63
104
133
152
156
143
119
85
49
7
-36
-66
-87
-90
-85
-76
-69
-69
-69
-68
-66
-61
-57
-41
-15
13
41
71
97
124
146
156
164
166
169
169
162
141
128
142
173
202
220
225
241
251
238
215
188
161
146
176
254
322
318
184
-71
-391
-719
-988
-1159
-1247
-1259
-1188
-1015
-756
-489
-281
-158
-91
-34
24
109
226
357
511
671
815
922
956
903
774
613
449
302
193
115
62
40
26
11
-14
-58
-122
-198
-259
-270
-214
-120
-12
118
257
379
458
488
478
431
343
235
151
102
80
76
78
76
57
4
-70
-154
-235
-301
-341
-342
-312
-254
-182
-122
-82
-66
-70
-84
-95
-91
-69
-32
10
42
59
53
10
-44
-109
-186
-255
-306
-330
-332
-317
-292
-262
-224
-200
-178
-154
-134
-109
-73
-21
32
81
116
134
143
130
100
69
34
8
-15
-28
-35
-39
-37
-43
-52
-65
-89
-106
-114
-104
-64
-11
33
69
100
128
143
136
118
106
105
115
139
172
206
225
230
221
200
180
166
167
181
194
207
221
230
238
241
244
248
218
118
-95
-395
-685
-901
-1020
-1087
-1131
-1099
-975
-772
-547
-365
-226
-140
-70
18
125
252
373
488
595
694
784
827
804
706
572
446
336
238
144
81
39
3
-19
-43
-54
-86
-146
-187
-188
-136
-61
22
125
228
320
391
434
446
423
367
295
223
164
122
93
61
25
-7
-30
-76
-145
-209
-266
-306
-325
-318
-275
-216
-170
-135
-104
-77
-58
-49
-38
-30
-17
6
24
31
13
-30
-83
-141
-201
-253
-283
-297
-298
-283
-262
-238
-216
-185
-151
-118
-84
-55
-21
21
55
84
110
126
127
115
93
66
32
-4
-36
-61
-74
-67
-48
-31
-24
-29
-42
-55
-58
-46
-15
24
62
90
118
138
148
145
131
127
130
140
150
143
132
123
123
133
138
138
132
122
123
137
162
179
178
183
204
242
274
256
157
-28
-273
-531
-750
-916
-1040
-1108
-1096
-983
-794
-592
-424
-300
-206
-132
-56
37
144
262
388
520
656
765
810
786
703
591
465
346
236
143
80
44
25
14
3
-6
-32
-85
-132
-142
-104
-35
45
145
261
360
422
453
462
429
350
253
172
123
97
87
82
72
49
10
-41
-105
-178
-250
-300
-307
-283
-227
-158
-99
-46
-5
16
14
-6
-30
-53
-76
-92
-92
-85
-91
-112
-135
-169
-212
-253
-295
-323
-332
-327
-300
-257
-210
-169
-137
-100
-73
-52
-39
-29
-10
18
48
75
87
88
70
38
0
-39
-76
-100
-106
-94
-68
-41
-23
-10
-7
-14
-18
-14
7
34
68
108
149
188
203
196
183
157
134
123
117
125
148
177
202
211
201
172
138
118
121
154
190
214
239
269
286
253
142
-52
-289
-533
-747
-889
-962
-978
-937
-831
-662
-481
-335
-242
-181
-118
-52
33
143
262
387
507
615
694
709
656
561
446
325
221
149
99
57
24
17
27
20
-13
-57
-92
-109
-105
-67
4
95
192
281
356
403
413
396
350
280
193
111
56
25
13
22
32
27
1
-42
-90
-144
-201
-245
-264
-249
-206
-140
-67
-7
31
49
48
31
-5
-46
-83
-107
-116
-116
-112
-118
-134
-157
-184
-215
-246
-263
-263
-250
-223
-187
-142
-100
-70
-51
-44
-39
-37
-20
6
32
56
72
81
81
62
30
-10
-49
-80
-104
-114
-111
-96
-66
-39
-19
-9
-2
6
20
42
72
96
108
116
131
154
164
151
133
118
113
113
121
140
160
167
161
153
143
130
110
98
101
114
138
165
186
188
146
44
-121
-335
-551
-731
-844
-903
-913
-857
-734
-569
-409
-282
-177
-91
-23
30
91
182
286
385
470
547
602
612
572
491
392
290
196
123
69
37
29
40
59
59
39
17
-3
-17
-17
10
56
118
196
280
355
400
402
376
330
264
183
97
19
-43
-71
-74
-67
-66
-73
-81
-93
-115
-139
-153
-156
-147
-123
-80
-35
-3
16
33
52
51
27
-14
-61
-101
-136
-153
-158
-161
-168
-179
-186
-199
-223
-240
-246
-237
-217
-187
-146
-98
-55
-19
-1
4
-5
-11
-13
-9
0
14
24
29
27
16
-5
-32
-67
-96
-115
-120
-111
-94
-68
-43
-17
11
38
59
70
78
81
86
95
110
127
140
144
144
141
138
140
151
165
174
172
165
159
151
143
133
124
122
126
139
160
183
193
158
60
-108
-321
-540
-722
-842
-896
-889
-824
-707
-556
-397
-262
-160
-92
-45
-3
53
135
231
320
399
465
514
523
482
407
316
225
142
85
55
41
45
61
79
83
68
42
19
2
1
30
86
159
237
308
362
383
368
336
293
239
169
95
32
-13
-34
-33
-19
-11
-14
-23
-34
-49
-68
-81
-84
-78
-66
-40
-4
30
56
67
62
42
9
-24
-50
-76
-107
-146
-179
-204
-225
-235
-236
-233
-237
-243
-242
-228
-202
-170
-140
-116
-97
-76
-58
-45
-43
-45
-47
-41
-26
-10
2
2
-9
-20
-30
-43
-57
-66
-65
-58
-52
-50
-47
-40
-30
-15
3
16
31
49
63
79
93
102
109
119
131
138
140
134
125
122
118
120
127
129
130
130
126
113
94
78
78
91
108
124
134
136
108
24
-129
-329
-525
-662
-732
-752
-740
-686
-582
-451
-319
-206
-113
-44
-2
33
83
151
219
282
347
410
455
467
443
391
314
227
145
84
49
42
63
90
107
106
100
96
93
86
81
88
109
151
210
268
301
302
288
267
234
184
122
67
24
-6
-19
-13
2
20
29
23
5
-19
-44
-65
-77
-81
-71
-48
-19
8
23
13
-20
-68
-116
-152
-172
-183
-184
-173
-159
-145
-137
-140
-161
-190
-218
-237
-240
-228
-206
-172
-135
-98
-61
-31
-16
-9
-14
-22
-27
-27
-24
-20
-11
-5
-5
-21
-52
-84
-99
-100
-95
-85
-70
-44
-10
19
40
43
34
23
17
20
30
45
64
85
111
132
142
144
140
136
131
123
118
122
131
141
148
147
130
103
74
56
54
68
91
121
132
94
-15
-189
-389
-562
-679
-737
-738
-681
-571
-433
-287
-149
-35
38
61
68
78
104
143
198
269
339
390
406
398
369
309
226
131
53
4
-3
30
81
123
143
144
138
129
114
93
75
72
96
147
203
245
268
269
253
212
155
86
22
-25
-43
-24
19
66
96
109
105
76
27
-30
-76
-99
-100
-80
-51
-25
-9
-8
-18
-39
-68
-101
-128
-145
-150
-148
-137
-124
-113
-111
-117
-135
-158
-184
-207
-219
-217
-202
-174
-138
-95
-63
-44
-37
-41
-45
-49
-55
-61
-66
-67
-61
-53
-43
-40
-46
-51
-55
-57
-59
-61
-52
-36
-7
22
38
42
37
33
34
39
46
52
62
81
107
134
152
157
154
142
122
104
87
80
78
81
82
72
58
49
50
61
75
89
106
120
129
120
58
-87
-294
-482
-587
-612
-611
-594
-534
-416
-278
-175
-100
-35
16
39
37
54
97
158
221
274
324
346
338
307
266
217
151
76
15
3
41
90
124
135
140
139
128
109
93
87
89
96
115
149
175
179
159
141
129
112
86
66
63
71
82
93
105
107
93
62
27
-5
-36
-61
-72
-71
-68
-55
-30
3
32
43
34
14
-11
-37
-57
-72
-80
-84
-89
-88
-90
-96
-115
-142
-168
-182
-183
-174
-159
-139
-116
-99
-91
-83
-77
-76
-72
-65
-57
-51
-46
-41
-36
-35
-44
-59
-71
-84
-93
-93
-90
-84
-77
-68
-57
-48
-36
-31
-28
-22
-9
8
14
15
23
48
81
98
98
95
101
100
91
78
70
65
55
41
27
15
-5
-31
-57
-64
-47
-16
23
50
42
-38
-174
-299
-361
-367
-378
-409
-410
-341
-227
-123
-45
25
84
110
111
117
152
189
205
211
232
265
277
270
253
235
201
147
106
98
120
138
138
136
152
177
189
176
148
125
118
119
123
132
138
129
114
106
105
92
67
48
47
52
53
60
74
88
78
42
1
-34
-58
-69
-59
-36
-16
3
22
37
35
16
-11
-39
-64
-86
-100
-101
-96
-95
-98
-103
-112
-125
-145
-167
-183
-191
-184
-164
-139
-113
-94
-81
-75
-71
-66
-67
-74
-85
-87
-79
-74
-71
-67
-65
-69
-74
-78
-89
-109
-132
-145
-137
-115
-86
-60
-35
-14
-3
-1
-5
-11
-16
-12
5
35
71
104
125
136
137
127
104
65
21
-20
-47
-62
-61
-42
-16
15
41
62
71
60
36
-3
-37
-60
-68
-78
-111
-149
-172
-175
-173
-187
-188
-164
-130
-103
-79
-33
25
66
79
93
122
150
160
167
182
200
202
196
198
203
196
170
141
121
112
107
100
96
103
121
136
143
141
135
125
105
81
66
57
51
54
76
109
125
117
111
111
106
83
50
26
8
-9
-22
-23
-16
-10
-4
11
22
18
3
-2
-1
-1
-8
-20
-25
-26
-29
-36
-42
-52
-71
-90
-100
-106
-108
-111
-113
-115
-115
-108
-103
-99
-99
-102
-109
-116
-117
-113
-107
-104
-104
-99
-91
-86
-88
-94
-101
-108
-114
-110
-103
-97
-95
-93
-90
-85
-75
-66
-60
-55
-44
-29
-9
8
16
18
11
-1
-19
-35
-40
-40
-41
-44
-34
-7
17
19
3
-5
-3
-9
-18
-13
10
38
52
58
57
54
41
18
-1
-18
-33
-55
-84
-111
-131
-135
-123
-87
-41
-6
19
36
55
75
91
105
115
129
142
154
163
171
183
194
197
196
195
199
206
204
188
166
148
134
130
133
136
136
131
129
127
125
121
114
109
101
91
79
64
55
50
44
33
21
17
13
3
-10
-21
-23
-23
-27
-32
-35
-35
-31
-27
-24
-24
-35
-53
-69
-76
-81
-88
-91
-93
-97
-100
-109
-117
-123
-129
-135
-145
-153
-156
-155
-154
-152
-146
-140
-135
-128
-124
-122
-117
-111
-106
-107
-111
-116
-117
-111
-103
-96
-87
-82
-77
-75
-73
-70
-60
-46
-35
-28
-27
-25
-22
-19
-16
-19
-22
-24
-16
9
41
65
79
89
98
101
94
82
72
63
52
43
43
51
62
69
72
71
71
70
72
76
75
68
59
51
43
29
8
-12
-23
-31
-36
-41
-43
-50
-63
-75
-72
-57
-40
-27
-17
-3
10
21
31
42
48
43
38
39
54
74
93
103
105
108
117
124
125
122
114
105
98
103
110
118
123
123
121
111
102
93
83
80
74
67
68
71
75
79
85
87
80
67
52
40
30
22
20
20
19
21
21
18
7
-8
-23
-33
-39
-46
-51
-59
-65
-65
-67
-69
-76
-86
-98
-110
-118
-124
-128
-130
-133
-134
-134
-130
-124
-125
-130
-138
-146
-154
-156
-150
-141
-134
-127
-118
-116
-116
-115
-117
-120
-126
-131
-132
-132
-131
-128
-121
-112
-106
-99
-89
-73
-58
-38
-18
-6
-4
-5
-4
-8
-17
-24
-21
-12
-3
5
19
38
57
80
103
120
126
122
114
106
95
83
75
74
79
88
102
119
137
149
153
152
148
142
132
118
99
80
66
57
49
45
41
45
49
54
65
75
89
96
104
110
104
88
67
48
33
21
20
26
36
43
48
51
53
52
49
42
38
41
48
54
56
56
53
48
42
36
31
29
28
27
27
24
17
5
-6
-16
-29
-39
-45
-47
-49
-49
-42
-39
-37
-38
-41
-41
-44
-52
-61
-67
-69
-71
-71
-72
-74
-75
-79
-82
-85
-88
-91
-96
-103
-107
-110
-116
-123
-127
-131
-137
-141
-139
-129
-115
-105
-97
-87
-81
-82
-91
-101
-111
-119
-122
-119
-110
-101
-91
-80
-68
-55
-50
-43
-35
-27
-15
-4
8
13
21
34
46
53
47
33
24
22
29
43
61
76
83
87
89
92
90
84
76
71
70
76
81
92
105
114
126
134
142
142
132
114
91
78
68
73
83
98
110
113
112
106
99
90
77
65
54
43
33
28
24
25
26
25
21
20
19
16
12
7
6
9
17
22
24
20
6
-7
-18
-26
-33
-39
-41
-41
-36
-31
-23
-13
-8
-4
-8
-15
-19
-28
-29
-27
-21
-13
-8
-5
-5
-13
-21
-31
-38
-45
-49
-48
-45
-37
-26
-18
-10
-5
-4
-7
-13
-19
-30
-38
-43
-47
-51
-52
-50
-50
-52
-56
-60
-63
-67
-72
-73
-72
-66
-60
-56
-54
-56
-59
-66
-76
-85
-92
-94
-92
-86
-78
-66
-58
-54
-53
-57
-60
-62
-61
-59
-54
-48
-39
-28
-13
2
16
26
29
29
30
29
28
24
23
28
36
44
55
60
61
55
46
35
32
36
45
57
68
75
80
79
73
68
67
71
79
89
101
110
118
119
121
118
110
106
104
104
100
96
91
81
69
57
45
33
25
23
25
31
35
40
46
45
43
37
30
19
4
-10
-25
-34
-36
-33
-26
-23
-23
-30
-33
-37
-39
-41
-46
-49
-51
-51
-49
-49
-50
-51
-53
-53
-51
-47
-45
-49
-56
-66
-71
-66
-58
-48
-40
-37
-36
-35
-33
-32
-31
-31
-29
-25
-21
-15
-12
-13
-16
-21
-24
-27
-30
-32
-31
-26
-22
-21
-21
-18
-16
-9
-6
-8
-14
-20
-23
-24
-22
-23
-26
-28
-30
-28
-27
-28
-29
-33
-34
-37
-38
-39
-40
-36
-28
-20
-15
-13
-9
-6
-2
3
11
22
31
42
50
54
56
49
39
32
25
21
17
15
19
28
42
56
63
59
47
30
17
15
21
31
39
41
40
35
31
30
30
29
26
26
28
36
46
55
58
59
54
44
31
17
7
-1
-3
1
9
21
31
43
46
42
32
17
2
-11
-20
-26
-26
-21
-17
-7
5
20
30
32
22
2
-18
-36
-42
-44
-41
-33
-25
-19
-13
-7
-4
-2
0
-1
-3
-6
-8
-11
-15
-20
-24
-26
-31
-39
-48
-53
-53
-48
-39
-32
-23
-13
0
13
19
16
5
-7
-21
-33
-42
-43
-39
-33
-23
-13
-3
8
15
21
25
26
24
16
4
-11
-23
-27
-27
-24
-22
-20
-17
-14
-14
-10
-4
1
5
4
1
1
0
0
-1
-10
-24
-39
-47
-44
-33
-18
-3
9
18
26
36
42
39
26
5
-11
-17
-13
-4
2
3
-2
-4
-2
9
20
28
29
20
10
5
9
17
25
27
24
14
5
-4
-9
-10
-10
-5
3
18
32
40
43
35
23
11
2
0
-2
-3
-2
0
6
17
28
36
40
37
30
22
16
12
9
9
12
17
23
29
34
38
36
29
21
5
-9
-22
-30
-33
-28
-21
-13
-5
-2
-4
-7
-15
-20
-20
-16
-9
-1
4
7
4
-4
-13
-19
-23
-22
-21
-18
-16
-14
-13
-11
-11
-12
-14
-19
-25
-29
-32
-29
-22
-15
-10
-7
-4
-3
-3
-5
-6
-8
-10
-12
-13
-11
-10
-7
-4
-2
-1
-2
0
0
-5
-14
-24
-30
-28
-20
-13
-4
4
9
12
7
-1
-8
-13
-11
-7
-2
1
4
4
3
3
6
11
17
23
25
21
18
14
11
7
5
3
-2
-10
-16
-12
-1
15
27
35
37
32
24
14
4
-5
-12
-12
-10
-7
-2
4
10
13
14
17
23
26
26
23
15
8
4
4
7
12
14
16
13
8
0
-8
-14
-15
-11
-5
2
10
17
23
27
26
20
9
-5
-20
-29
-31
-26
-16
-6
3
9
10
9
4
-1
-6
-7
-4
-3
-2
-2
-3
-6
-10
-12
-9
-4
-1
2
5
4
-1
-7
-10
-13
-13
-12
-13
-13
-13
-13
-14
-15
-17
-18
-18
-16
-12
-7
-5
-4
-7
-11
-15
-17
-16
-11
-7
-4
-4
-4
-2
1
4
9
12
14
14
17
20
19
16
10
0
-11
-19
-21
-18
-12
-4
5
12
17
23
28
31
30
22
7
-8
-20
-25
-26
-25
-22
-17
-9
1
9
16
18
16
12
9
8
8
6
6
4
2
0
-4
-6
-7
-9
-7
-3
4
11
15
16
13
8
5
4
4
3
0
-2
-3
0
4
6
9
10
12
14
16
17
14
7
3
-3
-7
-10
-11
-11
-11
-10
-7
-4
0
1
4
3
1
-1
-6
-6
-8
-7
-4
-2
0
2
7
9
8
6
5
2
1
-3
-6
-9
-11
-12
-10
-7
-3
2
3
2
-1
-4
-6
-6
-4
-2
1
1
0
0
-1
0
5
10
13
11
10
9
8
6
4
1
-2
-7
-11
-16
-20
-22
-20
-16
-10
-2
5
11
13
13
9
3
-3
-8
-10
-12
-9
-6
-3
-2
-2
-5
-6
-6
-6
-6
-7
-7
-5
-3
0
2
3
4
4
6
6
5
0
-6
-10
-10
-7
-2
3
7
10
8
9
11
9
3
-5
-10
-13
-12
-9
-8
-6
-2
3
6
11
14
17
19
21
22
25
24
20
17
12
7
3
0
0
0
2
2
1
-1
0
2
6
9
6
2
-3
-7
-8
-10
-10
-9
-10
-10
-12
-11
-8
-8
-7
-4
0
7
12
18
19
15
8
-1
-9
-14
-17
-18
-17
-13
-7
0
6
11
13
11
7
-1
-7
-12
-15
-17
-20
-21
-19
-15
-9
-4
-2
-2
-2
-2
-3
-5
-6
-7
-3
1
4
9
14
17
15
7
-3
-8
-11
-10
-9
-6
-3
1
6
9
10
8
4
1
0
0
2
4
7
11
13
11
10
9
8
8
6
4
2
0
-4
-5
-4
-1
3
7
10
