0
1
0
0
1
0
0
0
1
0
0
0
-1
0
0
0
0
0
0
0
0
0
0
1
0
0
0
-1
-1
0
0
0
0
0
0
0
0
0
0
-1
0
1
0
0
0
0
0
0
0
-1
0
1
0
0
0
0
-1
0
-1
-1
0
0
0
0
1
0
0
0
0
0
0
0
0
1
1
0
1
-1
0
0
0
0
0
0
0
0
0
0
0
0
0
0
0
0
0
0
0
0
0
0
0
0
0
0
0
0
-1
1
0
1
0
0
1
0
0
0
0
0
1
-1
0
0
0
0
0
1
0
0
-1
0
0
0
0
1
0
0
1
-1
-1
0
0
0
0
0
0
0
0
0
0
0
-1
0
0
0
1
0
0
0
0
1
0
-1
-1
0
0
0
-1
0
0
0
0
0
-1
0
0
0
0
-1
0
0
0
0
0
0
0
0
0
0
0
0
0
0
-1
0
0
0
0
0
-1
0
0
0
1
0
-1
0
0
0
0
0
0
0
0
0
0
0
0
0
0
0
0
0
0
0
-1
0
0
0
0
0
0
0
0
0
0
0
0
0
1
0
0
0
0
0
0
0
1
0
0
0
1
1
0
0
0
-1
1
1
0
0
0
1
0
0
0
1
0
0
0
1
0
0
0
0
0
0
0
0
0
0
0
0
0
0
0
0
-1
-1
-1
-1
-1
0
-1
-1
0
0
0
-1
-1
-1
-1
-1
-1
0
0
1
-1
0
0
0
0
0
0
-1
0
1
-1
1
1
1
0
0
1
1
0
0
1
1
0
1
1
1
1
1
1
1
0
1
1
2
2
2
2
1
1
1
1
1
1
1
1
1
-1
0
1
1
0
1
1
2
1
1
1
1
0
-1
0
0
0
1
0
0
0
0
-1
-1
-2
-1
-1
-2
-1
-2
-1
-2
-2
-2
-3
-4
-4
-3
-3
-4
-3
-3
-3
-3
-4
-5
-5
-5
-5
-5
-3
-3
-2
-2
-2
-1
-1
0
-1
0
0
1
2
3
4
4
4
3
3
4
6
7
6
8
11
12
12
12
14
15
12
10
8
6
5
6
7
8
8
6
5
5
2
0
-2
-1
-2
-2
-1
1
1
-1
-5
-9
-14
-16
-17
-16
-17
-18
-17
-17
-17
-19
-20
-24
-25
-24
-23
-24
-23
-20
-15
-13
-15
-16
-15
-15
-13
-12
-14
-14
-16
-16
-18
-19
-18
-17
-16
-15
-15
-14
-14
-13
-10
-6
-2
2
7
12
17
21
26
30
35
41
45
47
50
52
55
58
60
61
61
62
63
62
62
61
63
62
61
61
58
56
53
53
54
53
54
54
54
53
52
50
50
51
49
44
41
37
33
31
30
30
25
13
-2
-12
-13
-12
-13
-22
-36
-53
-67
-76
-77
-83
-96
-114
-127
-138
-146
-153
-159
-153
-155
-160
-165
-167
-163
-163
-176
-209
-251
-275
-269
-238
-203
-175
-144
-110
-73
-42
-21
-8
-4
2
15
35
59
78
96
112
118
111
97
79
63
51
41
38
43
54
63
69
67
63
61
68
80
97
116
135
158
183
204
214
210
197
177
169
165
163
162
155
148
140
130
112
90
67
45
31
24
18
19
24
29
28
26
23
22
25
29
33
35
36
40
40
29
1
-36
-70
-87
-93
-101
-111
-116
-111
-98
-86
-82
-87
-96
-104
-106
-102
-89
-75
-55
-38
-23
-15
-12
-9
-4
-2
-11
-27
-30
-17
-3
-18
-62
-120
-162
-164
-135
-86
-53
-45
-19
34
99
113
65
17
0
32
59
68
77
90
112
105
79
52
26
-28
-170
-397
-627
-777
-810
-774
-713
-641
-545
-433
-323
-221
-142
-82
-44
1
89
221
374
501
584
627
637
610
541
447
343
246
174
119
92
81
64
27
-37
-113
-180
-224
-238
-219
-160
-73
38
157
266
347
387
389
370
360
367
386
402
407
403
394
371
321
237
116
-32
-179
-295
-375
-416
-424
-383
-297
-191
-96
-33
10
39
61
88
125
170
220
269
297
299
271
215
142
60
-24
-98
-153
-180
-176
-160
-152
-163
-182
-197
-207
-202
-189
-158
-115
-59
3
62
112
137
136
115
83
54
30
14
10
10
7
0
-12
-31
-67
-130
-211
-282
-322
-333
-325
-312
-298
-271
-225
-171
-130
-111
-96
-57
-23
-100
-380
-803
-1151
-1238
-1098
-913
-784
-661
-463
-248
-101
-40
-28
-24
-12
51
194
393
605
776
889
928
880
767
603
438
309
232
193
176
188
224
247
212
108
-22
-127
-172
-154
-85
15
142
298
455
577
631
609
535
435
354
307
281
258
228
206
198
184
142
66
-16
-71
-88
-78
-52
-16
20
46
60
68
65
37
-10
-41
-33
5
44
72
93
104
88
36
-39
-104
-150
-177
-190
-188
-168
-146
-136
-151
-185
-239
-293
-321
-314
-277
-216
-149
-77
-6
45
72
69
44
7
-24
-41
-42
-33
-28
-29
-29
-27
-29
-45
-63
-75
-77
-59
-11
39
45
6
-34
-34
-31
-74
-150
-204
-214
-206
-200
-197
-179
-170
-251
-521
-942
-1343
-1556
-1537
-1394
-1202
-951
-648
-339
-90
73
151
166
165
206
334
535
748
939
1077
1140
1125
1014
815
584
379
232
143
96
90
125
161
155
90
-11
-114
-185
-208
-160
-39
131
316
495
643
735
751
694
606
530
485
459
420
337
225
129
74
46
-3
-90
-172
-207
-201
-174
-147
-129
-105
-75
-48
-28
-28
-40
-40
-8
44
96
125
142
163
175
151
79
-8
-78
-113
-131
-145
-152
-152
-152
-152
-160
-179
-207
-226
-219
-176
-115
-61
-19
19
48
68
68
48
17
-15
-43
-67
-91
-116
-135
-152
-165
-165
-152
-134
-113
-108
-125
-169
-228
-279
-316
-343
-385
-439
-472
-477
-461
-441
-428
-399
-377
-414
-539
-742
-928
-1022
-979
-827
-630
-437
-261
-87
84
215
281
299
316
361
432
521
620
693
728
736
718
666
560
425
310
225
173
148
143
165
190
212
214
187
144
110
111
155
229
324
427
519
593
639
636
578
488
411
363
333
306
257
173
55
-68
-155
-213
-258
-290
-278
-210
-118
-39
17
59
91
105
100
76
48
26
28
55
89
107
88
54
24
-10
-60
-129
-190
-212
-202
-180
-158
-136
-121
-121
-138
-161
-175
-174
-161
-122
-56
10
64
98
116
122
104
68
25
-12
-45
-78
-113
-147
-173
-189
-207
-232
-263
-301
-327
-313
-258
-174
-93
-32
7
18
-6
-64
-118
-154
-164
-128
-44
95
237
278
158
-170
-650
-1155
-1584
-1843
-1929
-1838
-1568
-1196
-800
-482
-276
-147
-98
-77
-29
87
311
606
932
1238
1455
1550
1504
1330
1079
789
523
326
204
167
194
230
238
177
60
-87
-240
-350
-394
-337
-167
72
354
620
824
940
959
912
831
746
688
661
672
709
734
713
624
466
253
-8
-294
-557
-741
-807
-773
-686
-579
-460
-339
-247
-218
-215
-197
-138
-34
97
234
350
423
433
383
279
129
-44
-200
-308
-364
-389
-411
-434
-447
-458
-482
-518
-543
-525
-459
-365
-254
-140
-31
54
106
126
118
88
43
1
-18
-24
-26
-24
-29
-39
-58
-99
-146
-190
-221
-230
-220
-190
-148
-99
-48
-7
23
38
47
68
102
159
245
336
420
472
498
499
439
320
187
104
76
41
-5
-27
25
118
132
-16
-367
-848
-1310
-1648
-1814
-1827
-1712
-1462
-1103
-695
-323
-53
89
131
155
227
362
552
777
1015
1250
1417
1451
1353
1137
858
570
304
97
-41
-97
-94
-57
-26
-56
-144
-260
-368
-422
-405
-309
-134
98
362
627
834
946
957
897
810
718
634
569
526
496
453
386
282
121
-94
-334
-548
-691
-755
-749
-678
-550
-389
-238
-139
-91
-75
-73
-53
-10
62
144
218
285
323
314
240
107
-45
-186
-298
-380
-439
-461
-450
-421
-402
-412
-444
-480
-503
-489
-436
-345
-230
-111
19
148
242
275
249
197
140
90
46
11
-11
-17
-18
-25
-52
-104
-167
-221
-245
-237
-214
-177
-116
-34
59
127
158
160
151
150
167
205
259
312
351
363
352
332
288
223
144
38
-42
-62
-39
-6
-25
-81
-115
-105
-56
-22
18
91
158
140
-101
-521
-904
-1101
-1109
-1069
-1046
-955
-761
-501
-256
-103
-51
-68
-76
2
148
324
484
627
782
909
985
973
840
652
483
369
300
217
152
138
158
170
133
49
-60
-167
-227
-225
-176
-83
34
173
328
459
537
526
449
369
315
291
277
252
244
246
234
172
53
-79
-202
-297
-350
-372
-359
-331
-292
-237
-185
-153
-154
-168
-153
-104
-47
-6
24
62
101
127
115
53
-39
-129
-202
-255
-291
-320
-337
-332
-303
-266
-242
-235
-234
-226
-201
-170
-128
-81
-22
36
84
115
120
99
73
50
40
33
16
6
-1
-3
-4
-13
-28
-52
-66
-66
-55
-33
-13
17
60
95
117
119
116
132
138
128
100
84
107
121
125
147
185
212
184
125
65
24
8
-7
20
86
155
259
327
223
-123
-656
-1155
-1422
-1481
-1451
-1381
-1219
-933
-576
-248
-63
-18
-41
-64
7
165
358
591
832
1054
1233
1304
1231
1025
750
497
319
205
109
48
55
95
110
57
-75
-232
-377
-463
-450
-355
-199
3
228
454
627
705
688
610
525
464
424
394
363
357
358
318
210
37
-158
-338
-494
-584
-594
-551
-477
-372
-239
-119
-57
-54
-71
-76
-58
-18
42
116
183
233
255
230
153
23
-118
-232
-303
-330
-340
-332
-293
-247
-220
-244
-295
-333
-345
-326
-279
-208
-117
-26
69
152
198
197
162
118
85
65
47
36
32
44
55
49
18
-42
-109
-166
-191
-179
-147
-112
-72
-25
23
54
45
12
-6
0
34
81
149
252
333
366
341
271
211
157
104
66
58
110
185
265
288
198
26
-273
-656
-1027
-1332
-1489
-1501
-1410
-1235
-995
-725
-468
-250
-111
-41
32
136
277
469
680
886
1088
1215
1243
1194
1045
834
622
432
288
185
113
66
35
-8
-83
-178
-291
-398
-450
-434
-346
-191
-2
200
400
547
635
669
647
595
529
473
442
428
405
351
272
160
12
-156
-323
-450
-525
-551
-516
-436
-333
-230
-161
-121
-97
-87
-75
-49
5
80
160
223
261
260
210
122
11
-105
-207
-278
-313
-323
-304
-286
-284
-297
-333
-375
-403
-412
-384
-321
-235
-136
-32
63
131
161
150
112
71
35
16
15
20
22
23
12
-7
-47
-109
-171
-208
-208
-184
-148
-104
-46
33
92
112
110
96
94
104
122
153
194
242
282
310
320
283
214
140
88
80
83
75
75
97
157
221
257
214
106
-29
-252
-554
-882
-1145
-1243
-1215
-1135
-1027
-883
-713
-531
-355
-227
-140
-53
61
237
451
641
797
923
995
1027
1015
920
772
612
473
386
314
226
137
65
-3
-79
-163
-261
-344
-387
-381
-304
-174
-30
119
260
377
466
506
490
450
420
411
403
371
310
243
180
112
38
-44
-132
-210
-264
-277
-267
-264
-265
-256
-231
-201
-178
-169
-151
-113
-59
13
78
120
142
137
116
82
35
-17
-74
-122
-152
-178
-210
-250
-291
-326
-352
-368
-371
-352
-305
-238
-161
-87
-38
4
42
73
96
97
88
82
84
84
78
57
26
-3
-33
-77
-124
-150
-152
-126
-84
-48
-30
-27
-30
-25
-7
9
28
45
70
108
168
238
292
319
305
266
218
159
84
-5
-71
-67
20
139
237
285
241
105
-128
-466
-843
-1162
-1333
-1340
-1234
-1074
-878
-649
-432
-271
-174
-122
-74
1
127
321
566
798
983
1114
1165
1135
1022
842
640
465
345
277
240
211
179
137
69
-38
-174
-319
-423
-452
-403
-281
-111
68
233
373
470
515
505
447
391
362
359
350
318
274
233
201
142
49
-67
-184
-264
-298
-309
-301
-292
-284
-260
-226
-192
-173
-162
-138
-91
-22
42
85
115
132
133
111
56
-14
-77
-124
-158
-186
-224
-265
-295
-313
-328
-348
-368
-384
-367
-320
-262
-196
-137
-80
-15
46
86
97
88
79
80
84
78
59
34
-1
-29
-51
-78
-102
-120
-125
-112
-92
-77
-69
-64
-47
-30
-11
13
36
73
134
211
286
338
356
349
320
282
239
186
145
131
149
187
235
273
263
192
51
-178
-495
-876
-1235
-1467
-1552
-1521
-1373
-1117
-787
-466
-217
-50
60
145
219
321
475
664
873
1076
1226
1300
1276
1154
954
709
470
278
145
47
-12
-34
-46
-89
-173
-283
-380
-447
-479
-443
-329
-168
27
229
419
570
651
664
634
580
508
438
384
344
297
216
101
-28
-145
-255
-356
-436
-482
-464
-404
-336
-272
-227
-206
-197
-175
-140
-99
-42
28
115
205
259
265
236
172
92
4
-89
-168
-226
-263
-279
-288
-307
-335
-362
-382
-391
-383
-362
-313
-233
-138
-45
39
100
143
170
173
164
140
117
98
87
80
61
25
-26
-79
-126
-176
-218
-241
-232
-187
-125
-65
-7
38
73
88
87
91
99
114
139
208
312
384
405
379
349
323
256
151
38
-45
-75
-40
28
63
24
-91
-252
-461
-731
-1014
-1212
-1288
-1248
-1110
-917
-691
-455
-245
-69
48
109
157
245
380
534
703
858
981
1055
1047
971
831
636
432
268
157
89
53
33
19
-3
-51
-127
-210
-278
-311
-284
-200
-66
97
256
401
513
573
580
542
482
410
334
262
200
149
92
29
-21
-70
-122
-189
-251
-277
-278
-270
-245
-223
-206
-182
-158
-135
-118
-103
-85
-48
19
80
126
151
148
141
114
59
-15
-95
-164
-217
-259
-294
-316
-322
-326
-325
-320
-315
-303
-269
-223
-163
-99
-42
16
65
102
125
127
111
86
60
39
22
9
-7
-32
-57
-81
-101
-131
-159
-155
-126
-84
-47
-16
18
49
80
97
98
75
34
25
58
125
196
239
271
286
276
222
128
26
-58
-83
-59
-5
107
215
282
263
136
-48
-317
-650
-958
-1161
-1211
-1166
-1064
-901
-703
-498
-332
-219
-143
-106
-60
45
208
413
625
808
961
1044
1042
978
852
686
524
400
325
275
242
215
189
137
46
-65
-178
-277
-333
-318
-238
-112
37
185
318
404
438
436
398
339
272
229
221
216
212
204
204
195
138
55
-29
-104
-164
-209
-227
-230
-235
-237
-240
-240
-242
-250
-239
-201
-131
-39
38
94
137
164
163
122
53
-16
-73
-117
-150
-173
-194
-222
-248
-267
-282
-308
-339
-346
-321
-271
-206
-135
-70
-22
6
21
20
9
-4
-8
11
32
43
35
5
-31
-62
-88
-115
-143
-158
-159
-140
-104
-73
-42
-22
-6
24
59
83
74
53
57
98
181
256
289
286
238
190
164
154
140
93
63
61
114
200
228
202
116
-36
-238
-489
-749
-974
-1122
-1176
-1136
-999
-838
-676
-510
-356
-212
-102
-15
74
213
382
559
740
877
960
994
969
890
774
646
526
431
362
301
254
196
118
43
-38
-126
-205
-259
-268
-218
-127
-14
109
230
330
401
449
450
405
332
256
213
204
212
212
194
171
136
78
-1
-91
-176
-236
-265
-272
-272
-266
-257
-253
-247
-237
-217
-182
-131
-65
11
82
129
149
142
116
72
6
-77
-151
-206
-238
-261
-279
-298
-308
-309
-318
-328
-330
-319
-280
-226
-165
-102
-47
-2
23
33
36
24
7
-8
-11
-2
2
-6
-27
-42
-49
-61
-92
-128
-146
-136
-102
-70
-44
-11
43
122
186
214
203
169
156
158
196
239
233
188
144
142
149
127
57
-5
-4
53
137
215
258
219
117
-43
-285
-568
-843
-1043
-1116
-1093
-1008
-865
-679
-494
-331
-195
-122
-88
-43
39
185
378
562
722
856
930
947
910
800
653
512
404
340
306
273
233
198
140
54
-32
-130
-221
-263
-246
-176
-65
50
166
279
369
418
427
393
328
265
223
190
174
169
167
173
161
108
31
-46
-126
-193
-241
-282
-315
-327
-306
-261
-210
-178
-159
-126
-78
-20
36
69
83
98
104
98
70
13
-54
-107
-145
-180
-214
-248
-276
-286
-284
-290
-305
-318
-311
-275
-227
-181
-141
-105
-65
-20
19
42
41
28
16
8
-1
-18
-43
-62
-67
-64
-68
-92
-128
-156
-156
-130
-97
-72
-45
-8
42
96
131
146
149
151
176
209
238
258
264
262
221
146
68
3
-15
10
56
107
167
235
255
160
-84
-425
-746
-969
-1081
-1114
-1077
-967
-778
-545
-339
-191
-115
-84
-48
22
137
292
476
658
819
948
1006
968
842
678
523
404
314
247
211
202
207
199
146
59
-50
-146
-204
-217
-185
-111
3
142
284
404
469
478
440
377
307
248
202
167
149
147
164
169
131
43
-62
-147
-220
-271
-297
-292
-268
-235
-209
-194
-189
-183
-166
-139
-98
-58
-11
31
67
95
93
63
11
-51
-113
-176
-230
-269
-289
-294
-301
-298
-295
-298
-301
-298
-281
-247
-205
-151
-85
-24
19
43
52
45
32
17
2
-2
-9
-32
-57
-63
-58
-53
-59
-78
-91
-87
-71
-54
-36
-26
-15
15
57
107
154
187
211
235
256
264
255
233
204
168
119
56
4
-32
-53
-68
-81
-68
-12
85
183
211
113
-138
-467
-765
-971
-1081
-1117
-1063
-897
-648
-376
-158
-21
47
60
69
100
170
287
436
605
767
881
920
867
744
589
436
305
192
111
81
106
147
165
145
92
23
-52
-104
-119
-96
-31
74
214
359
455
458
384
282
201
145
92
46
48
114
203
250
241
190
107
0
-115
-212
-269
-284
-252
-174
-83
-18
0
-6
-13
-25
-43
-67
-70
-34
23
73
91
73
27
-39
-117
-187
-246
-289
-304
-288
-248
-213
-201
-210
-221
-230
-241
-251
-245
-217
-170
-117
-66
-19
14
19
9
-15
-54
-98
-132
-135
-109
-80
-68
-71
-78
-87
-101
-114
-132
-132
-97
-35
54
138
178
180
159
146
141
119
78
35
31
36
16
-18
-74
-122
-128
-111
-65
-9
38
96
136
107
-50
-295
-541
-748
-890
-964
-961
-848
-656
-449
-248
-83
35
102
131
156
208
305
418
537
680
803
880
893
817
698
574
449
340
258
217
209
221
228
216
189
140
64
2
-31
-35
0
62
145
242
314
345
344
315
258
188
132
105
115
147
169
187
202
194
156
70
-57
-185
-268
-295
-278
-238
-199
-150
-99
-66
-64
-85
-109
-127
-122
-102
-78
-54
-37
-23
-22
-48
-101
-163
-215
-250
-266
-271
-268
-250
-222
-194
-179
-182
-201
-215
-216
-197
-165
-131
-99
-65
-32
-10
-3
-14
-41
-72
-102
-116
-113
-99
-85
-63
-39
-24
-24
-33
-39
-32
-14
8
40
78
107
128
143
142
119
86
55
44
44
45
43
46
51
38
29
27
32
49
66
86
100
60
-79
-308
-559
-761
-891
-966
-994
-931
-763
-551
-358
-201
-87
-10
40
92
165
260
373
498
633
753
817
816
763
676
576
476
369
279
223
206
214
222
210
180
142
92
47
23
17
23
53
115
195
266
291
277
250
228
216
209
202
211
239
267
276
250
189
110
22
-59
-117
-148
-158
-143
-105
-62
-36
-33
-53
-72
-87
-99
-103
-97
-80
-57
-34
-30
-49
-84
-126
-165
-198
-230
-258
-269
-265
-245
-216
-198
-194
-199
-206
-214
-224
-229
-225
-200
-157
-119
-98
-91
-97
-105
-119
-141
-156
-156
-139
-113
-94
-79
-70
-64
-63
-72
-75
-68
-44
-2
41
76
99
108
106
79
33
-18
-51
-57
-48
-42
-44
-45
-43
-35
-23
-7
18
59
121
179
218
228
214
165
34
-198
-466
-674
-779
-811
-801
-728
-588
-411
-271
-164
-71
4
61
110
177
280
397
508
611
698
750
746
696
616
527
450
377
309
265
254
260
261
239
203
160
108
55
17
-9
-27
-33
-6
56
133
204
241
257
261
255
235
205
165
126
110
115
125
129
112
84
46
0
-50
-98
-133
-149
-146
-141
-133
-119
-102
-89
-78
-72
-74
-81
-84
-84
-73
-70
-88
-116
-132
-140
-150
-168
-197
-220
-231
-239
-239
-238
-231
-216
-192
-170
-162
-162
-161
-151
-133
-113
-100
-94
-92
-88
-71
-61
-61
-75
-98
-112
-107
-84
-49
-15
13
33
43
47
48
54
56
42
13
-30
-76
-112
-135
-142
-137
-121
-98
-69
-34
11
53
74
82
96
129
156
169
178
205
223
152
-47
-321
-552
-685
-754
-802
-791
-680
-498
-326
-203
-88
14
67
78
87
146
235
337
450
560
646
669
636
573
507
444
366
281
235
243
271
282
271
266
264
240
185
135
104
66
3
-49
-35
40
138
212
267
316
330
291
210
145
120
113
116
127
151
169
164
136
83
8
-79
-150
-187
-185
-160
-129
-92
-51
-13
6
1
-12
-31
-59
-103
-145
-165
-161
-146
-130
-120
-117
-132
-163
-195
-230
-255
-269
-267
-248
-217
-185
-159
-133
-119
-121
-138
-159
-173
-177
-172
-162
-137
-109
-86
-69
-62
-70
-91
-110
-112
-101
-85
-74
-53
-16
15
20
-4
-33
-48
-58
-80
-110
-120
-103
-71
-41
-20
-18
-35
-67
-91
-89
-62
-14
44
117
174
189
163
125
105
80
37
-38
-126
-237
-350
-424
-447
-425
-411
-377
-321
-236
-145
-63
33
112
175
223
268
306
337
372
405
418
400
384
380
386
384
366
342
310
290
275
264
241
218
214
218
212
182
148
113
84
69
71
98
126
157
177
194
195
173
158
154
155
142
129
125
124
117
96
63
20
-25
-64
-92
-113
-124
-116
-99
-85
-73
-57
-49
-51
-62
-76
-96
-120
-141
-150
-159
-172
-180
-180
-180
-182
-191
-202
-213
-214
-204
-184
-160
-148
-146
-147
-150
-164
-180
-193
-202
-208
-211
-206
-190
-160
-123
-93
-77
-76
-86
-101
-121
-139
-144
-139
-124
-104
-95
-94
-95
-73
-30
6
14
-3
-17
-25
-32
-51
-74
-81
-72
-52
-41
-35
-36
-30
-18
-15
-19
-18
3
26
37
36
49
78
114
144
149
114
25
-81
-163
-215
-242
-240
-194
-105
-25
30
73
129
181
195
190
194
206
217
238
280
329
352
348
333
308
273
235
205
187
193
221
256
280
283
279
251
204
147
97
77
55
33
19
35
75
118
167
201
218
204
180
158
129
100
75
60
59
65
69
61
37
7
-28
-64
-91
-103
-90
-75
-64
-55
-47
-41
-48
-64
-95
-132
-168
-187
-186
-171
-155
-146
-134
-121
-114
-119
-134
-147
-160
-169
-174
-178
-179
-179
-184
-195
-215
-232
-237
-232
-214
-197
-180
-157
-131
-108
-98
-103
-119
-147
-172
-186
-190
-183
-169
-134
-99
-84
-84
-80
-69
-72
-81
-88
-88
-84
-77
-60
-40
-22
-5
14
13
-4
-22
-20
-6
10
26
40
56
74
99
117
118
103
86
75
48
20
4
16
39
50
44
22
8
12
18
22
27
34
49
54
62
84
115
139
137
135
149
168
188
210
238
257
244
225
209
194
175
150
135
129
133
149
169
187
195
193
188
187
187
189
184
176
173
176
180
181
180
172
154
130
109
98
95
92
91
95
92
80
60
34
11
-9
-25
-43
-55
-62
-71
-76
-78
-76
-73
-78
-88
-101
-110
-125
-142
-154
-156
-156
-160
-170
-180
-189
-204
-219
-233
-243
-252
-259
-257
-252
-246
-242
-246
-258
-278
-296
-305
-306
-297
-280
-254
-225
-195
-180
-175
-180
-188
-204
-225
-234
-216
-160
-100
-58
-50
-53
-56
-53
-35
-19
-4
-7
-16
-29
-23
-4
11
30
47
61
50
48
66
98
117
105
91
92
113
133
141
142
136
137
151
168
188
206
233
262
278
282
276
272
253
223
180
140
105
86
83
87
96
104
117
122
115
99
87
81
74
67
56
52
67
96
122
139
148
151
153
145
128
106
80
60
51
55
69
87
104
107
96
75
45
26
22
31
42
44
42
40
38
31
14
-10
-25
-34
-33
-29
-28
-29
-30
-25
-15
-14
-22
-41
-58
-71
-84
-94
-105
-116
-119
-122
-123
-126
-128
-128
-132
-139
-155
-170
-183
-187
-186
-190
-199
-208
-211
-216
-226
-244
-262
-274
-267
-248
-231
-228
-227
-219
-210
-206
-211
-203
-186
-159
-145
-142
-127
-106
-77
-58
-36
-21
-13
-9
-7
-2
-7
-8
-4
14
35
64
89
111
132
138
133
116
107
101
100
103
109
123
127
130
131
129
129
132
145
164
184
199
207
214
221
225
221
208
192
176
163
151
149
153
166
176
176
170
154
141
120
93
61
33
17
20
35
54
67
70
69
56
49
39
31
25
9
-16
-46
-62
-59
-48
-40
-41
-42
-33
-21
-8
5
7
3
-10
-17
-19
-18
-14
-12
-15
-23
-36
-45
-50
-54
-53
-54
-61
-60
-52
-45
-53
-64
-68
-65
-61
-58
-59
-55
-50
-45
-37
-27
-21
-21
-33
-50
-67
-82
-86
-83
-72
-61
-55
-51
-50
-46
-51
-68
-92
-120
-135
-140
-139
-139
-147
-162
-178
-178
-155
-115
-79
-66
-76
-98
-113
-110
-90
-64
-52
-56
-69
-76
-66
-48
-37
-42
-50
-53
-39
-10
23
47
51
39
27
30
47
58
54
40
32
33
44
58
72
77
78
88
112
141
162
164
151
136
128
130
137
145
147
135
115
106
115
142
167
175
164
147
133
128
132
144
147
131
107
86
72
64
56
51
48
51
52
52
52
51
45
37
28
19
9
-4
-23
-43
-61
-73
-81
-77
-65
-54
-55
-65
-75
-73
-73
-80
-93
-99
-96
-94
-95
-97
-90
-72
-53
-34
-18
-7
-13
-32
-56
-78
-90
-91
-85
-78
-76
-76
-70
-56
-36
-23
-17
-18
-18
-11
-2
4
0
-8
-18
-28
-35
-42
-46
-52
-57
-56
-53
-39
-24
-9
0
-1
-1
-3
0
2
-5
-15
-25
-24
-13
-6
-8
-11
-16
-15
-13
-12
-9
-7
-6
-6
-3
7
22
31
25
7
-13
-27
-34
-36
-35
-32
-23
-11
4
19
30
30
19
11
8
12
18
20
19
22
27
32
40
43
42
30
6
-14
-28
-22
-9
10
30
54
79
96
99
83
55
25
2
-1
5
15
20
20
21
23
35
51
61
62
54
36
22
21
26
31
31
29
26
24
23
17
10
3
3
9
23
40
54
62
59
53
44
27
3
-22
-38
-43
-38
-27
-14
0
12
20
28
37
43
39
21
-2
-23
-34
-35
-31
-20
-11
-7
-8
-13
-22
-31
-41
-46
-41
-32
-22
-13
-7
-2
-3
-6
-8
-9
-13
-23
-36
-50
-55
-50
-39
-30
-24
-22
-23
-26
-27
-25
-18
-15
-17
-28
-43
-51
-46
-34
-23
-19
-26
-39
-43
-40
-29
-18
-21
-34
-53
-69
-71
-56
-31
-11
-8
-18
-29
-31
-28
-31
-45
-63
-73
-65
-41
-7
19
30
21
0
-16
-18
-12
0
6
2
-6
-10
-5
7
18
25
30
37
48
57
59
56
49
49
61
77
88
88
74
51
27
15
18
35
55
73
85
93
98
102
102
93
74
49
31
24
28
39
47
51
53
52
53
57
59
50
31
4
-17
-25
-23
-15
-6
4
12
23
35
41
39
26
7
-11
-25
-30
-30
-28
-28
-31
-34
-34
-34
-32
-34
-37
-40
-45
-52
-62
-70
-67
-60
-49
-38
-37
-43
-59
-71
-77
-75
-64
-51
-42
-36
-31
-28
-21
-7
7
10
1
-17
-36
-48
-52
-49
-37
-23
-11
-3
2
6
6
3
-2
-7
-7
-4
1
2
-4
-16
-21
-20
-10
-3
-5
-14
-24
-25
-21
-15
-13
-20
-26
-25
-13
7
26
36
34
25
11
2
0
9
19
28
33
33
31
27
20
15
10
13
16
21
24
22
19
19
20
18
20
21
26
32
35
34
26
16
10
10
13
18
22
26
26
20
12
3
-1
-4
1
11
24
36
41
38
30
18
6
-2
-6
-10
-16
-22
-27
-30
-25
-13
10
34
51
53
43
28
13
5
-1
-9
-14
-17
-12
-2
14
25
30
31
27
23
18
11
4
-4
-16
-24
-27
-21
-12
-4
2
3
-1
-9
-17
-21
-21
-17
-11
-4
2
4
1
-4
-10
-15
-20
-21
-19
-14
-11
-13
-12
-11
-10
-10
-14
-22
-32
-41
-47
-46
-37
-24
-13
-5
0
4
9
11
8
-2
-17
-33
-46
-51
-53
-51
-48
-42
-35
-31
-28
-27
-22
-16
-12
-13
-18
-23
-24
-20
-13
-7
-6
-11
-19
-27
-26
-20
-10
0
8
10
10
8
10
14
19
22
21
22
26
33
44
52
53
48
41
36
36
43
51
60
62
59
56
56
57
57
54
46
37
31
29
30
33
35
34
31
27
25
28
34
37
36
27
14
4
0
1
5
9
9
3
-7
-20
-30
-33
-28
-18
-8
-4
-6
-16
-29
-41
-47
-47
-44
-38
-31
-22
-11
2
11
15
11
2
-12
-30
-49
-65
-73
-71
-60
-44
-28
-18
-12
-6
2
6
6
-2
-15
-29
-42
-46
-46
-38
-29
-19
-8
1
9
13
15
15
12
5
-1
-4
-3
0
2
1
-1
-4
-3
-1
8
18
24
26
22
18
12
4
0
-7
-10
-11
-9
-4
1
3
3
1
3
5
8
10
9
0
-11
-23
-28
-28
-25
-19
-12
-5
0
7
14
19
22
23
26
28
27
24
14
2
-9
-17
-19
-12
1
14
26
32
33
28
25
24
27
34
37
36
31
23
16
15
15
20
24
25
21
14
7
2
1
6
12
13
12
11
7
2
-5
-12
-20
-25
-30
-29
-24
-15
-9
-7
-2
4
9
13
12
9
3
-9
-21
-27
-31
-31
-25
-17
-6
2
8
8
4
-2
-5
-8
-6
-4
-5
-7
-12
-18
-19
-17
-11
-5
0
5
8
13
18
19
18
13
6
1
-4
-8
-12
-15
-19
-22
-21
-21
-20
-18
-16
-12
-10
-12
-14
-16
-16
-19
-23
-30
-36
-37
-35
-29
-21
-15
-11
-11
-13
-16
-18
-19
-20
-21
-21
-23
-20
-16
-12
-12
-15
-17
-15
-14
-9
-3
3
13
20
30
39
47
48
42
33
22
14
10
8
9
12
14
18
24
33
42
49
50
44
31
16
6
2
4
6
8
8
13
18
24
30
34
37
40
42
46
48
50
48
42
34
23
15
13
13
16
19
21
22
21
24
24
25
22
13
4
-6
-14
-20
-24
-24
-24
-27
-29
-29
-25
-19
-13
-9
-10
-16
-23
-32
-39
-46
-52
-56
-56
-53
-47
-39
-31
-24
-19
-15
-10
-6
-4
-7
-9
-11
-13
-12
-7
-1
6
9
8
7
4
-2
-10
-15
-17
-17
-17
-16
-15
-15
-19
-25
-32
-38
-43
-48
-51
-56
-61
-63
-65
-64
-61
-56
-47
-37
-24
-15
-6
1
2
3
2
2
6
10
15
17
19
21
25
29
35
38
42
45
48
52
55
60
64
66
65
64
63
61
63
63
63
64
66
68
69
70
71
72
71
70
66
59
53
48
45
45
42
41
39
37
36
30
21
9
-5
-15
-25
-33
-38
-39
-37
-34
-33
-34
-36
-41
-48
-55
-61
-63
-65
-65
-65
-65
-63
-60
-57
-55
-55
-58
-63
-66
-66
-64
-59
-55
-46
-36
-24
-14
-6
-4
-6
-11
-17
-23
-29
-31
-27
-22
-17
-12
-7
-5
-5
-5
-5
-6
-7
-12
-16
-20
-23
-23
-18
-12
-5
1
7
13
22
29
36
39
41
43
45
45
44
44
42
41
40
39
39
37
35
34
34
33
31
30
25
18
12
9
8
9
7
8
8
8
10
12
14
13
13
16
16
16
15
12
9
7
4
6
8
9
10
9
8
3
-1
-7
-12
-13
-11
-8
-6
-3
-2
-4
-8
-12
-14
-15
-17
-15
-13
-10
-6
-3
1
4
10
12
12
13
15
15
13
6
-3
-11
-18
-23
-27
-28
-28
-24
-20
-16
-11
-8
-4
-2
-3
-5
-8
-9
-12
-15
-15
-14
-13
-11
-11
-9
-7
-4
-1
1
0
-3
-5
-8
-11
-13
-14
-15
-14
-13
-10
-7
-4
-4
-4
-7
-8
-6
-4
-5
-5
-6
-7
-10
-14
-14
-13
-9
-4
4
10
17
21
22
20
17
16
13
13
14
16
19
21
21
22
24
27
29
30
29
26
18
10
2
-5
-8
-6
-4
-5
-9
-11
-10
-10
-11
-12
-16
-20
-23
-21
-20
-19
-19
-19
-19
-19
-17
-14
-11
-10
-12
-14
-18
-21
-24
-26
-29
-31
-30
-27
-24
-19
-14
-6
5
13
20
25
26
27
29
32
34
36
35
34
34
36
42
47
48
48
47
48
47
44
43
41
38
33
29
25
23
21
17
9
4
-2
-3
-2
-2
-6
-13
-18
-23
-27
-28
-28
-25
-23
-21
-22
-25
-29
-33
-33
-33
-33
-32
-32
-33
-31
-31
-29
-25
-25
-26
-27
-26
-25
-21
-21
-22
-24
-24
-22
-16
-9
-6
-3
-3
-4
-5
-5
-2
2
4
4
4
3
0
-3
-1
2
4
4
2
3
3
3
2
1
-1
-4
-8
-11
-15
-17
-18
-20
-22
-27
-30
-32
-28
-25
-22
-20
-20
-17
-10
-1
11
22
33
45
54
62
72
81
93
103
112
118
122
123
123
121
118
115
110
108
108
107
105
101
93
80
66
54
44
35
26
14
2
-12
-27
-42
-60
-74
-85
-96
-103
-106
-109
-111
-109
-109
-112
-113
-118
-125
-130
-139
-143
-143
-140
-133
-123
-114
-105
-99
-94
-91
-87
-86
-83
-80
-74
-69
-64
-59
-53
-48
-41
-34
-26
-18
-10
0
7
14
19
25
30
38
46
53
59
66
73
78
82
84
87
92
96
100
102
104
101
99
95
90
88
87
86
83
81
78
76
74
71
69
69
68
69
71
73
74
77
77
74
70
67
63
61
59
53
48
45
43
37
31
24
18
11
2
-8
-18
-28
-38
-45
-52
-59
-66
-76
-84
-90
-93
-94
-92
-90
-89
-89
-87
-90
-93
-96
-97
-95
-94
-93
-93
-91
-90
-85
-81
-75
-70
-66
-61
-58
-52
-48
-42
-36
-30
-24
-19
-15
-11
-7
-3
2
7
13
19
24
25
26
25
23
22
22
23
23
27
29
29
27
26
23
20
22
27
33
38
44
46
43
39
35
32
30
32
35
40
44
44
42
40
38
41
41
42
42
41
39
39
36
33
30
27
25
24
24
21
16
9
6
2
1
1
0
-2
-4
-5
-8
-11
-17
-20
-21
-22
-22
-24
-26
-25
-23
-19
-18
-20
-22
-25
-29
-30
-34
-33
-35
-37
-36
-35
-34
-38
-41
-44
-43
-38
-31
-22
-16
-13
-12
-11
-11
-10
-6
-3
0
1
3
1
-4
-6
-8
-10
-9
-9
-7
-4
0
3
6
7
8
8
9
11
14
16
13
7
2
3
6
11
16
22
25
27
26
28
31
35
40
44
47
50
55
52
51
48
45
44
43
43
44
44
42
38
36
34
30
26
22
18
16
10
0
-13
-24
-30
-35
-40
-44
-44
-44
-46
-48
-48
-48
-50
-50
-49
-48
-45
-39
-34
-30
-23
-17
-11
-10
-8
-4
0
2
3
5
4
2
-1
-3
-7
-10
-13
-17
-22
-28
-34
-39
-43
-45
-46
-44
-44
-44
-42
-38
-37
-36
-35
-32
-26
-20
-14
-10
-5
0
5
9
13
16
18
21
23
25
29
34
38
41
44
45
44
41
37
37
39
41
40
38
33
31
26
24
23
23
21
20
20
20
20
18
16
17
17
19
20
20
22
21
23
24
24
26
30
33
36
35
33
31
30
25
22
19
18
15
8
-1
-12
-22
-30
-36
-40
-41
-42
-44
-44
-46
-49
-53
-55
-55
-53
-52
-53
-50
-46
-40
-31
-28
-24
-19
-11
-1
8
14
18
18
15
11
7
2
-3
-3
-3
-4
-7
-9
-10
-7
-4
-3
-3
-6
-7
-6
-4
-2
0
2
4
4
7
12
19
29
42
54
65
74
80
84
86
87
85
80
71
58
42
27
13
-2
-16
-33
-50
-67
-82
-95
-110
-123
-130
-134
-132
-127
-119
-109
-99
-87
-72
-61
-51
-44
-38
-30
-20
-11
0
8
12
14
14
16
16
18
21
26
32
37
42
42
42
43
45
46
47
46
46
47
47
45
44
42
41
43
42
37
30
20
10
4
-1
-3
-1
2
9
19
27
35
40
45
48
54
61
67
74
80
83
82
79
77
72
68
62
57
53
48
43
36
30
21
13
6
-2
-13
-22
-31
-38
-45
-51
-57
-60
-63
-62
-64
-67
-74
-79
-82
-86
-88
-90
-93
-92
-91
-90
-89
-88
-86
-83
-78
-74
-68
-63
-58
-53
-52
-50
-50
-49
-48
-45
-40
-34
-28
-21
-15
-8
-3
2
6
8
8
9
10
12
11
11
13
15
20
20
19
16
14
15
22
30
39
46
51
51
49
46
42
39
40
46
52
55
55
52
49
45
43
45
48
52
53
54
53
48
43
42
44
47
50
49
46
37
30
25
21
19
18
20
22
23
21
16
9
4
2
3
3
2
2
0
-2
-6
-12
-16
-19
-20
-21
-21
-22
-22
-24
-24
-24
-23
-21
-18
-17
-17
-19
-20
-22
-22
-23
-23
-25
-28
-31
-33
-35
-32
-28
-24
-23
-22
-23
-24
-24
-26
-25
-23
-20
-21
-23
-25
-24
-24
-26
-28
-28
-26
-21
-16
-12
-12
-13
-15
-18
-18
-17
-13
-9
-3
-2
-2
-7
-11
-12
-11
-6
-4
0
0
-2
-3
-6
-5
-3
0
2
3
7
11
14
13
15
17
23
31
35
39
40
42
42
42
44
45
46
45
44
41
36
29
24
17
10
5
1
1
0
-1
-1
-2
-2
-1
0
0
0
0
-2
-5
-7
-9
-6
-4
-4
-7
-11
-14
-16
-20
-21
-22
-18
-13
-8
-4
-1
1
2
4
5
5
5
1
-4
-8
-9
-8
-5
-3
-1
-1
-3
-4
-7
-10
-11
-9
-5
-2
-2
-3
-4
-2
1
1
2
2
4
6
7
6
6
6
6
7
11
12
12
8
3
1
2
4
5
7
8
8
10
12
12
13
13
13
15
16
20
22
21
17
13
10
6
1
-4
-9
-9
-11
-10
-9
-8
-7
-7
-10
-14
-17
-18
-17
-15
-11
-9
-7
-6
-8
-10
-16
-18
-19
-22
-22
-21
-19
-17
-19
-18
-17
-12
-8
-4
-1
0
4
6
8
8
7
7
7
8
9
9
8
5
3
3
2
4
6
6
5
4
2
-2
-3
-5
-7
-7
-5
-3
-1
1
5
8
9
9
10
8
5
2
0
-2
-4
-2
0
2
2
0
0
1
2
0
2
2
2
3
5
7
5
4
3
6
7
9
9
8
8
7
7
6
7
7
7
7
4
0
-1
-2
-4
-4
-4
-5
-5
-7
-8
-11
-14
-17
-16
-14
-12
-11
-9
-8
-6
-5
-3
-1
-1
-2
-4
-4
-5
-3
0
2
3
4
5
6
7
7
7
6
9
9
10
9
8
6
6
7
9
12
14
12
8
5
2
1
-1
-4
-6
-8
-6
-3
-5
-7
-8
-8
-7
-5
-7
-8
-8
-7
-5
-4
-4
-3
0
4
7
9
11
10
9
9
10
11
12
10
7
4
2
-1
-5
-7
-8
-6
-6
-5
-4
-6
-7
-9
-10
-11
-12
-14
-15
-17
-17
-15
-14
-10
-7
-5
-4
-1
-1
-1
-3
-2
-2
-1
0
1
2
2
1
0
-1
2
3
5
5
6
9
11
11
9
7
7
7
8
9
8
8
8
7
6
6
4
3
1
-3
-6
-7
-5
-4
-4
-3
-2
-1
1
2
5
8
10
10
10
9
10
10
11
12
10
8
8
8
6
4
0
-2
-3
-2
1
5
4
1
-2
-3
-3
-4
-5
-5
-4
-2
-1
1
0
-2
-2
-4
-5
-6
-8
-9
-8
-9
-10
-9
-11
-12
-15
-18
-19
-18
-17
-15
-14
-13
-12
-12
-8
-4
-1
1
1
-1
-1
-1
0
1
3
4
5
5
5
6
6
6
7
6
6
5
5
5
2
-2
-4
-3
0
3
7
8
9
8
7
4
2
0
-2
1
2
2
2
2
4
4
4
3
3
4
4
5
6
6
6
7
8
7
5
3
2
3
6
7
9
9
10
11
11
10
8
4
0
-2
0
2
3
1
-2
-6
-8
-8
-8
-9
-10
-11
-11
-13
-11
-11
-10
-8
-5
-3
-2
-2
-2
-2
-2
-2
0
0
2
3
4
4
3
1
-3
-4
-6
-4
-4
-3
-4
-5
-6
-6
-5
-2
0
1
-1
-2
-6
-8
-10
-10
-9
-7
-6
-5
-5
-5
-5
-6
-6
-5
-4
-1
3
5
7
8
8
6
5
2
1
2
5
6
8
9
10
11
10
10
9
9
8
7
7
6
7
9
11
10
9
9
9
8
9
8
5
1
-1
-2
-1
2
3
2
1
-3
-7
-10
-10
-10
-8
-7
-4
-4
-5
-7
-10
-12
-16
-19
-19
-17
-15
-13
-9
-6
-3
-3
-2
-3
-2
-2
-2
-3
-5
-4
-3
0
2
5
7
9
9
8
7
5
4
4
5
7
7
9
9
7
5
2
1
0
-1
-2
0
2
3
2
2
3
6
5
5
5
3
1
0
0
2
3
7
10
11
10
9
6
4
3
3
5
4
4
2
0
0
-2
-2
-2
-3
-3
-5
-7
-7
-5
-4
-2
-3
-5
-7
-12
-14
-14
-13
-11
-8
-5
-4
-5
-5
-8
-8
-9
-7
-9
-8
-8
-7
-5
-2
1
3
3
3
3
0
-3
-5
-3
0
3
6
7
7
4
3
4
5
6
6
5
3
0
-1
-1
1
2
3
4
2
1
0
2
3
7
7
8
7
5
3
2
0
0
-1
1
2
4
6
7
8
9
9
7
8
8
9
8
5
4
2
2
3
3
5
5
4
2
0
0
-1
-2
-1
-1
-4
-6
-7
-8
-8
-9
-10
-12
-13
-14
-14
-11
-8
-7
-8
-7
-5
-7
-8
-8
-7
-7
-8
-8
-6
-5
-2
1
3
5
5
4
4
3
2
1
2
3
4
6
7
8
8
7
4
3
0
-2
-4
-5
-3
-1
1
1
-3
-6
-7
-7
-5
-4
-4
-4
-3
-4
-3
1
1
1
2
4
6
9
10
12
13
12
12
14
15
12
8
4
1
0
-2
-1
0
2
2
0
-2
-3
-4
-6
-9
-7
-6
-5
-6
-6
-6
-4
-2
0
3
3
6
5
2
2
3
2
0
-3
-3
-3
-2
-2
-3
-4
-5
-5
-4
0
2
3
2
1
0
-1
1
2
3
5
6
10
