1
1
1
0
1
1
1
1
1
0
0
0
0
0
0
0
0
0
0
0
0
1
0
0
-1
0
1
0
0
0
0
0
-1
0
0
-1
-1
0
-1
-1
-2
-1
-2
-1
-1
-1
-2
-1
0
-2
-1
-1
-1
-1
-2
-2
-1
-1
-2
-1
0
-1
-1
-2
-2
-2
-1
-2
-2
-3
-1
-2
-2
-1
-1
-1
0
1
2
1
2
3
4
5
4
4
5
5
7
9
8
9
8
9
10
10
9
8
8
6
5
5
4
3
2
1
-1
-3
-4
-5
-5
-6
-5
-3
-3
-3
-4
-8
-11
-14
-15
-16
-15
-13
-11
-9
-6
-6
-5
-5
-4
-4
-5
-7
-7
-5
-3
0
0
2
0
0
-2
-3
-5
-6
-4
-3
-2
-3
-3
-4
-4
-4
-5
-5
-4
-3
-1
0
1
3
4
6
7
9
11
12
13
14
14
15
16
17
20
21
22
22
21
20
18
16
16
15
13
12
10
8
5
3
1
-1
-1
-4
-6
-8
-11
-11
-12
-12
-11
-11
-11
-11
-12
-12
-13
-13
-15
-16
-17
-17
-16
-14
-13
-12
-10
-10
-9
-8
-7
-6
-7
-5
-4
-3
-1
1
2
2
0
-1
-3
-3
-3
-3
-1
0
2
3
2
2
1
0
-1
-4
-4
-3
-1
1
2
2
2
3
6
7
9
11
12
12
13
13
13
14
13
12
11
11
11
12
13
13
13
13
12
11
10
11
9
7
5
4
1
-1
-3
-4
-4
-6
-6
-7
-6
-7
-6
-7
-9
-9
-11
-12
-12
-11
-9
-8
-9
-11
-11
-12
-11
-9
-7
-6
-5
-4
-4
-5
-4
-5
-5
-6
-6
-5
-3
-2
1
2
4
4
3
2
1
1
0
-1
-2
-2
-2
-1
0
1
2
2
1
2
2
2
3
2
2
3
4
4
5
4
4
6
5
6
6
7
8
9
10
11
11
10
9
8
6
5
5
5
5
5
5
4
2
0
-1
-3
-5
-5
-6
-6
-7
-6
-6
-6
-6
-7
-9
-8
-10
-8
-6
-5
-4
-4
-5
-7
-8
-9
-7
-6
-6
-5
-3
-1
0
2
3
2
2
2
2
3
3
4
3
1
0
-1
-1
-1
0
1
1
1
2
2
3
4
5
5
5
3
3
2
0
0
-1
1
0
0
-1
-1
-2
-2
-1
-1
0
1
3
2
3
3
3
2
3
2
1
1
2
4
4
5
5
4
4
4
2
2
1
0
-2
-2
-1
-1
-1
-2
-1
-1
-1
-1
-2
-2
-2
-2
-2
-4
-5
-6
-8
-8
-9
-8
-7
-6
-5
-4
-3
-2
-1
-2
-3
-4
-4
-3
-3
-2
-2
-2
-1
-1
-2
-2
-2
1
2
4
6
9
10
11
12
11
11
9
9
7
6
4
2
-1
-2
-4
-4
-4
-5
-3
-5
-4
-3
-3
-3
-3
-2
-1
1
2
1
1
1
2
1
1
1
0
0
0
0
0
-1
-1
-1
-3
-4
-4
-3
-3
-3
-1
0
2
3
3
4
5
6
7
7
6
5
6
6
6
5
5
2
1
-1
-1
-2
-2
-3
-3
-4
-4
-3
-2
-2
-2
-3
-4
-5
-5
-7
-8
-8
-7
-5
-5
-5
-5
-6
-6
-5
-5
-4
-2
1
3
5
4
4
2
0
-2
-2
-3
-2
0
2
4
5
5
5
4
4
2
1
1
2
3
4
4
4
3
2
0
-1
-2
-4
-3
-3
-4
-3
-3
-3
-2
-2
-3
-3
-3
-3
-3
-2
-1
1
2
1
2
1
1
1
1
1
1
2
3
5
6
6
6
8
9
9
11
11
14
15
16
15
13
11
9
7
4
0
-3
-5
-7
-7
-7
-8
-8
-8
-10
-11
-12
-14
-14
-13
-11
-10
-10
-10
-9
-8
-9
-7
-7
-5
-5
-5
-5
-4
-4
-2
0
1
2
2
2
0
-1
-3
-3
-1
-1
1
3
5
7
8
7
6
5
5
4
2
3
2
2
2
3
2
1
0
-1
-2
-2
-4
-5
-2
-3
-2
-1
-2
-1
-1
0
1
1
1
1
3
3
4
4
6
5
4
3
5
5
6
7
9
10
12
13
13
14
15
16
16
17
16
15
12
9
5
2
-2
-6
-10
-12
-16
-17
-18
-18
-18
-18
-19
-20
-21
-21
-19
-19
-16
-13
-11
-8
-7
-6
-4
-4
-2
-2
-2
-2
1
3
5
6
7
5
5
4
2
0
-1
0
-1
0
1
1
0
2
2
2
3
3
5
5
4
5
4
3
2
0
-3
-4
-5
-6
-6
-5
-6
-6
-5
-4
-3
-3
-2
-1
0
1
4
5
7
8
9
9
8
9
8
10
11
12
13
13
14
14
15
16
19
23
27
30
33
33
32
29
23
17
12
10
6
3
-2
-6
-11
-15
-21
-26
-30
-32
-33
-34
-34
-34
-32
-31
-28
-26
-24
-21
-18
-15
-12
-9
-7
-4
-4
-2
-3
-3
-4
-4
-7
-8
-11
-12
-12
-11
-10
-8
-7
-7
-8
-9
-8
-8
-5
-2
2
7
11
14
14
14
10
7
3
0
-1
-4
-4
-6
-8
-8
-8
-6
-4
0
4
10
15
21
23
25
27
28
28
27
27
25
23
21
18
18
17
17
17
17
18
21
27
33
39
44
49
52
52
52
48
42
36
26
15
3
-6
-15
-22
-29
-38
-46
-54
-60
-64
-68
-70
-68
-66
-61
-57
-52
-47
-40
-33
-26
-21
-15
-10
-7
-5
-5
-5
-8
-8
-12
-13
-15
-18
-20
-21
-22
-21
-20
-17
-13
-9
-4
0
3
6
9
12
15
17
18
18
16
13
8
4
1
0
-2
-3
-2
-1
0
3
6
9
15
24
32
38
45
50
53
52
48
44
40
37
35
33
31
30
28
30
29
29
31
33
36
41
47
54
63
70
74
74
69
60
50
40
25
11
-3
-17
-30
-44
-59
-74
-88
-98
-105
-108
-109
-106
-102
-96
-91
-86
-79
-70
-61
-51
-42
-34
-26
-20
-16
-12
-10
-10
-14
-18
-25
-29
-34
-36
-37
-38
-37
-33
-29
-25
-20
-15
-9
-1
5
12
17
23
27
29
31
30
29
27
23
19
15
14
14
16
18
18
19
18
19
20
23
28
35
43
52
60
65
68
68
66
64
58
51
47
45
44
42
42
42
42
42
40
40
38
40
45
51
58
65
67
68
63
58
52
45
37
28
22
17
11
2
-9
-24
-40
-60
-82
-101
-117
-126
-131
-134
-135
-133
-129
-124
-122
-117
-110
-99
-84
-68
-52
-39
-29
-25
-23
-24
-28
-30
-33
-32
-31
-31
-30
-30
-31
-32
-33
-32
-27
-21
-10
1
11
20
25
29
31
33
36
37
39
39
35
27
17
11
8
8
7
8
10
15
22
26
31
35
40
47
54
60
65
73
77
79
80
77
73
70
65
60
58
58
59
62
63
63
65
65
66
67
66
68
70
70
71
72
68
64
58
49
38
28
20
16
11
1
-16
-34
-52
-70
-91
-116
-136
-151
-160
-168
-177
-178
-172
-159
-146
-132
-121
-104
-82
-59
-44
-35
-32
-29
-26
-24
-25
-29
-33
-34
-36
-41
-47
-50
-47
-42
-33
-26
-20
-11
-1
7
11
14
18
25
34
40
43
43
43
41
31
17
2
-5
-1
6
14
22
29
38
45
48
47
48
54
64
73
78
81
86
88
85
77
66
62
59
60
61
63
65
68
68
67
64
62
62
63
66
65
63
59
53
47
42
42
43
41
36
31
28
26
23
16
6
-4
-8
-13
-20
-33
-53
-74
-97
-118
-138
-154
-169
-184
-194
-205
-210
-208
-201
-188
-172
-152
-128
-103
-81
-64
-48
-32
-14
6
19
27
31
29
25
18
9
-1
-5
-8
-9
-12
-14
-16
-13
-7
-3
2
11
19
27
34
39
41
42
40
33
25
21
22
29
38
47
55
62
70
73
73
68
66
66
71
79
84
85
82
76
71
66
62
63
69
78
89
96
96
96
97
101
101
100
96
93
88
82
76
67
58
50
48
49
54
57
51
39
26
16
10
12
16
24
28
31
26
1
-43
-101
-158
-203
-237
-265
-290
-312
-322
-331
-337
-343
-344
-334
-309
-269
-222
-174
-131
-92
-56
-24
-3
9
25
36
50
62
65
57
39
14
-9
-23
-34
-42
-38
-29
-16
-2
10
21
32
45
61
77
93
102
107
105
101
93
88
88
92
100
105
107
107
106
105
100
97
93
96
101
109
117
120
124
126
128
127
125
123
123
123
121
115
106
98
88
80
74
75
77
82
84
88
87
82
75
72
76
82
89
88
82
68
57
46
37
28
20
13
10
20
26
29
19
11
-17
-68
-140
-217
-275
-324
-363
-410
-455
-496
-527
-544
-562
-566
-554
-513
-455
-388
-319
-253
-188
-126
-61
-4
41
75
98
126
148
157
145
106
65
26
-3
-27
-45
-46
-37
-21
-10
-4
-3
5
26
56
91
118
144
163
175
178
173
162
155
160
174
189
196
195
187
180
173
169
167
163
169
180
189
197
204
205
204
198
193
193
192
189
185
176
167
157
146
134
118
107
98
94
92
94
100
101
97
89
83
73
62
45
39
41
50
58
57
53
48
46
28
8
-8
-8
9
22
23
-10
-68
-147
-237
-335
-424
-484
-531
-566
-606
-656
-707
-754
-791
-813
-805
-769
-690
-580
-452
-326
-215
-130
-75
-25
27
84
134
177
214
241
249
228
180
114
44
-16
-60
-83
-84
-64
-32
-5
14
24
37
62
101
149
196
237
271
302
324
328
312
283
259
252
259
272
283
286
285
276
255
226
201
185
182
194
213
238
257
271
270
258
240
222
213
208
206
205
200
189
171
148
118
81
49
25
17
21
34
54
76
98
108
98
73
61
60
48
22
-3
-9
4
25
28
-2
-51
-78
-61
-27
-23
-67
-117
-161
-191
-227
-280
-348
-429
-511
-598
-676
-750
-817
-878
-933
-973
-982
-952
-903
-828
-732
-613
-478
-341
-216
-105
8
117
218
290
338
371
389
384
350
295
223
142
69
9
-35
-58
-65
-59
-46
-29
-8
26
69
124
191
256
317
368
409
437
442
429
402
378
368
365
361
358
353
347
333
305
266
226
206
204
217
233
244
250
253
253
246
229
208
187
177
177
180
183
182
168
134
87
40
4
-15
-17
-16
-7
14
40
74
90
92
74
33
-9
-41
-46
-24
18
66
95
100
87
78
61
22
-26
-67
-83
-103
-109
-104
-97
-125
-186
-256
-353
-452
-572
-704
-831
-920
-966
-1015
-1063
-1123
-1145
-1133
-1093
-1030
-947
-816
-657
-458
-264
-87
64
199
315
388
437
463
488
494
478
439
375
299
214
123
28
-55
-111
-144
-150
-129
-88
-38
18
83
149
215
273
314
338
371
445
549
652
704
709
689
651
596
531
466
391
336
300
278
257
242
225
200
177
153
142
137
140
151
170
189
204
203
190
171
158
139
106
68
33
8
-8
-22
-39
-58
-72
-80
-84
-85
-79
-74
-66
-61
-52
-25
12
62
114
178
215
209
159
77
-17
-99
-139
-150
-148
-157
-157
-140
-134
-162
-217
-271
-323
-365
-399
-430
-451
-480
-494
-504
-489
-492
-550
-687
-888
-1062
-1196
-1242
-1231
-1160
-1054
-925
-777
-627
-473
-348
-231
-116
20
165
324
479
617
722
771
766
702
596
475
357
261
188
134
89
59
45
31
14
-2
-14
-5
23
94
197
317
427
514
574
598
609
599
588
582
596
623
642
631
595
552
485
412
329
252
185
134
111
103
108
122
141
155
159
155
154
162
186
218
245
262
264
261
247
223
199
174
141
101
59
19
-15
-56
-108
-151
-172
-175
-162
-130
-85
-48
-35
-54
-105
-155
-186
-191
-226
-282
-314
-274
-213
-207
-251
-303
-328
-383
-451
-533
-576
-570
-522
-473
-507
-645
-875
-1090
-1268
-1403
-1523
-1596
-1572
-1463
-1287
-1092
-890
-700
-517
-345
-175
14
217
420
609
775
906
997
1027
989
887
739
578
434
312
210
127
63
14
-20
-48
-73
-80
-53
14
108
229
377
519
648
751
824
871
884
858
785
678
579
519
507
512
512
506
480
440
385
327
267
220
201
202
218
228
236
240
229
208
170
134
96
71
71
85
92
79
48
3
-40
-89
-140
-182
-204
-187
-149
-103
-64
-41
-30
-37
-47
-61
-80
-118
-158
-195
-198
-150
-82
-29
-39
-85
-136
-146
-142
-172
-250
-353
-426
-484
-544
-623
-691
-749
-738
-675
-603
-586
-714
-907
-1019
-882
-521
-73
266
369
292
116
-116
-374
-691
-1017
-1203
-1243
-1152
-992
-792
-624
-532
-495
-515
-500
-449
-343
-152
112
441
766
1023
1181
1255
1254
1169
994
787
620
540
533
536
520
461
374
254
110
-21
-142
-222
-219
-123
40
213
337
406
464
518
566
590
611
647
711
774
818
842
825
772
677
556
428
307
207
134
104
92
83
62
20
-5
-14
-9
6
32
77
138
215
272
296
274
213
139
61
-8
-59
-99
-134
-144
-128
-102
-108
-146
-200
-248
-287
-328
-352
-373
-374
-368
-381
-399
-425
-453
-473
-475
-453
-424
-424
-451
-456
-414
-362
-332
-328
-381
-415
-415
-406
-365
-314
-255
-258
-361
-561
-745
-864
-1049
-1381
-1749
-1937
-1845
-1598
-1359
-1156
-959
-722
-445
-173
36
192
355
550
777
1006
1207
1351
1416
1391
1291
1141
954
738
518
336
205
106
43
1
-20
-28
-22
-5
30
90
204
373
531
632
681
731
821
945
1024
1009
958
910
889
878
842
759
654
559
483
421
350
248
146
76
40
31
29
20
24
64
130
198
243
256
261
283
303
286
231
155
82
26
-29
-98
-181
-253
-312
-329
-307
-301
-323
-364
-385
-385
-377
-380
-407
-423
-412
-393
-363
-356
-394
-446
-500
-540
-550
-543
-555
-595
-606
-568
-495
-423
-435
-488
-512
-528
-521
-495
-474
-466
-469
-447
-349
-159
-5
-66
-406
-949
-1449
-1657
-1542
-1269
-1063
-1046
-1109
-1018
-738
-433
-297
-356
-420
-291
91
626
1125
1458
1608
1667
1659
1519
1239
900
639
533
570
688
789
798
694
493
252
-17
-286
-475
-511
-343
-1
393
724
940
1053
1072
1020
914
783
734
783
884
1014
1098
1078
963
783
563
323
89
-113
-234
-229
-133
-7
95
117
86
29
-51
-131
-194
-205
-140
-7
144
248
289
249
141
23
-109
-245
-366
-459
-485
-455
-401
-365
-376
-431
-517
-603
-653
-652
-579
-465
-334
-186
-81
-36
-53
-121
-187
-251
-309
-366
-395
-354
-262
-173
-155
-222
-326
-440
-562
-661
-733
-748
-691
-606
-464
-295
-162
-85
-68
-57
-56
-56
-39
1
50
7
-220
-589
-1009
-1310
-1389
-1369
-1345
-1336
-1247
-990
-647
-321
-98
40
161
291
492
746
976
1171
1294
1384
1466
1503
1465
1312
1079
834
636
493
358
229
134
74
46
33
8
-27
-61
-66
3
121
262
396
523
664
783
850
862
839
822
811
783
731
651
574
500
416
320
208
91
-23
-106
-138
-135
-118
-100
-82
-39
12
52
75
91
117
155
204
231
224
193
132
62
-12
-86
-149
-200
-238
-260
-288
-318
-330
-329
-344
-410
-490
-532
-504
-425
-369
-342
-345
-325
-303
-317
-365
-444
-486
-475
-437
-425
-420
-450
-544
-595
-600
-580
-541
-528
-490
-405
-310
-262
-209
-115
-22
122
218
112
-249
-889
-1642
-2198
-2397
-2222
-1796
-1372
-1033
-670
-230
127
255
149
-45
-71
113
448
891
1293
1567
1726
1774
1708
1503
1159
764
462
344
380
492
562
531
460
371
243
74
-94
-200
-183
-22
253
566
836
1020
1117
1144
1090
951
789
649
528
444
390
371
382
400
383
315
217
74
-66
-147
-189
-173
-96
-20
58
137
178
181
151
100
59
63
82
100
133
134
103
63
-15
-122
-236
-346
-414
-422
-398
-353
-299
-262
-257
-269
-302
-349
-385
-407
-386
-316
-231
-144
-80
-50
-60
-102
-170
-282
-419
-543
-601
-583
-533
-485
-505
-584
-650
-672
-584
-442
-335
-247
-203
-157
-87
-6
84
130
178
244
374
490
402
36
-574
-1245
-1812
-2199
-2387
-2401
-2274
-2053
-1707
-1277
-863
-527
-316
-155
50
322
673
1055
1411
1723
1979
2147
2182
2064
1806
1479
1178
922
710
549
408
292
198
95
-17
-150
-293
-399
-424
-344
-166
82
361
647
907
1090
1190
1208
1168
1111
1044
983
942
907
858
771
612
378
90
-211
-466
-620
-667
-637
-550
-433
-317
-202
-134
-118
-110
-83
-12
98
219
333
414
453
433
353
216
17
-192
-371
-493
-537
-544
-527
-486
-457
-440
-437
-454
-484
-496
-459
-373
-251
-130
-40
36
92
114
126
87
8
-77
-162
-210
-257
-295
-350
-419
-485
-582
-643
-665
-678
-645
-572
-459
-340
-258
-201
-134
-49
30
94
179
272
363
462
517
489
348
-56
-716
-1450
-2063
-2391
-2460
-2357
-2172
-1885
-1501
-1110
-725
-429
-255
-103
92
383
781
1205
1590
1929
2166
2269
2248
2079
1764
1395
1067
808
643
519
381
263
143
0
-143
-305
-467
-560
-549
-422
-183
125
434
711
948
1108
1197
1210
1135
1049
996
978
976
950
891
790
641
448
216
-33
-312
-568
-742
-826
-803
-720
-616
-505
-382
-248
-136
-48
14
73
154
241
313
370
370
315
219
77
-93
-259
-408
-522
-573
-577
-562
-544
-534
-524
-511
-509
-523
-503
-443
-348
-223
-105
0
96
169
203
203
159
69
-23
-91
-109
-93
-107
-174
-277
-371
-437
-489
-547
-625
-687
-709
-654
-509
-330
-172
-94
-47
49
200
304
281
232
260
383
539
627
607
445
66
-510
-1184
-1840
-2331
-2575
-2561
-2343
-1993
-1569
-1138
-758
-476
-296
-136
36
253
574
982
1436
1855
2160
2331
2337
2189
1900
1543
1185
856
613
454
349
270
176
42
-120
-293
-462
-583
-620
-555
-368
-86
244
577
877
1098
1224
1259
1216
1143
1067
989
936
905
866
790
651
456
229
-16
-262
-491
-650
-733
-747
-687
-604
-551
-549
-574
-544
-424
-245
-70
79
228
375
484
521
446
286
86
-111
-259
-362
-438
-504
-553
-563
-549
-544
-578
-647
-687
-655
-561
-427
-290
-147
-4
107
184
210
189
121
35
-14
-30
-11
-2
-3
11
0
-48
-181
-378
-562
-658
-643
-592
-544
-514
-459
-364
-260
-147
-43
31
76
154
258
351
390
372
385
409
446
474
477
445
256
-115
-671
-1306
-1842
-2212
-2377
-2382
-2273
-2036
-1664
-1236
-827
-481
-213
17
237
512
838
1207
1567
1857
2104
2247
2258
2129
1846
1501
1157
847
593
390
230
94
-31
-163
-302
-434
-548
-636
-643
-538
-336
-55
239
546
837
1064
1217
1268
1250
1178
1076
984
913
860
797
681
527
351
139
-96
-341
-568
-751
-872
-912
-878
-795
-693
-591
-478
-343
-210
-72
54
162
264
342
393
408
375
294
174
40
-99
-224
-339
-454
-538
-597
-637
-650
-644
-620
-578
-522
-451
-363
-264
-164
-74
3
63
104
148
185
212
216
179
119
37
-43
-107
-162
-227
-309
-365
-402
-409
-421
-472
-562
-667
-689
-602
-427
-228
-38
154
320
412
409
372
344
331
351
375
434
493
497
415
166
-283
-897
-1555
-2088
-2413
-2518
-2446
-2240
-1899
-1463
-1008
-585
-273
-64
101
291
586
944
1328
1697
2000
2230
2327
2281
2093
1766
1384
1002
683
459
294
164
51
-67
-198
-350
-499
-613
-680
-650
-519
-297
7
333
665
948
1143
1262
1298
1274
1193
1079
986
915
863
797
685
527
320
82
-171
-425
-643
-813
-920
-963
-944
-863
-752
-630
-492
-344
-197
-56
76
207
320
396
432
426
382
302
180
35
-121
-270
-407
-531
-624
-682
-707
-705
-691
-661
-619
-560
-472
-368
-248
-127
-30
49
113
161
201
220
217
208
191
165
123
66
8
-63
-153
-283
-410
-470
-491
-500
-535
-583
-565
-486
-385
-283
-185
-89
11
149
307
422
494
521
538
573
547
474
394
289
154
-82
-504
-1085
-1693
-2155
-2386
-2414
-2321
-2165
-1885
-1500
-1077
-640
-292
-29
212
453
764
1140
1511
1819
2036
2176
2229
2187
2023
1712
1345
994
691
465
277
99
-49
-188
-315
-423
-523
-601
-630
-567
-407
-156
144
431
706
957
1153
1284
1322
1285
1222
1141
1039
930
827
715
561
365
136
-91
-295
-500
-677
-797
-868
-869
-837
-820
-809
-782
-687
-516
-297
-92
70
219
338
436
502
478
387
261
130
12
-110
-250
-391
-509
-600
-673
-713
-738
-756
-737
-681
-586
-462
-339
-217
-92
22
128
210
252
262
253
239
209
178
141
92
50
-6
-97
-196
-295
-377
-427
-454
-441
-407
-364
-340
-322
-267
-188
-77
31
101
161
219
302
386
452
484
489
475
416
334
204
-58
-488
-1041
-1612
-2045
-2276
-2350
-2309
-2180
-1931
-1542
-1088
-665
-332
-73
158
418
736
1080
1431
1740
1969
2132
2216
2190
2032
1745
1388
1037
741
505
301
118
-37
-170
-279
-387
-487
-558
-595
-552
-413
-190
90
378
646
877
1054
1166
1200
1184
1150
1108
1061
985
864
717
552
380
182
-52
-296
-513
-680
-790
-848
-854
-827
-769
-713
-691
-686
-656
-559
-390
-170
38
219
370
467
512
492
389
221
22
-157
-276
-342
-393
-450
-504
-555
-598
-628
-666
-695
-679
-610
-482
-310
-135
28
154
240
300
326
313
270
231
216
204
184
139
68
7
-44
-91
-156
-276
-394
-462
-453
-399
-363
-353
-363
-329
-207
-47
69
100
87
141
283
435
529
535
508
472
472
489
396
152
-286
-859
-1393
-1812
-2066
-2179
-2201
-2125
-1937
-1621
-1249
-902
-606
-373
-128
176
503
862
1206
1491
1751
1954
2067
2069
1931
1687
1394
1108
847
608
400
200
26
-116
-254
-376
-489
-602
-654
-628
-526
-341
-105
165
433
668
868
1014
1125
1174
1169
1148
1103
1057
979
843
675
472
271
70
-144
-353
-539
-665
-739
-771
-755
-722
-679
-618
-546
-472
-418
-378
-319
-207
-39
154
317
426
475
468
414
294
133
-49
-216
-348
-444
-506
-565
-627
-668
-686
-666
-631
-602
-536
-429
-287
-122
32
155
240
295
323
325
307
256
188
118
61
37
19
-15
-57
-105
-154
-205
-253
-302
-353
-373
-347
-276
-181
-131
-113
-83
-36
35
74
90
120
167
255
349
432
461
447
435
389
304
99
-275
-778
-1324
-1772
-2033
-2122
-2080
-1958
-1778
-1504
-1145
-775
-460
-232
-36
185
469
809
1140
1434
1646
1781
1869
1875
1781
1573
1273
970
711
502
333
177
34
-92
-191
-272
-360
-447
-514
-529
-453
-291
-63
194
440
659
837
965
1057
1106
1102
1065
1016
970
907
789
630
452
275
84
-120
-322
-491
-603
-666
-688
-690
-697
-696
-660
-581
-474
-353
-236
-114
31
184
320
393
401
362
300
220
115
6
-114
-231
-317
-390
-459
-533
-624
-701
-747
-755
-720
-640
-523
-388
-243
-103
23
127
199
228
237
228
217
218
202
171
124
57
-12
-102
-186
-242
-279
-281
-266
-259
-266
-289
-304
-330
-352
-286
-155
16
115
113
122
141
190
207
178
184
193
233
295
346
393
363
251
39
-302
-744
-1243
-1689
-1950
-2011
-1915
-1730
-1508
-1200
-853
-531
-257
-75
90
265
482
766
1057
1344
1576
1727
1810
1778
1653
1442
1152
866
628
461
351
237
131
38
-53
-142
-253
-359
-438
-469
-399
-243
-21
225
435
627
792
921
999
998
946
889
847
817
759
660
533
374
205
30
-148
-326
-499
-622
-676
-684
-671
-672
-673
-645
-585
-487
-375
-264
-131
5
148
276
351
373
331
252
160
61
-39
-153
-251
-328
-391
-435
-492
-554
-604
-642
-646
-614
-561
-485
-388
-274
-147
-19
84
155
187
200
202
197
171
131
99
74
60
33
-18
-88
-163
-208
-233
-237
-233
-232
-211
-173
-122
-79
-62
-63
-58
-34
5
55
109
155
170
171
180
180
175
161
142
147
159
160
120
-13
-246
-569
-906
-1223
-1490
-1646
-1694
-1619
-1451
-1236
-945
-627
-356
-146
19
184
371
573
798
1018
1231
1409
1529
1602
1579
1448
1238
977
735
537
390
291
210
130
54
-18
-91
-180
-262
-307
-298
-212
-63
125
328
503
653
773
844
869
842
790
740
693
643
559
444
319
196
73
-62
-204
-348
-466
-543
-585
-608
-609
-583
-524
-423
-309
-201
-109
-45
17
85
149
190
195
179
150
111
48
-45
-158
-266
-351
-410
-454
-499
-529
-547
-553
-544
-535
-517
-481
-424
-332
-227
-125
-40
26
86
132
158
159
137
106
63
14
-26
-71
-117
-165
-200
-206
-201
-204
-222
-235
-229
-199
-154
-94
-22
44
93
121
144
158
152
122
80
57
54
75
108
139
171
192
192
168
142
108
24
-143
-394
-686
-960
-1195
-1371
-1441
-1408
-1293
-1112
-885
-616
-358
-157
6
157
315
479
655
843
1020
1171
1281
1334
1327
1244
1101
932
756
595
469
369
285
214
149
94
37
-26
-92
-132
-135
-109
-40
74
220
384
526
625
678
697
692
649
569
485
420
381
349
304
234
139
26
-91
-202
-308
-414
-502
-548
-536
-474
-400
-338
-283
-233
-181
-130
-87
-47
-11
27
61
84
88
50
-17
-100
-187
-267
-341
-410
-447
-453
-439
-416
-402
-395
-386
-364
-332
-296
-254
-217
-168
-99
-25
52
101
110
94
65
35
-5
-46
-82
-112
-124
-127
-122
-117
-122
-117
-95
-75
-52
-44
-34
-25
-15
10
26
41
50
52
67
83
97
101
90
88
101
113
124
122
115
110
88
37
-63
-222
-422
-636
-827
-987
-1119
-1194
-1184
-1082
-914
-713
-497
-298
-129
22
160
296
431
563
702
844
976
1076
1125
1115
1042
933
804
664
536
423
332
266
219
181
140
90
34
-17
-48
-58
-34
39
143
255
363
464
548
591
581
533
476
417
375
344
317
302
278
237
174
87
-19
-144
-268
-365
-415
-422
-403
-374
-330
-270
-209
-166
-145
-140
-137
-130
-108
-74
-46
-36
-45
-61
-87
-128
-183
-250
-312
-360
-384
-390
-383
-368
-345
-317
-292
-279
-273
-263
-241
-203
-157
-106
-56
-10
34
68
84
77
40
-12
-58
-91
-110
-124
-127
-121
-110
-94
-77
-55
-39
-33
-26
-11
12
26
23
11
12
23
42
56
60
60
54
49
50
58
61
45
21
8
9
22
20
-1
-30
-73
-141
-237
-352
-474
-601
-721
-804
-813
-738
-610
-461
-311
-177
-50
64
154
228
292
356
435
534
637
729
791
805
777
725
651
559
457
358
280
232
204
191
176
158
142
122
97
75
70
80
106
151
208
268
326
368
390
395
372
331
278
226
183
139
100
64
32
3
-29
-65
-111
-160
-206
-252
-276
-277
-261
-234
-203
-166
-130
-102
-88
-84
-87
-95
-110
-122
-128
-133
-136
-152
-174
-196
-209
-218
-230
-240
-248
-252
-254
-248
-237
-221
-203
-179
-148
-115
-86
-64
-47
-36
-27
-21
-14
-11
-13
-14
-8
0
8
12
13
19
23
17
-2
-29
-50
-62
-68
-67
-63
-53
-43
-42
-47
-52
-57
-72
-83
-87
-78
-63
-53
-48
-30
-12
1
2
-17
-40
-65
-96
-140
-211
-295
-383
-464
-526
-563
-555
-502
-420
-316
-204
-86
24
115
185
242
296
350
406
460
510
551
584
601
602
582
538
483
415
348
292
248
214
187
167
150
136
125
127
132
140
154
177
211
243
266
278
277
272
257
237
217
195
168
144
124
104
80
47
5
-38
-79
-115
-144
-160
-166
-163
-158
-152
-144
-133
-123
-116
-110
-105
-100
-102
-105
-110
-116
-126
-134
-144
-153
-167
-186
-209
-231
-240
-241
-232
-218
-198
-170
-140
-121
-114
-113
-112
-112
-114
-111
-102
-86
-67
-46
-23
-9
-7
-19
-38
-58
-72
-82
-94
-109
-123
-128
-126
-122
-124
-127
-124
-119
-102
-87
-85
-96
-107
-109
-102
-96
-99
-100
-95
-83
-72
-65
-62
-67
-78
-92
-99
-106
-115
-137
-167
-197
-222
-237
-246
-246
-233
-196
-135
-59
19
88
151
204
250
283
309
332
349
363
378
399
419
433
431
415
394
365
333
303
280
264
256
258
269
284
296
304
308
311
309
309
308
304
301
293
285
277
270
253
229
194
158
125
95
65
37
16
-2
-10
-12
-16
-24
-37
-49
-61
-78
-91
-100
-109
-118
-128
-137
-144
-147
-147
-152
-164
-184
-198
-209
-220
-235
-246
-253
-263
-272
-279
-284
-285
-281
-272
-260
-249
-248
-254
-261
-269
-274
-277
-278
-278
-276
-265
-246
-229
-229
-242
-251
-251
-243
-236
-232
-224
-213
-204
-201
-208
-226
-239
-234
-205
-160
-110
-59
-17
19
39
41
28
-5
-49
-93
-127
-139
-138
-130
-113
-89
-56
-24
7
33
61
96
133
170
198
224
240
252
260
260
257
252
251
264
288
312
335
354
371
385
393
399
396
392
386
379
374
373
379
389
399
405
407
400
389
370
351
335
320
307
298
293
289
275
250
212
170
133
100
73
51
35
26
18
5
-10
-31
-53
-69
-83
-95
-106
-116
-123
-123
-123
-130
-140
-154
-171
-191
-210
-227
-241
-256
-266
-274
-285
-294
-309
-322
-331
-335
-330
-322
-310
-300
-292
-285
-285
-293
-311
-330
-332
-313
-276
-240
-219
-206
-197
-188
-182
-185
-205
-240
-275
-296
-298
-280
-254
-223
-196
-179
-177
-188
-205
-219
-222
-210
-175
-126
-65
3
73
127
140
121
79
37
5
-20
-26
-14
16
52
88
114
131
139
137
135
134
138
144
163
194
233
273
298
310
307
301
290
270
255
251
266
288
313
332
337
332
313
291
267
246
226
213
209
217
231
244
256
265
272
278
277
272
262
248
237
223
206
192
180
166
147
125
102
78
52
21
-9
-30
-42
-53
-61
-70
-80
-86
-89
-89
-95
-100
-108
-116
-123
-131
-142
-151
-161
-169
-173
-179
-185
-193
-203
-215
-225
-236
-249
-257
-261
-255
-246
-236
-229
-224
-223
-226
-230
-231
-234
-246
-257
-261
-240
-211
-189
-186
-189
-179
-161
-141
-128
-117
-109
-104
-112
-131
-154
-176
-186
-190
-186
-177
-159
-135
-117
-105
-102
-96
-84
-55
-15
24
50
61
70
70
58
35
9
-4
-3
12
33
54
74
95
116
135
149
164
173
175
174
168
166
172
186
209
241
265
281
290
294
290
277
257
238
225
212
200
189
181
174
164
152
135
127
123
122
128
133
145
158
165
170
171
169
160
151
148
143
135
122
105
91
77
59
44
28
15
6
-1
-8
-17
-26
-33
-43
-49
-54
-54
-57
-65
-71
-78
-85
-94
-104
-106
-106
-104
-106
-109
-112
-112
-113
-121
-134
-147
-158
-168
-174
-177
-178
-176
-173
-167
-162
-160
-158
-157
-156
-156
-156
-153
-146
-137
-133
-131
-125
-119
-116
-127
-143
-149
-148
-146
-144
-133
-116
-105
-103
-110
-115
-117
-125
-122
-112
-96
-81
-64
-35
-4
23
35
35
33
24
6
-23
-48
-61
-56
-39
-23
-2
20
40
49
48
44
40
46
56
75
99
125
149
168
184
191
187
179
179
186
191
193
198
210
221
231
222
207
187
167
147
124
109
101
103
109
116
127
133
133
129
126
116
101
86
79
82
83
79
70
66
56
45
29
10
2
0
3
2
3
11
20
22
15
-1
-21
-38
-53
-61
-64
-64
-63
-59
-55
-47
-45
-53
-65
-78
-89
-100
-109
-110
-108
-101
-94
-94
-96
-99
-102
-101
-95
-86
-78
-64
-48
-27
-9
0
-4
-12
-24
-42
-57
-74
-83
-92
-96
-90
-81
-65
-55
-48
-56
-75
-97
-116
-123
-118
-111
-101
-81
-53
-24
-7
-15
-41
-73
-92
-105
-104
-87
-59
-18
23
53
66
68
64
45
16
-27
-67
-94
-101
-87
-63
-41
-19
8
31
51
53
47
40
36
41
46
51
58
73
83
87
82
68
59
55
51
42
33
35
54
83
109
123
126
120
109
87
59
35
16
9
14
30
52
72
94
108
109
101
86
74
65
57
51
47
49
54
58
60
54
48
38
23
5
-8
-12
-3
13
27
36
41
45
46
45
35
17
-1
-17
-24
-31
-37
-43
-48
-51
-61
-70
-76
-78
-75
-66
-59
-45
-32
-21
-14
-14
-18
-21
-23
-23
-24
-23
-21
-15
-10
-10
-14
-21
-30
-38
-46
-53
-55
-48
-37
-24
-12
-4
1
4
4
-2
-11
-28
-41
-49
-53
-51
-47
-42
-34
-25
-14
-7
-9
-16
-30
-45
-63
-77
-82
-78
-71
-60
-49
-33
-11
2
2
-10
-27
-40
-47
-52
-57
-60
-63
-64
-57
-44
-25
-6
8
11
4
-1
-3
-2
-3
-17
-29
-32
-24
-7
4
12
20
21
23
25
27
32
45
65
84
97
102
96
89
78
65
53
42
41
50
67
85
93
98
96
86
75
55
39
25
20
29
47
68
87
101
106
104
100
92
78
58
39
22
9
2
3
7
13
13
15
16
14
11
5
-3
-15
-30
-42
-48
-49
-45
-38
-24
-12
-5
-4
-14
-27
-37
-47
-53
-52
-44
-32
-17
-4
3
3
-10
-33
-56
-76
-91
-93
-81
-61
-39
-20
-11
-4
-2
-2
-2
-6
-15
-24
-30
-28
-25
-18
-10
-10
-9
-13
-18
-20
-28
-34
-41
-41
-39
-38
-37
-39
-39
-36
-33
-24
-17
-9
-8
-12
-18
-26
-31
-30
-27
-20
-10
5
21
29
25
11
-8
-31
-53
-69
-77
-77
-71
-60
-37
-11
11
22
18
6
1
8
23
33
32
21
6
-2
-8
-5
3
14
24
36
54
72
85
86
74
58
39
19
3
-6
-7
1
14
35
60
82
99
105
103
89
71
53
34
19
5
2
7
19
33
45
50
44
35
28
24
21
21
19
21
28
34
41
44
45
42
37
34
34
34
36
37
33
25
13
1
-10
-20
-30
-36
-38
-39
-36
-37
-33
-28
-20
-17
-18
-19
-21
-22
-24
-28
-33
-34
-32
-27
-21
-16
-11
-11
-15
-22
-32
-41
-50
-58
-70
-80
-86
-87
-81
-73
-64
-61
-58
-51
-40
-32
-25
-23
-24
-27
-28
-31
-41
-49
-55
-57
-55
-52
-45
-36
-27
-18
-10
-4
-2
-6
-15
-23
-30
-27
-22
-17
-10
-6
3
15
23
24
19
11
-2
-11
-18
-17
-11
3
24
47
66
77
81
78
68
54
39
27
19
16
22
28
41
47
51
51
45
33
21
12
3
1
11
29
48
64
74
80
80
73
62
51
39
28
19
14
13
16
21
23
25
30
40
51
62
66
63
53
39
30
23
17
11
6
-4
-14
-25
-35
-39
-36
-34
-28
-19
-9
0
8
8
0
-14
-28
-39
-52
-58
-62
-61
-58
-52
-41
-28
-17
-7
-5
-5
-12
-20
-26
-29
-33
-35
-36
-36
-35
-34
-32
-30
-31
-32
-33
-33
-34
-36
-39
-40
-38
-37
-32
-25
-20
-18
-23
-29
-37
-45
-45
-36
-23
-10
-1
6
10
9
9
6
1
-3
-7
-5
2
10
18
21
22
19
13
10
6
3
2
4
7
15
27
39
46
46
39
28
16
8
4
4
8
16
27
42
53
58
57
45
31
14
2
-4
-7
-8
-2
10
27
43
59
69
66
58
44
26
9
-8
-20
-28
-30
-25
-16
-5
3
9
13
15
15
11
7
1
-6
-8
-6
-7
-8
-13
-17
-18
-19
-20
-18
-18
-22
-23
-20
-14
-5
2
2
-2
-8
-12
-16
-23
-27
-29
-28
-22
-12
1
11
19
21
18
17
12
10
3
-5
-13
-17
-12
-1
10
19
25
26
22
17
13
7
0
-9
-14
-14
-10
-8
-4
-7
-14
-20
-27
-31
-36
-42
-45
-43
-38
-30
-23
-18
-14
-14
-11
-9
-5
-1
3
4
2
-1
-2
-4
-6
-8
-9
-7
-5
-1
5
11
16
21
23
23
23
22
24
26
28
31
27
18
8
-2
-10
-19
-22
-21
-16
-8
1
12
21
27
29
31
27
23
20
11
1
-11
-21
-24
-21
-15
-7
5
12
16
15
12
8
2
-4
-11
-13
-12
-9
-7
-6
-8
-9
-7
-4
-2
2
4
5
7
10
11
13
12
10
9
7
7
4
2
1
-1
-3
-3
1
4
5
5
4
3
3
5
6
4
1
-1
-2
0
5
11
15
14
10
8
4
1
-4
-7
-7
-4
4
12
19
23
19
11
1
-10
-17
-18
-17
-12
-7
-1
8
11
13
8
-1
-12
-24
-32
-34
-34
-30
-26
-19
-10
-1
10
17
22
24
19
10
0
-11
-17
-22
-24
-20
-15
-10
-8
-10
-11
-14
-19
-22
-23
-22
-17
-11
1
11
16
20
18
16
12
9
6
2
2
3
2
1
0
-1
-1
-4
-2
0
1
2
4
6
5
2
-1
-4
-7
-7
-5
-3
1
1
3
4
7
14
18
19
20
17
12
7
1
-2
-5
-4
-2
-2
-1
2
3
3
2
-2
-4
-2
-2
-2
-1
0
1
1
2
0
-4
-6
-7
-4
2
9
15
20
22
25
27
26
22
15
4
-7
-17
-24
-26
-27
-24
-18
-13
-6
3
12
20
20
17
10
-2
-12
-19
-19
-14
-7
0
3
6
7
9
6
3
4
1
-2
-7
-9
-9
-7
-6
-4
-2
1
8
16
20
19
17
11
3
-3
-9
-15
-17
-18
-16
-13
-12
-10
-8
-7
-8
-8
-8
-8
-8
-11
-11
-9
-5
4
14
18
20
19
18
19
19
16
12
6
2
0
1
2
1
-1
-5
-8
-9
-8
-6
-7
-7
-11
-15
-17
-16
-13
-9
-8
-10
-13
-14
-13
-13
-12
-13
-13
-14
-15
-15
-14
-11
-8
-3
2
7
12
19
23
24
22
20
20
21
21
20
18
18
19
19
18
17
14
8
3
0
-5
-8
-8
-7
-2
6
15
24
30
31
26
19
13
9
8
9
8
5
3
2
3
4
5
6
5
2
-2
-7
-12
-20
-29
-35
-35
-29
-21
-10
1
7
13
12
7
2
-4
-8
-13
-15
-16
-15
-13
-12
-10
-8
-8
-7
-5
-5
-5
-8
-12
-19
-20
-21
-16
-12
-12
-13
-12
-13
-12
-12
-12
-15
-15
-13
-12
-10
-9
-9
-10
-9
-5
3
13
18
21
23
21
20
16
16
13
9
5
0
-3
-7
-7
-8
-12
-9
-5
1
8
13
16
15
9
5
3
2
0
0
3
8
13
20
25
27
28
28
27
28
26
24
20
16
13
9
9
10
12
13
15
14
9
6
2
-3
-6
-7
-8
-8
-9
-10
-10
-9
-9
-8
-6
-6
-7
-6
-4
0
1
0
-4
-8
-9
-7
-4
-3
-1
-1
2
1
-4
-9
-14
-19
-20
-20
-21
-20
-13
-7
-1
3
4
2
2
1
-4
-8
-10
-12
-12
-14
-16
-18
-18
-17
-16
-15
-15
-13
-14
-17
-21
-26
-28
-29
-29
-27
-22
-17
-12
-7
-4
0
2
3
4
7
10
14
17
20
19
17
15
13
11
13
17
21
24
27
24
22
18
16
16
17
19
21
23
25
25
28
29
29
27
23
21
22
23
23
23
19
17
14
14
15
19
21
21
19
16
14
13
11
11
11
12
15
16
17
15
13
12
14
17
19
18
17
15
11
5
0
-6
-12
-18
-23
-29
-35
-39
-49
-60
-69
-76
-79
-79
-77
-75
-74
-71
-70
-66
-61
-53
-46
-40
-35
-30
-27
-25
-24
-21
-19
-20
-23
-26
-28
-27
-26
-26
-27
-25
-23
-19
-15
-12
-11
-6
-4
1
7
12
16
17
18
20
26
32
37
45
52
60
67
70
72
72
70
67
64
63
59
54
48
43
43
41
42
43
45
47
48
47
45
41
37
36
34
34
36
36
35
36
33
29
24
15
6
-7
-18
-29
-40
-48
-52
-51
-50
-47
-42
-40
-38
-37
-37
-38
-40
-46
-50
-56
-61
-69
-77
-90
-109
-127
-145
-160
-171
-179
-179
-172
-158
-137
-105
-71
-36
-1
31
59
81
100
112
122
134
144
154
163
169
176
183
187
183
179
172
167
161
157
152
147
139
129
120
110
100
91
76
59
43
24
9
-2
-13
-17
-19
-18
-19
-20
-23
-31
-37
-47
-58
-69
-88
-111
-140
-168
-195
-220
-241
-264
-281
-294
-303
-305
-304
-297
-287
-270
-248
-224
-197
-173
-147
-117
-89
-59
-30
0
28
56
84
105
119
124
116
102
80
54
26
3
-12
-15
-6
10
34
62
87
116
138
156
172
184
198
216
239
266
293
320
340
356
365
364
356
343
324
303
274
239
200
160
122
89
56
25
-7
-39
-69
-97
-125
-152
-179
-203
-223
-238
-250
-259
-264
-269
-269
-267
-263
-258
-254
-243
-223
-201
-179
-158
-138
-122
-109
-98
-89
-79
-72
-62
-53
-43
-35
-26
-15
-3
14
28
41
51
62
74
82
89
91
95
97
97
98
96
93
87
81
78
75
69
63
56
49
41
31
20
5
-14
-34
-49
-62
-74
-80
-80
-78
-75
-68
-55
-38
-17
8
35
62
88
111
127
135
134
122
102
79
59
47
44
48
62
81
102
115
111
87
40
-27
-109
-197
-282
-357
-418
-460
-483
-484
-463
-419
-360
-283
-199
-107
-11
88
182
265
338
398
445
477
493
497
492
477
457
433
407
377
346
315
279
238
193
144
97
47
0
-45
-86
-124
-158
-188
-211
-232
-248
-263
-274
-282
-285
-284
-277
-265
-252
-236
-220
-204
-190
-179
-172
-168
-162
-155
-150
-145
-142
-139
-137
-131
-122
-109
-94
-83
-76
-71
-66
-59
-50
-37
-21
-4
9
24
40
53
64
71
78
90
101
113
129
146
163
179
191
201
206
206
198
188
173
157
140
123
107
94
81
70
59
48
43
36
29
21
14
10
10
10
11
12
14
14
12
10
5
2
-1
-1
3
9
13
16
17
14
13
13
19
28
37
46
53
55
53
48
41
32
22
16
10
5
0
-5
-10
-16
-26
-34
-43
-51
-59
-66
-72
-79
-86
-94
-104
-114
-127
-140
-152
-160
-167
-172
-177
-184
-191
-196
-204
-212
-219
-227
-235
-236
-232
-222
-203
-178
-148
-116
-84
-50
-20
10
36
61
87
112
133
152
168
180
190
200
205
209
212
214
213
212
210
209
207
204
198
187
172
157
146
137
129
121
112
103
97
92
86
79
70
60
48
36
27
14
-2
-18
-33
-46
-52
-53
-52
-49
-48
-48
-45
-41
-39
-39
-43
-44
-42
-41
-36
-31
-31
-35
-40
-44
-51
-56
-59
-61
-63
-66
-65
-60
-55
-51
-49
-49
-48
-48
-48
-47
-44
-45
-49
-51
-56
-59
-61
-62
-64
-66
-66
-62
-54
-46
-41
-36
-29
-23
-14
-3
4
7
5
2
1
2
2
-1
-6
-11
-13
-14
-8
-2
3
4
4
2
2
2
1
2
1
1
4
9
13
13
10
6
5
5
8
14
18
24
29
36
43
50
53
50
45
39
34
29
27
30
34
35
38
40
44
49
53
55
53
50
45
41
39
36
33
31
31
31
25
19
14
9
4
-1
-7
-13
-18
-19
-21
-22
-21
-21
-20
-18
-18
-17
-19
-21
-22
-21
-22
-22
-21
-21
-20
-16
-11
-5
1
9
13
14
14
13
9
3
-2
-8
-10
-11
-5
-3
-3
-2
0
1
2
3
6
8
7
3
4
4
1
0
-2
-4
-4
-5
-8
-12
-17
-24
-31
-36
-39
-39
-36
-30
-24
-20
-14
-9
-4
-2
-3
-3
-7
-15
-19
-21
-19
-17
-15
-9
-2
8
17
22
25
24
22
19
16
13
11
6
1
-8
-15
-18
-18
-14
-9
-8
-4
-3
-3
-4
-5
-6
-5
-2
-2
4
8
11
16
19
20
20
19
18
18
17
14
8
5
2
2
1
-4
-5
-4
-4
-3
-2
-1
-1
-1
-1
-2
0
2
1
3
3
5
6
7
9
8
5
2
0
0
-2
-2
-2
-3
-5
-8
-14
-16
-17
-16
-15
-12
-9
-5
2
7
11
12
14
16
16
13
13
11
8
6
3
2
0
-1
-1
1
2
2
0
-2
-4
-5
-8
-9
-7
-6
-5
-5
-2
0
1
1
0
-1
-2
-3
-3
-4
-2
2
0
-2
-2
-2
-2
0
5
7
10
9
8
4
2
2
0
2
2
1
0
0
3
7
9
9
8
7
5
6
6
6
4
2
0
-3
-5
-2
-2
-3
-4
-5
-4
-4
-5
-6
-8
-7
-9
-11
-11
-13
-17
-20
-22
-19
-13
-6
3
7
12
14
12
9
7
7
2
-3
-6
-8
-8
-7
-4
-1
2
6
8
10
8
6
3
-1
-1
-2
-3
-1
1
4
9
14
19
22
21
18
15
15
14
15
16
13
7
-1
-7
-10
-12
-15
-14
-16
-14
-9
-3
-1
-1
-4
-10
-13
-13
-10
-8
-7
-5
-4
0
4
9
13
12
9
7
6
5
2
1
-1
-4
-7
-7
-8
-9
-9
-9
-8
-7
-5
-3
-1
3
6
5
5
2
-4
-9
-14
-16
-16
-15
-13
-12
-9
-10
-10
-6
-3
1
2
2
2
1
1
-1
-7
-11
-16
-15
-11
-4
5
10
11
10
7
5
3
1
2
3
4
6
8
11
12
14
14
14
14
10
9
8
7
8
8
11
14
15
16
18
20
23
23
26
29
29
27
22
17
10
2
-8
-18
-23
-26
-28
-25
-21
-15
-13
-11
-10
-10
-10
-12
-12
-13
-12
-8
-4
1
5
6
4
1
1
1
3
2
1
1
4
5
6
4
0
-7
-13
-14
-14
-13
-13
-14
-15
-17
-19
-20
-22
-24
-26
-23
-20
-16
-16
-16
-13
-9
-3
1
4
6
7
9
9
14
16
18
18
15
12
8
5
2
1
2
4
6
10
13
12
11
9
6
5
3
3
3
4
8
12
16
20
22
23
23
20
18
16
14
10
9
7
5
3
-1
-3
-2
2
6
9
10
6
1
-4
-7
-11
-15
-16
-14
-10
-8
-6
-6
-6
-7
-4
1
2
0
1
1
0
1
3
5
5
4
1
-4
-7
-14
-15
-15
-14
-10
-8
-10
-13
-16
-19
-18
-17
-19
-19
-19
-18
-16
-13
-9
-5
-1
2
2
1
-1
-2
-4
-8
-7
-6
-4
-1
1
2
0
-3
-2
0
5
7
7
5
6
8
10
11
11
11
11
12
12
12
12
13
14
13
13
11
9
5
1
-4
-1
3
5
6
9
8
8
7
5
4
1
-2
-5
-7
-7
-7
-7
-5
-4
0
3
6
10
13
19
24
27
26
24
20
13
7
1
-6
-11
-15
-15
-13
-12
-12
-10
-8
-5
-3
-3
-3
-4
-3
-3
-3
-2
-1
0
0
1
1
-1
-3
-7
-8
-9
-8
-8
-6
-7
-10
-12
-12
-12
-9
-7
-4
-2
0
0
-2
-4
-7
-8
-11
-14
-18
-19
-18
-14
-8
-5
-3
-2
-3
-2
-1
0
2
4
3
0
-3
-3
-1
-4
-7
-10
-10
-6
1
8
13
18
21
21
17
14
13
10
8
4
3
4
7
12
14
14
12
9
8
5
3
1
0
-1
-1
0
4
4
2
0
