2
8
11
9
7
4
4
3
0
0
0
3
4
3
3
6
11
12
10
5
-1
-6
-9
-12
-14
-13
-14
-10
-6
-2
2
4
5
5
3
2
2
2
1
-1
-3
-2
1
2
3
2
2
2
2
1
-2
-2
-3
0
3
3
2
1
1
2
0
-4
-7
-7
-5
1
5
7
5
3
0
-3
-3
-4
-2
0
2
1
0
-1
0
3
5
5
2
-2
-1
1
3
1
-4
-9
-11
-9
-4
0
3
4
6
10
13
12
7
3
-3
-5
-5
-2
-1
-1
-3
-4
-4
-2
-4
-4
-6
-7
-8
-8
-6
-3
2
6
9
9
5
0
-2
-1
-1
2
2
1
-1
0
2
3
1
0
-4
-7
-6
-5
-2
1
3
4
2
2
2
4
6
8
5
-2
-7
-8
-5
0
2
5
10
11
10
5
-2
-6
-10
-8
-6
-1
-1
1
0
1
4
4
4
-1
-4
-3
0
4
5
5
5
4
2
-4
-8
-9
-6
-2
1
3
2
1
0
2
4
6
5
0
-6
-9
-12
-12
-10
-4
3
6
6
6
6
5
0
-5
-7
-7
-7
-5
-2
2
9
13
14
9
4
-2
-6
-9
-9
-8
-4
1
7
11
12
8
6
3
3
-1
-7
-12
-13
-9
-3
1
3
5
6
6
4
-2
-12
-17
-20
-13
-6
4
13
18
17
13
6
-2
-9
-15
-15
-13
-8
-1
5
9
11
11
7
3
-3
-6
-6
-4
-3
-2
-2
1
6
10
10
7
2
-2
-3
-6
-5
-4
-1
4
8
5
3
2
0
2
3
0
-1
-3
-1
-2
-2
1
3
5
4
2
-1
-2
-4
-5
-7
-6
-3
1
4
5
5
8
8
5
0
-4
-7
-7
-6
-4
-1
1
2
2
0
0
0
1
3
1
-3
-5
-3
1
5
4
0
-3
-6
-4
-1
2
4
5
5
5
2
-1
-2
-3
-3
-5
-7
-7
-7
-4
-1
2
5
5
3
-2
-7
-7
-6
-4
0
1
1
1
-2
-4
-6
-4
-1
0
0
0
1
1
1
0
-1
0
1
1
3
2
1
-2
-2
-1
1
1
1
1
1
2
3
3
0
1
4
7
10
9
6
1
-2
-1
2
7
10
11
10
6
4
4
5
5
2
-1
-4
-5
-2
0
-3
-8
-12
-11
-4
3
7
6
4
3
1
-5
-10
-12
-10
-6
-3
-2
0
1
2
1
-1
-2
-1
4
6
5
2
-5
-10
-14
-14
-11
-6
1
8
9
4
-3
-9
-7
-2
3
3
2
2
3
2
0
-5
-10
-13
-10
-3
4
10
12
10
7
4
3
3
2
-2
-5
-8
-6
-4
2
8
12
14
12
7
2
-5
-8
-9
-8
-9
-10
-7
-1
9
18
23
21
13
4
-3
-7
-10
-14
-16
-13
-4
9
19
23
18
14
10
5
-3
-12
-21
-26
-24
-20
-13
-7
-3
5
11
16
16
12
9
7
5
1
-5
-11
-14
-13
-6
1
5
6
5
3
0
-2
-7
-9
-11
-12
-9
-4
1
8
12
14
11
10
7
2
-2
-7
-9
-10
-8
-7
-6
-5
-4
-4
-1
3
4
-1
-6
-9
-10
-9
-5
-1
3
9
13
15
12
9
8
7
9
7
2
-3
-5
-4
3
11
14
15
12
8
6
2
0
-3
-4
-3
1
6
10
11
9
7
3
0
-3
-8
-16
-22
-25
-24
-20
-16
-14
-9
0
12
21
22
18
12
8
3
0
-5
-7
-7
-6
-2
1
2
2
0
-3
-4
-6
-10
-12
-14
-15
-15
-12
-8
-5
-2
2
5
5
5
0
-6
-12
-13
-11
-9
-6
-6
-6
-6
-3
-1
3
4
3
-1
-4
-6
-5
-4
-4
-4
-1
4
12
19
24
27
25
24
23
19
18
17
18
21
25
31
35
41
42
38
31
25
19
15
15
14
13
13
9
4
-3
-8
-13
-19
-26
-30
-29
-18
-7
-4
-10
-22
-34
-40
-45
-50
-57
-65
-71
-72
-67
-61
-53
-42
-30
-19
-9
-5
-7
-9
-9
-8
-5
-4
-2
0
6
14
21
25
22
16
9
-2
-8
-15
-16
-17
-16
-12
-6
3
12
20
27
34
37
39
37
34
32
33
35
36
40
44
50
56
62
69
77
77
73
66
56
49
45
42
41
42
41
40
39
41
44
45
36
21
8
0
-1
-1
-1
-1
2
8
15
16
7
-14
-41
-63
-71
-66
-58
-59
-76
-108
-155
-208
-253
-277
-278
-266
-251
-232
-201
-153
-93
-31
18
50
66
73
74
71
68
64
60
59
67
83
101
114
118
110
93
68
40
14
-13
-40
-64
-82
-87
-80
-62
-41
-17
11
42
69
91
104
109
108
104
98
92
88
88
89
92
94
94
91
82
64
43
21
-2
-24
-44
-59
-67
-66
-62
-55
-46
-35
-22
-3
16
34
49
63
78
96
116
135
148
154
152
149
143
131
110
77
37
1
-25
-38
-44
-47
-46
-38
-24
-6
10
17
14
3
-13
-29
-55
-103
-190
-307
-421
-490
-498
-468
-442
-431
-413
-355
-253
-144
-63
-26
-20
-18
-7
18
46
66
80
100
134
181
232
273
296
294
271
229
177
121
65
7
-47
-81
-92
-80
-54
-30
-5
20
49
73
84
81
69
57
56
67
76
64
33
3
3
33
68
72
44
16
16
35
50
42
20
2
-4
0
5
6
1
-4
-1
13
38
60
64
54
45
47
60
65
56
36
19
17
25
36
37
27
12
-4
-9
-17
-28
-39
-44
-34
-4
36
76
105
118
126
122
101
56
-6
-65
-102
-110
-100
-91
-82
-66
-27
24
61
65
38
4
-17
-17
-6
-3
0
12
33
37
-21
-153
-327
-479
-568
-609
-647
-705
-754
-733
-615
-435
-254
-118
-28
42
117
196
260
287
281
265
264
290
337
395
442
467
470
457
431
386
315
212
86
-39
-143
-211
-250
-268
-267
-239
-184
-107
-29
29
61
78
92
93
50
-41
-140
-179
-123
3
135
228
304
395
508
607
638
590
488
354
218
96
-4
-82
-148
-193
-192
-139
-53
13
27
2
-33
-49
-72
-122
-194
-254
-258
-194
-78
61
186
287
363
426
476
481
432
328
198
84
2
-53
-100
-141
-156
-139
-96
-51
-19
-1
-6
-31
-76
-143
-207
-247
-242
-198
-130
-32
89
178
141
-98
-496
-910
-1204
-1357
-1470
-1640
-1828
-1899
-1712
-1291
-803
-411
-170
-23
124
300
457
524
480
387
330
372
506
683
853
980
1062
1110
1126
1093
975
751
435
86
-218
-433
-557
-623
-643
-595
-476
-284
-58
137
260
304
302
293
284
281
278
278
305
383
529
718
893
1006
1028
971
845
629
290
-150
-585
-884
-1003
-1007
-987
-955
-814
-504
-92
286
511
578
562
509
431
332
200
68
-32
-57
35
230
457
625
687
686
658
599
453
176
-174
-495
-714
-808
-815
-765
-654
-491
-275
-45
163
309
355
315
228
132
50
-32
-108
-147
-105
44
259
471
635
711
696
598
436
243
35
-166
-324
-420
-476
-616
-958
-1478
-1995
-2291
-2325
-2286
-2378
-2619
-2773
-2584
-2032
-1330
-750
-381
-113
216
670
1140
1472
1593
1552
1488
1502
1593
1688
1701
1619
1472
1308
1155
989
757
421
-10
-468
-854
-1099
-1216
-1273
-1304
-1276
-1137
-855
-473
-91
220
447
628
819
1023
1212
1343
1408
1436
1467
1518
1559
1522
1329
964
517
127
-120
-272
-453
-745
-1081
-1267
-1211
-985
-754
-637
-590
-498
-309
-62
155
283
331
357
443
602
782
922
977
969
969
998
1014
929
708
398
90
-155
-359
-569
-789
-983
-1095
-1079
-960
-803
-671
-570
-469
-336
-157
29
160
225
264
331
460
631
791
911
986
1012
1008
990
951
858
682
423
115
-219
-618
-1157
-1869
-2672
-3419
-3987
-4324
-4475
-4476
-4312
-3929
-3289
-2443
-1528
-670
72
701
1224
1649
1977
2201
2331
2400
2444
2498
2559
2606
2606
2531
2362
2085
1706
1231
654
-11
-711
-1378
-1932
-2316
-2519
-2550
-2410
-2101
-1642
-1080
-475
100
592
999
1339
1621
1847
2016
2135
2222
2296
2363
2423
2459
2434
2304
2016
1504
747
-168
-1069
-1791
-2272
-2588
-2823
-2952
-2859
-2458
-1811
-1103
-485
-14
360
691
951
1112
1157
1108
1030
994
1062
1236
1448
1630
1720
1724
1674
1534
1242
760
131
-519
-1088
-1537
-1876
-2097
-2169
-2059
-1773
-1348
-856
-365
58
375
585
707
762
762
741
744
816
973
1196
1433
1631
1766
1822
1781
1636
1355
921
335
-391
-1239
-2239
-3412
-4676
-5840
-6642
-6916
-6733
-6275
-5689
-4963
-3948
-2610
-1128
202
1163
1758
2147
2477
2800
3062
3196
3210
3191
3247
3415
3617
3718
3610
3263
2711
1997
1154
211
-812
-1849
-2807
-3572
-4019
-4103
-3880
-3424
-2788
-1993
-1063
-84
821
1539
2035
2341
2537
2695
2841
2964
3060
3138
3215
3295
3355
3315
3050
2459
1505
311
-876
-1851
-2591
-3205
-3764
-4179
-4218
-3763
-2941
-2004
-1163
-461
175
764
1251
1583
1733
1723
1619
1532
1564
1718
1918
2086
2180
2245
2299
2241
1949
1379
599
-239
-1030
-1731
-2327
-2811
-3112
-3173
-2940
-2415
-1721
-982
-302
265
738
1109
1350
1452
1401
1262
1147
1141
1268
1486
1717
1907
2030
2052
1956
1708
1298
759
106
-695
-1703
-2998
-4557
-6160
-7482
-8207
-8266
-7892
-7346
-6681
-5721
-4283
-2443
-577
915
1880
2463
2917
3353
3724
3911
3870
3712
3595
3624
3794
3961
3964
3749
3311
2698
1938
1016
-57
-1250
-2459
-3535
-4323
-4700
-4675
-4345
-3793
-3035
-2059
-900
311
1389
2214
2775
3128
3364
3527
3607
3594
3511
3420
3377
3399
3403
3204
2650
1730
625
-370
-1140
-1781
-2485
-3315
-4021
-4285
-3999
-3321
-2567
-1911
-1301
-635
113
846
1414
1739
1821
1774
1768
1874
2044
2160
2138
2070
2081
2166
2215
2030
1548
877
145
-516
-1092
-1640
-2138
-2539
-2732
-2616
-2250
-1725
-1158
-657
-202
247
672
1018
1197
1192
1124
1085
1153
1332
1559
1781
1930
1952
1875
1713
1483
1182
705
-21
-1072
-2523
-4291
-6112
-7640
-8539
-8780
-8635
-8299
-7750
-6745
-5101
-3023
-974
648
1725
2475
3116
3666
4042
4119
3921
3660
3517
3584
3806
4006
4073
3974
3715
3308
2704
1857
769
-533
-1924
-3215
-4239
-4856
-5055
-4923
-4503
-3784
-2760
-1491
-136
1092
2071
2788
3297
3656
3871
3921
3814
3607
3394
3195
2980
2723
2420
2100
1746
1295
697
-6
-708
-1388
-2064
-2716
-3269
-3570
-3563
-3333
-2942
-2427
-1767
-981
-182
554
1191
1695
2069
2291
2353
2349
2312
2233
2110
1946
1801
1689
1546
1328
995
572
121
-368
-876
-1353
-1764
-2047
-2182
-2191
-2051
-1762
-1355
-867
-375
99
542
899
1156
1298
1337
1339
1312
1288
1319
1421
1572
1694
1675
1504
1238
893
465
-206
-1308
-2864
-4726
-6532
-7870
-8555
-8687
-8524
-8213
-7593
-6391
-4551
-2374
-383
1083
2068
2804
3475
4045
4331
4256
3921
3545
3359
3429
3644
3824
3835
3692
3447
3094
2576
1798
722
-577
-1952
-3198
-4135
-4692
-4898
-4812
-4435
-3716
-2640
-1307
85
1324
2293
3002
3508
3848
4034
4022
3820
3517
3220
2983
2743
2388
1914
1428
1040
732
358
-211
-927
-1613
-2124
-2426
-2611
-2756
-2860
-2851
-2637
-2198
-1546
-786
-75
506
999
1490
2007
2434
2637
2602
2449
2308
2203
2070
1839
1525
1172
819
494
180
-148
-502
-880
-1224
-1468
-1592
-1640
-1671
-1654
-1532
-1261
-873
-463
-76
270
589
894
1138
1307
1416
1480
1522
1526
1460
1347
1224
1098
959
724
307
-426
-1585
-3184
-5018
-6675
-7782
-8264
-8368
-8353
-8198
-7558
-6152
-4110
-1943
-155
1101
2015
2848
3658
4273
4483
4271
3836
3465
3351
3458
3610
3676
3613
3469
3275
2975
2475
1696
629
-655
-1995
-3181
-4042
-4545
-4754
-4702
-4339
-3579
-2442
-1090
257
1426
2367
3105
3687
4099
4263
4117
3679
3101
2583
2283
2185
2137
1978
1650
1279
997
809
591
161
-526
-1337
-2075
-2588
-2874
-3020
-3051
-2927
-2547
-1842
-908
65
902
1526
1978
2332
2573
2629
2452
2082
1664
1325
1126
1020
900
725
531
378
279
180
-1
-314
-727
-1127
-1435
-1631
-1735
-1777
-1746
-1589
-1276
-821
-294
201
624
943
1171
1301
1310
1205
1051
908
796
732
657
559
458
344
232
87
-265
-1017
-2291
-3991
-5675
-6915
-7526
-7713
-7855
-7979
-7736
-6723
-4862
-2624
-649
779
1771
2674
3646
4443
4792
4580
3997
3435
3124
3083
3162
3168
3073
2961
2882
2812
2622
2152
1355
278
-944
-2082
-2999
-3654
-4076
-4314
-4264
-3779
-2818
-1505
-115
1117
2130
2956
3651
4198
4466
4334
3812
3058
2348
1885
1658
1531
1353
1114
940
929
1020
1034
762
195
-492
-1143
-1647
-2055
-2446
-2794
-3006
-2931
-2468
-1720
-860
-50
629
1259
1854
2325
2569
2503
2192
1818
1484
1228
1028
797
553
347
220
207
222
163
-8
-297
-618
-894
-1142
-1356
-1546
-1692
-1703
-1545
-1222
-795
-352
80
493
883
1221
1439
1497
1405
1242
1059
909
778
641
519
402
332
253
-55
-820
-2229
-4123
-5943
-7214
-7788
-7980
-8231
-8482
-8270
-7141
-5076
-2677
-636
805
1825
2819
3898
4790
5188
4960
4332
3710
3357
3304
3359
3321
3185
3037
2948
2878
2682
2215
1390
223
-1095
-2321
-3277
-3946
-4409
-4683
-4661
-4160
-3144
-1776
-327
960
2041
2976
3804
4475
4840
4818
4443
3823
3095
2359
1717
1238
939
744
566
406
330
357
365
200
-198
-732
-1259
-1730
-2172
-2575
-2825
-2787
-2451
-1880
-1148
-303
605
1464
2172
2699
3028
3130
2982
2593
2076
1550
1063
627
240
-55
-219
-276
-284
-297
-353
-459
-629
-865
-1132
-1367
-1557
-1686
-1734
-1682
-1455
-1070
-577
-35
498
993
1403
1679
1781
1762
1614
1368
1093
826
642
492
298
87
-141
-518
-1248
-2610
-4504
-6347
-7621
-8101
-8145
-8304
-8564
-8443
-7373
-5253
-2756
-649
797
1787
2842
4078
5134
5627
5387
4694
4034
3673
3612
3628
3488
3222
2952
2757
2633
2417
1939
1121
-9
-1279
-2443
-3348
-3974
-4389
-4654
-4638
-4156
-3159
-1768
-290
1015
2104
3057
3921
4586
4840
4605
4067
3491
3059
2782
2514
2176
1816
1493
1306
1220
1122
924
478
-189
-928
-1598
-2091
-2492
-2886
-3173
-3225
-2877
-2168
-1306
-413
402
1148
1844
2416
2805
2935
2766
2402
1971
1600
1329
1074
791
508
303
233
234
191
24
-272
-653
-1037
-1393
-1718
-2008
-2243
-2356
-2274
-1972
-1470
-868
-283
265
751
1180
1506
1649
1623
1468
1230
988
774
629
588
552
510
409
138
-414
-1507
-3225
-5239
-7047
-8195
-8667
-8904
-9140
-9199
-8564
-6865
-4407
-1876
156
1573
2718
3879
4993
5756
5880
5398
4652
4022
3702
3621
3576
3459
3293
3156
3058
2925
2612
1976
960
-370
-1780
-3022
-3968
-4614
-5035
-5206
-4962
-4196
-2935
-1370
207
1626
2837
3877
4680
5092
5000
4461
3799
3239
2864
2581
2209
1830
1555
1469
1599
1719
1661
1329
681
-76
-829
-1515
-2120
-2799
-3449
-3841
-3802
-3243
-2364
-1378
-383
570
1503
2355
2990
3296
3214
2825
2329
1858
1462
1115
761
431
238
235
364
476
428
182
-195
-625
-1076
-1542
-2014
-2446
-2735
-2806
-2612
-2214
-1682
-1056
-401
302
977
1532
1910
2040
1975
1772
1501
1297
1124
947
776
544
348
55
-648
-1978
-3982
-6138
-7782
-8651
-8931
-9164
-9542
-9603
-8801
-6856
-4192
-1672
219
1515
2662
3990
5288
6140
6248
5721
5011
4502
4320
4298
4190
3924
3591
3322
3132
2923
2526
1750
576
-853
-2291
-3473
-4332
-4940
-5346
-5488
-5180
-4291
-2905
-1279
287
1625
2720
3572
4215
4634
4801
4724
4423
3981
3513
3118
2843
2642
2475
2310
2106
1869
1525
1025
359
-444
-1275
-2060
-2734
-3244
-3555
-3617
-3391
-2869
-2078
-1126
-138
793
1605
2255
2700
2896
2854
2629
2293
1936
1596
1280
1001
794
667
606
562
462
272
-51
-501
-1009
-1521
-1989
-2376
-2688
-2870
-2848
-2592
-2117
-1490
-800
-88
567
1127
1540
1798
1927
1900
1746
1481
1226
1040
880
728
415
-230
-1344
-3071
-5124
-6944
-8146
-8648
-8885
-9242
-9511
-9167
-7746
-5417
-2927
-887
528
1639
2860
4188
5294
5802
5630
5096
4635
4470
4508
4499
4297
3981
3697
3481
3253
2866
2173
1133
-184
-1585
-2813
-3754
-4446
-4939
-5236
-5172
-4574
-3474
-2049
-569
764
1891
2784
3474
3954
4221
4286
4185
3960
3637
3327
3083
2943
2876
2771
2608
2373
2045
1623
1013
224
-641
-1515
-2284
-2896
-3327
-3506
-3415
-3037
-2379
-1544
-634
257
1043
1690
2154
2417
2483
2370
2130
1840
1580
1371
1225
1120
1026
941
834
701
500
179
-254
-758
-1280
-1753
-2148
-2457
-2618
-2612
-2429
-2047
-1532
-953
-364
151
613
993
1219
1309
1257
1119
1024
936
870
819
735
690
467
-229
-1606
-3667
-5823
-7422
-8251
-8524
-8806
-9243
-9327
-8501
-6536
-3924
-1525
208
1375
2448
3703
4918
5672
5693
5113
4395
3940
3859
3945
3950
3778
3522
3339
3232
3083
2714
1955
795
-608
-1996
-3136
-3986
-4614
-5059
-5245
-4957
-4085
-2749
-1206
235
1438
2414
3154
3715
4046
4134
4023
3726
3377
3053
2850
2827
2878
2926
2907
2791
2624
2345
1839
1074
88
-936
-1860
-2607
-3149
-3507
-3612
-3404
-2859
-2022
-1038
-64
798
1501
2025
2346
2440
2315
2019
1647
1309
1055
903
842
845
900
981
1028
972
755
376
-116
-673
-1244
-1799
-2288
-2641
-2803
-2744
-2479
-2026
-1474
-851
-216
335
811
1100
1228
1251
1165
1060
912
734
601
490
358
-4
-906
-2414
-4287
-5980
-7035
-7492
-7774
-8204
-8610
-8431
-7228
-5172
-2962
-1212
-30
956
2139
3475
4588
5100
4949
4488
4112
4009
4097
4114
3950
3676
3412
3256
3131
2864
2326
1445
285
-953
-2054
-2895
-3526
-4051
-4449
-4550
-4167
-3283
-2084
-841
284
1289
2228
3062
3647
3822
3619
3257
2979
2905
2923
2864
2698
2513
2451
2586
2762
2782
2476
1796
948
105
-641
-1304
-2013
-2708
-3208
-3340
-3022
-2388
-1620
-835
-90
627
1311
1878
2204
2218
1963
1604
1301
1089
940
794
648
585
628
748
854
828
629
282
-147
-569
-971
-1368
-1778
-2140
-2351
-2336
-2067
-1661
-1205
-745
-319
122
502
741
830
737
553
400
283
249
284
303
165
-409
-1559
-3181
-4837
-6042
-6666
-6982
-7415
-7977
-8209
-7589
-5973
-3870
-1997
-676
260
1302
2621
3875
4654
4720
4293
3847
3624
3658
3740
3654
3430
3167
3005
2950
2854
2562
1961
1052
-24
-1074
-1959
-2666
-3255
-3751
-4055
-3972
-3399
-2427
-1294
-232
729
1567
2255
2749
3010
3165
3250
3264
3213
3059
2959
2988
3040
3094
3061
2932
2767
2439
1914
1223
452
-281
-1005
-1709
-2295
-2664
-2759
-2604
-2239
-1694
-1022
-321
313
855
1268
1520
1601
1494
1302
1115
962
885
826
784
813
881
979
1051
1026
896
606
171
-334
-849
-1315
-1752
-2141
-2399
-2459
-2285
-1927
-1469
-967
-486
-60
303
586
762
809
699
474
247
85
17
-26
-216
-741
-1773
-3273
-4877
-6156
-6840
-7050
-7245
-7620
-7890
-7521
-6177
-4163
-2173
-687
292
1180
2301
3527
4477
4831
4621
4212
3958
3971
4106
4094
3853
3518
3248
3090
2945
2637
2059
1188
100
-1002
-1929
-2624
-3150
-3601
-3926
-3931
-3481
-2608
-1503
-413
522
1283
1908
2458
2935
3287
3461
3446
3333
3241
3240
3315
3359
3306
3147
2916
2657
2311
1818
1156
333
-527
-1330
-1996
-2481
-2804
-2955
-2910
-2625
-2083
-1375
-625
64
654
1158
1532
1742
1770
1656
1477
1292
1155
1060
991
951
920
898
881
834
731
494
130
-321
-806
-1245
-1633
-1943
-2139
-2216
-2117
-1836
-1411
-906
-420
1
346
629
807
836
686
437
196
38
-10
-15
-119
-512
-1409
-2880
-4578
-6015
-6832
-7112
-7370
-7864
-8334
-8175
-6942
-4909
-2811
-1220
-172
798
2056
3495
4672
5178
5016
4562
4238
4187
4260
4222
3967
3617
3345
3184
3050
2792
2281
1475
424
-685
-1667
-2457
-3091
-3678
-4164
-4330
-4018
-3216
-2122
-986
60
1021
1922
2715
3311
3604
3640
3544
3421
3364
3349
3319
3261
3133
2989
2895
2798
2620
2222
1534
669
-201
-963
-1611
-2214
-2773
-3145
-3209
-2917
-2331
-1595
-835
-118
521
1107
1621
1973
2125
2049
1829
1607
1416
1256
1126
993
920
935
976
993
911
702
392
-21
-483
-940
-1378
-1751
-2027
-2171
-2138
-1925
-1581
-1152
-708
-294
78
372
592
731
775
735
651
541
455
280
-290
-1440
-3239
-5295
-6950
-7897
-8215
-8386
-8785
-9099
-8756
-7366
-5126
-2847
-1122
-6
891
2028
3341
4420
4903
4749
4328
4056
4094
4320
4477
4423
4216
3991
3807
3614
3275
2624
1637
388
-951
-2121
-3022
-3705
-4248
-4664
-4767
-4361
-3453
-2215
-920
221
1198
2006
2658
3159
3472
3640
3680
3647
3624
3633
3718
3844
3932
3913
3759
3495
3093
2536
1778
817
-211
-1207
-2098
-2810
-3332
-3591
-3530
-3170
-2534
-1724
-838
26
777
1386
1807
2035
2103
2029
1867
1654
1447
1295
1199
1199
1265
1357
1421
1387
1236
949
544
58
-499
-1080
-1620
-2076
-2365
-2474
-2417
-2175
-1793
-1303
-765
-263
170
513
745
861
841
697
519
340
143
-252
-1130
-2610
-4497
-6265
-7428
-7917
-8071
-8317
-8661
-8650
-7782
-5979
-3807
-1969
-737
140
1150
2447
3717
4534
4717
4506
4297
4331
4580
4798
4798
4594
4303
4046
3803
3459
2898
2028
877
-410
-1627
-2595
-3292
-3831
-4266
-4513
-4382
-3757
-2721
-1525
-428
507
1295
1985
2568
2971
3229
3371
3465
3600
3749
3874
3960
3950
3879
3755
3539
3205
2654
1869
924
-66
-967
-1739
-2418
-2983
-3344
-3422
-3176
-2642
-1934
-1166
-437
203
775
1284
1681
1906
1924
1805
1652
1525
1471
1460
1452
1460
1492
1518
1508
1398
1143
756
272
-233
-720
-1165
-1557
-1860
-2033
-2039
-1892
-1657
-1333
-959
-564
-175
96
217
240
198
233
352
432
344
-173
-1242
-2803
-4660
-6334
-7483
-8102
-8368
-8608
-8781
-8510
-7444
-5533
-3278
-1316
86
1075
2049
3166
4200
4815
4840
4474
4094
3961
4095
4274
4322
4210
4027
3888
3734
3461
2943
2084
934
-383
-1665
-2715
-3506
-4081
-4482
-4656
-4437
-3754
-2719
-1604
-635
154
912
1779
2697
3474
3916
4026
4012
4066
4233
4423
4465
4281
3914
3457
3009
2571
2047
1315
352
-702
-1627
-2294
-2752
-3099
-3371
-3451
-3214
-2688
-1972
-1218
-549
12
515
990
1416
1730
1832
1744
1589
1496
1535
1626
1666
1633
1558
1509
1471
1354
1108
722
235
-296
-823
-1312
-1727
-2039
-2239
-2285
-2185
-1915
-1471
-959
-443
-4
371
714
979
1135
1097
921
724
464
3
-958
-2565
-4524
-6339
-7487
-7885
-7939
-8027
-8190
-8003
-6972
-5113
-2921
-1056
184
1028
1868
2873
3842
4439
4519
4235
3937
3879
4084
4381
4546
4516
4332
4085
3824
3478
2928
2067
873
-504
-1824
-2885
-3616
-4135
-4524
-4702
-4517
-3849
-2791
-1616
-591
163
751
1324
1977
2644
3167
3470
3555
3582
3724
3969
4214
4264
4027
3606
3095
2566
1965
1177
194
-885
-1875
-2600
-3041
-3282
-3408
-3393
-3167
-2661
-1923
-1142
-439
111
519
878
1186
1419
1532
1507
1445
1438
1525
1689
1856
1976
2035
2030
1954
1773
1450
989
439
-127
-637
-1063
-1423
-1694
-1844
-1821
-1609
-1281
-897
-525
-185
150
464
694
816
804
714
560
221
-523
-1836
-3630
-5455
-6788
-7429
-7561
-7609
-7741
-7660
-6914
-5313
-3196
-1217
194
1065
1753
2561
3425
4037
4166
3869
3468
3271
3373
3651
3892
3976
3926
3823
3693
3479
3076
2383
1367
102
-1212
-2351
-3208
-3812
-4236
-4472
-4414
-3928
-3027
-1899
-805
44
624
1063
1505
2024
2513
2835
2947
2934
3007
3260
3605
3868
3873
3610
3209
2755
2256
1632
771
-282
-1370
-2288
-2891
-3206
-3325
-3303
-3114
-2680
-2009
-1209
-450
151
577
879
1126
1320
1423
1407
1280
1145
1111
1214
1421
1627
1762
1828
1839
1801
1655
1340
847
241
-371
-897
-1306
-1619
-1793
-1822
-1669
-1312
-859
-384
40
313
521
650
676
672
554
354
85
-474
-1471
-3019
-4937
-6604
-7578
-7796
-7654
-7654
-7755
-7447
-6270
-4233
-1971
-188
886
1561
2284
3210
4069
4479
4344
3883
3481
3402
3587
3833
3969
3926
3799
3642
3424
3113
2582
1745
622
-681
-1925
-2890
-3543
-3975
-4248
-4332
-4060
-3348
-2389
-1397
-573
99
834
1653
2479
3127
3458
3617
3735
3873
4056
4155
4107
3880
3472
2972
2466
1991
1454
756
-100
-955
-1630
-2095
-2423
-2688
-2884
-2889
-2647
-2203
-1630
-1050
-504
6
467
894
1246
1471
1556
1536
1507
1549
1643
1723
1753
1727
1695
1666
1564
1356
1017
559
65
-416
-843
-1147
-1376
-1539
-1638
-1688
-1592
-1355
-1020
-646
-372
-179
-14
108
219
273
243
178
-22
-559
-1588
-3136
-4893
-6358
-7245
-7581
-7682
-7857
-7951
-7535
-6297
-4327
-2218
-540
576
1383
2225
3164
3944
4283
4146
3743
3384
3276
3380
3569
3707
3715
3663
3572
3423
3180
2693
1903
854
-343
-1481
-2403
-3108
-3626
-3996
-4150
-3911
-3248
-2290
-1255
-379
295
867
1455
2126
2781
3254
3482
3520
3579
3816
4177
4479
4510
4238
3812
3380
2953
2411
1634
603
-507
-1481
-2182
-2578
-2794
-2903
-2881
-2656
-2168
-1480
-759
-141
322
662
959
1215
1367
1391
1319
1246
1257
1378
1578
1773
1882
1889
1821
1722
1608
1393
1003
438
-198
-763
-1171
-1457
-1680
-1860
-1954
-1886
-1682
-1392
-1118
-929
-801
-706
-576
-399
-253
-226
-582
-1564
-3196
-5186
-6861
-7772
-7963
-7910
-8074
-8289
-7964
-6635
-4402
-2009
-155
969
1688
2482
3423
4198
4467
4116
3452
2881
2651
2770
3008
3185
3254
3262
3302
3353
3310
3018
2324
1240
-61
-1300
-2277
-3006
-3588
-4049
-4251
-3989
-3237
-2161
-1094
-244
411
1051
1862
2766
3544
3960
3981
3884
3928
4187
4533
4696
4562
4184
3718
3305
2929
2463
1736
737
-342
-1248
-1856
-2244
-2559
-2833
-2948
-2746
-2208
-1489
-759
-154
326
755
1134
1434
1574
1538
1416
1313
1330
1469
1624
1713
1710
1670
1642
1620
1519
1236
746
131
-475
-957
-1318
-1653
-1986
-2275
-2395
-2255
-1939
-1612
-1369
-1250
-1116
-899
-635
-376
-212
-123
-106
-337
-1049
-2426
-4348
-6218
-7506
-8035
-8157
-8378
-8695
-8632
-7663
-5729
-3390
-1329
117
1109
2018
2991
3881
4397
4378
3942
3389
3050
3054
3270
3493
3576
3568
3563
3573
3526
3249
2585
1536
246
-1046
-2154
-3072
-3837
-4414
-4664
-4434
-3696
-2564
-1223
163
1473
2682
3768
4669
5308
5600
5538
5234
4837
4475
4175
3871
3517
3122
2739
2438
2188
1892
1426
737
-85
-902
-1610
-2198
-2709
-3134
-3393
-3376
-3022
-2385
-1581
-739
46
769
1444
2031
2438
2581
2473
2251
2038
1897
1800
1671
1478
1234
994
799
641
465
182
-243
-781
-1341
-1862
-2318
-2710
-3029
-3203
-3219
-3047
-2735
-2342
-1866
-1380
-899
-439
-51
275
508
656
805
880
649
-222
-1898
-3999
-5840
-6934
-7350
-7622
-8090
-8542
-8427
-7347
-5474
-3400
-1662
-431
510
1442
2422
3285
3767
3749
3358
2945
2833
3063
3453
3740
3830
3850
3928
4090
4166
3901
3198
2162
1034
21
-861
-1680
-2456
-3083
-3372
-3209
-2641
-1812
-897
-11
840
1698
2557
3352
3953
4270
4328
4207
4057
3953
3849
3670
3348
2940
2571
2293
2059
1718
1193
525
-188
-845
-1419
-1927
-2360
-2685
-2833
-2744
-2425
-1930
-1355
-791
-259
250
734
1157
1456
1615
1675
1689
1689
1674
1623
1523
1374
1196
1007
820
607
341
-5
-437
-906
-1388
-1835
-2210
-2508
-2712
-2813
-2810
-2673
-2434
-2174
-1931
-1755
-1619
-1438
-1201
-902
-570
-226
209
622
749
318
-819
-2322
-3708
-4698
-5329
-5949
-6643
-7138
-7087
-6271
-4894
-3349
-1917
-700
399
1418
2316
3000
3336
3296
2960
2563
2343
2342
2491
2662
2805
3006
3312
3692
3965
3928
3529
2806
1915
963
-62
-1159
-2260
-3181
-3707
-3749
-3367
-2697
-1861
-873
275
1506
2677
3610
4193
4463
4499
4394
4198
3910
3540
3114
2695
2358
2155
2067
1977
1797
1486
1105
717
277
-250
-859
-1485
-1988
-2293
-2380
-2255
-1977
-1560
-1038
-464
138
718
1209
1547
1693
1686
1611
1513
1388
1232
1039
842
681
566
504
435
266
-37
-427
-824
-1167
-1503
-1924
-2416
-2874
-3144
-3162
-3006
-2783
-2579
-2379
-2084
-1658
-1130
-613
-217
47
228
458
726
770
255
-1062
-2855
-4488
-5543
-6009
-6331
-6781
-7159
-7113
-6357
-4988
-3356
-1794
-542
395
1112
1743
2333
2743
2818
2506
2046
1821
1959
2331
2675
2897
3120
3408
3749
4028
4096
3856
3283
2498
1675
908
187
-553
-1272
-1815
-2026
-1843
-1357
-724
-93
477
1019
1555
2100
2581
2902
3025
2984
2892
2862
2907
2925
2817
2613
2407
2243
2096
1886
1543
1070
512
-47
-516
-873
-1147
-1369
-1520
-1534
-1368
-1045
-641
-247
70
334
570
754
860
859
773
671
586
523
468
406
331
239
162
114
60
-59
-293
-635
-1036
-1431
-1787
-2092
-2334
-2520
-2622
-2636
-2538
-2315
-2041
-1772
-1525
-1330
-1174
-1075
-1014
-975
-986
-1014
-1039
-998
-846
-620
-381
-192
-56
79
159
53
-404
-1212
-2151
-2996
-3643
-4159
-4601
-4889
-4935
-4677
-4082
-3211
-2136
-1008
-8
815
1493
2083
2553
2781
2730
2487
2223
2056
1986
1977
2023
2157
2350
2548
2732
2883
2939
2814
2496
2048
1571
1117
666
240
-101
-301
-322
-162
147
547
976
1391
1754
2047
2272
2412
2429
2327
2156
1993
1878
1792
1702
1591
1475
1368
1259
1129
926
643
278
-140
-555
-921
-1209
-1417
-1545
-1575
-1478
-1256
-930
-567
-236
36
218
319
349
308
203
36
-169
-362
-491
-540
-526
-471
-413
-372
-344
-335
-343
-395
-523
-744
-1029
-1303
-1507
-1625
-1698
-1754
-1779
-1748
-1640
-1473
-1266
-1041
-827
-627
-435
-277
-155
-60
-7
-6
-41
-100
-155
-227
-387
-730
-1251
-1815
-2311
-2669
-2937
-3174
-3363
-3438
-3337
-3062
-2656
-2166
-1637
-1101
-576
-64
421
845
1175
1375
1475
1537
1604
1661
1698
1720
1745
1778
1790
1770
1729
1664
1569
1439
1291
1149
1008
861
717
598
526
511
536
596
711
888
1093
1295
1484
1672
1861
2026
2155
2257
2335
2386
2386
2331
2231
2100
1954
1793
1605
1389
1152
892
621
352
130
-39
-176
-286
-369
-399
-376
-310
-233
-165
-115
-101
-120
-175
-261
-371
-503
-648
-804
-946
-1064
-1190
-1334
-1496
-1642
-1733
-1761
-1751
-1750
-1775
-1816
-1848
-1856
-1845
-1856
-1903
-1969
-2014
-1998
-1928
-1825
-1730
-1653
-1581
-1491
-1359
-1181
-980
-782
-603
-434
-265
-109
27
134
234
349
461
535
551
524
503
531
602
696
785
860
922
995
1082
1197
1341
1493
1601
1605
1466
1172
755
275
-162
-449
-517
-370
-80
262
585
850
1029
1089
1020
853
631
399
171
-41
-223
-374
-493
-571
-606
-600
-554
-497
-427
-347
-272
-213
-190
-214
-256
-300
-333
-349
-338
-292
-216
-110
25
193
379
558
718
832
900
915
852
705
485
242
40
-100
-191
-239
-245
-193
-88
58
222
378
522
656
767
856
925
965
983
964
935
901
855
808
749
679
604
525
453
372
278
164
57
-14
-55
-73
-88
-105
-98
-59
-2
44
47
5
-65
-132
-170
-193
-244
-342
-485
-641
-772
-877
-972
-1085
-1202
-1294
-1344
-1342
-1316
-1280
-1248
-1209
-1175
-1157
-1163
-1195
-1252
-1333
-1421
-1506
-1587
-1651
-1670
-1611
-1441
-1189
-914
-672
-489
-349
-231
-140
-116
-165
-241
-283
-266
-210
-148
-93
-44
26
150
364
668
1009
1315
1522
1639
1696
1702
1660
1575
1467
1377
1316
1272
1222
1164
1118
1096
1113
1153
1216
1294
1383
1491
1607
1706
1755
1741
1674
1573
1452
1292
1089
865
657
494
382
327
287
184
-62
-505
-1117
-1816
-2510
-3111
-3568
-3862
-3995
-3990
-3867
-3641
-3312
-2855
-2264
-1547
-740
98
931
1728
2491
3247
3994
4668
5164
5354
5140
4498
3495
2277
1023
-68
-841
-1200
-1107
-610
107
780
1209
1308
1096
640
50
-559
-1098
-1491
-1700
-1724
-1612
-1496
-1506
-1708
-2014
-2262
-2323
-2183
-1975
-1836
-1838
-1965
-2142
-2294
-2357
-2317
-2179
-1983
-1764
-1505
-1183
-812
-470
-259
-204
-253
-300
-234
23
360
473
221
-228
-616
-787
-711
-447
-123
172
369
398
204
-179
-579
-837
-890
-787
-594
-355
-84
244
615
992
1395
1911
2546
3208
3809
4246
4452
4395
4127
3768
3406
3099
2837
2603
2380
2155
1922
1653
1355
1050
763
512
300
116
-42
-166
-220
-140
119
472
689
565
99
-507
-1009
-1312
-1512
-1774
-2157
-2589
-2962
-3163
-3127
-2835
-2331
-1737
-1218
-885
-741
-693
-657
-655
-768
-1019
-1374
-1749
-2037
-2175
-2138
-1925
-1563
-1192
-1004
-1011
-1047
-897
-489
51
523
806
944
962
793
440
58
-218
-405
-501
-497
-465
-426
-285
63
588
1178
1690
2027
2172
2169
2116
2073
2046
2024
1943
1756
1423
945
430
16
-213
-341
-542
-885
-1241
-1375
-1200
-834
-490
-360
-497
-792
-995
-906
-545
-72
356
667
800
688
365
-27
-335
-487
-489
-470
-590
-743
-646
-196
436
1041
1527
1857
2031
2036
1888
1641
1382
1158
941
687
400
163
46
52
129
234
327
326
177
-66
-298
-438
-477
-439
-364
-303
-278
-299
-339
-381
-433
-519
-641
-736
-720
-567
-402
-358
-465
-682
-965
-1299
-1657
-1957
-2073
-1896
-1393
-692
-39
378
499
360
75
-232
-465
-609
-677
-684
-660
-614
-546
-416
-227
8
250
451
594
682
742
788
815
833
849
864
863
848
843
856
884
889
832
725
627
567
556
601
648
666
626
524
389
262
177
150
179
221
219
155
30
-127
-285
-438
-590
-736
-872
-988
-1067
-1108
-1112
-1094
-1056
-1010
-968
-937
-927
-918
-890
-832
-725
-588
-451
-336
-264
-240
-256
-288
-312
-295
-215
-87
69
231
400
567
707
809
860
865
838
810
817
868
945
1024
1062
1032
943
815
679
547
422
320
240
186
167
185
229
282
320
328
313
281
249
228
217
230
274
327
370
400
405
389
371
344
298
244
180
121
69
19
-36
-116
-233
-374
-504
-608
-674
-687
-657
-604
-551
-518
-501
-481
-453
-418
-368
-329
-314
-312
-307
-287
-257
-218
-177
-125
-63
-26
-39
-104
-221
-385
-581
-783
-954
-1067
-1106
-1056
-938
-780
-609
-449
-318
-213
-126
-71
-53
-33
21
129
284
438
538
524
384
153
-117
-368
-560
-678
-736
-738
-694
-610
-489
-340
-165
36
248
455
643
817
990
1155
1249
1213
1029
708
315
-66
-364
-525
-552
-480
-360
-215
-51
131
321
483
574
572
482
343
206
113
100
166
281
435
617
806
992
1164
1285
1312
1244
1112
957
795
645
532
476
468
496
549
605
638
636
581
444
249
42
-138
-273
-369
-431
-467
-478
-480
-482
-478
-469
-469
-473
-476
-473
-461
-458
-483
-540
-617
-687
-739
-772
-785
-782
-789
-824
-874
-922
-951
-964
-962
-932
-853
-712
-531
-349
-202
-105
-48
-16
12
47
89
140
178
202
219
243
281
317
338
333
296
234
152
78
12
-57
-133
-209
-253
-239
-155
-29
108
229
327
409
471
517
546
550
522
477
437
425
447
477
460
344
126
-147
-410
-605
-690
-670
-584
-477
-373
-281
-200
-116
-34
35
72
72
40
-15
-87
-170
-264
-370
-482
-584
-658
-689
-674
-613
-513
-377
-229
-76
72
193
272
306
281
210
132
71
44
41
47
65
114
200
323
489
679
873
1052
1200
1314
1400
1456
1475
1450
1383
1277
1161
1060
973
906
854
802
742
675
607
547
488
418
331
232
118
-9
-151
-283
-377
-436
-474
-503
-534
-563
-584
-605
-639
-687
-751
-828
-920
-1021
-1123
-1209
-1258
-1279
-1272
-1233
-1178
-1121
-1068
-1010
-938
-854
-765
-675
-579
-461
-320
-172
-29
94
184
230
230
186
119
46
-28
-98
-155
-195
-219
-225
-221
-213
-194
-152
-96
-41
10
47
65
59
14
-58
-122
-164
-192
-211
-232
-259
-276
-271
-243
-186
-102
6
124
243
353
455
556
651
725
763
770
755
711
654
591
521
453
386
316
247
190
145
108
81
73
82
119
175
242
319
403
485
566
642
709
775
826
855
856
835
794
739
678
614
553
489
409
315
220
126
35
-60
-159
-255
-349
-436
-512
-579
-632
-676
-705
-709
-697
-668
-628
-581
-529
-475
-428
-386
-334
-266
-197
-139
-93
-65
-48
-35
-23
-15
-6
1
5
8
11
28
64
116
170
209
229
232
226
217
215
218
206
169
112
47
-9
-50
-82
-110
-143
-184
-232
-274
-298
-315
-332
-351
-376
-394
-404
-411
-412
-415
-426
-442
-453
-446
-431
-413
-392
-371
-351
-328
-311
-300
-294
-285
-281
-284
-299
-329
-366
-394
-411
-414
-405
-388
-361
-323
-270
-207
-138
-69
-8
45
93
143
201
264
326
380
428
467
501
530
558
589
626
670
716
761
792
805
803
794
789
783
775
760
725
675
615
557
502
454
414
382
357
340
321
295
263
232
211
183
146
98
41
-9
-53
-90
-131
-180
-234
-291
-341
-384
-421
-459
-488
-507
-514
-513
-511
-507
-502
-495
-482
-461
-433
-394
-344
-299
-267
-249
-234
-213
-175
-122
-58
3
57
102
131
151
162
170
183
204
227
236
228
211
194
185
179
177
174
167
160
147
128
110
100
95
89
71
40
7
-16
-24
-34
-54
-91
-143
-206
-267
-313
-344
-373
-406
-436
-456
-469
-475
-478
-482
-485
-483
-479
-470
-447
-412
-373
-343
-326
-315
-304
-282
-254
-220
-182
-137
-96
-62
-33
1
48
107
169
220
261
293
321
341
356
374
390
401
411
425
445
461
470
471
464
450
431
412
390
366
347
326
308
296
288
277
268
256
244
230
212
192
174
158
146
133
120
102
78
49
22
2
-20
-40
-59
-77
-89
-94
-90
-82
-71
-60
-53
-51
-52
-51
-48
-54
-66
-78
-90
-106
-128
-149
-170
-191
-216
-243
-264
-280
-295
-307
-325
-340
-355
-371
-388
-401
-403
-393
-368
-335
-291
-237
-179
-114
-47
15
72
122
168
210
247
279
296
297
290
284
285
284
275
268
258
236
206
171
131
84
26
-42
-106
-159
-201
-237
-275
-302
-317
-317
-311
-304
-292
-273
-246
-216
-186
-150
-105
-58
-11
26
55
83
109
132
146
151
149
140
126
114
102
92
83
76
76
87
100
110
117
121
126
128
130
136
138
139
138
139
145
150
146
136
125
116
107
93
73
53
32
12
-9
-26
-38
-46
-49
-51
-51
-49
-47
-47
-53
-59
-59
-47
-28
-6
13
28
39
47
52
56
60
66
70
69
57
37
14
-10
-34
-53
-69
-85
-101
-114
-122
-127
-133
-142
-151
-154
-152
-145
-139
-133
-128
-123
-117
-114
-111
-109
-103
-98
-95
-88
-76
-64
-55
-55
-51
-45
-34
-20
-6
12
31
49
61
67
72
79
89
97
105
114
121
128
132
138
145
149
154
160
160
157
148
136
124
113
102
87
74
59
48
44
42
36
23
7
-7
-13
-15
-9
-1
4
3
-1
-1
6
19
26
18
-2
-29
-54
-71
-82
-96
-108
-118
-129
-141
-154
-165
-164
-149
-128
-111
-106
-106
-105
-96
-81
-67
-61
-57
-56
-54
-49
-48
-43
-29
-11
7
14
12
9
6
2
1
-5
-14
-25
-30
-33
-34
-36
-33
-25
-16
-6
5
20
36
53
63
67
69
71
77
83
86
85
87
92
98
104
111
117
115
108
97
88
84
83
83
85
90
94
98
100
100
99
96
88
84
85
85
80
68
52
38
26
15
-1
-21
-45
-71
-99
-122
-143
-162
-181
-195
-204
-210
-214
-221
-234
-242
-240
-233
-221
-209
-193
-173
-150
-125
-94
-62
-31
-1
27
56
83
110
134
150
161
162
161
161
168
178
184
186
181
174
161
149
139
131
123
112
99
87
77
73
73
72
67
57
48
43
43
46
37
18
-7
-32
-50
-65
-78
-99
-116
-132
-141
-145
-150
-159
-171
-184
-195
-201
-202
-203
-206
-211
-213
-212
-209
-205
-194
-178
-157
-135
-109
-85
-61
-40
-21
-2
18
36
51
64
75
92
113
141
164
181
192
198
203
209
221
232
240
246
252
262
273
285
291
290
282
269
255
239
219
196
169
142
112
78
44
11
-21
-51
-79
-104
-127
-147
-161
-169
-175
-179
-190
-202
-207
-205
-198
-189
-183
-184
-187
-192
-191
-186
-186
-192
-203
-215
-218
-215
-205
-190
-176
-171
-167
-158
-139
-115
-89
-66
-51
-40
-27
-12
-1
11
21
35
54
72
86
95
101
111
126
137
146
144
137
132
126
122
114
112
113
108
104
99
98
103
115
125
132
133
126
119
116
118
122
131
135
135
130
120
112
102
92
85
79
70
57
46
34
24
11
-6
-23
-36
-46
-54
-55
-56
-60
-65
-69
-71
-78
-88
-95
-99
-97
-95
-90
-86
-86
-90
-97
-101
-102
-109
-118
-127
-130
-131
-128
-124
-119
-117
-117
-115
-108
-92
-75
-52
-33
-13
0
4
6
11
21
39
60
79
90
92
89
82
75
71
66
65
62
56
48
36
20
4
-11
-19
-18
-17
-20
-21
-22
-25
-29
-32
-32
-32
-34
-33
-36
-40
-39
-35
-23
-9
3
16
25
27
23
15
4
-1
-3
2
4
5
5
3
1
1
2
4
7
11
12
11
7
6
6
10
13
17
21
22
23
25
28
31
36
39
41
40
44
56
74
88
93
88
84
83
79
78
81
87
92
94
89
84
75
66
58
51
41
27
5
-15
-32
-43
-46
-48
-53
-59
-65
-66
-66
-64
-63
-67
-72
-73
-71
-66
-60
-55
-45
-27
-4
10
12
4
-8
-17
-18
-12
-1
5
5
2
-1
-6
-12
-16
-16
-15
-17
-21
-29
-37
-35
-24
-11
-1
-6
-24
-44
-54
-53
-47
-45
-47
-53
-60
-58
-47
-32
-23
-20
-22
-28
-37
-43
-47
-48
-42
-32
-19
-14
-18
-24
-25
-18
-8
3
11
14
14
13
9
5
2
4
15
36
53
63
65
62
60
65
71
72
65
57
52
45
39
36
34
39
46
49
46
40
28
18
11
5
3
1
1
3
5
5
0
-7
-13
-13
-11
-10
-8
-5
-4
1
7
9
6
1
-6
-8
-6
0
7
12
17
18
17
16
13
15
20
27
25
15
5
-1
-1
3
7
9
11
11
9
10
12
19
32
39
41
35
27
18
11
2
-7
-13
-21
-28
-33
-35
-32
-24
-12
-6
-8
-19
-35
-43
-41
-31
-18
-13
-10
-11
-15
-18
-19
-16
-11
-7
-9
-17
-26
-32
-33
-32
-33
-37
-43
-51
-58
-61
-60
-57
-54
-47
-41
-33
-29
-29
-32
-35
-32
-27
-23
-20
-16
-11
-7
-3
2
4
3
-1
-5
-9
-9
-5
3
12
19
25
28
25
21
14
8
8
17
28
34
39
44
49
56
63
64
59
51
46
47
50
56
60
65
68
65
56
47
40
41
42
39
28
13
4
5
14
26
28
18
4
-6
-12
-13
-9
-4
2
4
1
-4
-10
-11
-10
-10
-8
-8
-10
-12
-17
-23
-29
-33
-33
-33
-30
-27
-20
-16
-18
-19
-24
-26
-25
-26
-29
-33
-33
-25
-14
-1
3
0
-6
-11
-16
-20
-24
-29
-35
-44
-47
-44
-38
-29
-20
-14
-8
-4
-2
-2
-1
-2
-3
-4
-3
1
6
12
19
22
19
9
0
-1
4
8
8
8
5
7
8
6
3
7
10
11
11
6
-3
-10
-10
-8
-7
-2
4
8
13
20
23
20
17
14
15
14
12
9
7
10
13
16
16
15
11
3
-2
-4
-1
1
4
8
12
10
6
5
1
2
5
7
10
12
12
11
10
9
8
10
13
16
16
9
4
3
1
-1
-8
-19
-25
-27
-24
-15
-11
-14
-21
-27
-31
-38
-39
-33
-23
-9
2
8
9
8
8
14
19
20
16
8
-3
-10
-13
-11
-5
6
13
13
14
15
16
20
21
19
20
23
25
24
19
13
8
9
14
19
21
16
12
12
13
15
17
17
14
8
3
1
-4
-13
-26
-36
-36
-30
-27
-28
-34
-35
-34
-30
-28
-31
-34
-33
-24
-16
-9
-9
-11
-8
-5
-2
-4
-7
-11
-10
-7
-3
-5
-15
-21
-25
-25
-23
-27
-29
-30
-32
-32
-28
-19
-12
-11
-10
-8
-5
-1
4
9
17
27
35
36
33
23
18
19
25
31
31
24
16
8
4
6
11
14
18
21
24
24
23
23
25
31
34
33
28
21
19
22
32
39
39
34
26
20
20
20
17
11
4
1
-1
4
10
10
9
7
-3
-10
-11
-8
-5
-8
-16
-21
-22
-18
-11
-7
-9
-15
-17
-16
-7
-1
0
-2
-9
-16
-24
-28
-34
-36
-34
-27
-19
-14
-17
-24
-29
-31
-25
-18
-12
-6
-9
-13
-17
-14
-12
-13
-9
-7
-6
-1
-3
-11
-20
-24
-21
-10
-2
0
2
4
2
-1
-11
-23
-28
-23
-13
1
14
21
23
25
25
23
22
22
23
24
28
27
26
26
25
24
23
23
23
22
18
17
17
18
17
16
16
17
17
18
16
11
7
2
1
2
6
8
8
11
10
5
