-2
2
2
1
2
3
3
2
1
1
3
2
3
0
0
1
2
4
4
6
9
11
9
4
-5
-12
-14
-11
-4
1
5
7
8
7
5
1
-1
-4
-5
-5
-4
-4
-5
-5
-4
-5
-5
-2
-1
0
0
0
0
2
1
2
1
-1
-3
-4
-6
-6
-5
-4
-5
-4
-2
1
5
7
7
4
1
-3
-3
-3
-3
-3
-2
-1
1
2
4
4
3
1
-1
-3
-3
-3
-2
-1
-2
-2
-1
1
5
5
2
-2
-5
-5
-3
1
3
2
0
0
1
3
7
7
5
1
-2
-3
0
4
8
10
6
3
2
4
7
8
4
-2
-5
-4
-2
2
5
6
7
5
2
2
0
-1
0
-1
-1
-4
-5
-6
-6
-3
-2
-1
1
1
2
0
-2
-5
-6
-4
-2
0
2
2
1
1
-1
-2
-3
-6
-8
-8
-6
-5
-2
-1
-1
-2
-2
-1
1
2
2
0
-1
-4
-5
-5
-3
1
3
3
0
-3
-3
-3
-3
-2
-1
-2
1
2
3
5
5
4
1
1
2
3
3
2
1
-2
-4
-5
-4
0
3
3
3
4
4
5
6
6
7
7
4
2
-1
-4
-5
-5
-2
2
5
6
6
5
4
2
-1
-2
0
2
2
1
0
1
3
3
2
1
-1
-1
-1
3
6
6
3
0
-1
-1
0
-1
-2
-3
-3
-4
-3
-2
0
-1
-2
-4
-4
-5
-7
-9
-7
-4
-3
-4
-4
-2
0
0
-2
-6
-6
-5
-4
-2
2
3
3
1
1
1
2
2
0
-2
-2
-2
-3
0
1
5
6
4
3
0
-2
-3
-3
-1
2
4
4
3
2
2
1
1
1
1
2
0
0
0
1
-1
-2
-5
-6
-4
-1
2
5
6
5
0
-2
-3
-2
-1
0
0
1
3
5
6
7
7
7
6
4
3
0
-1
1
2
3
3
3
0
-1
2
4
5
1
-4
-9
-11
-10
-7
-5
-1
2
6
10
11
12
10
5
1
-6
-7
-9
-9
-7
-4
1
3
2
1
2
0
-1
-5
-9
-12
-12
-13
-12
-9
-3
2
6
7
4
0
-6
-11
-13
-11
-8
-5
0
6
11
11
9
5
1
1
-1
-3
-6
-8
-9
-8
-5
-1
1
4
7
8
8
5
2
-3
-6
-7
-4
0
7
13
17
18
17
13
8
3
0
2
4
5
3
2
3
7
7
2
-2
-3
-1
2
2
-1
-3
-6
-3
1
3
4
2
0
0
-1
-3
-7
-6
-1
2
5
4
0
0
4
9
11
9
2
-5
-10
-12
-11
-9
-5
-1
2
7
8
6
3
-1
-2
-2
-4
-8
-13
-16
-13
-7
-3
-3
-6
-7
-6
-2
-1
-4
-10
-13
-11
-8
-4
-2
-1
1
6
9
5
-3
-12
-17
-17
-18
-17
-19
-15
-8
2
12
16
15
11
6
5
5
3
0
-5
-7
-3
3
10
13
16
18
19
18
15
11
9
8
9
10
8
5
4
5
8
9
6
0
-4
-4
-2
1
1
1
5
10
19
25
29
29
30
30
29
27
25
25
26
28
30
30
31
29
29
30
30
25
20
14
8
2
-3
-8
-15
-23
-31
-38
-45
-51
-57
-61
-64
-65
-66
-69
-73
-79
-83
-85
-87
-88
-88
-85
-76
-63
-50
-39
-32
-28
-23
-18
-14
-11
-7
-4
0
5
10
13
15
16
18
20
20
18
13
8
5
3
4
4
4
7
12
19
27
34
40
44
48
52
54
55
55
57
63
70
79
86
90
94
95
97
95
92
88
83
80
81
82
87
91
95
101
107
113
113
109
105
100
92
83
72
62
56
53
51
47
41
31
19
1
-21
-50
-82
-117
-152
-184
-214
-246
-280
-311
-337
-358
-379
-399
-412
-412
-404
-389
-369
-337
-290
-234
-172
-111
-51
3
47
84
112
135
148
152
151
149
147
137
124
107
85
63
37
7
-24
-51
-75
-93
-103
-101
-88
-66
-35
7
54
103
148
188
225
257
283
302
314
323
328
332
332
324
311
291
266
237
204
163
119
75
35
4
-19
-34
-42
-39
-26
-6
15
37
57
74
91
106
118
124
125
125
124
125
124
121
111
98
81
63
39
7
-29
-70
-105
-137
-161
-182
-201
-214
-215
-205
-189
-176
-165
-161
-157
-152
-150
-156
-172
-192
-204
-200
-185
-174
-168
-165
-158
-150
-153
-180
-232
-296
-359
-409
-444
-465
-470
-455
-411
-346
-270
-201
-147
-105
-67
-28
1
13
13
13
31
71
126
183
219
236
247
253
251
225
173
104
37
-9
-34
-37
-26
2
46
105
171
230
272
293
301
307
306
298
279
260
254
265
291
317
329
325
311
289
268
239
198
143
87
49
33
34
41
51
69
94
123
145
152
141
113
81
49
32
27
28
37
57
87
120
139
136
113
76
36
-8
-52
-101
-152
-189
-197
-173
-130
-95
-78
-78
-81
-90
-110
-146
-191
-235
-259
-249
-208
-151
-97
-53
-20
-21
-97
-285
-571
-871
-1101
-1227
-1282
-1311
-1295
-1194
-978
-675
-361
-107
64
164
222
261
290
295
274
256
288
395
549
698
805
867
892
872
795
639
410
146
-99
-284
-395
-447
-453
-411
-308
-155
17
161
245
274
254
204
130
40
-38
-69
-31
82
242
416
575
696
776
809
782
686
521
311
104
-64
-178
-239
-261
-244
-189
-106
-15
60
96
87
48
-1
-46
-82
-102
-97
-57
21
127
242
336
395
411
392
338
250
140
19
-89
-168
-209
-211
-183
-136
-88
-42
-8
5
-7
-49
-111
-178
-238
-281
-303
-311
-306
-286
-251
-203
-159
-135
-132
-149
-167
-181
-192
-201
-207
-205
-199
-209
-259
-356
-477
-597
-700
-792
-875
-941
-972
-938
-832
-676
-493
-314
-151
0
140
269
376
439
457
453
460
482
508
522
533
546
560
568
556
514
438
331
214
100
-1
-87
-147
-175
-164
-114
-40
43
111
147
152
130
92
48
8
-5
11
62
149
257
377
488
576
632
646
616
538
424
292
162
54
-28
-73
-88
-75
-33
22
77
120
141
135
102
50
-8
-59
-93
-105
-94
-59
-8
55
117
170
202
208
189
150
100
46
-3
-37
-48
-37
-11
19
42
47
25
-31
-113
-209
-296
-360
-403
-434
-451
-450
-413
-345
-266
-195
-147
-99
-29
57
168
272
303
179
-181
-714
-1231
-1561
-1668
-1673
-1706
-1734
-1628
-1293
-775
-264
83
244
289
316
348
367
349
285
216
232
384
636
887
1054
1135
1178
1201
1169
1023
734
358
-4
-273
-416
-482
-510
-499
-416
-229
22
254
392
419
376
318
268
223
170
127
106
108
129
168
242
357
466
531
523
466
403
332
257
174
76
-1
-50
-80
-88
-75
-47
-22
-10
12
43
61
50
21
2
3
9
6
0
11
44
103
166
211
224
191
130
68
20
-26
-81
-134
-152
-131
-76
-7
60
110
135
129
95
41
-29
-112
-194
-245
-250
-224
-196
-176
-156
-124
-66
2
62
104
131
159
177
110
-144
-629
-1236
-1750
-2033
-2107
-2120
-2168
-2166
-1974
-1528
-926
-380
-18
169
271
385
512
602
604
518
447
496
692
964
1188
1303
1341
1352
1355
1295
1097
740
297
-116
-407
-572
-669
-726
-728
-628
-408
-125
132
295
349
342
338
349
356
342
325
354
473
673
905
1074
1087
933
659
362
132
-42
-218
-414
-588
-630
-504
-268
-19
140
209
246
261
243
174
34
-148
-311
-375
-304
-156
-7
121
260
432
602
693
656
501
288
90
-60
-175
-269
-344
-380
-322
-163
35
191
247
222
163
92
18
-87
-225
-349
-421
-407
-315
-190
-66
33
110
181
224
193
81
-78
-214
-281
-273
-217
-137
-35
67
80
-114
-561
-1157
-1707
-2068
-2259
-2403
-2538
-2564
-2346
-1835
-1163
-522
-17
330
584
791
930
989
932
784
641
596
704
913
1118
1276
1386
1475
1534
1497
1298
926
442
-38
-427
-713
-922
-1060
-1099
-993
-733
-381
-26
255
429
530
591
626
630
586
524
501
561
714
921
1087
1138
1058
856
609
363
114
-129
-379
-590
-684
-653
-503
-306
-147
-14
87
158
211
199
113
-16
-146
-214
-209
-146
-45
77
230
416
608
744
766
665
480
272
65
-130
-312
-483
-586
-581
-478
-314
-163
-56
6
36
55
40
-20
-110
-209
-265
-259
-200
-93
39
180
314
415
466
456
378
241
90
-51
-149
-185
-170
-129
-176
-446
-959
-1646
-2294
-2723
-2958
-3103
-3257
-3359
-3193
-2679
-1901
-1078
-423
64
476
876
1246
1482
1538
1448
1310
1268
1377
1584
1777
1883
1923
1948
1975
1923
1683
1218
594
-46
-591
-1013
-1337
-1600
-1758
-1725
-1471
-1044
-562
-142
176
423
647
857
1011
1080
1082
1087
1166
1336
1559
1753
1781
1599
1257
866
560
314
35
-313
-680
-893
-885
-730
-537
-441
-440
-414
-340
-238
-173
-212
-314
-403
-366
-155
119
346
511
685
936
1213
1392
1382
1191
897
602
359
143
-87
-343
-593
-712
-655
-512
-404
-401
-446
-447
-398
-341
-338
-408
-479
-476
-368
-162
70
266
413
535
677
820
864
763
556
326
185
161
201
200
-30
-610
-1536
-2651
-3637
-4272
-4590
-4759
-4907
-4921
-4557
-3724
-2555
-1374
-447
214
743
1243
1694
1997
2087
2003
1888
1911
2129
2451
2718
2855
2885
2867
2796
2574
2099
1340
400
-523
-1294
-1864
-2278
-2591
-2734
-2614
-2185
-1531
-832
-233
217
560
872
1166
1395
1519
1562
1616
1781
2069
2384
2581
2546
2297
1919
1512
1118
678
150
-419
-916
-1214
-1289
-1219
-1107
-1031
-964
-831
-638
-446
-334
-327
-359
-331
-197
29
274
499
722
986
1305
1614
1797
1791
1599
1290
952
605
226
-198
-639
-999
-1194
-1220
-1144
-1067
-1014
-964
-878
-744
-614
-537
-513
-487
-393
-221
-2
209
374
532
676
821
941
965
927
838
703
576
425
277
166
37
-107
-422
-1087
-2082
-3269
-4323
-5004
-5345
-5472
-5506
-5369
-4842
-3854
-2548
-1221
-129
678
1300
1848
2303
2586
2641
2518
2367
2324
2476
2753
2988
3099
3082
2998
2862
2563
2001
1163
139
-867
-1699
-2304
-2705
-2956
-3029
-2844
-2346
-1613
-811
-97
461
893
1245
1557
1807
1942
1986
2010
2097
2298
2554
2774
2794
2533
2081
1476
839
222
-456
-1127
-1707
-2082
-2163
-2045
-1779
-1454
-1165
-820
-449
-154
46
114
85
39
74
250
482
706
939
1220
1576
1931
2169
2197
2009
1652
1190
705
201
-315
-788
-1177
-1377
-1347
-1188
-1007
-851
-706
-554
-428
-339
-310
-338
-359
-337
-251
-92
130
382
628
847
1018
1121
1116
985
801
625
482
308
-134
-1047
-2431
-3958
-5123
-5692
-5796
-5784
-5846
-5751
-5157
-3958
-2426
-1055
-129
417
855
1366
1900
2286
2399
2309
2248
2429
2874
3380
3687
3704
3549
3365
3149
2770
2067
1016
-201
-1307
-2105
-2606
-2931
-3157
-3223
-2967
-2342
-1494
-658
-7
429
750
1080
1439
1748
1913
1952
2008
2210
2565
2919
3040
2867
2463
1971
1523
1032
402
-336
-1053
-1540
-1740
-1731
-1612
-1519
-1436
-1269
-1013
-712
-478
-382
-397
-405
-277
-3
322
605
843
1109
1444
1823
2128
2246
2146
1864
1501
1106
667
185
-336
-807
-1105
-1184
-1111
-1011
-947
-884
-799
-687
-571
-519
-525
-552
-519
-387
-194
50
304
531
774
1020
1228
1338
1302
1182
997
807
692
596
393
-180
-1321
-2897
-4518
-5675
-6166
-6231
-6223
-6280
-6104
-5325
-3897
-2166
-697
230
780
1258
1835
2373
2667
2644
2416
2295
2494
2972
3475
3743
3725
3550
3383
3209
2826
2049
866
-482
-1668
-2508
-3020
-3364
-3598
-3607
-3237
-2462
-1478
-553
148
617
981
1357
1719
1971
2056
2041
2089
2320
2703
3074
3165
2892
2388
1802
1308
853
267
-470
-1228
-1750
-1925
-1849
-1646
-1480
-1378
-1214
-945
-635
-415
-340
-385
-438
-329
-34
340
662
896
1166
1538
1976
2340
2461
2307
1942
1500
1081
651
162
-374
-892
-1216
-1246
-1092
-922
-849
-844
-804
-699
-574
-512
-579
-692
-736
-620
-336
-7
281
506
727
1027
1349
1573
1547
1275
931
654
551
510
207
-603
-1985
-3612
-4934
-5654
-5839
-5872
-6031
-6129
-5764
-4701
-3129
-1578
-468
181
666
1251
1922
2433
2601
2491
2330
2394
2764
3244
3572
3608
3460
3323
3220
3010
2484
1520
278
-923
-1848
-2453
-2878
-3235
-3465
-3393
-2888
-2027
-1083
-309
232
635
1039
1481
1858
2055
2066
2001
2030
2189
2401
2577
2616
2503
2273
1956
1571
1066
433
-236
-853
-1318
-1611
-1789
-1906
-1953
-1871
-1614
-1235
-840
-513
-282
-92
116
346
565
742
871
1005
1206
1486
1784
1997
2065
1994
1825
1569
1212
745
205
-331
-780
-1062
-1189
-1229
-1229
-1223
-1167
-1038
-869
-699
-599
-555
-511
-436
-275
-71
139
336
495
660
832
971
1064
1059
962
846
778
776
657
113
-1049
-2729
-4439
-5610
-6079
-6119
-6153
-6275
-6120
-5309
-3796
-2007
-544
355
873
1351
1919
2416
2635
2501
2180
1989
2166
2666
3205
3511
3535
3446
3393
3303
2967
2190
988
-367
-1543
-2358
-2871
-3244
-3524
-3577
-3199
-2374
-1313
-327
385
846
1190
1544
1890
2106
2126
2024
1983
2137
2413
2605
2575
2296
1952
1700
1449
1062
444
-276
-863
-1245
-1398
-1440
-1499
-1538
-1490
-1282
-928
-552
-289
-211
-220
-151
68
349
552
667
781
999
1334
1676
1911
1949
1806
1586
1340
1064
708
224
-315
-749
-981
-1033
-1039
-1078
-1113
-1109
-1008
-830
-670
-563
-525
-487
-361
-143
118
329
481
657
881
1123
1247
1166
923
654
501
458
404
78
-800
-2219
-3866
-5217
-5952
-6179
-6224
-6326
-6318
-5807
-4625
-2968
-1352
-182
533
1052
1635
2252
2691
2796
2612
2400
2423
2746
3202
3528
3592
3461
3299
3159
2900
2332
1358
116
-1098
-2043
-2664
-3083
-3400
-3556
-3384
-2777
-1833
-810
47
655
1096
1502
1921
2257
2409
2369
2255
2194
2247
2382
2497
2529
2415
2157
1785
1348
881
353
-239
-837
-1368
-1733
-1915
-1951
-1902
-1783
-1552
-1223
-833
-455
-143
102
302
504
725
935
1102
1213
1316
1480
1686
1856
1910
1818
1595
1296
941
532
85
-387
-836
-1187
-1378
-1427
-1409
-1385
-1329
-1208
-1013
-747
-512
-358
-243
-148
-1
226
485
722
837
867
866
851
832
750
614
511
493
466
61
-980
-2608
-4383
-5679
-6265
-6357
-6415
-6605
-6554
-5841
-4339
-2435
-781
309
938
1457
2077
2671
3009
2965
2651
2379
2427
2834
3352
3682
3697
3531
3374
3240
2955
2263
1102
-289
-1576
-2503
-3080
-3460
-3725
-3801
-3472
-2669
-1561
-448
426
1021
1460
1881
2289
2567
2630
2508
2383
2393
2505
2606
2573
2382
2148
1902
1585
1120
486
-204
-835
-1313
-1616
-1801
-1923
-1959
-1888
-1676
-1296
-834
-432
-161
24
238
514
781
973
1079
1161
1295
1495
1735
1931
2013
1960
1810
1589
1284
878
350
-239
-753
-1117
-1322
-1431
-1504
-1519
-1460
-1283
-1010
-720
-459
-294
-191
-76
81
301
516
643
666
639
621
624
629
635
670
760
776
380
-743
-2590
-4645
-6212
-6927
-7031
-7107
-7350
-7352
-6564
-4823
-2631
-748
442
1073
1587
2210
2809
3136
3031
2638
2315
2380
2889
3548
3989
4077
3956
3825
3693
3388
2618
1298
-318
-1816
-2876
-3514
-3922
-4212
-4297
-3903
-2944
-1634
-335
650
1278
1694
2089
2484
2742
2709
2391
2045
1937
2170
2615
2955
3000
2775
2451
2194
1902
1414
647
-309
-1195
-1813
-2112
-2219
-2265
-2258
-2106
-1673
-1012
-340
128
339
441
598
827
1047
1123
1065
1022
1136
1471
1890
2196
2253
2077
1795
1503
1174
709
76
-635
-1234
-1582
-1710
-1713
-1685
-1624
-1442
-1137
-753
-395
-174
-88
-81
-36
78
242
367
403
415
429
506
592
679
803
931
947
480
-769
-2750
-4941
-6599
-7406
-7575
-7645
-7816
-7658
-6703
-4828
-2540
-595
656
1331
1857
2446
2953
3188
3018
2609
2315
2421
2957
3614
4087
4245
4197
4114
3962
3575
2686
1249
-461
-2036
-3155
-3838
-4265
-4519
-4503
-3981
-2911
-1521
-169
858
1523
1962
2337
2679
2838
2670
2261
1869
1791
2109
2603
2981
3028
2843
2659
2506
2293
1802
940
-111
-1098
-1762
-2105
-2294
-2415
-2475
-2323
-1830
-1085
-357
97
286
391
565
795
950
966
866
817
986
1379
1863
2192
2262
2155
1982
1803
1508
955
183
-641
-1291
-1657
-1809
-1853
-1859
-1780
-1516
-1071
-554
-121
78
84
49
73
177
253
219
130
49
77
215
364
536
714
915
1032
699
-360
-2198
-4406
-6269
-7362
-7717
-7803
-7912
-7788
-6999
-5310
-3042
-875
688
1569
2122
2644
3132
3400
3263
2812
2345
2225
2593
3231
3813
4107
4145
4100
4006
3741
3029
1756
106
-1561
-2879
-3746
-4272
-4566
-4598
-4183
-3233
-1885
-467
709
1528
2047
2434
2748
2928
2823
2391
1877
1559
1672
2173
2706
2929
2771
2450
2218
2065
1776
1119
84
-1016
-1814
-2199
-2293
-2287
-2290
-2196
-1820
-1122
-310
318
614
662
691
831
1019
1099
993
814
802
1101
1610
2060
2254
2167
1934
1700
1463
1069
414
-405
-1161
-1654
-1825
-1790
-1706
-1594
-1391
-1048
-598
-166
116
213
224
257
319
358
272
42
-198
-310
-245
-45
223
504
701
534
-251
-1778
-3760
-5512
-6609
-7073
-7293
-7589
-7682
-7099
-5605
-3455
-1351
210
1186
1897
2608
3217
3513
3379
2936
2464
2254
2467
2938
3400
3663
3719
3739
3744
3585
3024
1915
423
-1112
-2359
-3214
-3801
-4227
-4428
-4189
-3374
-2120
-750
434
1311
1931
2404
2780
2921
2725
2259
1751
1525
1663
2015
2314
2420
2414
2421
2482
2489
2189
1458
455
-513
-1264
-1776
-2127
-2443
-2662
-2599
-2132
-1372
-603
-42
311
577
869
1158
1308
1242
997
766
770
1032
1405
1699
1808
1799
1790
1810
1703
1309
665
-91
-761
-1223
-1498
-1688
-1843
-1871
-1679
-1250
-684
-207
65
143
157
241
354
411
305
82
-132
-242
-183
0
265
540
767
730
58
-1372
-3342
-5220
-6439
-6964
-7151
-7420
-7616
-7188
-5861
-3780
-1628
12
1054
1746
2399
2991
3347
3319
2932
2456
2192
2340
2796
3288
3603
3688
3718
3747
3644
3203
2206
748
-841
-2185
-3106
-3733
-4177
-4431
-4299
-3597
-2410
-1029
199
1108
1737
2199
2557
2732
2632
2289
1875
1659
1758
2112
2489
2689
2695
2555
2432
2317
2019
1391
453
-537
-1338
-1868
-2154
-2332
-2473
-2452
-2112
-1468
-732
-128
242
441
609
820
1020
1084
985
847
849
1099
1508
1872
2057
2053
1961
1840
1652
1290
703
-26
-732
-1242
-1520
-1659
-1736
-1741
-1558
-1162
-673
-203
87
191
239
282
361
379
262
83
-112
-185
-116
-2
173
354
579
745
457
-558
-2386
-4521
-6216
-7109
-7297
-7364
-7530
-7430
-6588
-4774
-2469
-404
975
1703
2242
2790
3256
3425
3161
2642
2157
2051
2414
2993
3498
3711
3721
3703
3656
3424
2711
1425
-218
-1805
-2962
-3671
-4089
-4351
-4395
-3972
-2993
-1620
-212
925
1705
2213
2604
2896
2963
2690
2152
1624
1392
1577
2000
2336
2423
2348
2295
2343
2330
2003
1245
215
-757
-1447
-1865
-2138
-2383
-2566
-2480
-1991
-1203
-410
138
439
637
886
1167
1317
1243
1006
812
864
1161
1538
1797
1859
1807
1748
1699
1526
1080
396
-356
-980
-1363
-1564
-1689
-1785
-1756
-1498
-1041
-502
-49
201
300
360
430
505
450
234
-75
-361
-457
-409
-300
-104
121
354
361
-205
-1419
-3125
-4784
-5971
-6647
-7007
-7305
-7395
-6939
-5751
-3942
-1992
-328
872
1724
2448
3010
3335
3323
2976
2519
2191
2192
2489
2864
3155
3290
3364
3419
3350
2969
2118
878
-495
-1722
-2668
-3368
-3852
-4096
-3963
-3347
-2309
-1062
114
1083
1831
2392
2796
2935
2783
2395
1957
1738
1782
2037
2312
2426
2446
2372
2290
2227
1968
1429
619
-271
-1009
-1537
-1866
-2090
-2256
-2233
-1909
-1322
-665
-108
305
602
845
1043
1182
1196
1082
971
984
1182
1480
1723
1838
1834
1770
1692
1529
1190
663
27
-587
-1068
-1376
-1540
-1634
-1662
-1549
-1271
-862
-436
-113
60
96
96
78
4
-122
-300
-456
-544
-557
-450
-236
83
418
429
-194
-1578
-3421
-5055
-6065
-6490
-6734
-7096
-7324
-6899
-5569
-3604
-1641
-160
789
1508
2229
2890
3245
3138
2696
2208
1975
2135
2556
2991
3244
3335
3416
3523
3507
3120
2187
826
-609
-1785
-2617
-3225
-3719
-4032
-3920
-3234
-2080
-787
335
1181
1807
2307
2682
2821
2665
2306
1949
1795
1883
2123
2314
2392
2421
2446
2515
2495
2213
1620
773
-73
-741
-1253
-1656
-2029
-2306
-2318
-1985
-1398
-777
-283
74
370
664
941
1113
1102
967
863
921
1159
1448
1649
1735
1756
1764
1746
1599
1213
621
-48
-657
-1104
-1412
-1634
-1773
-1783
-1581
-1187
-738
-365
-137
-33
48
142
198
163
-14
-296
-564
-722
-723
-594
-395
-155
46
3
-538
-1670
-3176
-4604
-5598
-6160
-6518
-6843
-6960
-6511
-5355
-3689
-1950
-516
559
1410
2160
2784
3128
3122
2851
2498
2294
2355
2613
2904
3099
3179
3237
3292
3224
2853
2052
903
-345
-1447
-2299
-2944
-3443
-3721
-3626
-3064
-2100
-963
102
982
1679
2224
2594
2716
2591
2312
2049
1950
2031
2203
2345
2404
2411
2398
2387
2315
2032
1468
702
-90
-739
-1221
-1600
-1920
-2154
-2148
-1844
-1337
-794
-354
-21
264
537
802
972
1001
926
858
928
1143
1411
1613
1682
1668
1627
1560
1398
1049
523
-74
-611
-1000
-1253
-1419
-1527
-1553
-1416
-1106
-730
-386
-170
-64
18
93
160
141
-17
-240
-464
-609
-633
-567
-425
-265
-160
-303
-888
-1960
-3350
-4641
-5553
-6081
-6392
-6649
-6664
-6178
-5083
-3512
-1884
-495
575
1410
2146
2735
3076
3101
2878
2587
2414
2473
2696
2940
3106
3172
3201
3183
3039
2645
1877
806
-366
-1421
-2255
-2896
-3358
-3596
-3480
-2932
-2033
-966
48
911
1615
2182
2634
2893
2882
2591
2162
1811
1659
1713
1839
1913
1946
2015
2171
2300
2221
1848
1212
478
-200
-788
-1310
-1798
-2193
-2371
-2245
-1815
-1221
-649
-185
208
604
981
1231
1268
1119
928
838
905
1080
1246
1339
1367
1387
1417
1390
1209
808
259
-268
-685
-984
-1229
-1450
-1570
-1503
-1230
-842
-459
-174
17
149
251
313
256
32
-288
-601
-795
-808
-685
-494
-277
-102
-149
-629
-1642
-3008
-4334
-5326
-5921
-6301
-6619
-6701
-6271
-5193
-3634
-1993
-573
548
1456
2242
2870
3221
3228
2969
2608
2349
2325
2503
2753
2940
3043
3130
3191
3132
2794
2058
982
-226
-1332
-2219
-2909
-3422
-3706
-3630
-3112
-2228
-1167
-135
745
1481
2046
2398
2525
2419
2205
2014
1905
1900
1939
2038
2205
2395
2571
2653
2568
2255
1719
1045
300
-423
-1067
-1628
-2076
-2345
-2357
-2115
-1697
-1198
-702
-236
172
512
766
883
873
792
728
761
910
1136
1362
1544
1680
1761
1752
1606
1304
860
332
-193
-641
-1003
-1273
-1448
-1522
-1446
-1223
-906
-563
-264
-47
92
142
97
-9
-149
-316
-459
-563
-581
-481
-298
-49
127
-23
-634
-1735
-3107
-4346
-5229
-5769
-6159
-6469
-6480
-5939
-4799
-3271
-1737
-479
487
1296
2020
2590
2867
2814
2553
2273
2160
2282
2540
2797
2979
3111
3227
3286
3177
2756
1955
870
-277
-1280
-2083
-2721
-3209
-3471
-3361
-2827
-1957
-972
-60
706
1338
1863
2251
2420
2296
1944
1559
1335
1327
1453
1591
1686
1829
2087
2378
2515
2376
1958
1361
709
95
-496
-1104
-1666
-2081
-2247
-2098
-1683
-1159
-683
-288
103
499
819
959
888
710
570
554
682
876
1050
1185
1316
1461
1589
1626
1474
1102
605
118
-278
-610
-909
-1136
-1260
-1212
-999
-705
-388
-128
40
136
147
64
-122
-395
-668
-874
-975
-974
-880
-674
-406
-264
-509
-1225
-2277
-3365
-4209
-4760
-5171
-5553
-5788
-5591
-4816
-3586
-2207
-978
5
814
1545
2176
2573
2654
2474
2192
1974
1920
2024
2190
2331
2438
2566
2724
2796
2632
2122
1312
378
-512
-1262
-1897
-2446
-2831
-2932
-2650
-2013
-1186
-364
345
930
1429
1811
1970
1892
1592
1218
995
982
1151
1391
1631
1898
2175
2463
2670
2633
2306
1727
1021
308
-351
-933
-1459
-1865
-2055
-1967
-1628
-1152
-658
-238
100
388
593
696
674
532
372
308
390
593
844
1076
1279
1462
1606
1648
1520
1230
831
382
-34
-382
-665
-857
-948
-928
-794
-583
-350
-164
-80
-103
-198
-329
-444
-552
-714
-912
-1100
-1158
-985
-644
-248
14
-107
-664
-1577
-2643
-3584
-4296
-4812
-5238
-5569
-5568
-5034
-3981
-2648
-1362
-314
520
1254
1883
2302
2412
2231
1934
1683
1583
1657
1820
2010
2219
2457
2715
2899
2872
2530
1863
996
108
-695
-1407
-2034
-2534
-2788
-2676
-2195
-1469
-674
41
588
993
1272
1421
1457
1356
1182
1036
1023
1232
1576
1930
2248
2485
2652
2725
2636
2316
1757
1055
332
-330
-895
-1334
-1636
-1797
-1769
-1541
-1170
-754
-411
-170
-4
110
190
227
217
172
151
223
421
714
1038
1322
1527
1638
1659
1569
1336
982
549
120
-243
-520
-711
-817
-844
-793
-679
-547
-420
-318
-249
-229
-277
-385
-513
-622
-698
-739
-759
-738
-614
-363
-34
178
6
-641
-1661
-2768
-3655
-4253
-4668
-5048
-5353
-5310
-4735
-3685
-2415
-1249
-332
386
1022
1591
1989
2108
1963
1713
1532
1534
1707
1943
2160
2339
2536
2774
2950
2904
2524
1825
951
89
-661
-1313
-1903
-2380
-2623
-2505
-2022
-1339
-657
-93
333
698
1020
1246
1327
1247
1106
1058
1177
1457
1788
2083
2330
2539
2710
2794
2693
2323
1725
1018
329
-262
-763
-1204
-1550
-1740
-1710
-1462
-1104
-756
-491
-296
-119
49
174
217
185
137
159
303
549
832
1093
1314
1496
1614
1624
1488
1194
804
404
29
-300
-573
-788
-910
-919
-837
-702
-586
-515
-474
-455
-445
-456
-502
-596
-728
-847
-916
-904
-808
-641
-406
-164
24
6
-379
-1128
-2106
-3032
-3714
-4185
-4549
-4868
-4996
-4704
-3946
-2871
-1768
-835
-96
528
1106
1563
1809
1826
1683
1534
1485
1586
1797
2032
2240
2419
2614
2800
2858
2674
2197
1492
709
-24
-679
-1277
-1796
-2149
-2220
-1969
-1477
-887
-329
160
589
923
1118
1122
960
780
705
804
1041
1337
1673
2032
2403
2745
2962
2984
2755
2285
1648
943
249
-392
-944
-1379
-1643
-1683
-1519
-1228
-897
-590
-316
-86
72
135
94
-15
-122
-166
-106
53
292
582
889
1188
1435
1566
1534
1341
1031
672
294
-73
-415
-706
-900
-961
-898
-748
-581
-469
-410
-385
-372
-357
-389
-476
-592
-730
-811
-843
-833
-750
-612
-397
-132
76
73
-296
-1039
-2000
-2920
-3632
-4149
-4553
-4896
-5030
-4756
-4045
-3011
-1923
-969
-165
523
1141
1630
1897
1938
1807
1639
1551
1605
1774
1973
2171
2375
2612
2845
2944
2800
2367
1712
976
251
-435
-1093
-1692
-2124
-2273
-2104
-1686
-1163
-678
-259
109
459
790
1030
1122
1091
1056
1147
1385
1696
1998
2248
2463
2657
2798
2799
2579
2139
1556
932
337
-208
-715
-1177
-1521
-1659
-1566
-1327
-1063
-850
-671
-480
-272
-76
34
42
1
-13
71
255
482
698
884
1066
1253
1392
1414
1281
1018
699
387
80
-235
-549
-822
-997
-1044
-1000
-929
-866
-823
-768
-681
-597
-526
-501
-514
-527
-558
-590
-618
-629
-578
-461
-279
-57
107
57
-323
-1010
-1864
-2673
-3313
-3810
-4224
-4569
-4692
-4440
-3826
-2965
-2050
-1219
-475
203
820
1317
1619
1724
1700
1640
1634
1723
1883
2057
2238
2444
2684
2899
2969
2820
2433
1876
1245
596
-65
-730
-1339
-1786
-1974
-1895
-1620
-1233
-811
-390
-6
281
441
493
497
538
674
905
1188
1497
1834
2216
2603
2914
3077
3042
2797
2384
1848
1237
582
-79
-681
-1142
-1405
-1474
-1397
-1246
-1045
-807
-559
-336
-199
-162
-194
-249
-273
-247
-168
-39
144
395
702
1021
1292
1458
1499
1424
1254
979
618
206
-217
-582
-854
-1020
-1099
-1105
-1063
-986
-867
-737
-642
-611
-636
-687
-729
-776
-840
-911
-963
-937
-822
-640
-418
-211
-18
150
169
-71
-637
-1464
-2325
-3032
-3533
-3900
-4182
-4287
-4078
-3527
-2728
-1846
-1032
-337
270
795
1208
1459
1517
1434
1295
1201
1254
1428
1648
1867
2099
2376
2646
2789
2713
2401
1903
1313
705
87
-524
-1071
-1463
-1607
-1506
-1232
-865
-479
-85
320
706
1035
1251
1336
1341
1340
1374
1444
1533
1628
1739
1863
1976
2038
1991
1809
1500
1103
664
201
-270
-718
-1092
-1344
-1445
-1412
-1284
-1103
-889
-645
-380
-140
29
113
141
151
169
206
266
359
481
631
803
969
1077
1079
970
771
502
191
-154
-515
-848
-1111
-1265
-1301
-1248
-1141
-1012
-857
-683
-529
-413
-350
-339
-373
-429
-489
-559
-627
-674
-674
-595
-456
-292
-156
-76
-24
17
40
-44
-349
-892
-1585
-2242
-2716
-2999
-3161
-3254
-3214
-2941
-2419
-1730
-1010
-363
175
627
993
1239
1337
1307
1203
1103
1055
1087
1177
1280
1396
1534
1695
1838
1858
1716
1440
1098
745
390
40
-294
-561
-694
-660
-482
-237
31
307
581
852
1082
1229
1275
1236
1172
1123
1091
1062
1018
988
993
1030
1054
1011
900
724
518
310
94
-126
-355
-552
-674
-714
-674
-585
-467
-328
-174
-16
113
187
204
187
170
158
139
122
125
167
240
319
374
387
349
264
146
-3
-185
-387
-594
-776
-897
-944
-924
-853
-753
-631
-501
-385
-299
-269
-294
-348
-420
-510
-621
-743
-837
-869
-834
-758
-662
-567
-461
-347
-237
-151
-110
-154
-328
-643
-1043
-1429
-1717
-1887
-1967
-1984
-1923
-1730
-1409
-1005
-571
-157
211
514
737
863
894
855
792
733
690
673
692
735
815
934
1070
1174
1196
1140
1043
923
794
643
464
288
152
98
122
204
307
409
509
614
720
797
824
806
775
751
733
713
692
675
679
689
687
659
602
531
452
370
276
162
42
-80
-165
-206
-216
-210
-202
-172
-118
-56
-8
6
1
3
11
28
35
21
-1
-24
-34
-46
-76
-126
-187
-247
-298
-342
-384
-425
-458
-477
-483
-488
-497
-505
-503
-489
-472
-468
-484
-510
-540
-561
-582
-603
-634
-668
-689
-682
-642
-579
-514
-458
-408
-350
-290
-242
-219
-216
-211
-206
-206
-217
-261
-327
-422
-534
-638
-722
-764
-772
-746
-686
-579
-441
-282
-126
20
159
276
356
391
396
383
372
358
342
341
361
409
475
556
636
703
748
783
804
808
794
758
716
677
644
616
593
583
589
606
632
653
658
651
632
603
568
532
503
476
451
426
407
390
365
340
312
283
245
195
142
93
52
18
-9
-36
-63
-93
-125
-143
-146
-140
-127
-113
-103
-112
-144
-193
-251
-305
-354
-394
-428
-457
-479
-494
-506
-508
-500
-490
-484
-485
-480
-465
-454
-463
-493
-538
-569
-584
-592
-593
-576
-529
-468
-401
-355
-317
-289
-261
-230
-211
-206
-218
-235
-255
-261
-250
-226
-187
-138
-86
-36
4
25
34
37
33
22
-4
-28
-35
-28
-9
13
38
62
79
85
85
87
89
94
85
69
53
50
75
122
185
250
306
343
366
380
388
391
381
365
340
319
302
300
314
330
349
356
354
347
343
343
336
318
295
272
255
246
240
238
243
253
270
292
316
332
341
346
342
328
301
264
221
187
163
147
133
115
97
77
60
44
26
8
-13
-31
-50
-76
-106
-139
-172
-201
-228
-257
-285
-305
-319
-329
-343
-357
-367
-368
-359
-343
-326
-320
-329
-351
-375
-389
-397
-402
-408
-417
-429
-437
-439
-432
-425
-411
-394
-373
-348
-323
-300
-278
-256
-237
-215
-193
-169
-147
-133
-130
-135
-141
-148
-151
-157
-160
-162
-167
-169
-168
-151
-129
-104
-76
-42
4
53
108
154
199
243
289
338
380
413
434
446
449
449
452
451
444
431
417
401
388
383
384
388
388
386
382
371
355
325
287
255
232
209
184
166
158
159
165
168
165
159
156
160
163
164
159
143
122
96
67
29
-17
-59
-87
-99
-104
-108
-106
-96
-79
-56
-30
-2
32
70
106
129
135
120
91
53
18
-10
-36
-60
-86
-120
-161
-202
-242
-282
-320
-353
-381
-403
-418
-425
-422
-413
-400
-385
-362
-331
-291
-252
-227
-221
-241
-277
-321
-360
-392
-408
-418
-421
-413
-392
-352
-307
-254
-196
-135
-71
-7
48
83
106
118
135
160
190
213
212
197
168
146
136
142
164
180
188
181
175
175
184
197
209
219
218
219
220
222
221
212
204
194
194
202
214
214
196
160
106
53
4
-28
-50
-63
-69
-61
-29
24
82
134
170
195
210
216
209
191
161
129
99
72
51
36
26
16
6
-2
-6
-6
-1
16
32
44
47
43
38
36
37
41
46
53
67
79
90
92
87
67
35
0
-34
-61
-91
-123
-155
-184
-196
-194
-183
-171
-162
-153
-145
-138
-137
-142
-147
-151
-154
-156
-160
-165
-170
-168
-155
-138
-121
-108
-100
-96
-97
-105
-114
-128
-141
-156
-169
-174
-175
-166
-151
-135
-114
-93
-77
-69
-67
-69
-68
-71
-71
-66
-56
-41
-27
-9
16
41
68
91
108
123
135
141
143
145
151
167
186
211
238
266
288
295
287
276
272
271
260
236
206
175
152
131
111
89
64
39
13
-15
-44
-76
-102
-122
-141
-157
-174
-187
-192
-198
-199
-191
-172
-128
-58
34
142
244
333
389
406
382
324
250
169
91
30
-18
-48
-65
-68
-65
-56
-40
-26
-20
-30
-47
-70
-98
-132
-178
-228
-276
-309
-326
-327
-315
-289
-246
-191
-134
-77
-23
23
60
83
92
93
92
83
68
43
13
-17
-42
-63
-77
-79
-66
-43
-16
9
37
65
93
118
141
163
183
198
202
190
162
117
64
9
-42
-87
-123
-145
-153
-145
-117
-69
-5
64
122
161
178
167
133
87
36
-7
-38
-57
-70
-82
-95
-107
-124
-142
-162
-183
-198
-202
-196
-180
-155
-114
-58
12
88
156
203
217
191
134
54
-35
-117
-187
-239
-271
-286
-286
-275
-253
-224
-185
-137
-80
-18
46
105
157
199
227
235
220
177
113
40
-25
-59
-51
-3
72
146
203
236
252
264
282
305
325
333
332
323
311
291
266
237
207
179
151
130
114
109
97
73
33
-24
-87
-135
-156
-150
-125
-98
-80
-80
-96
-121
-146
-166
-180
-192
-203
-217
-226
-224
-210
-186
-160
-132
-110
-100
-100
-108
-122
-140
-157
-172
-177
-178
-174
-167
-160
-150
-141
-130
-109
-85
-62
-41
-24
-11
-4
-9
-31
-67
-104
-136
-153
-151
-132
-100
-62
-18
26
66
105
147
190
234
269
293
307
312
309
297
278
253
226
202
181
161
148
145
151
163
175
183
185
177
157
131
97
63
36
13
-9
-31
-56
-75
-87
-92
-94
-94
-93
-97
-105
-118
-138
-164
-184
-201
-212
-210
-199
-183
-162
-138
-109
-80
-52
-28
-12
-1
14
34
61
89
106
107
91
64
28
-11
-46
-74
-90
-94
-88
-73
-56
-35
-17
-3
7
14
20
29
40
52
63
73
81
80
69
48
25
3
-11
-20
-31
-43
-55
-65
-72
-74
-74
-70
-64
-57
-50
-49
-53
-62
-73
-81
-87
-91
-91
-90
-84
-74
-61
-47
-31
-8
22
60
104
144
177
202
220
234
246
253
255
256
256
263
279
297
308
299
265
207
133
50
-37
-120
-194
-251
-289
-309
-314
-311
-301
-289
-281
-271
-259
-237
-210
-175
-133
-91
-54
-24
0
16
22
27
29
28
29
34
44
62
78
88
88
78
63
53
50
56
65
74
79
78
75
75
71
68
58
46
34
23
16
13
11
8
3
-3
-3
-2
0
4
6
11
15
17
16
13
13
13
13
12
8
0
-9
-21
-30
-39
-50
-58
-64
-66
-66
-67
-69
-74
-77
-78
-75
-70
-63
-58
-53
-50
-48
-43
-38
-30
-22
-15
-7
2
11
22
33
40
42
41
40
40
41
40
38
32
26
17
7
-1
-7
-8
-1
14
32
49
62
71
76
80
79
78
78
79
81
78
73
67
62
62
65
71
74
76
79
79
77
68
58
51
45
41
33
24
13
4
-2
-6
-11
-19
-34
-54
-77
-97
-114
-130
-144
-155
-165
-173
-180
-184
-189
-193
-195
-191
-185
-173
-159
-147
-140
-131
-120
-107
-94
-82
-69
-58
-45
-29
-12
1
12
21
31
42
53
63
66
68
68
66
64
64
68
72
77
80
79
80
84
91
98
106
110
114
119
125
132
136
136
133
126
119
113
114
116
116
115
111
103
96
90
85
80
74
68
60
51
41
32
26
21
16
12
12
11
9
5
-2
-11
-20
-30
-41
-51
-58
-64
-70
-80
-91
-102
-116
-130
-143
-156
-165
-171
-175
-176
-180
-185
-187
-187
-178
-165
-151
-137
-125
-113
-100
-86
-71
-53
-37
-24
-16
-7
-4
-1
3
6
11
15
22
31
41
50
58
64
72
79
83
84
78
71
66
63
65
70
75
75
75
73
69
66
58
50
47
46
47
51
54
56
57
58
56
51
43
37
37
37
37
33
26
23
20
20
22
26
30
31
30
30
29
26
21
17
16
14
14
14
14
9
2
-5
-12
-17
-24
-28
-35
-39
-42
-44
-44
-42
-43
-45
-48
-51
-53
-52
-50
-47
-45
-46
-44
-45
-45
-40
-37
-35
-35
-35
-35
-34
-34
-34
-32
-29
-27
-24
-22
-20
-19
-19
-17
-13
-10
-7
-7
-10
-12
-10
-9
-7
-8
-10
-11
-11
-6
-4
-3
-2
2
8
15
22
24
23
24
26
28
30
27
24
19
16
16
16
19
20
19
19
20
21
21
21
23
29
35
37
35
31
22
11
4
3
7
13
15
11
3
-6
-13
-16
-13
-8
1
8
13
17
17
12
5
-1
0
1
4
5
8
10
10
6
0
-4
-6
-1
6
14
19
19
17
12
9
9
8
9
6
4
3
5
7
6
1
-2
-5
-8
-9
-10
-13
-15
-16
-18
-16
-12
-7
-3
-2
-4
-8
-11
-14
-15
-15
-18
-19
-22
-24
-26
-26
-25
-20
-15
-14
-16
-15
-11
-4
0
0
-1
-6
-9
-13
-11
-8
-2
2
5
6
7
10
12
13
13
11
8
7
7
8
9
7
6
2
2
2
2
2
1
0
0
0
0
0
3
5
5
6
6
6
6
3
-2
-6
-11
-15
-17
-16
-12
-8
-5
-5
-3
-1
-1
0
2
6
7
4
-1
-4
-7
-4
-4
-3
-1
3
3
3
-1
-4
-6
-6
-4
-1
2
2
2
2
3
2
1
0
0
1
2
3
4
8
9
14
15
16
17
16
15
14
14
14
15
14
13
13
13
16
13
11
6
1
-1
0
2
3
4
3
3
4
4
4
1
-2
-5
-7
-7
-8
-8
-10
-12
-13
-14
-13
-12
-9
-5
-4
-2
-2
-3
-4
-2
1
2
-1
-4
-7
-8
-5
-3
-2
-2
-2
-4
-4
-6
-8
-12
-14
-17
-18
-20
-16
-11
-8
-8
-13
-17
-20
-18
-19
-17
-17
-18
-14
-10
-6
1
5
9
8
5
1
-1
0
4
10
17
17
13
6
1
1
3
6
7
8
9
4
0
-2
-1
2
7
14
19
23
26
23
17
13
9
9
10
15
22
25
26
24
18
8
-1
-7
-6
-4
1
6
8
7
5
1
-2
-1
0
0
0
-2
-4
-6
-7
-9
-7
-5
-3
-1
-2
-5
-10
-17
-19
-18
-14
-11
-8
-7
-8
-9
-11
-11
-10
-10
-8
-7
-6
-5
-5
-4
-4
-2
2
3
6
5
5
2
1
1
0
-1
-1
-1
-1
0
0
-4
-7
-12
-13
-10
-4
1
5
6
5
3
2
4
7
10
11
12
14
15
12
10
7
6
4
3
2
1
2
4
5
6
6
5
3
-1
-5
-8
-9
-8
-7
-2
1
3
5
5
3
3
0
-1
1
2
2
1
-3
-6
-7
-5
-4
-2
1
3
5
4
-2
-9
-15
-18
-17
-15
-12
-8
-5
-1
1
1
-2
-4
-5
-1
1
2
1
2
3
4
4
2
3
3
4
5
6
8
7
6
3
0
-1
1
2
2
1
-2
-3
-4
0
3
2
0
-2
-2
-4
-6
-4
-2
2
8
10
11
7
3
2
1
-4
-8
-11
-11
-7
-3
1
1
-1
-2
-5
-5
-4
1
4
2
-2
-6
-10
-10
-7
1
9
13
13
12
13
16
18
16
16
15
14
13
11
4
-3
-8
-12
-10
-6
-2
0
1
