0
-1
-1
-3
-3
-2
-2
-1
-1
0
-1
-3
-4
-4
-4
-4
-2
0
1
0
-1
-1
-3
-2
0
1
1
1
-1
-1
0
1
1
1
0
1
1
1
3
2
3
2
2
2
1
1
0
0
-1
-1
0
0
3
3
4
4
2
2
2
3
5
4
2
0
-3
-4
-4
-4
-3
-2
-1
0
2
2
3
2
-1
-1
-1
-2
-2
-2
-1
-1
-2
-3
-5
-5
-5
-2
-1
1
1
-1
-3
-3
-2
-2
-2
-3
-2
-1
0
0
0
0
1
2
3
5
5
5
3
2
1
-1
-1
1
2
3
3
4
3
3
2
-1
-2
-4
-4
-4
-2
1
3
2
2
1
2
2
1
1
1
0
-1
-2
-3
-3
-2
-1
-1
0
-1
-2
-2
-2
-2
-2
-3
-2
-2
-1
-1
1
0
1
0
-1
-1
0
-1
-1
0
1
1
1
1
1
1
1
2
2
2
2
0
0
1
1
1
1
2
2
1
0
0
0
0
0
0
1
0
-1
1
1
1
1
1
1
0
-1
-1
0
0
0
0
0
0
-1
-1
-1
0
-1
1
1
0
0
0
0
1
0
-1
-1
0
0
0
0
0
0
0
0
0
1
0
0
0
0
0
0
1
0
-1
0
0
0
0
0
0
1
0
1
0
-1
-1
0
0
0
-1
0
0
0
0
0
0
-1
1
0
0
0
0
0
-1
1
0
0
0
0
0
0
0
0
0
0
0
0
0
-1
0
0
0
0
0
0
0
0
0
0
0
0
0
0
0
0
0
0
0
0
0
0
0
1
0
0
0
0
0
0
0
0
0
-1
0
0
1
0
0
0
0
0
0
0
1
0
0
0
0
0
0
-1
0
1
0
0
0
0
0
0
0
0
-1
0
0
0
0
0
0
0
0
1
0
0
0
1
0
0
-1
0
0
0
0
0
0
0
0
0
1
0
0
0
0
0
0
0
0
-1
0
0
0
0
0
0
0
0
0
1
0
0
0
0
0
1
0
0
1
0
1
-1
0
0
0
0
0
0
0
0
-1
0
-1
-1
0
0
0
0
0
0
0
0
0
0
-1
0
-1
0
0
0
0
0
0
-1
0
0
0
0
0
0
0
0
0
0
0
0
0
0
0
0
0
1
1
0
0
1
0
1
0
1
1
1
1
2
1
1
1
0
1
0
0
0
-1
0
0
0
0
1
1
1
1
2
1
2
2
1
1
2
2
2
2
2
1
1
1
1
0
-1
1
0
-1
-2
-1
-1
-1
-1
-1
-1
-1
-1
0
0
0
-1
-1
-1
-1
-1
0
-1
0
0
1
2
3
4
4
6
7
6
8
9
11
14
16
18
19
19
19
17
14
10
4
0
-6
-10
-12
-14
-14
-13
-11
-10
-8
-7
-5
-6
-5
-8
-9
-10
-10
-9
-6
-4
0
4
7
10
12
12
10
8
2
-3
-9
-15
-20
-25
-28
-28
-28
-27
-28
-28
-27
-27
-27
-28
-28
-29
-29
-27
-24
-21
-16
-11
-7
-2
2
4
4
4
2
-2
-4
-9
-11
-13
-14
-14
-12
-10
-8
-7
-4
-2
0
0
0
0
0
-1
1
4
7
10
12
15
17
22
24
25
24
24
23
24
28
37
48
59
67
71
68
61
59
51
36
14
-10
-34
-58
-79
-98
-114
-127
-135
-140
-146
-162
-188
-224
-257
-283
-300
-308
-308
-296
-262
-208
-138
-61
12
79
136
176
195
193
176
150
125
103
83
68
62
67
78
95
107
108
96
68
33
-6
-42
-78
-109
-132
-139
-121
-79
-23
37
100
162
222
274
314
331
332
327
320
317
318
318
322
328
341
352
355
342
311
268
218
160
98
38
-13
-43
-54
-44
-14
27
75
124
171
210
237
249
244
231
221
212
200
186
177
182
197
212
218
204
163
97
12
-80
-166
-259
-363
-470
-554
-596
-598
-577
-543
-535
-589
-724
-925
-1142
-1308
-1408
-1477
-1524
-1527
-1442
-1242
-934
-587
-256
26
252
431
570
649
649
592
510
437
384
353
341
350
381
424
462
480
456
382
262
109
-54
-210
-339
-434
-484
-472
-380
-213
4
229
430
603
754
882
965
980
925
828
730
651
571
396
108
-200
-413
-483
-455
-433
-454
-430
-318
-146
27
201
319
332
335
369
382
385
370
316
319
413
523
610
673
675
654
681
699
635
506
344
164
19
-60
-124
-205
-283
-344
-347
-267
-179
-147
-138
-121
-79
-8
50
67
45
26
18
28
34
8
-59
-128
-175
-195
-182
-191
-234
-305
-352
-348
-326
-384
-615
-1001
-1445
-1837
-2145
-2397
-2622
-2777
-2781
-2589
-2217
-1724
-1180
-658
-156
323
734
1042
1228
1311
1328
1309
1260
1207
1175
1173
1184
1202
1217
1209
1154
1031
815
521
190
-142
-451
-730
-964
-1124
-1161
-1053
-823
-518
-191
136
457
760
1020
1204
1294
1314
1297
1268
1232
1194
1129
956
649
281
-29
-219
-306
-407
-566
-685
-689
-614
-504
-356
-228
-154
-88
7
110
204
263
276
327
456
609
739
835
872
892
946
984
940
815
643
447
278
137
-12
-187
-377
-550
-658
-670
-652
-651
-675
-678
-623
-519
-407
-312
-213
-102
48
222
387
476
471
375
227
102
14
-58
-133
-184
-184
-89
87
268
441
604
626
342
-324
-1300
-2318
-3136
-3725
-4194
-4603
-4883
-4828
-4301
-3339
-2194
-1154
-315
393
1053
1658
2056
2129
1968
1738
1576
1546
1599
1665
1761
1926
2156
2394
2529
2457
2155
1664
1025
301
-420
-1090
-1684
-2162
-2442
-2458
-2180
-1662
-1041
-422
158
694
1187
1590
1810
1820
1700
1562
1495
1504
1533
1554
1594
1680
1810
1872
1695
1255
676
102
-391
-847
-1370
-1899
-2277
-2417
-2310
-1983
-1520
-1082
-704
-348
-16
271
479
553
511
472
461
527
703
906
1082
1276
1497
1651
1706
1623
1359
949
485
1
-492
-955
-1385
-1729
-1890
-1837
-1654
-1400
-1112
-842
-565
-281
-33
139
218
219
181
185
244
331
433
539
632
740
856
915
886
778
655
558
487
400
258
55
-160
-321
-454
-611
-921
-1456
-2176
-2945
-3608
-4071
-4361
-4565
-4656
-4559
-4153
-3426
-2484
-1484
-574
214
927
1595
2181
2601
2769
2738
2635
2562
2558
2584
2568
2490
2411
2343
2270
2130
1840
1391
820
204
-405
-955
-1442
-1857
-2159
-2283
-2186
-1884
-1427
-910
-386
131
639
1125
1541
1836
1986
2035
2042
2062
2090
2098
2078
2035
1992
1854
1512
993
408
-149
-611
-1018
-1472
-1855
-2092
-2206
-2174
-1948
-1631
-1377
-1176
-971
-730
-449
-157
32
163
354
566
812
1111
1395
1583
1745
1849
1862
1814
1667
1367
947
512
60
-381
-787
-1162
-1482
-1675
-1726
-1713
-1629
-1489
-1343
-1190
-992
-779
-580
-374
-198
-43
129
320
504
676
824
936
1043
1145
1201
1179
1087
910
656
431
254
119
15
-83
-204
-262
-217
-145
-88
-174
-544
-1268
-2236
-3272
-4191
-4868
-5340
-5653
-5744
-5468
-4790
-3724
-2410
-1101
56
1051
1891
2567
3071
3272
3158
2904
2668
2525
2498
2549
2615
2717
2858
3010
3105
3042
2732
2160
1405
543
-346
-1192
-1949
-2578
-2984
-3106
-2932
-2465
-1812
-1094
-382
292
905
1436
1820
2015
2044
1980
1896
1855
1885
1955
2023
1941
1687
1405
1183
1028
902
618
108
-384
-782
-1152
-1517
-1808
-2065
-2289
-2339
-2168
-1874
-1520
-1112
-768
-378
130
586
903
1133
1248
1294
1435
1560
1592
1565
1463
1281
1124
1026
850
557
169
-270
-693
-996
-1237
-1510
-1761
-1926
-1984
-1889
-1655
-1408
-1160
-899
-631
-345
-47
189
329
408
480
592
751
906
1019
1099
1186
1272
1286
1227
1087
865
612
355
114
-79
-252
-429
-627
-946
-1500
-2371
-3465
-4526
-5317
-5774
-5993
-6064
-5971
-5572
-4737
-3462
-1958
-531
615
1516
2307
3034
3631
3939
3919
3714
3509
3433
3464
3506
3494
3427
3359
3320
3236
2986
2472
1688
754
-211
-1126
-1942
-2620
-3149
-3487
-3545
-3277
-2698
-1924
-1121
-372
310
941
1530
2021
2336
2465
2475
2471
2535
2641
2667
2474
2108
1739
1458
1300
1165
814
257
-311
-838
-1259
-1548
-1833
-2198
-2530
-2683
-2598
-2298
-1918
-1545
-1185
-759
-233
334
845
1212
1399
1489
1620
1759
1866
1887
1769
1559
1390
1264
1107
869
490
14
-444
-806
-1114
-1408
-1723
-2047
-2284
-2352
-2255
-2058
-1812
-1552
-1251
-887
-468
-56
276
519
693
860
1060
1251
1348
1377
1335
1244
1183
1147
1080
973
869
726
585
464
281
-84
-743
-1779
-3158
-4649
-5976
-6891
-7378
-7527
-7478
-7202
-6470
-5161
-3388
-1488
155
1346
2233
3025
3764
4330
4534
4338
3968
3766
3836
4073
4296
4366
4326
4295
4281
4145
3724
2916
1764
458
-815
-1952
-2920
-3710
-4295
-4587
-4483
-3960
-3094
-2060
-1057
-180
586
1313
1975
2502
2780
2818
2743
2699
2730
2677
2482
2200
1949
1838
1874
1844
1642
1312
822
267
-249
-727
-1266
-1881
-2498
-2933
-3085
-2990
-2694
-2332
-1910
-1391
-785
-137
515
1003
1282
1467
1579
1687
1794
1802
1663
1509
1393
1335
1314
1201
954
596
206
-191
-579
-993
-1481
-1999
-2440
-2706
-2774
-2661
-2467
-2215
-1889
-1445
-909
-368
89
408
635
792
951
1097
1214
1270
1259
1238
1279
1386
1487
1521
1434
1279
1128
978
778
442
-175
-1168
-2507
-4057
-5547
-6757
-7611
-8108
-8305
-8185
-7637
-6584
-5058
-3226
-1407
155
1435
2495
3402
4124
4553
4652
4530
4377
4338
4471
4681
4842
4901
4902
4879
4764
4452
3793
2774
1524
178
-1153
-2364
-3396
-4219
-4757
-4937
-4706
-4083
-3192
-2192
-1205
-258
638
1451
2127
2610
2852
2899
2785
2565
2377
2261
2216
2248
2303
2321
2391
2474
2422
2212
1831
1224
400
-516
-1439
-2277
-2975
-3481
-3762
-3749
-3427
-2903
-2244
-1477
-688
32
673
1164
1451
1587
1591
1493
1419
1409
1404
1414
1461
1520
1565
1585
1510
1266
859
331
-291
-947
-1589
-2205
-2719
-3049
-3189
-3121
-2835
-2386
-1855
-1278
-701
-164
296
638
847
929
942
907
882
878
917
1003
1150
1397
1679
1919
2015
1973
1790
1444
757
-493
-2308
-4469
-6514
-8049
-8922
-9332
-9481
-9379
-8753
-7337
-5221
-2818
-697
877
1994
2946
3852
4587
4903
4709
4267
3941
3991
4368
4829
5150
5347
5520
5680
5735
5459
4686
3414
1811
95
-1520
-2927
-4116
-5068
-5705
-5883
-5503
-4579
-3333
-2043
-886
128
1083
1979
2718
3130
3157
2833
2377
2074
2029
2155
2347
2489
2517
2664
2956
3121
3003
2616
1892
912
-67
-971
-1847
-2693
-3428
-3920
-3996
-3639
-3017
-2313
-1598
-903
-251
418
994
1287
1301
1184
1038
991
1128
1288
1372
1461
1578
1721
1884
1938
1716
1233
588
-132
-827
-1495
-2165
-2785
-3233
-3448
-3382
-3022
-2508
-1953
-1379
-814
-279
196
476
544
489
376
308
342
459
598
780
1018
1344
1696
2005
2227
2267
2149
1881
1397
636
-476
-2095
-4065
-6034
-7650
-8649
-9066
-9114
-8882
-8281
-7190
-5483
-3340
-1203
514
1684
2533
3307
4025
4523
4649
4425
4154
4110
4364
4820
5249
5492
5583
5607
5551
5299
4645
3513
2020
360
-1245
-2639
-3778
-4665
-5286
-5560
-5365
-4659
-3563
-2310
-1122
-93
812
1638
2359
2844
3008
2838
2479
2100
1859
1829
1938
2137
2386
2653
2896
3146
3221
2983
2463
1698
736
-295
-1285
-2248
-3069
-3665
-3956
-3871
-3423
-2751
-1982
-1217
-492
202
774
1190
1366
1292
1105
938
831
858
967
1070
1225
1414
1604
1743
1748
1506
1025
371
-353
-1090
-1807
-2460
-3016
-3384
-3463
-3250
-2803
-2180
-1538
-937
-379
100
452
688
763
690
580
460
392
432
547
718
942
1200
1501
1822
2058
2158
2070
1712
1008
-228
-2131
-4451
-6661
-8301
-9166
-9461
-9522
-9397
-8781
-7327
-5008
-2328
-4
1579
2569
3410
4312
5071
5307
4895
4166
3647
3658
4078
4574
4895
5052
5227
5491
5675
5503
4763
3462
1804
40
-1613
-3057
-4271
-5254
-5933
-6142
-5724
-4671
-3238
-1779
-522
553
1563
2546
3339
3721
3629
3011
2189
1597
1346
1396
1662
1824
1869
2209
2744
3204
3431
3252
2543
1533
432
-630
-1603
-2631
-3614
-4318
-4516
-4123
-3311
-2425
-1519
-650
111
922
1619
1925
1862
1569
1140
904
916
945
992
1067
1176
1395
1729
1933
1841
1412
730
-11
-735
-1463
-2221
-2976
-3567
-3850
-3779
-3356
-2720
-2041
-1393
-742
-111
487
897
1075
1055
852
637
508
505
562
713
884
1171
1602
2095
2506
2533
1982
647
-1471
-4060
-6433
-8137
-9090
-9686
-10346
-10749
-10265
-8521
-5778
-2769
-386
1176
2332
3570
5026
6123
6241
5385
4295
3713
3838
4249
4485
4498
4515
4842
5434
5958
5999
5300
3947
2281
608
-997
-2533
-4028
-5381
-6381
-6787
-6390
-5243
-3713
-2255
-994
241
1642
3061
4104
4432
3965
3088
2303
1841
1722
1742
1579
1394
1570
2191
3065
3794
3995
3606
2822
1831
835
-191
-1435
-2845
-4136
-4942
-4996
-4457
-3643
-2732
-1829
-856
307
1447
2221
2467
2195
1693
1347
1218
1154
1033
840
730
897
1337
1830
2069
1882
1375
728
81
-578
-1398
-2373
-3319
-4013
-4267
-4040
-3504
-2880
-2263
-1613
-871
-36
719
1197
1345
1263
1132
1071
1084
1128
1151
1185
1338
1585
1763
1642
1011
-314
-2242
-4397
-6314
-7700
-8652
-9429
-10084
-10335
-9773
-8195
-5870
-3414
-1363
193
1575
3079
4598
5673
5957
5559
4990
4715
4802
5013
5082
4971
4868
4977
5268
5485
5319
4591
3405
1982
507
-930
-2333
-3696
-4947
-5898
-6292
-5975
-5097
-3957
-2802
-1665
-446
911
2184
3039
3439
3467
3302
3216
3272
3310
3331
3330
3311
3457
3825
4156
4193
3824
3114
2220
1206
126
-1011
-2232
-3411
-4321
-4828
-4826
-4395
-3815
-3144
-2324
-1412
-442
498
1150
1444
1515
1508
1550
1654
1739
1751
1728
1771
1922
2088
2192
2092
1689
1109
453
-245
-976
-1781
-2645
-3403
-3906
-4079
-3940
-3609
-3141
-2611
-2066
-1431
-716
-89
410
787
971
1126
1281
1424
1632
1883
2097
2294
2469
2519
2422
1920
769
-1063
-3398
-5765
-7617
-8842
-9673
-10325
-10828
-10724
-9584
-7478
-4931
-2562
-748
668
2102
3644
5022
5755
5688
5178
4792
4824
5143
5439
5528
5513
5571
5815
6081
6062
5546
4461
2952
1281
-358
-1915
-3386
-4777
-5972
-6705
-6756
-6095
-4944
-3638
-2378
-1092
322
1841
3057
3611
3618
3280
2959
2943
3090
3103
3123
3162
3220
3561
4074
4423
4373
3806
2850
1856
786
-401
-1649
-2975
-4135
-4866
-5111
-4841
-4184
-3501
-2722
-1728
-666
415
1329
1789
1874
1845
1803
1898
2049
2069
1997
1949
2041
2244
2426
2417
2124
1536
801
46
-759
-1578
-2472
-3380
-4044
-4330
-4274
-3955
-3497
-2992
-2392
-1709
-957
-220
314
604
762
938
1221
1539
1722
1771
1789
1889
2159
2453
2489
1993
726
-1374
-3896
-6245
-7963
-8988
-9760
-10613
-11347
-11307
-10023
-7599
-4784
-2417
-767
517
2023
3871
5516
6262
5982
5270
4891
5094
5513
5714
5567
5324
5351
5719
6124
6151
5534
4317
2785
1206
-297
-1760
-3242
-4722
-6032
-6849
-6870
-6083
-4847
-3590
-2450
-1230
317
2066
3607
4522
4627
4201
3715
3451
3394
3334
3015
2516
2249
2447
2974
3475
3622
3278
2591
1789
1008
169
-914
-2256
-3621
-4604
-4961
-4742
-4221
-3596
-2864
-1952
-749
624
1785
2426
2585
2482
2389
2441
2455
2269
1928
1572
1403
1534
1780
1862
1633
1120
506
-80
-684
-1393
-2240
-3161
-3886
-4243
-4259
-3958
-3529
-3089
-2510
-1736
-862
31
717
1064
1233
1300
1331
1430
1462
1372
1296
1243
1303
1454
1404
891
-260
-2137
-4381
-6472
-8065
-9046
-9722
-10465
-11052
-10899
-9623
-7291
-4589
-2254
-487
996
2602
4466
6088
6846
6674
6046
5629
5684
5912
5921
5634
5263
5113
5274
5507
5462
4869
3728
2285
793
-615
-1955
-3324
-4706
-5914
-6662
-6659
-5910
-4720
-3461
-2268
-986
601
2368
3927
4894
5002
4566
4016
3550
3292
3127
2745
2277
2109
2289
2800
3403
3654
3397
2778
1923
1042
78
-1153
-2566
-3951
-5000
-5399
-5172
-4596
-3775
-2833
-1761
-390
1085
2267
2972
3144
2929
2681
2533
2352
2058
1664
1284
1126
1267
1556
1736
1636
1238
673
59
-589
-1373
-2330
-3363
-4225
-4715
-4758
-4427
-3905
-3276
-2538
-1659
-688
256
1015
1474
1639
1653
1641
1656
1652
1579
1467
1403
1481
1641
1783
1651
909
-707
-3078
-5670
-7836
-9219
-10029
-10781
-11670
-12192
-11577
-9513
-6517
-3535
-1271
336
1910
3873
5970
7410
7649
6931
6109
5823
5984
6109
5877
5399
5046
5091
5434
5689
5481
4650
3291
1708
155
-1320
-2790
-4312
-5806
-6993
-7491
-7085
-5945
-4499
-3137
-1874
-410
1394
3228
4631
5310
5209
4751
4362
4140
4019
3803
3322
2818
2650
2855
3218
3411
3227
2647
1769
784
-132
-1140
-2362
-3651
-4790
-5445
-5413
-4902
-4172
-3282
-2300
-1160
210
1550
2522
2980
2992
2827
2698
2620
2494
2220
1835
1553
1504
1628
1803
1778
1419
865
268
-345
-987
-1754
-2710
-3651
-4314
-4585
-4458
-4045
-3519
-2932
-2188
-1287
-342
524
1152
1472
1619
1719
1815
1948
1942
1761
1576
1486
1593
1835
1921
1371
-284
-2989
-5965
-8207
-9297
-9668
-10294
-11552
-12609
-12211
-9925
-6509
-3327
-1279
-113
1155
3261
5777
7517
7667
6611
5583
5443
5929
6242
6006
5381
4901
4959
5437
5842
5705
4819
3325
1647
111
-1219
-2513
-3949
-5521
-6910
-7525
-7038
-5709
-4192
-2991
-1991
-630
1303
3330
4783
5298
5182
4866
4519
4310
4035
3464
2780
2179
1814
2046
2604
2843
2705
2265
1657
1090
445
-472
-1564
-2896
-4177
-4816
-4832
-4417
-3780
-3193
-2458
-1257
132
1483
2585
3012
2917
2798
2760
2716
2556
2088
1526
1175
1096
1253
1437
1412
1118
635
124
-272
-728
-1468
-2392
-3317
-3995
-4215
-4088
-3793
-3371
-2805
-2104
-1153
-54
892
1544
1858
1963
2035
2117
2098
1956
1633
1307
1140
1166
1270
1237
617
-1042
-3565
-6359
-8436
-9360
-9675
-10284
-11375
-12226
-11717
-9425
-6158
-3136
-1132
53
1345
3461
5910
7553
7657
6639
5729
5632
6049
6270
5934
5224
4686
4662
5028
5340
5099
4148
2704
1116
-329
-1579
-2782
-4090
-5487
-6694
-7186
-6638
-5307
-3825
-2620
-1616
-272
1593
3363
4533
4861
4598
4357
4401
4500
4471
4182
3641
3198
3103
3376
3674
3545
2866
1997
1100
224
-609
-1606
-2830
-4065
-5016
-5380
-5019
-4341
-3679
-2953
-2033
-880
465
1720
2496
2726
2604
2484
2520
2585
2428
2011
1565
1322
1347
1514
1633
1487
1059
523
52
-366
-868
-1583
-2499
-3344
-3848
-3986
-3855
-3578
-3234
-2828
-2224
-1406
-481
314
805
1038
1181
1362
1555
1686
1607
1469
1353
1313
1458
1689
1849
1855
1651
847
-919
-3601
-6559
-8790
-9828
-10186
-10764
-11718
-12264
-11284
-8584
-5051
-1937
24
1212
2605
4708
6863
8003
7573
6250
5282
5179
5474
5511
5122
4607
4453
4779
5309
5590
5278
4307
2836
1180
-429
-1904
-3311
-4725
-6121
-7196
-7453
-6674
-5135
-3461
-2086
-880
634
2586
4492
5683
5963
5526
4722
3998
3429
2892
2368
1814
1306
1228
1679
2320
2775
2774
2407
1831
1079
190
-806
-2071
-3475
-4630
-5246
-5145
-4520
-3755
-2914
-1801
-484
953
2304
3197
3433
3177
2786
2446
2131
1697
1146
610
329
385
646
979
1160
1031
715
380
9
-479
-1190
-2104
-2997
-3621
-3841
-3695
-3338
-2878
-2311
-1649
-822
103
827
1255
1436
1439
1485
1582
1615
1588
1456
1226
1081
1083
1161
1235
1031
113
-1787
-4434
-7096
-8854
-9501
-9714
-10258
-11185
-11594
-10444
-7683
-4295
-1452
243
1272
2654
4749
6823
7797
7278
6022
5206
5234
5588
5613
5134
4495
4188
4381
4807
4993
4582
3529
2061
516
-863
-2063
-3233
-4478
-5746
-6684
-6792
-5905
-4392
-2879
-1688
-601
800
2527
4046
4876
4928
4553
4217
4085
4002
3796
3405
2928
2625
2638
2890
3084
2890
2276
1456
578
-291
-1147
-2122
-3240
-4300
-5007
-5110
-4617
-3879
-3109
-2254
-1269
-92
1142
2145
2692
2750
2517
2342
2328
2276
2033
1650
1300
1167
1271
1448
1509
1310
856
294
-229
-730
-1308
-2021
-2785
-3406
-3697
-3639
-3350
-2922
-2451
-1915
-1253
-499
219
746
1004
1070
1156
1300
1449
1557
1527
1439
1391
1392
1461
1558
1513
1237
503
-1034
-3343
-6042
-8400
-9809
-10364
-10696
-11200
-11581
-10984
-8895
-5752
-2548
-176
1310
2556
4192
6064
7402
7555
6643
5576
5111
5236
5427
5300
4895
4584
4612
4897
5125
4925
4126
2802
1210
-396
-1871
-3232
-4525
-5729
-6688
-7055
-6570
-5302
-3648
-2065
-677
727
2330
3955
5090
5434
5127
4612
4267
4111
3922
3529
3008
2589
2485
2711
3054
3109
2687
1876
908
-10
-901
-1895
-3063
-4243
-5158
-5503
-5240
-4546
-3656
-2763
-1811
-642
685
1878
2705
3006
2865
2618
2480
2381
2189
1828
1379
1107
1116
1297
1414
1304
950
423
-138
-659
-1219
-1918
-2703
-3433
-3890
-3959
-3681
-3233
-2753
-2219
-1591
-849
-18
729
1176
1345
1366
1393
1501
1623
1647
1538
1408
1374
1465
1566
1562
1426
1093
504
-518
-2193
-4455
-6824
-8766
-10001
-10656
-11071
-11291
-10941
-9622
-7382
-4609
-1895
330
2118
3779
5413
6747
7389
7236
6624
6011
5627
5400
5183
4937
4711
4597
4637
4726
4623
4168
3301
2038
525
-1052
-2572
-3978
-5205
-6188
-6795
-6787
-6067
-4783
-3253
-1736
-298
1160
2646
3999
4969
5403
5391
5138
4824
4536
4246
3902
3522
3176
2955
2818
2664
2365
1814
1031
103
-863
-1810
-2744
-3674
-4485
-5036
-5170
-4863
-4244
-3420
-2476
-1456
-360
760
1726
2407
2762
2851
2826
2778
2668
2482
2242
2001
1833
1733
1652
1502
1188
706
103
-553
-1215
-1888
-2595
-3273
-3786
-4051
-4016
-3701
-3235
-2671
-2023
-1273
-452
299
899
1292
1504
1635
1690
1677
1607
1494
1379
1271
1185
1098
967
756
442
-13
-667
-1680
-3097
-4774
-6481
-7921
-8972
-9647
-10003
-10007
-9461
-8201
-6325
-4108
-1891
134
1968
3630
5082
6168
6755
6828
6568
6199
5840
5486
5127
4784
4508
4339
4210
4045
3737
3195
2397
1355
134
-1163
-2438
-3608
-4598
-5333
-5688
-5556
-4927
-3935
-2778
-1569
-332
984
2316
3475
4303
4769
4933
4956
4919
4802
4638
4370
4004
3637
3300
2972
2596
2051
1338
532
-356
-1258
-2112
-2943
-3691
-4229
-4506
-4458
-4124
-3621
-2951
-2112
-1189
-231
676
1396
1917
2244
2411
2502
2520
2429
2280
2108
1928
1789
1634
1429
1136
729
234
-315
-906
-1513
-2097
-2632
-3090
-3385
-3478
-3387
-3123
-2730
-2247
-1658
-1018
-409
148
590
934
1189
1308
1326
1296
1235
1179
1171
1145
1072
971
794
564
303
-109
-837
-2008
-3600
-5361
-6955
-8149
-8893
-9359
-9592
-9440
-8690
-7191
-5105
-2853
-753
1086
2676
4123
5383
6257
6601
6477
6095
5690
5380
5146
4923
4665
4409
4221
4088
3922
3587
2955
2019
861
-409
-1661
-2805
-3819
-4664
-5236
-5396
-5042
-4193
-3067
-1921
-852
201
1345
2531
3564
4241
4527
4546
4510
4514
4507
4438
4243
3911
3540
3214
2908
2492
1869
1050
116
-829
-1702
-2473
-3166
-3761
-4170
-4288
-4058
-3540
-2884
-2150
-1368
-582
193
926
1521
1912
2069
2086
2088
2101
2087
2008
1859
1664
1484
1341
1186
968
617
89
-503
-1096
-1658
-2145
-2603
-3003
-3269
-3337
-3197
-2850
-2391
-1873
-1336
-810
-289
207
616
869
984
959
901
871
793
658
490
311
204
192
168
7
-454
-1330
-2534
-3884
-5183
-6256
-7067
-7715
-8161
-8282
-7904
-6866
-5312
-3506
-1716
-99
1380
2816
4121
5118
5664
5741
5523
5218
4954
4736
4523
4275
4033
3879
3797
3722
3535
3127
2474
1615
611
-422
-1428
-2388
-3254
-3933
-4312
-4264
-3832
-3228
-2532
-1775
-869
251
1426
2443
3198
3655
3968
4237
4419
4554
4525
4268
3901
3552
3210
2852
2405
1805
1114
390
-321
-986
-1594
-2192
-2753
-3185
-3384
-3343
-3137
-2792
-2356
-1860
-1287
-642
6
584
1021
1282
1448
1605
1753
1833
1828
1743
1604
1471
1353
1210
990
671
252
-222
-675
-1095
-1499
-1881
-2248
-2536
-2676
-2657
-2477
-2198
-1898
-1556
-1193
-803
-382
-14
251
387
403
357
341
351
335
295
264
281
267
124
-304
-1095
-2168
-3340
-4419
-5296
-5972
-6528
-6920
-7005
-6618
-5746
-4475
-3014
-1594
-289
917
2052
3078
3887
4345
4453
4353
4206
4089
4021
3963
3868
3773
3722
3699
3644
3471
3095
2495
1717
843
-69
-966
-1810
-2579
-3162
-3489
-3540
-3369
-3049
-2563
-1889
-1016
-37
898
1721
2422
3007
3518
3911
4181
4307
4237
4034
3752
3439
3096
2700
2208
1645
1062
493
-46
-568
-1094
-1616
-2070
-2414
-2604
-2659
-2612
-2434
-2158
-1795
-1334
-833
-335
136
530
856
1156
1386
1515
1574
1577
1530
1454
1335
1186
1024
819
581
297
-45
-403
-784
-1190
-1551
-1865
-2115
-2237
-2251
-2160
-1963
-1715
-1439
-1121
-813
-535
-293
-139
-68
-35
-49
-64
-44
-32
-2
51
65
58
-67
-457
-1101
-2019
-3116
-4134
-4945
-5507
-5825
-5995
-5979
-5612
-4823
-3634
-2241
-912
219
1154
1950
2662
3234
3547
3588
3422
3201
3085
3097
3164
3249
3310
3337
3363
3348
3231
2944
2428
1717
905
70
-713
-1418
-2056
-2562
-2900
-3016
-2839
-2408
-1792
-1074
-341
397
1148
1857
2493
2984
3305
3491
3547
3514
3433
3285
3052
2772
2464
2154
1853
1513
1108
652
154
-338
-793
-1216
-1593
-1925
-2184
-2299
-2262
-2090
-1795
-1439
-1062
-659
-252
133
487
763
941
1051
1108
1133
1130
1082
995
885
763
643
505
310
70
-215
-515
-787
-1042
-1282
-1496
-1669
-1752
-1737
-1646
-1483
-1301
-1116
-931
-789
-676
-583
-535
-489
-447
-441
-428
-422
-429
-386
-314
-240
-173
-198
-359
-692
-1249
-1956
-2701
-3390
-3947
-4381
-4696
-4828
-4706
-4282
-3553
-2631
-1644
-678
211
1008
1705
2254
2604
2770
2772
2681
2576
2485
2444
2452
2481
2531
2587
2620
2603
2483
2227
1850
1361
800
230
-324
-826
-1228
-1492
-1581
-1484
-1234
-853
-365
173
735
1277
1751
2128
2377
2497
2521
2480
2409
2333
2234
2103
1957
1810
1676
1539
1343
1085
763
384
-4
-395
-779
-1133
-1447
-1677
-1794
-1787
-1659
-1444
-1168
-858
-544
-247
28
260
439
562
638
666
669
661
638
609
569
515
447
343
200
27
-178
-401
-629
-869
-1092
-1266
-1390
-1437
-1435
-1405
-1340
-1237
-1090
-899
-733
-614
-534
-512
-498
-509
-558
-609
-657
-691
-674
-632
-564
-464
-378
-304
-307
-497
-904
-1474
-2132
-2747
-3267
-3716
-4049
-4209
-4155
-3812
-3195
-2392
-1469
-547
301
1070
1716
2205
2532
2673
2657
2547
2374
2205
2088
2022
2004
2047
2128
2227
2294
2266
2110
1831
1446
988
502
12
-447
-831
-1097
-1208
-1150
-935
-592
-161
310
778
1214
1585
1881
2083
2179
2184
2123
2021
1918
1814
1706
1599
1493
1388
1272
1131
934
681
378
40
-314
-668
-990
-1260
-1457
-1561
-1560
-1469
-1286
-1032
-744
-440
-146
104
303
444
528
578
586
572
551
515
463
397
304
195
87
-35
-161
-287
-435
-581
-708
-841
-967
-1110
-1276
-1395
-1457
-1474
-1454
-1456
-1475
-1455
-1380
-1253
-1088
-925
-783
-651
-513
-361
-198
-65
16
53
39
-45
-249
-616
-1110
-1619
-2084
-2463
-2758
-3006
-3146
-3131
-2936
-2555
-2045
-1489
-920
-369
145
618
1013
1314
1514
1619
1664
1704
1761
1840
1938
2039
2138
2244
2338
2385
2360
2237
2022
1741
1408
1040
656
268
-83
-357
-520
-566
-508
-374
-177
69
334
607
865
1078
1244
1363
1440
1493
1523
1523
1504
1476
1441
1404
1353
1277
1160
992
789
554
294
7
-291
-587
-850
-1042
-1158
-1198
-1172
-1106
-993
-831
-640
-445
-278
-150
-66
-11
36
87
150
203
242
268
284
310
327
313
265
173
37
-116
-279
-446
-607
-760
-893
-997
-1064
-1089
-1081
-1050
-1007
-956
-919
-904
-906
-924
-942
-934
-918
-881
-824
-761
-658
-521
-371
-244
-197
-302
-563
-937
-1350
-1732
-2063
-2365
-2630
-2812
-2857
-2703
-2365
-1896
-1348
-799
-276
224
683
1075
1366
1523
1566
1552
1523
1511
1524
1561
1627
1729
1856
1991
2095
2131
2084
1951
1742
1471
1151
791
423
78
-199
-372
-442
-421
-321
-155
68
326
592
843
1054
1208
1304
1354
1378
1393
1387
1358
1307
1234
1164
1097
1024
929
797
623
427
216
-3
-230
-464
-680
-859
-984
-1046
-1049
-1013
-942
-837
-705
-554
-404
-277
-183
-105
-32
48
134
208
262
303
332
355
365
338
274
180
60
-72
-216
-379
-546
-703
-822
-899
-935
-955
-973
-975
-958
-910
-857
-833
-842
-876
-912
-908
-888
-852
-800
-749
-684
-589
-476
-352
-241
-197
-254
-436
-721
-1055
-1378
-1676
-1936
-2150
-2298
-2323
-2206
-1955
-1591
-1174
-741
-298
122
503
825
1046
1176
1247
1274
1283
1291
1302
1325
1373
1454
1570
1696
1793
1833
1799
1698
1546
1345
1098
820
530
254
25
-130
-211
-215
-147
-19
164
383
597
784
934
1045
1126
1175
1194
1177
1131
1077
1026
985
962
947
924
878
795
678
533
366
176
-35
-250
-450
-614
-732
-789
-793
-760
-696
-608
-501
-394
-291
-217
-162
-121
-91
-71
-59
-52
-47
-20
15
53
70
49
6
-47
-102
-157
-238
-354
-487
-625
-742
-829
-879
-896
-882
-844
-806
-772
-740
-720
-720
-741
-776
-804
-826
-835
-827
-798
-741
-653
-550
-441
-339
-261
-203
-163
-162
-232
-396
-649
-936
-1202
-1417
-1565
-1652
-1680
-1618
-1451
-1179
-818
-438
-90
218
474
673
816
894
906
881
840
799
791
809
849
916
1010
1135
1262
1349
1375
1338
1240
1104
936
746
559
392
252
168
156
203
293
411
540
679
811
913
981
1009
999
969
927
887
847
800
752
717
699
688
672
639
577
498
402
296
187
82
-20
-111
-181
-227
-246
-243
-223
-182
-132
-77
-27
5
14
4
-16
-43
-66
-90
-115
-151
-197
-243
-274
-293
-317
-356
-418
-500
-593
-677
-733
-769
-798
-830
-856
-875
-884
-892
-897
-892
-884
-882
-889
-907
-940
-969
-989
-987
-963
-926
-887
-837
-769
-687
-602
-534
-486
-456
-436
-430
-425
-416
-407
-398
-399
-413
-443
-482
-525
-553
-549
-514
-455
-376
-279
-159
-17
142
311
477
626
745
829
881
902
898
876
845
813
786
773
773
785
808
840
879
923
961
991
1013
1031
1042
1040
1022
979
916
851
795
748
713
693
694
710
743
782
816
836
834
812
775
725
659
585
510
434
356
274
195
124
67
20
-24
-64
-102
-140
-177
-212
-248
-285
-326
-364
-390
-409
-421
-430
-444
-463
-484
-516
-551
-585
-620
-656
-693
-722
-736
-747
-754
-759
-757
-749
-739
-733
-728
-728
-735
-746
-755
-766
-776
-797
-826
-853
-862
-846
-815
-771
-723
-672
-617
-549
-475
-407
-362
-343
-330
-322
-309
-297
-296
-302
-304
-295
-271
-235
-190
-141
-83
-22
36
91
134
161
180
189
196
201
211
226
245
272
315
375
442
507
562
607
649
686
714
736
753
764
770
775
779
779
771
765
764
778
802
821
829
825
817
810
795
769
735
690
646
611
586
571
549
521
491
465
446
431
414
398
375
341
297
243
191
142
87
29
-26
-77
-117
-147
-176
-207
-241
-283
-324
-359
-396
-437
-475
-516
-548
-567
-577
-579
-580
-581
-578
-569
-564
-567
-581
-604
-633
-655
-667
-664
-655
-654
-660
-663
-653
-637
-617
-596
-582
-571
-568
-569
-566
-557
-547
-536
-522
-497
-454
-404
-355
-310
-274
-246
-221
-194
-163
-137
-114
-91
-65
-39
-18
10
37
73
117
158
200
233
252
259
267
279
292
305
319
335
358
393
437
489
536
568
577
564
537
502
456
418
388
363
353
348
353
366
383
392
395
401
393
376
352
312
265
221
180
154
138
137
152
183
226
271
310
334
348
351
343
330
303
270
231
189
158
145
137
132
131
131
129
119
105
81
48
11
-27
-66
-101
-141
-178
-206
-219
-217
-206
-196
-187
-182
-181
-184
-190
-208
-232
-256
-278
-295
-309
-321
-324
-318
-309
-300
-297
-294
-290
-290
-295
-310
-333
-357
-382
-403
-418
-426
-429
-427
-417
-400
-389
-379
-370
-363
-356
-350
-352
-359
-357
-349
-333
-314
-290
-269
-244
-216
-193
-169
-146
-124
-100
-77
-57
-37
-14
13
48
84
115
140
158
172
190
207
225
236
241
245
250
261
277
298
319
343
367
396
428
455
478
487
487
482
469
447
419
389
360
336
319
311
308
310
319
329
333
336
335
324
305
273
232
193
162
132
108
93
82
79
83
85
83
82
76
66
55
42
23
-2
-35
-68
-95
-114
-124
-132
-133
-130
-123
-114
-103
-98
-102
-114
-127
-144
-153
-163
-175
-185
-189
-190
-191
-201
-214
-224
-229
-231
-239
-244
-251
-260
-266
-270
-273
-273
-271
-268
-255
-247
-236
-220
-205
-189
-175
-162
-153
-147
-141
-141
-144
-148
-146
-140
-121
-95
-71
-49
-35
-27
-20
-9
2
13
17
13
7
7
13
22
31
33
27
26
26
21
6
-8
-14
-12
-11
-18
-31
-41
-45
-39
-24
-5
11
22
32
43
56
70
85
98
107
114
120
131
149
167
183
196
210
227
247
269
293
309
317
316
311
303
287
275
260
251
241
232
224
216
208
199
180
154
126
99
76
55
35
16
-4
-21
-39
-47
-44
-34
-25
-16
-13
-14
-18
-23
-28
-32
-35
-41
-45
-46
-49
-57
-65
-70
-75
-84
-93
-101
-106
-108
-110
-117
-129
-145
-165
-183
-196
-202
-204
-197
-190
-187
-183
-176
-165
-151
-140
-132
-131
-134
-134
-129
-128
-127
-126
-118
-104
-86
-66
-49
-36
-30
-23
-20
-20
-20
-22
-28
-35
-43
-48
-46
-42
-42
-41
-41
-38
-28
-11
6
16
13
2
-9
-20
-27
-31
-31
-32
-28
-26
-23
-16
-7
4
16
24
29
30
26
26
30
34
44
57
68
81
92
102
113
129
147
160
168
168
165
166
172
178
176
177
177
178
176
173
169
161
153
145
136
129
123
112
99
87
76
70
67
66
64
59
53
46
41
33
24
13
1
-6
-9
-9
-2
5
5
1
-8
-16
-22
-26
-29
-32
-34
-39
-50
-60
-68
-74
-76
-79
-81
-79
-81
-80
-77
-77
-80
-90
-104
-113
-122
-129
-136
-147
-156
-161
-160
-152
-139
-127
-115
-111
-113
-116
-118
-118
-119
-122
-126
-127
-124
-113
-101
-88
-76
-65
-46
-23
-3
10
11
4
-5
-10
-10
-5
3
12
21
35
48
58
64
66
63
57
53
50
49
48
45
40
36
34
31
28
30
40
55
71
86
95
99
103
100
98
97
91
83
75
68
65
63
58
48
31
19
13
12
13
17
17
12
5
-4
-13
-21
-28
-30
-25
-10
6
21
35
46
56
65
75
88
101
109
105
92
76
59
48
38
30
22
15
11
4
-9
-26
-42
-54
-59
-60
-62
-65
-67
-68
-72
-80
-91
-98
-104
-109
-109
-108
-102
-95
-89
-82
-71
-59
-43
-23
-3
15
29
38
45
55
63
69
72
72
72
70
69
72
75
77
75
69
61
52
42
35
31
26
17
3
-17
-36
-49
-61
-67
-75
-83
-91
-97
-98
-95
-90
-84
-80
-74
-71
-66
-59
-55
-51
-45
-38
-28
-15
5
28
48
64
73
82
87
88
85
89
100
113
118
111
99
83
66
52
40
30
25
24
21
18
8
-8
-29
-49
-66
-77
-86
-93
-97
-101
-101
-103
-105
-105
-99
-90
-77
-68
-65
-71
-83
-96
-107
-113
-115
-110
-100
-87
-72
-57
-43
-33
-27
-21
-12
5
21
35
44
48
48
50
55
66
84
104
121
135
148
158
164
163
157
151
142
129
117
108
102
95
85
73
64
61
59
54
49
46
47
48
47
44
42
40
32
26
21
21
23
31
40
42
39
26
9
-7
-14
-15
-11
-9
-16
-26
-37
-44
-47
-49
-54
-61
-62
-60
-58
-59
-69
-82
-93
-97
-95
-93
-91
-91
-95
-97
-97
-95
-88
-78
-68
-67
-73
-83
-90
-91
-93
-95
-88
-76
-64
-56
-50
-47
-48
-51
-52
-52
-47
-38
-30
-28
-28
-26
-21
-12
-2
6
14
19
26
30
31
33
34
35
36
33
28
20
16
19
30
40
44
43
43
43
48
53
56
63
66
67
67
69
71
69
62
56
52
56
62
68
75
75
67
57
51
46
44
39
31
24
23
20
18
15
12
11
8
4
-1
3
13
23
36
48
59
67
75
82
86
89
90
88
85
81
74
66
58
46
37
31
28
24
16
6
-4
-15
-26
-36
-43
-47
-50
-54
-56
-54
-49
-44
-38
-38
-43
-53
-62
-68
-72
-75
-82
-87
-93
-103
-109
-117
-121
-126
-133
-144
-156
-164
-168
-166
-165
-165
-166
-165
-159
-151
-144
-134
-124
-114
-95
-69
-40
-12
7
18
24
27
29
36
43
48
49
49
47
49
53
55
56
54
47
40
33
30
29
29
26
24
26
27
35
45
58
75
90
103
112
121
128
135
139
143
147
148
151
155
160
160
160
155
149
146
139
133
126
117
104
91
81
72
64
57
50
42
39
40
40
38
29
20
8
-2
-13
-22
-30
-34
-37
-40
-51
-64
-75
-86
-96
-106
-117
-124
-129
-135
-141
-149
-155
-160
-159
-154
-146
-135
-124
-115
-106
-96
-91
-86
-82
-78
-76
-76
-80
-84
-88
-91
-90
-88
-86
-82
-77
-70
-59
-46
-35
-26
-16
-9
0
12
22
35
52
68
81
84
86
87
89
92
97
104
108
111
111
110
108
100
90
80
69
64
60
56
48
39
32
29
30
34
39
39
39
39
39
36
30
28
27
27
26
24
19
11
-1
-16
-30
-42
-51
-64
-81
-94
-100
-101
-96
-94
-95
-91
-84
-76
-67
-59
-51
-38
-14
11
39
67
88
105
119
130
139
146
145
141
133
123
109
95
82
68
55
37
17
-2
-22
-41
-60
-75
-86
-93
-99
-104
-109
-114
-114
-116
-117
-114
-107
-97
-83
-73
-67
-62
-57
-51
-47
-40
-33
-25
-18
-15
-17
-20
-21
-22
-20
-14
-8
-4
-2
3
9
18
27
33
35
37
40
47
55
66
77
84
92
93
86
78
72
65
60
52
40
31
21
15
15
16
15
13
6
-2
-8
-12
-13
-14
-16
-20
-26
-31
-30
-23
-16
-10
-6
-6
-6
-4
0
5
5
-3
-8
-16
-18
-13
-9
-7
-9
-15
-21
-28
-30
-32
-35
-40
-40
-40
-40
-40
-33
-20
-7
3
8
14
19
26
32
36
39
37
34
32
28
24
24
21
17
14
11
8
7
4
-1
-7
-15
-23
-29
-30
-26
-19
-14
-10
-4
0
5
10
15
16
15
15
19
22
23
25
24
21
18
13
13
12
11
5
-1
-5
-13
-22
-27
-32
-26
-18
-12
-9
-9
-10
-8
-8
-8
-7
-2
4
11
17
20
21
18
17
21
25
25
19
8
-7
-20
-30
-32
-30
-29
-30
-34
-37
-39
-40
-37
-34
-30
-29
-29
-27
-20
-10
0
7
13
18
25
32
39
41
40
34
27
26
25
26
29
26
24
18
10
4
0
-3
-10
-19
-26
-29
-24
-17
-7
0
4
6
4
2
3
4
10
15
15
9
1
-1
-2
1
2
-2
-6
-10
-13
-16
-18
-23
-29
-36
-40
-39
-36
-32
-29
-25
-14
-1
9
19
22
19
18
16
18
17
16
11
10
13
18
19
13
5
-4
-5
-1
2
2
0
-5
-8
-9
-8
-6
-6
-7
-8
-9
-7
0
6
11
12
14
15
17
18
20
18
17
16
14
10
8
6
5
4
6
10
11
8
4
0
-2
0
1
3
2
0
-2
1
4
11
16
18
21
24
28
30
30
27
21
14
6
1
0
4
7
5
0
-5
-8
-9
-11
-15
-21
-27
-30
-31
-28
-21
-12
-8
-5
-10
-12
-13
-12
-11
-11
-10
-13
-15
-14
-11
-12
-13
-15
-17
-17
-17
-16
-15
-14
-14
-15
-13
-8
-4
0
-2
-8
-19
-28
-35
-35
-30
-22
-14
-10
-5
0
4
6
6
0
-4
-10
-14
-13
-10
-6
-2
1
6
8
10
13
12
11
12
12
12
14
14
19
20
22
24
23
20
18
16
20
23
26
26
25
21
16
14
14
15
12
8
4
-1
-3
-2
1
8
17
22
24
23
17
10
3
-2
-3
-5
-3
0
5
11
17
24
28
23
17
10
2
-4
-6
-7
-2
7
13
16
16
8
-5
-16
-23
-25
-24
-24
-26
-25
-25
-25
-22
-19
-16
-17
-17
-21
-26
-26
-25
-24
-21
-18
-18
-18
-13
-12
-12
-13
