0
-1
0
0
0
-1
0
0
0
-1
0
0
0
0
-1
0
0
0
1
0
1
0
-1
0
1
0
0
-1
-1
0
0
0
0
0
0
0
0
-1
0
0
0
0
1
0
1
0
0
0
1
0
0
0
0
0
-1
0
0
0
1
0
1
0
0
0
-1
-1
0
0
1
0
0
0
0
0
0
1
0
1
0
0
1
0
0
1
0
0
1
0
1
1
0
0
0
0
0
0
0
0
0
0
0
1
0
0
0
0
0
-1
0
-1
0
0
1
1
0
0
0
-1
0
0
0
0
0
0
1
0
0
-1
0
0
0
0
-1
0
1
0
0
0
0
0
0
0
0
0
0
0
0
0
1
0
0
0
0
0
-1
0
0
0
0
0
1
0
0
0
0
0
0
0
1
0
-1
0
-1
1
0
0
0
0
-1
0
-1
0
0
0
0
-1
1
0
0
0
1
0
-1
0
1
1
0
-1
0
0
0
0
0
0
0
0
-1
0
0
0
0
1
-1
0
0
-1
0
0
0
0
0
1
1
0
0
0
-1
-1
0
0
0
1
0
0
0
0
0
0
1
0
0
-1
0
0
1
0
0
0
0
0
1
0
0
-1
0
0
0
0
0
0
0
0
1
0
0
0
0
0
0
0
0
1
0
0
0
0
0
0
-1
0
0
0
0
1
0
0
1
0
0
0
1
-1
0
-1
0
0
0
1
0
0
0
0
0
0
1
0
0
0
0
0
0
0
0
0
-1
0
0
0
1
0
0
0
1
0
0
0
0
0
0
0
0
0
0
1
0
1
0
-1
0
0
-1
0
0
0
-1
0
0
0
-1
0
-1
1
-1
1
0
0
0
0
0
1
0
1
0
0
0
0
0
0
0
0
0
0
0
1
0
0
-1
0
0
0
0
0
0
0
0
0
0
-1
0
0
1
0
0
-1
0
0
0
0
0
0
0
0
-1
0
1
0
0
0
0
1
0
0
0
0
0
-1
0
0
-1
0
0
0
0
0
0
0
0
0
0
0
1
1
1
1
0
0
-1
1
0
0
0
0
0
0
0
0
0
0
0
0
1
0
0
1
0
1
0
0
1
0
0
0
0
1
0
0
-1
0
0
1
1
0
0
-1
0
-1
-1
0
0
0
1
1
0
-1
0
1
0
0
0
0
1
0
1
-1
0
1
0
0
0
-1
0
0
0
1
0
-1
0
-1
-1
0
0
1
0
0
0
1
1
0
0
1
1
-1
0
-1
0
0
0
1
0
0
0
0
-1
0
0
-1
0
0
-1
-1
1
0
0
0
0
-1
0
1
0
0
0
-1
1
0
1
0
1
-1
0
0
0
-1
0
0
0
0
0
0
0
0
0
0
0
0
0
0
0
0
0
1
0
0
0
0
1
0
0
0
0
0
0
0
0
0
0
0
0
0
0
0
0
0
0
0
0
1
0
0
0
0
-1
0
0
1
0
0
0
0
0
-1
0
0
0
0
0
0
-1
0
0
-1
0
0
0
-1
0
0
0
0
-1
0
0
0
0
0
0
0
0
0
0
0
0
0
0
0
-1
0
0
0
-1
0
-1
0
-1
0
0
0
0
1
0
0
0
0
-1
1
0
0
0
0
0
1
0
0
0
0
0
0
1
0
0
0
0
-1
0
-1
0
0
0
0
0
0
0
0
0
0
0
0
0
0
0
0
0
1
0
1
1
0
1
0
0
0
0
0
1
0
1
0
0
0
1
0
0
-1
0
0
1
0
-1
0
0
0
0
-1
-1
1
0
0
1
0
0
1
0
0
0
-1
1
0
0
0
0
0
0
-1
0
0
0
0
0
0
0
0
0
0
0
0
0
0
0
0
0
0
0
0
-1
0
-1
0
-1
0
0
0
0
0
-1
0
-1
1
0
0
0
0
0
-1
0
-1
0
-1
0
0
0
0
-1
0
-1
0
1
0
0
0
0
0
0
1
0
0
0
0
0
0
-1
0
0
0
0
0
0
0
0
1
0
1
1
0
0
0
0
0
0
0
0
0
0
1
0
1
0
0
0
0
0
0
0
1
0
0
0
1
0
1
1
0
0
0
0
-1
0
0
1
0
0
0
0
0
0
0
0
0
0
0
0
0
-1
0
0
0
0
0
0
0
0
0
-1
0
1
0
0
0
0
0
0
0
-1
1
0
0
0
1
0
1
0
0
0
0
0
0
0
-1
0
1
0
0
0
1
0
0
0
0
-1
1
1
0
0
1
0
0
0
0
0
0
0
0
-1
0
0
0
0
1
0
0
0
0
0
0
-1
-1
1
0
0
1
0
0
-1
0
-1
1
0
1
0
0
0
0
1
-1
0
0
0
0
0
0
0
0
0
0
0
0
0
0
-1
0
0
0
0
1
0
0
0
0
0
0
0
0
-1
0
0
0
-1
0
0
1
0
-1
0
0
0
0
1
1
1
0
0
-1
0
0
-1
0
0
0
0
-1
0
0
0
0
0
0
1
0
0
0
0
0
1
0
0
0
0
0
0
0
-1
1
-1
0
-1
0
0
0
0
-1
0
0
0
0
0
0
0
0
0
1
0
0
0
0
0
0
0
0
0
0
0
0
0
0
-1
0
0
0
1
0
0
0
0
-1
0
-1
0
1
0
0
1
0
0
0
0
0
0
0
0
0
0
1
-1
0
-1
0
0
-1
0
0
0
0
-1
0
0
0
0
0
1
0
0
0
0
0
0
-1
-1
0
1
2
0
1
0
-1
0
0
1
1
1
1
-1
-1
0
2
3
4
4
4
3
4
6
6
6
5
3
3
3
2
2
2
2
0
-1
-2
-2
-1
0
0
1
1
1
2
2
3
4
4
4
3
3
4
3
3
3
2
1
1
0
0
1
0
0
-1
-1
-1
0
-1
-1
-2
-2
-2
-2
0
-1
2
3
2
1
1
7
15
19
16
10
9
13
16
18
16
13
2
-11
-16
9
78
155
170
92
-6
-21
72
183
225
190
114
48
14
21
57
94
102
59
-21
-95
-128
-108
-60
-22
-31
-93
-166
-198
-166
-93
-28
-9
-42
-90
-105
-78
-38
4
30
28
0
-32
-49
-41
-16
8
13
-12
-53
-86
-94
-83
-66
-63
-76
-96
-103
-93
-72
-52
-41
-32
-26
-24
-22
-14
3
24
43
52
49
37
28
30
41
51
53
44
30
20
18
20
24
27
28
23
13
-1
-10
-7
4
19
28
30
27
26
30
42
61
79
89
85
84
82
77
63
37
-6
-68
-100
-70
-18
-34
-162
-317
-362
-280
-176
-159
-220
-267
-280
-252
-183
-34
155
220
-127
-1028
-2003
-2162
-1150
78
247
-853
-2152
-2617
-2157
-1258
-505
-152
-242
-616
-983
-1050
-597
239
1015
1357
1156
661
272
357
994
1738
2055
1712
951
286
106
456
935
1104
859
381
-76
-361
-333
-22
333
506
412
137
-138
-188
106
595
993
1108
974
792
762
955
1237
1361
1241
970
728
582
467
397
372
352
241
-23
-347
-651
-791
-699
-453
-246
-261
-404
-492
-393
-112
207
437
513
517
544
581
619
654
725
789
782
704
551
397
293
257
215
97
-33
-142
-213
-279
-360
-426
-472
-438
-324
-241
-249
-336
-341
-199
27
179
133
5
-57
22
129
173
183
168
100
-72
-250
-314
-273
-250
-328
-445
-461
-412
-430
-484
-272
415
1110
465
-2473
-6227
-7183
-3509
1438
2639
-1089
-5835
-7507
-5716
-2250
520
1428
501
-1341
-2542
-2316
-657
1557
3036
3316
2488
1176
227
349
1808
3540
4142
3121
1148
-394
-637
359
1599
1947
1254
35
-983
-1325
-908
-20
695
861
517
-58
-461
-399
272
1240
1941
2035
1551
1025
946
1379
1972
2244
2091
1592
928
402
150
140
141
3
-255
-669
-1095
-1362
-1315
-1000
-655
-455
-515
-676
-660
-314
244
696
861
759
578
526
649
868
1032
1068
979
779
554
376
221
64
-84
-206
-320
-439
-537
-578
-597
-710
-895
-1025
-974
-761
-517
-354
-341
-372
-337
-201
-19
137
295
462
517
293
-81
-254
-88
119
26
-302
-554
-619
-711
-851
-706
-277
65
54
16
435
848
-454
-4363
-8339
-7709
-1834
3575
2769
-3529
-8902
-9145
-5029
-103
2304
1713
-632
-2631
-2923
-1470
1172
3473
4242
3579
2152
1020
773
1746
3605
4903
4625
2747
456
-658
-49
1571
2608
2154
671
-897
-1693
-1480
-508
549
978
708
1
-641
-763
-202
884
1871
2271
1971
1301
1000
1393
2243
2877
2725
1918
838
71
-35
400
921
892
240
-761
-1635
-1964
-1669
-976
-463
-406
-762
-1251
-1420
-1105
-342
463
864
790
376
82
218
719
1260
1397
1130
674
294
205
278
359
242
-83
-458
-765
-896
-867
-768
-730
-845
-1061
-1230
-1196
-886
-512
-308
-377
-510
-492
-279
50
282
360
314
268
283
238
203
305
490
481
41
-598
-968
-724
-130
93
-171
-458
-451
-219
217
1056
1899
1377
-1944
-6760
-8936
-5618
384
3059
-65
-5774
-9123
-8307
-4464
-285
1756
949
-1452
-3205
-2955
-855
1963
3979
4459
3581
2069
1028
1271
2950
4979
5821
4798
2457
347
-172
949
2500
2979
1954
101
-1525
-2046
-1399
-234
565
551
-61
-832
-1244
-950
-9
1144
1916
2022
1577
1135
1277
2028
2968
3451
3196
2348
1301
714
839
1321
1413
711
-463
-1440
-1688
-1425
-1303
-1597
-2040
-2264
-2281
-2239
-2063
-1603
-876
-244
33
-47
-191
7
619
1358
1783
1699
1329
1062
1131
1356
1332
946
386
-30
-217
-327
-424
-541
-689
-926
-1279
-1570
-1625
-1366
-951
-636
-609
-868
-1082
-933
-387
214
569
593
375
148
136
445
833
1021
956
641
294
192
268
224
56
160
510
508
17
-512
-431
564
1634
1437
-1074
-5316
-8607
-8108
-3726
598
617
-3632
-8220
-9448
-6929
-2872
247
971
-378
-2211
-2849
-1538
1007
3487
4780
4554
3398
2195
1914
2959
4708
5947
5584
3733
1572
373
668
1771
2480
1992
457
-1175
-2109
-2065
-1296
-408
20
-261
-895
-1319
-1155
-363
749
1724
2137
1957
1612
1631
2224
3100
3739
3766
3208
2416
1718
1284
1144
1129
877
252
-469
-1008
-1560
-2207
-2632
-2610
-2213
-1815
-1735
-2040
-2345
-2148
-1381
-414
194
277
143
130
435
957
1459
1739
1733
1554
1257
988
824
728
654
469
133
-317
-742
-995
-1091
-1148
-1308
-1526
-1639
-1574
-1328
-1057
-879
-779
-668
-500
-340
-151
130
450
732
888
834
633
530
733
940
817
462
209
333
629
686
327
-67
-64
68
42
224
728
1061
607
-384
-1421
-2921
-5069
-6801
-6357
-3790
-1547
-1899
-4666
-7387
-7830
-5780
-2645
-316
234
-673
-1773
-1743
-253
1995
3784
4383
3976
3236
2893
3254
4145
5084
5405
4747
3277
1753
1020
1242
1840
1957
1199
-133
-1401
-1999
-1772
-1074
-459
-376
-768
-1189
-1229
-739
90
990
1689
1990
1980
1927
2164
2736
3412
3828
3715
3131
2358
1695
1277
1134
1105
703
-216
-1190
-1776
-1988
-2120
-2226
-2310
-2391
-2544
-2736
-2712
-2244
-1448
-710
-324
-334
-397
-123
526
1260
1734
1793
1600
1484
1556
1654
1595
1324
927
496
77
-259
-489
-664
-851
-1125
-1487
-1838
-2041
-1998
-1736
-1394
-1171
-1097
-1039
-868
-545
-172
150
412
624
710
617
497
618
915
998
657
297
326
563
661
410
-13
-282
-226
-36
30
-19
-194
-183
312
932
1033
429
-589
-2113
-4283
-6220
-6278
-4074
-1467
-1044
-3403
-6553
-7866
-6312
-3143
-522
219
-655
-1826
-2019
-829
1221
3109
4070
3966
3303
2854
3086
3934
4919
5457
5124
3934
2473
1562
1602
2149
2344
1721
468
-806
-1542
-1556
-1073
-588
-455
-729
-1215
-1472
-1209
-482
375
1038
1420
1555
1639
1922
2459
3106
3557
3569
3112
2438
1982
1875
1799
1297
459
-239
-685
-1187
-1774
-2111
-2163
-2199
-2417
-2738
-2938
-2860
-2499
-1949
-1342
-849
-661
-688
-534
10
747
1312
1572
1661
1654
1629
1648
1663
1575
1266
797
330
11
-163
-358
-684
-1064
-1397
-1658
-1813
-1822
-1677
-1511
-1403
-1299
-1153
-975
-773
-510
-184
132
391
577
661
742
850
971
1026
924
794
817
829
625
384
340
394
287
114
14
-26
116
388
566
701
790
596
-334
-2190
-4323
-5800
-5933
-4691
-3034
-2335
-3402
-5600
-7065
-6559
-4354
-1880
-550
-545
-1177
-1478
-824
683
2465
3747
4148
3923
3555
3520
4041
4871
5490
5377
4490
3302
2368
2012
2144
2264
1874
867
-396
-1294
-1557
-1324
-988
-900
-1084
-1408
-1602
-1427
-892
-121
629
1144
1406
1517
1738
2227
2879
3420
3538
3215
2640
2042
1661
1530
1481
1207
599
-173
-906
-1524
-1998
-2295
-2490
-2665
-2848
-2960
-2920
-2740
-2474
-2147
-1759
-1337
-942
-567
-164
325
897
1365
1604
1690
1740
1810
1850
1786
1590
1271
923
603
321
13
-360
-766
-1164
-1493
-1724
-1876
-1888
-1776
-1667
-1596
-1516
-1326
-1084
-829
-519
-143
204
411
492
549
671
859
1120
1280
1082
658
486
860
1334
1222
486
-336
-649
-295
421
960
819
174
-213
79
802
1159
786
-81
-1450
-3405
-5638
-6970
-6196
-3698
-1509
-1810
-4675
-7643
-8155
-5727
-2141
249
479
-744
-1900
-1745
-64
2397
4389
5014
4435
3560
3269
3835
4893
5838
6042
5179
3609
2144
1541
1847
2339
2252
1237
-322
-1626
-2196
-1909
-1223
-779
-873
-1451
-1934
-1866
-1213
-225
664
1228
1508
1654
1862
2322
3034
3730
4029
3809
3204
2536
2082
1915
1989
1932
1375
199
-1232
-2232
-2505
-2340
-2340
-2801
-3561
-4127
-4191
-3769
-3014
-2304
-1865
-1679
-1519
-1203
-601
255
1101
1766
2031
1924
1850
1992
2269
2521
2396
1855
1197
620
306
198
53
-337
-1011
-1762
-2289
-2420
-2323
-2157
-2015
-2075
-2129
-1934
-1546
-1022
-562
-318
-135
139
509
881
1130
1375
1624
1667
1419
1131
1106
1274
1315
1053
553
80
4
264
235
-68
-123
42
348
650
655
340
-108
-363
-663
-2073
-4652
-6837
-6970
-4822
-2288
-1752
-3729
-6468
-7649
-6426
-3623
-932
214
-245
-1233
-1442
-328
1601
3516
4648
4723
4200
3735
3797
4491
5441
5998
5591
4272
2767
1838
1767
2162
2296
1673
328
-1134
-2004
-2027
-1481
-999
-997
-1359
-1745
-1802
-1381
-577
357
1084
1479
1652
1841
2287
2967
3621
3938
3785
3313
2739
2209
1869
1736
1536
878
-155
-997
-1418
-1789
-2367
-2936
-3291
-3398
-3334
-3205
-3095
-2973
-2752
-2366
-1759
-1074
-530
-163
186
703
1261
1656
1920
2147
2310
2275
2059
1811
1537
1224
860
467
78
-352
-833
-1325
-1762
-2099
-2337
-2419
-2322
-2147
-2024
-1925
-1722
-1404
-1088
-797
-465
-96
271
655
1031
1249
1290
1347
1571
1860
1905
1533
1047
847
911
879
565
188
-64
-273
-484
-653
-641
-421
-125
143
379
482
352
65
-745
-2729
-5554
-7437
-6563
-3437
-850
-1220
-4397
-7645
-8288
-5917
-2285
205
476
-772
-2025
-1901
-179
2296
4288
4903
4347
3470
3127
3719
4886
5978
6319
5491
3848
2243
1583
2001
2694
2749
1744
75
-1416
-2096
-1783
-992
-485
-659
-1363
-1953
-1898
-1157
-98
749
1163
1291
1374
1642
2205
2977
3667
3921
3642
3001
2279
1762
1576
1531
1254
638
-33
-670
-1462
-2239
-2671
-2725
-2635
-2692
-2895
-3072
-3109
-2905
-2414
-1735
-1160
-863
-698
-404
183
846
1314
1642
1912
2084
2069
1905
1756
1621
1403
1069
665
250
-201
-638
-982
-1259
-1564
-1954
-2282
-2359
-2252
-2126
-2005
-1810
-1516
-1254
-1059
-821
-480
-60
377
764
988
1047
1148
1406
1729
1920
1815
1402
804
299
245
545
772
705
289
-150
-337
-426
-710
-1045
-655
694
1747
1221
-550
-2312
-3370
-3955
-4220
-4072
-3692
-3600
-4109
-4841
-5224
-5077
-4545
-3742
-2735
-1814
-1258
-954
-537
269
1346
2382
3099
3434
3628
3919
4382
4859
5113
5061
4648
3992
3379
2976
2741
2445
1963
1304
479
-310
-840
-1058
-1107
-1193
-1316
-1431
-1502
-1398
-1044
-487
91
512
812
1112
1511
2067
2667
3109
3265
3072
2607
2085
1811
1775
1652
1290
847
315
-454
-1207
-1597
-1666
-1730
-2034
-2462
-2765
-2805
-2636
-2418
-2110
-1716
-1442
-1291
-1034
-528
56
493
830
1121
1349
1521
1662
1771
1732
1516
1219
921
685
419
45
-329
-630
-919
-1306
-1730
-1957
-2004
-2022
-2025
-1915
-1640
-1325
-1117
-991
-798
-440
-25
311
622
925
1127
1248
1338
1425
1470
1470
1355
983
492
282
581
919
659
70
-145
34
46
-209
-178
371
1021
1244
1066
517
-634
-2699
-5223
-6595
-5787
-3698
-2235
-2709
-4825
-6926
-7423
-5853
-3417
-1637
-1002
-1210
-1569
-1389
-241
1702
3487
4344
4249
3794
3691
4197
5111
5964
6166
5480
4170
2947
2421
2477
2621
2343
1441
113
-1136
-1775
-1743
-1445
-1288
-1484
-1906
-2198
-2082
-1497
-710
-10
507
838
1137
1557
2152
2849
3401
3536
3165
2571
2167
1994
1893
1803
1582
1017
107
-768
-1254
-1403
-1526
-1895
-2462
-2933
-3086
-2948
-2724
-2540
-2353
-2137
-1835
-1415
-980
-531
-5
552
1010
1306
1473
1609
1779
1935
1946
1733
1327
884
535
305
98
-195
-590
-1018
-1407
-1745
-1981
-2048
-1951
-1770
-1622
-1527
-1407
-1241
-952
-538
-105
214
382
584
915
1264
1538
1698
1792
1777
1587
1327
1040
841
812
839
777
539
174
-78
-229
-349
-400
-304
9
303
442
329
-323
-1847
-4034
-5524
-5136
-3585
-2592
-3047
-4231
-5070
-5240
-4735
-3740
-2577
-1598
-1105
-900
-626
2
1023
2076
2926
3395
3481
3492
3676
4143
4672
4898
4662
3936
3086
2528
2297
2192
1953
1431
603
-329
-965
-1175
-1161
-1166
-1258
-1355
-1397
-1322
-1081
-685
-152
388
766
995
1257
1699
2262
2754
2993
2828
2307
1735
1401
1334
1342
1203
753
-24
-818
-1258
-1342
-1369
-1619
-2063
-2472
-2620
-2469
-2225
-2075
-1977
-1817
-1569
-1290
-956
-494
35
485
723
836
986
1219
1512
1733
1767
1572
1153
718
450
313
167
-118
-499
-863
-1195
-1470
-1616
-1624
-1562
-1497
-1418
-1301
-1123
-856
-527
-197
49
181
337
624
965
1193
1254
1279
1421
1602
1619
1323
896
730
866
1002
931
611
214
11
103
240
150
90
533
1371
1890
1668
692
-1466
-4949
-8051
-8155
-4773
-861
0
-3075
-7554
-9852
-8422
-4470
-738
686
-265
-2171
-3108
-1994
711
3634
5256
5029
3719
2657
2877
4286
6008
7011
6506
4660
2516
1359
1656
2631
3136
2427
637
-1333
-2571
-2617
-1812
-998
-856
-1503
-2371
-2756
-2311
-1191
36
830
1046
946
992
1497
2444
3452
3968
3741
2925
1947
1376
1531
2108
2331
1695
409
-867
-1538
-1551
-1385
-1507
-2007
-2650
-3128
-3227
-2931
-2479
-2152
-1989
-1888
-1715
-1392
-931
-324
367
930
1147
1098
1149
1471
1905
2137
1960
1437
814
383
282
335
249
-179
-866
-1508
-1904
-2000
-1882
-1664
-1475
-1466
-1573
-1598
-1369
-859
-262
210
386
306
297
560
1054
1593
1831
1666
1322
1133
1225
1389
1426
1175
599
63
77
529
766
444
-163
-675
-749
-300
356
854
818
162
-957
-2287
-3497
-4394
-4609
-4018
-3297
-3198
-3833
-4730
-5272
-5039
-3881
-2351
-1301
-989
-1066
-886
-162
970
2151
2928
3269
3404
3548
3832
4206
4574
4761
4585
4032
3255
2587
2270
2157
1947
1457
704
-154
-890
-1237
-1173
-1013
-1033
-1232
-1397
-1349
-1067
-589
-41
446
816
1076
1363
1771
2292
2762
2901
2686
2299
1913
1593
1355
1278
1244
932
256
-537
-1111
-1328
-1371
-1474
-1747
-2104
-2374
-2438
-2259
-1996
-1809
-1684
-1549
-1319
-997
-610
-147
275
533
622
695
921
1195
1396
1440
1260
926
524
250
191
139
-110
-608
-1166
-1495
-1566
-1478
-1385
-1412
-1505
-1598
-1537
-1263
-886
-487
-153
23
24
-20
136
602
1227
1644
1532
1105
813
865
1075
1128
922
595
280
122
280
684
976
724
-99
-919
-866
221
1425
1781
1273
608
-74
-1843
-5054
-7676
-7125
-3746
-903
-1266
-4410
-7656
-8631
-6848
-3461
-559
293
-777
-2340
-2585
-872
1848
4087
4814
4268
3392
3072
3722
4964
6153
6613
5850
4156
2460
1784
2238
2910
2942
1973
314
-1267
-2120
-1976
-1246
-715
-868
-1588
-2214
-2231
-1593
-605
282
840
1045
1060
1248
1821
2673
3417
3657
3336
2699
2108
1847
1867
1889
1677
1118
300
-511
-1044
-1294
-1486
-1748
-2114
-2517
-2779
-2784
-2563
-2294
-2070
-1859
-1653
-1427
-1155
-826
-358
244
781
1015
1010
1079
1346
1715
1915
1756
1273
666
235
117
133
5
-419
-1059
-1667
-2020
-2067
-1924
-1764
-1705
-1773
-1841
-1739
-1383
-858
-367
-39
77
76
165
503
1099
1678
1879
1645
1269
1059
1018
1086
1209
1137
753
288
81
270
454
237
-446
-1296
-1413
-495
977
2129
2071
930
-805
-3002
-5294
-6636
-5712
-3131
-1478
-2231
-4781
-7090
-7557
-6127
-3600
-1464
-706
-1190
-2139
-2185
-732
1575
3584
4249
3769
3062
2901
3727
5060
6152
6412
5505
3966
2684
2357
2874
3299
3066
2059
549
-763
-1415
-1283
-792
-619
-902
-1480
-1973
-1966
-1454
-590
242
721
863
834
1072
1714
2465
3033
3177
2957
2479
1955
1819
2014
2136
1871
1178
411
-208
-598
-777
-914
-1149
-1617
-2167
-2464
-2434
-2210
-2030
-1963
-1904
-1857
-1718
-1303
-652
-41
252
325
419
655
1047
1457
1715
1649
1220
678
319
257
317
199
-152
-627
-1121
-1544
-1795
-1809
-1697
-1644
-1686
-1729
-1655
-1440
-1138
-803
-526
-376
-296
-149
207
692
1046
1178
1160
1150
1203
1206
1047
778
638
656
643
617
598
440
25
-589
-1026
-831
-69
687
967
901
831
556
-504
-2712
-5428
-6761
-5500
-2964
-1737
-2957
-5421
-7187
-7199
-5525
-3193
-1498
-1037
-1496
-1928
-1491
-41
1805
3166
3722
3740
3581
3654
4168
5041
5898
6131
5452
4133
2915
2496
2795
3149
2921
1933
523
-751
-1357
-1238
-869
-724
-996
-1482
-1793
-1707
-1220
-546
93
573
829
966
1177
1580
2139
2604
2760
2621
2374
2198
2057
1947
1846
1651
1281
699
91
-318
-625
-982
-1354
-1618
-1805
-2050
-2247
-2272
-2157
-1951
-1705
-1404
-1118
-916
-705
-421
-19
423
748
962
1127
1218
1188
1051
927
810
614
344
40
-211
-397
-565
-774
-1061
-1353
-1585
-1736
-1737
-1631
-1488
-1332
-1171
-935
-671
-530
-551
-564
-304
232
825
1174
1099
808
637
720
994
1283
1374
1025
460
252
359
368
-49
-614
-651
-185
123
-41
-178
211
645
224
-1365
-3651
-5465
-5495
-3618
-1739
-1920
-3975
-6012
-6485
-5239
-3236
-1722
-1353
-1711
-1973
-1679
-700
798
2262
3066
3087
2794
2717
3158
4044
4934
5373
5114
4215
3116
2483
2635
3121
3147
2439
1315
242
-419
-570
-384
-229
-380
-779
-1159
-1249
-1009
-574
-109
264
509
641
691
820
1198
1784
2291
2386
2046
1611
1369
1376
1509
1547
1314
849
336
-75
-237
-245
-449
-947
-1460
-1725
-1768
-1749
-1721
-1690
-1629
-1481
-1295
-1128
-951
-696
-355
-4
291
468
514
554
667
774
753
612
448
269
86
-71
-218
-369
-546
-761
-1008
-1239
-1352
-1323
-1175
-1048
-1076
-1157
-1141
-939
-566
-150
132
82
-196
-256
147
830
1320
1257
726
151
73
602
1273
1533
1051
196
-310
-212
210
433
255
-21
-148
6
389
727
700
-306
-2355
-4366
-4952
-3796
-2318
-2118
-3301
-4789
-5539
-5318
-4364
-2988
-1861
-1495
-1686
-1743
-1166
-136
1001
2037
2712
2899
2775
2770
3226
4042
4800
4987
4403
3442
2738
2621
2875
2968
2568
1706
725
55
-185
-192
-243
-403
-585
-789
-997
-1059
-851
-413
59
375
440
327
365
801
1455
1945
2014
1722
1404
1322
1433
1514
1476
1332
1042
655
306
57
-164
-414
-656
-897
-1204
-1518
-1682
-1625
-1466
-1370
-1387
-1428
-1314
-996
-604
-289
-80
31
96
225
446
669
787
757
612
417
259
179
132
39
-164
-447
-694
-826
-829
-822
-923
-1072
-1175
-1172
-1081
-994
-906
-769
-595
-406
-241
-104
37
201
418
643
694
468
206
258
601
981
1133
865
241
-264
-216
209
487
343
-93
-465
-371
75
405
592
918
646
-1429
-4535
-5857
-4019
-1260
-536
-2268
-4685
-5972
-5517
-3796
-1864
-863
-1133
-1986
-2310
-1492
18
1387
2181
2425
2378
2263
2344
2791
3550
4371
4718
4163
3066
2283
2260
2683
2983
2867
2120
908
-71
-292
73
376
257
-140
-631
-1007
-1065
-763
-316
-12
85
43
-49
7
363
902
1432
1720
1594
1145
807
916
1252
1510
1554
1265
726
230
-22
-78
-142
-336
-640
-972
-1226
-1386
-1441
-1359
-1152
-934
-894
-1012
-1056
-898
-552
-168
41
34
-26
27
222
453
574
476
207
-38
-91
40
180
209
68
-214
-532
-755
-845
-835
-734
-629
-620
-759
-925
-967
-860
-658
-443
-283
-174
-67
-38
-95
-105
65
360
615
650
397
83
38
247
473
540
249
-438
-1097
-1085
-318
589
1027
713
-81
-446
156
532
-1114
-4061
-5310
-3644
-1320
-802
-2195
-4092
-5250
-5023
-3495
-1713
-721
-735
-1261
-1509
-964
243
1402
2048
2330
2511
2622
2638
2759
3252
4045
4479
3992
2891
2061
1952
2278
2613
2627
2012
874
-129
-383
22
458
478
11
-624
-937
-773
-365
-27
243
451
491
445
559
941
1453
1882
2033
1883
1574
1339
1291
1332
1325
1143
810
440
128
-128
-431
-738
-933
-1052
-1165
-1279
-1340
-1306
-1190
-1011
-819
-675
-625
-615
-526
-310
-59
109
163
173
195
206
197
174
133
37
-119
-259
-337
-381
-439
-560
-757
-1031
-1285
-1356
-1187
-936
-903
-1144
-1284
-1024
-549
-354
-532
-676
-556
-310
-162
-40
51
3
-75
-65
110
326
322
-41
-486
-606
-522
-378
-237
-256
-415
-491
-364
-120
144
465
1001
1455
577
-2189
-4872
-4707
-1976
64
-416
-2434
-4205
-4840
-4149
-2393
-691
-73
-540
-1279
-1383
-578
694
1678
2133
2341
2308
1943
1576
1921
3031
4083
4182
3177
1934
1312
1490
2118
2628
2649
1885
707
-20
98
640
828
536
174
-28
-158
-357
-373
89
757
1124
1029
813
799
1104
1651
2183
2344
1914
1285
1022
1243
1520
1414
1005
542
218
-25
-261
-392
-466
-581
-750
-906
-1004
-1024
-913
-672
-425
-371
-575
-803
-732
-364
10
159
67
-137
-251
-180
26
172
85
-203
-533
-723
-739
-690
-692
-751
-849
-1057
-1358
-1546
-1457
-1236
-1092
-1059
-1088
-1167
-1310
-1301
-955
-464
-305
-662
-1112
-1192
-785
-88
505
567
-67
-915
-1116
-395
483
561
-195
-964
-1042
-676
-563
-704
-469
327
974
841
141
-320
-98
-62
-1021
-2313
-2558
-1774
-1308
-1629
-2236
-2666
-2882
-2669
-1884
-1083
-688
-709
-761
-428
357
1274
1662
1542
1401
1515
1887
2339
2841
3104
2972
2614
2204
2030
2106
2315
2359
2043
1552
1037
781
856
1029
927
454
72
51
268
454
511
514
510
588
710
856
1097
1435
1745
1815
1643
1390
1238
1305
1451
1412
1097
654
339
175
86
-19
-199
-454
-718
-882
-919
-852
-773
-735
-694
-634
-563
-523
-496
-407
-260
-140
-104
-118
-148
-157
-142
-107
-105
-193
-354
-519
-611
-653
-700
-813
-923
-950
-949
-1067
-1336
-1514
-1430
-1137
-898
-939
-1137
-1218
-1064
-913
-975
-1117
-1111
-929
-686
-487
-427
-507
-552
-365
-140
-185
-501
-692
-520
-255
-218
-414
-640
-802
-932
-912
-543
169
787
842
366
-117
-122
307
484
-232
-1417
-1837
-995
-51
-234
-1470
-2520
-2536
-1672
-710
-398
-556
-703
-538
-222
131
551
786
856
977
1285
1521
1461
1405
1626
2048
2222
1914
1364
1078
1297
1715
1857
1561
1068
711
666
850
1047
1016
794
661
780
975
967
857
899
1177
1467
1520
1368
1235
1317
1555
1736
1657
1323
966
818
895
1014
973
711
383
142
22
-24
-41
-66
-147
-256
-354
-422
-432
-360
-229
-129
-158
-314
-479
-500
-352
-153
-94
-237
-452
-575
-569
-565
-653
-817
-990
-1106
-1160
-1199
-1243
-1251
-1202
-1204
-1345
-1552
-1681
-1619
-1397
-1147
-1106
-1340
-1636
-1713
-1445
-1075
-731
-529
-579
-927
-1335
-1306
-827
-302
-154
-408
-781
-1024
-971
-655
-283
-91
-183
-495
-767
-706
-353
-17
82
-36
-324
-572
-392
159
602
590
353
245
237
134
-90
-178
88
478
439
-118
-690
-836
-554
-86
325
374
80
-226
-306
-63
423
1009
1285
1121
855
732
878
1155
1469
1615
1517
1335
1133
1015
982
1112
1343
1440
1302
953
743
872
1236
1515
1445
1221
1039
1004
1068
1197
1368
1409
1303
1130
994
916
911
993
1064
1043
855
575
381
394
539
581
431
176
-47
-143
-106
-36
-49
-203
-414
-553
-591
-558
-523
-492
-462
-485
-592
-752
-849
-814
-715
-669
-777
-1009
-1245
-1329
-1245
-1136
-1125
-1270
-1470
-1590
-1590
-1509
-1409
-1284
-1190
-1215
-1349
-1474
-1480
-1324
-1096
-943
-930
-1014
-1046
-1018
-986
-909
-718
-495
-486
-658
-718
-538
-345
-502
-833
-930
-614
-108
167
72
-287
-573
-543
-169
354
588
325
-84
-188
80
425
664
803
733
488
226
235
495
707
779
751
752
733
690
663
697
852
1031
1185
1193
1035
816
678
738
845
929
907
783
553
245
116
292
688
940
813
395
5
-39
269
682
915
893
680
469
449
610
820
910
857
714
565
493
538
645
699
637
502
394
358
399
457
455
392
288
177
92
48
28
-2
-47
-103
-187
-288
-351
-351
-300
-244
-253
-306
-355
-340
-287
-258
-263
-317
-406
-509
-617
-684
-736
-792
-846
-913
-953
-941
-895
-881
-932
-959
-896
-782
-703
-733
-811
-804
-693
-613
-675
-799
-788
-622
-497
-524
-602
-608
-581
-561
-488
-367
-335
-442
-579
-576
-364
-145
-100
-225
-332
-307
-197
-60
34
81
106
154
191
141
11
-46
80
267
341
237
134
176
324
397
289
174
206
336
365
275
224
270
357
380
334
265
266
342
416
443
399
359
391
517
670
737
686
599
593
667
752
791
759
641
516
479
490
456
321
170
142
263
401
385
218
42
2
116
296
411
390
247
111
112
222
302
252
140
78
122
212
263
258
231
225
209
126
-20
-144
-168
-97
-22
-34
-144
-306
-390
-330
-191
-96
-134
-244
-330
-338
-288
-246
-247
-297
-369
-448
-492
-489
-438
-390
-372
-366
-370
-363
-334
-258
-169
-108
-81
-92
-128
-151
-138
-119
-128
-176
-248
-305
-313
-297
-314
-373
-380
-287
-170
-141
-220
-314
-332
-240
-109
-23
17
47
51
23
-3
-26
-49
-61
-10
38
-67
-261
-352
-267
-178
-241
-392
-535
-568
-470
-308
-218
-260
-347
-386
-336
-247
-149
-80
-51
-41
-38
43
193
272
144
-77
-100
173
551
727
543
151
-96
-8
312
609
710
590
345
169
205
432
662
742
691
585
488
427
442
517
609
656
558
367
172
151
312
485
520
348
156
72
141
280
338
281
123
2
-18
47
117
94
56
31
37
35
36
74
110
137
117
103
105
128
169
201
238
244
190
101
27
-3
-4
11
11
-46
-173
-305
-364
-334
-274
-259
-317
-412
-477
-474
-413
-351
-341
-392
-490
-583
-602
-535
-453
-434
-486
-568
-618
-612
-548
-459
-396
-375
-398
-427
-428
-399
-362
-333
-313
-299
-279
-261
-237
-202
-169
-138
-111
-72
-19
12
24
25
24
50
86
133
157
132
74
12
29
128
256
310
229
88
13
62
178
300
354
324
228
153
179
270
361
395
370
290
175
143
256
437
512
391
170
48
141
356
485
428
244
89
63
139
254
324
344
329
275
181
62
39
144
270
250
32
-202
-237
-66
110
101
-52
-186
-201
-122
-43
3
13
-4
-35
-61
-75
-76
-55
-7
43
13
-112
-247
-263
-114
66
122
-1
-165
-205
-108
25
84
36
-56
-107
-84
-34
-27
-78
-143
-164
-145
-117
-85
-39
0
8
-15
-45
-54
-49
-35
-33
-57
-83
-104
-120
-147
-180
-183
-152
-121
-121
-134
-123
-79
-43
-40
-64
-88
-84
-67
-52
-43
-27
2
6
-26
-76
-108
-101
-67
-47
-56
-73
-62
-34
-10
3
4
3
6
4
-5
-10
4
27
27
-3
-39
-58
-41
-5
23
40
54
87
114
117
106
97
83
56
62
121
183
184
138
95
76
72
76
94
117
151
182
187
168
146
139
131
124
123
133
125
76
-1
-71
-82
-24
53
74
7
-96
-146
-110
-45
-32
-106
-216
-285
-268
-187
-104
-66
-86
-129
-162
-160
-122
-79
-55
-38
-19
-8
-37
-96
-122
-64
63
177
186
98
3
-32
10
78
141
185
189
134
30
-62
-81
-11
99
163
131
34
-51
-62
-9
52
86
104
119
128
110
71
45
45
65
84
83
59
14
-39
-78
-74
-28
17
19
-21
-69
-82
-42
21
58
39
-15
-56
-42
24
98
132
107
37
-31
-59
-37
10
41
51
50
41
32
33
52
75
86
68
34
0
-18
-20
-13
-3
0
-24
-87
-149
-155
-104
-46
-47
-117
-227
-309
-321
-286
-255
-264
-302
-346
-376
-383
-360
-317
-270
-239
-254
-308
-351
-329
-245
-150
-96
-99
-129
-132
-82
6
91
137
147
137
113
100
138
236
348
412
406
376
381
427
474
497
486
457
422
405
428
474
507
489
434
375
312
246
206
209
237
231
167
70
2
-10
-5
-27
-67
-91
-96
-117
-164
-197
-193
-177
-188
-217
-237
-234
-234
-257
-278
-277
-259
-252
-262
-280
-291
-288
-274
-245
-205
-196
-228
-285
-321
-289
-216
-142
-112
-134
-169
-183
-153
-100
-65
-50
-37
0
42
58
51
55
77
101
100
78
68
98
156
195
184
136
94
92
137
207
267
283
244
177
144
170
222
231
181
121
95
110
138
151
139
108
72
34
15
27
65
101
97
64
23
-4
-13
-12
-12
-33
-70
-97
-98
-89
-83
-75
-64
-67
-92
-131
-151
-126
-64
-6
-4
-63
-146
-204
-200
-146
-86
-63
-87
-129
-162
-163
-141
-116
-90
-84
-98
-125
-145
-137
-103
-54
-21
-22
-43
-66
-67
-39
6
46
54
21
-29
-64
-57
-22
19
33
14
-23
-48
-35
10
63
98
105
95
81
77
87
102
109
100
77
61
65
84
97
103
103
94
86
82
99
130
151
150
132
126
150
181
190
166
130
106
110
138
157
152
119
74
42
29
25
14
2
-6
-4
2
6
1
-8
-10
-19
-40
-73
-111
-143
-159
-150
-129
-112
-121
-148
-172
-178
-159
-122
-93
-87
-103
-126
-142
-135
-103
-64
-44
-55
-94
-125
-126
-103
-70
-49
-42
-46
-53
-48
-30
-4
15
21
21
19
31
43
46
40
34
34
31
35
50
72
87
80
65
64
78
90
82
53
15
-17
-36
-36
-23
-7
-2
-14
-35
-46
-39
-25
-12
-6
-7
-21
-40
-50
-37
-14
-6
-17
-37
-49
-42
-23
2
25
43
49
45
41
38
42
45
51
64
82
103
111
108
96
84
78
79
85
87
83
78
67
51
43
47
52
53
45
30
10
-8
-16
-11
-3
-5
-26
-51
-56
-38
-6
13
8
-5
-14
-6
15
29
23
-1
-37
-68
-84
-84
-75
-59
-46
-39
-51
-71
-80
-69
-44
-26
-23
-33
-43
-44
-40
-37
-36
-39
-48
-58
-57
-55
-52
-55
-55
-43
-28
-23
-25
-23
-11
-3
-2
-7
-11
-7
-8
-15
-24
-26
-24
-20
-15
-13
-7
-5
-6
-3
0
3
-1
-9
-15
-10
3
12
16
20
25
33
34
30
28
31
39
44
48
50
53
62
76
87
86
72
57
45
45
54
69
77
78
81
75
63
45
26
12
1
1
7
15
22
18
-2
-26
-37
-31
-11
9
27
32
22
9
3
16
36
53
56
44
27
16
17
26
32
32
21
-3
-29
-43
-39
-24
-11
-10
-20
-32
-47
-58
-59
-56
-49
-43
-41
-48
-59
-73
-88
-98
-102
-104
-106
-110
-113
-112
-111
-116
-123
-132
-134
-127
-107
-77
-49
-33
-28
-31
-36
-35
-24
-7
9
20
22
17
21
34
51
65
72
75
71
64
66
83
99
95
72
51
51
69
83
85
78
80
87
89
85
79
78
75
65
59
59
63
67
66
63
60
60
61
62
61
57
50
41
31
26
28
31
34
36
35
29
23
21
22
19
7
-8
-17
-11
-1
-2
-19
-44
-67
-77
-76
-67
-58
-52
-53
-65
-81
-95
-97
-94
-88
-88
-91
-96
-98
-93
-86
-78
-72
-67
-68
-71
-69
-62
-48
-34
-28
-28
-34
-47
-51
-50
-44
-36
-37
-43
-49
-52
-45
-36
-28
-21
-17
-11
-3
8
23
36
45
53
62
66
70
69
65
54
40
32
26
22
21
17
15
16
22
27
31
36
45
55
57
56
57
64
70
65
54
44
41
49
56
57
49
34
22
9
1
-2
-2
-1
-3
-13
-17
-14
-7
-1
-2
-4
-2
5
7
4
-1
-2
1
10
20
28
31
28
26
31
38
41
37
30
31
34
32
26
18
9
3
5
11
21
22
9
-5
-20
-30
-31
-31
-29
-33
-44
-51
-50
-40
-26
-16
-13
-16
-21
-24
-28
-38
-52
-62
-65
-58
-45
-29
-16
-11
-12
-21
-27
-27
-24
-18
-16
-12
-11
-9
-2
3
-5
-23
-46
-58
-60
-49
-30
-18
-22
-35
-44
-42
-31
-14
0
4
2
-4
-5
-6
-2
4
11
16
16
15
15
14
11
9
10
17
28
34
33
25
19
18
21
32
45
48
44
36
26
22
23
29
33
32
35
38
45
47
41
30
13
-3
-11
-15
-18
-15
-4
5
2
-9
-20
-26
-24
-22
-22
-22
-19
-8
3
9
7
5
5
10
15
18
19
23
28
31
32
28
21
15
8
7
14
27
36
38
28
13
5
3
4
4
2
-2
-5
-5
-7
-12
-18
-27
-40
-48
-51
-46
-34
-26
-23
-27
-29
-28
-28
-31
-39
-48
-51
-42
-27
-12
-4
-6
-12
-12
-5
4
9
3
-2
0
11
18
22
21
17
16
18
24
24
14
-1
-22
-39
-49
-46
-31
-21
-13
0
11
22
24
18
9
-2
-6
-14
-29
-45
-62
-71
-70
-59
-43
-30
-14
0
6
13
20
24
24
19
5
-3
8
30
51
64
63
53
51
56
64
66
60
48
35
33
49
71
83
74
51
20
-5
-8
-1
12
15
7
-4
-9
-9
-4
-1
-6
-12
-11
-3
5
13
16
16
14
3
-8
-15
-16
-14
-3
7
10
8
3
-8
-17
-25
-31
-34
-33
-24
-13
-10
-11
-15
-18
-22
-21
-20
-18
-11
-7
-4
-9
-17
-25
-30
-30
-30
-30
-35
-49
-64
-73
-75
-69
-56
-46
-46
-48
-48
-41
-29
-16
-7
-5
-6
-5
2
9
16
16
8
-3
-8
-5
4
17
32
44
52
50
45
42
40
48
64
78
85
78
62
38
22
24
29
36
34
24
10
-7
-21
-29
-32
-24
-6
14
28
32
19
-7
-30
-42
-46
-45
-39
-31
-26
-18
-6
2
3
0
-7
-18
-25
-22
-9
8
22
25
21
11
-3
-11
-5
12
32
45
49
45
39
34
34
34
30
28
28
28
28
29
27
20
5
-8
-13
-12
-9
-5
-3
-3
0
5
7
4
-8
-26
-40
-41
-31
-15
6
22
27
21
1
-23
-42
-56
-60
-58
-53
-45
-33
-23
-16
-23
-35
-43
-43
-36
-23
-9
-6
-11
-18
-29
-40
-40
-27
-7
17
33
34
22
1
-10
-7
5
16
11
-5
-21
-20
1
35
56
53
32
6
-15
-19
-12
-3
4
6
7
15
32
53
60
46
18
-14
-37
-41
-29
-14
4
18
27
32
29
25
20
15
17
23
26
23
11
-1
-8
-8
0
13
25
31
28
23
13
4
-2
-7
-5
2
11
21
30
34
33
25
9
-10
-27
-36
-36
-27
-19
-11
-6
-3
2
5
4
-5
-19
-34
-51
-63
-66
-62
-52
-46
-44
-45
-45
-43
-36
-22
-11
0
9
12
13
10
5
1
3
7
10
17
25
32
34
31
23
15
6
4
13
30
48
61
59
46
29
19
17
22
27
28
19
4
-9
-17
-18
-19
-19
-18
-13
-4
8
16
18
13
1
-12
-25
-38
-44
-38
-25
-10
-2
-2
-11
-21
-29
-33
-27
-20
-18
-22
-31
-36
-34
-28
-17
-7
4
10
12
14
18
23
22
14
2
-8
-15
-14
-3
8
16
19
20
17
8
-4
-13
-13
-7
-2
-4
-14
-20
-21
-14
-1
10
19
27
33
33
32
30
29
27
22
19
18
13
11
11
12
13
16
13
5
-1
-2
6
22
34
42
43
35
25
18
13
13
11
11
10
6
-1
-2
-2
-1
1
-1
-5
-10
-12
