7
8
6
2
3
8
10
9
-1
-11
-17
-15
-5
6
11
8
1
-12
-18
-13
2
19
30
27
16
2
-11
-18
-17
-9
3
10
10
7
7
10
12
13
11
9
9
7
3
-7
-11
-7
2
11
11
5
-3
-5
-4
-4
-3
-8
-9
-8
-8
-10
-9
-5
-2
1
0
1
0
0
-4
-8
-10
-10
-7
-9
-12
-13
-12
-2
8
14
16
10
5
6
9
11
9
0
-12
-19
-19
-11
-2
1
2
1
0
3
9
12
9
1
-6
-8
-5
6
16
16
10
-2
-10
-11
-9
-7
-6
-6
-8
-7
-4
0
2
2
3
2
4
7
10
10
8
7
7
7
4
0
0
-1
-1
-3
-5
-8
-7
-3
0
1
0
2
8
17
20
20
15
13
10
5
-3
-11
-17
-19
-19
-17
-10
-2
6
5
-3
-9
-7
3
12
16
8
-3
-11
-15
-15
-16
-14
-13
-7
-2
2
5
6
7
9
10
8
8
4
-1
-9
-17
-20
-18
-10
-4
0
3
4
4
4
3
4
9
16
17
11
-1
-9
-12
-8
-3
-2
-7
-8
-5
1
8
11
13
12
9
6
4
6
9
11
7
0
-7
-11
-10
-4
6
13
16
12
0
-9
-11
-5
3
8
7
2
-1
-5
-6
-9
-10
-7
-3
-2
-5
-5
-3
3
10
13
10
2
-6
-10
-9
-8
-8
-9
-9
-10
-6
0
5
7
5
2
0
4
8
9
5
-3
-8
-7
-3
0
-2
-8
-9
-8
-3
4
7
9
6
2
-1
-1
4
11
16
14
4
-6
-12
-13
-8
-5
-4
-6
-11
-11
-7
-2
3
3
0
-2
0
4
8
9
5
1
-4
-7
-8
-6
-3
2
3
2
2
6
13
15
13
7
4
3
3
4
4
1
-2
-6
-10
-8
-4
3
8
7
3
-1
1
2
3
4
2
-1
-3
-7
-11
-15
-14
-11
-6
-4
-5
-3
4
11
17
18
14
10
5
1
-5
-9
-11
-10
-8
-7
-7
-8
-6
-2
1
5
11
16
20
19
13
6
3
0
-2
-8
-15
-17
-13
-6
-2
-2
-6
-8
-6
3
10
12
7
2
1
6
9
6
-3
-10
-11
-10
-6
-3
-1
-1
-2
-2
-2
0
3
5
4
3
3
3
7
10
7
2
-4
-6
-4
-2
-1
1
0
-4
-8
-11
-6
-1
2
-2
-10
-11
-3
8
12
6
-6
-14
-11
-3
1
-5
-9
-10
-5
2
2
-1
-1
2
6
10
8
3
1
4
9
11
9
6
5
5
10
13
11
4
-1
-1
4
12
17
18
17
14
10
5
-2
-6
-5
-1
3
2
-1
-1
4
8
6
0
-3
-6
-5
-9
-15
-20
-21
-18
-15
-15
-15
-13
-12
-9
-10
-11
-9
-3
0
0
-4
-7
-6
-4
-1
-4
-9
-14
-14
-10
-4
0
2
4
6
8
6
4
2
5
10
10
2
-7
-13
-14
-10
-7
-6
-6
-4
-1
4
8
9
6
4
1
0
2
4
7
9
10
11
12
16
19
25
28
28
27
23
21
22
25
29
33
33
34
31
29
24
20
18
18
22
22
18
11
7
5
7
6
-2
-14
-25
-29
-29
-29
-32
-36
-38
-37
-34
-32
-38
-43
-48
-45
-38
-34
-38
-47
-54
-54
-49
-45
-47
-52
-52
-44
-30
-19
-14
-15
-14
-10
-3
-1
-2
-2
1
4
6
1
-6
-7
-3
7
16
18
12
7
10
19
30
35
35
34
34
36
33
30
26
26
27
31
34
37
40
41
44
47
53
58
64
67
70
74
73
71
67
65
69
75
79
78
73
66
62
63
66
63
47
26
9
2
4
1
-13
-36
-55
-63
-61
-60
-65
-78
-88
-94
-93
-93
-100
-113
-130
-140
-143
-145
-150
-157
-159
-154
-140
-126
-115
-103
-88
-70
-52
-41
-36
-28
-15
2
15
16
11
6
6
13
17
16
10
6
10
19
24
25
23
22
24
30
36
38
39
39
42
47
52
55
56
59
66
78
90
101
107
108
110
115
123
129
129
126
118
114
111
107
101
91
79
65
54
44
38
31
25
20
12
2
-8
-14
-16
-16
-16
-17
-21
-24
-24
-21
-15
-10
-2
5
8
9
7
9
12
15
14
3
-8
-16
-16
-18
-26
-42
-52
-57
-59
-62
-74
-88
-99
-104
-113
-138
-175
-211
-229
-232
-232
-244
-262
-271
-257
-226
-191
-167
-145
-119
-87
-52
-25
-5
14
38
62
77
77
70
64
72
82
87
80
69
63
59
61
62
61
59
58
57
52
47
43
40
37
34
31
29
29
34
40
49
63
79
99
118
132
144
156
171
185
194
197
196
192
190
185
173
157
140
125
111
93
75
56
39
26
18
11
6
4
2
0
-3
-7
-14
-20
-26
-30
-35
-42
-52
-66
-82
-95
-101
-108
-115
-120
-124
-118
-106
-90
-74
-61
-52
-46
-41
-37
-35
-39
-42
-51
-64
-80
-93
-104
-112
-119
-127
-134
-137
-134
-124
-116
-109
-106
-100
-90
-82
-82
-92
-107
-123
-132
-135
-135
-136
-137
-133
-123
-104
-83
-64
-51
-39
-19
3
25
42
50
55
59
61
62
59
54
52
54
58
62
66
71
80
93
109
125
136
145
157
167
179
187
193
196
192
187
186
189
191
190
181
168
155
149
144
140
132
120
110
102
95
86
75
67
61
58
54
48
41
38
39
40
43
44
44
44
44
42
40
37
37
40
39
35
30
23
16
10
-2
-17
-35
-51
-65
-82
-107
-136
-161
-180
-192
-205
-226
-259
-305
-359
-410
-447
-470
-483
-497
-510
-517
-509
-481
-438
-386
-332
-279
-223
-160
-93
-24
39
89
124
147
164
178
191
199
198
189
179
170
167
169
171
169
160
149
139
130
122
114
101
85
70
55
46
44
48
53
58
62
70
85
105
128
145
159
169
174
175
174
170
162
152
139
125
111
102
97
94
91
87
80
74
73
72
72
74
74
73
70
67
65
65
67
66
61
58
53
53
55
54
50
40
27
16
6
-2
-12
-22
-32
-40
-51
-60
-69
-81
-92
-103
-114
-122
-131
-141
-154
-167
-179
-185
-185
-182
-176
-169
-157
-145
-129
-112
-91
-66
-45
-28
-18
-14
-8
-6
-6
-12
-25
-45
-64
-80
-92
-102
-113
-125
-138
-145
-147
-146
-145
-149
-156
-158
-157
-154
-156
-159
-159
-152
-143
-137
-134
-126
-108
-81
-51
-26
-3
24
57
93
125
148
169
187
202
209
208
200
189
177
158
133
104
75
53
30
5
-21
-39
-45
-39
-19
11
44
80
116
151
187
223
259
290
314
327
334
337
339
335
323
308
288
272
259
248
237
219
194
168
141
115
88
60
36
17
2
-9
-15
-13
-3
15
36
55
73
86
92
98
97
91
77
60
45
32
15
-17
-58
-102
-140
-173
-214
-266
-322
-373
-424
-497
-616
-775
-942
-1071
-1147
-1199
-1258
-1322
-1360
-1334
-1238
-1096
-934
-759
-576
-390
-211
-39
138
321
483
589
633
643
656
678
691
669
614
555
506
467
428
394
362
327
275
211
150
113
107
102
76
37
6
6
38
84
131
188
254
334
418
499
581
664
738
787
807
798
774
730
653
545
420
301
177
11
-227
-501
-721
-824
-812
-762
-729
-705
-636
-485
-268
-36
183
367
498
566
591
610
652
690
666
566
433
327
279
271
257
215
148
69
-12
-83
-147
-206
-285
-408
-559
-688
-758
-748
-687
-614
-535
-431
-280
-97
95
262
392
482
530
545
542
528
507
465
396
319
253
205
159
87
-4
-102
-197
-311
-480
-727
-1034
-1363
-1668
-1912
-2076
-2169
-2199
-2171
-2081
-1901
-1619
-1253
-856
-483
-159
121
373
605
810
983
1107
1174
1198
1199
1206
1226
1243
1231
1170
1059
923
775
625
461
272
65
-147
-338
-482
-553
-559
-519
-452
-368
-258
-116
53
226
391
535
655
767
876
990
1093
1155
1171
1145
1092
1020
929
806
655
445
140
-257
-697
-1064
-1277
-1347
-1359
-1358
-1326
-1205
-972
-650
-301
37
310
480
562
588
636
719
785
780
725
669
654
687
735
757
725
602
410
184
-43
-242
-443
-672
-908
-1104
-1215
-1234
-1182
-1062
-882
-693
-490
-263
-45
178
361
478
544
578
604
640
681
705
718
725
727
716
679
592
448
263
43
-199
-440
-671
-891
-1107
-1364
-1645
-1924
-2159
-2328
-2422
-2442
-2397
-2285
-2112
-1875
-1564
-1184
-766
-353
12
342
648
945
1216
1434
1593
1690
1728
1729
1696
1632
1541
1393
1199
972
738
506
282
64
-135
-308
-449
-552
-607
-610
-571
-501
-401
-272
-113
77
279
476
663
839
1010
1164
1295
1392
1445
1443
1390
1292
1152
925
541
4
-601
-1107
-1381
-1441
-1421
-1382
-1287
-1088
-775
-397
-54
191
317
322
283
275
356
494
615
684
754
895
1082
1221
1237
1107
868
564
232
-80
-357
-595
-806
-965
-1020
-948
-778
-607
-489
-404
-340
-275
-212
-146
-69
12
105
213
383
595
780
874
845
756
652
568
513
482
465
420
316
172
12
-146
-343
-627
-983
-1403
-1861
-2388
-2977
-3529
-3910
-4013
-3877
-3597
-3239
-2814
-2267
-1599
-876
-205
330
725
1006
1234
1460
1713
1980
2210
2379
2493
2564
2607
2588
2444
2145
1703
1178
629
113
-348
-747
-1066
-1279
-1358
-1308
-1158
-958
-750
-547
-356
-168
34
249
468
686
917
1173
1458
1761
2035
2243
2356
2361
2256
2000
1521
812
-21
-800
-1338
-1588
-1664
-1688
-1672
-1555
-1285
-897
-517
-246
-137
-166
-247
-271
-170
47
308
548
788
1090
1445
1745
1872
1792
1545
1199
807
400
5
-368
-698
-945
-1046
-982
-807
-641
-562
-540
-520
-498
-494
-520
-553
-564
-497
-320
-22
362
716
960
1078
1121
1125
1095
1006
838
642
457
290
159
42
-59
-177
-352
-576
-883
-1347
-2033
-2920
-3857
-4628
-5072
-5168
-5006
-4625
-4053
-3267
-2292
-1239
-235
569
1113
1424
1593
1720
1848
1999
2161
2319
2503
2718
2959
3152
3201
3033
2625
2024
1302
534
-229
-953
-1562
-1984
-2159
-2077
-1806
-1424
-1022
-643
-295
1
240
418
538
631
749
956
1277
1681
2110
2495
2794
2949
2880
2533
1866
1003
143
-555
-1028
-1326
-1506
-1569
-1481
-1235
-881
-534
-312
-296
-434
-647
-808
-838
-763
-594
-333
42
557
1134
1662
2030
2172
2090
1823
1469
1061
624
190
-210
-479
-588
-540
-394
-270
-210
-227
-305
-429
-607
-806
-1010
-1189
-1240
-1104
-779
-339
137
550
894
1171
1323
1299
1096
741
378
123
8
31
81
96
78
63
3
-203
-727
-1668
-2964
-4362
-5523
-6165
-6234
-5925
-5397
-4712
-3777
-2544
-1141
148
1070
1539
1674
1660
1664
1744
1890
2048
2227
2509
2944
3483
3942
4125
3929
3376
2580
1670
701
-279
-1231
-2050
-2598
-2756
-2525
-2024
-1441
-918
-475
-95
215
430
515
475
395
408
631
1083
1702
2329
2873
3163
3126
2817
2286
1683
1098
482
-236
-903
-1342
-1441
-1258
-936
-660
-463
-344
-322
-338
-431
-566
-731
-909
-985
-821
-417
106
610
1062
1449
1766
1936
1898
1686
1320
866
418
45
-170
-250
-282
-302
-273
-157
-38
-30
-180
-444
-732
-987
-1165
-1222
-1147
-950
-682
-347
63
485
844
1020
960
762
505
255
44
-100
-183
-175
-88
43
197
305
291
2
-729
-1966
-3484
-4899
-5846
-6184
-6106
-5853
-5454
-4739
-3567
-2037
-519
634
1271
1520
1602
1682
1781
1846
1868
1912
2099
2521
3144
3789
4212
4255
3926
3323
2573
1705
705
-404
-1502
-2372
-2824
-2812
-2461
-1971
-1472
-978
-465
48
457
661
652
509
396
449
740
1227
1800
2314
2617
2716
2617
2384
2075
1665
1090
432
-177
-592
-751
-736
-637
-529
-407
-303
-238
-256
-382
-573
-807
-1015
-1084
-951
-632
-215
242
735
1233
1681
1963
2020
1865
1555
1187
811
472
204
-11
-169
-265
-262
-185
-145
-194
-341
-549
-777
-1009
-1220
-1371
-1413
-1329
-1134
-809
-396
51
447
694
842
911
902
846
731
603
496
385
327
331
389
403
182
-416
-1517
-3011
-4626
-6004
-6830
-7090
-7000
-6717
-6242
-5354
-3959
-2280
-689
479
1176
1562
1849
2139
2403
2597
2706
2784
3002
3432
4022
4570
4836
4744
4315
3648
2811
1792
607
-688
-1917
-2851
-3339
-3363
-3084
-2670
-2193
-1638
-972
-286
280
629
760
788
853
1063
1435
1841
2153
2323
2413
2563
2768
2879
2747
2356
1801
1260
833
504
197
-141
-493
-768
-876
-864
-823
-866
-1033
-1209
-1277
-1205
-1017
-801
-578
-308
61
538
1048
1480
1726
1811
1814
1796
1752
1618
1330
916
490
136
-106
-280
-457
-652
-845
-990
-1053
-1073
-1149
-1289
-1406
-1421
-1267
-975
-667
-394
-146
93
380
662
855
925
860
754
695
711
783
822
776
650
396
-169
-1283
-3031
-5120
-6972
-8052
-8270
-7980
-7590
-7202
-6466
-5087
-3119
-1034
552
1401
1703
1882
2211
2654
3022
3174
3185
3300
3703
4424
5193
5657
5625
5097
4281
3348
2318
1099
-364
-1888
-3164
-3900
-4015
-3695
-3188
-2667
-2105
-1383
-536
260
796
977
938
896
1056
1485
1996
2352
2462
2454
2586
2979
3429
3554
3189
2477
1754
1243
893
520
13
-579
-1108
-1389
-1384
-1226
-1118
-1204
-1415
-1514
-1340
-965
-600
-380
-220
53
516
1081
1599
1939
2072
2086
2089
2119
2089
1850
1345
706
164
-156
-347
-552
-848
-1174
-1415
-1538
-1565
-1562
-1609
-1750
-1877
-1865
-1651
-1298
-944
-652
-364
14
481
939
1256
1366
1306
1155
999
919
940
1034
1109
1100
861
115
-1405
-3676
-6145
-8070
-8927
-8878
-8554
-8389
-8182
-7294
-5370
-2800
-446
1021
1575
1745
2060
2641
3213
3482
3412
3264
3415
4065
5057
5961
6353
6136
5500
4698
3826
2755
1299
-517
-2372
-3796
-4469
-4452
-4070
-3628
-3171
-2519
-1551
-412
545
1052
1118
988
960
1180
1558
1867
1946
1895
2005
2475
3239
3903
4108
3806
3243
2689
2259
1809
1169
313
-618
-1349
-1689
-1680
-1562
-1552
-1676
-1745
-1557
-1132
-687
-418
-341
-283
-50
391
915
1379
1691
1878
2049
2276
2490
2497
2177
1564
856
246
-212
-602
-1017
-1454
-1803
-1964
-1935
-1790
-1671
-1646
-1704
-1752
-1674
-1487
-1269
-1087
-915
-657
-242
276
782
1144
1350
1466
1610
1812
1999
2060
1859
1152
-322
-2602
-5307
-7646
-8916
-9036
-8647
-8447
-8463
-7992
-6409
-3873
-1301
381
988
1054
1263
1843
2540
2991
3068
2981
3118
3761
4870
6020
6711
6728
6218
5493
4711
3775
2452
659
-1345
-3062
-4085
-4333
-4113
-3795
-3492
-3034
-2199
-1048
36
703
867
744
617
584
638
706
776
985
1520
2378
3364
4221
4720
4786
4523
4074
3486
2758
1810
669
-468
-1353
-1797
-1858
-1783
-1735
-1679
-1516
-1209
-869
-630
-559
-617
-696
-645
-366
95
622
1118
1573
2045
2542
2928
3028
2746
2160
1414
617
-117
-749
-1263
-1674
-1922
-1926
-1668
-1286
-971
-845
-876
-972
-1060
-1147
-1256
-1369
-1435
-1372
-1160
-732
-152
491
1075
1591
2063
2509
2806
2599
1410
-961
-4121
-7120
-8923
-9275
-8832
-8553
-8699
-8538
-7126
-4400
-1311
859
1613
1461
1288
1595
2178
2563
2475
2065
1838
2267
3458
4999
6196
6646
6401
5864
5319
4660
3563
1804
-427
-2563
-4018
-4538
-4383
-4041
-3772
-3411
-2606
-1295
125
1132
1452
1124
459
-184
-513
-418
22
530
1012
1703
2832
4292
5592
6233
6053
5322
4377
3399
2347
1136
-185
-1424
-2298
-2599
-2329
-1782
-1324
-1090
-965
-767
-487
-334
-465
-833
-1213
-1330
-1045
-423
346
1106
1771
2358
2930
3406
3548
3178
2317
1233
245
-522
-1108
-1581
-1930
-2084
-1970
-1633
-1199
-836
-670
-721
-928
-1141
-1267
-1318
-1342
-1331
-1212
-866
-312
382
1079
1690
2173
2466
2458
1802
199
-2344
-5248
-7553
-8602
-8623
-8385
-8431
-8446
-7599
-5520
-2689
-193
1236
1672
1706
1878
2267
2608
2651
2322
1914
1867
2481
3669
4920
5737
5940
5708
5326
4868
4155
2933
1128
-955
-2796
-3943
-4334
-4299
-4159
-3947
-3420
-2382
-1005
299
1175
1486
1278
748
225
-17
125
462
763
1025
1548
2547
3816
4870
5329
5150
4558
3821
2975
2006
858
-397
-1565
-2410
-2729
-2536
-2074
-1624
-1307
-1010
-623
-196
96
84
-164
-452
-569
-402
18
574
1143
1657
2117
2572
2987
3186
2966
2318
1418
539
-194
-824
-1380
-1827
-2092
-2138
-1961
-1609
-1191
-839
-643
-619
-625
-583
-513
-476
-543
-584
-491
-212
291
943
1577
1996
1849
838
-1069
-3573
-5901
-7354
-7758
-7695
-7890
-8346
-8318
-6998
-4454
-1644
392
1332
1650
2004
2582
3166
3424
3202
2626
2070
1988
2572
3553
4405
4774
4704
4487
4303
4057
3455
2270
552
-1332
-2872
-3755
-4064
-4128
-4169
-4050
-3454
-2304
-894
363
1223
1702
1861
1786
1535
1163
756
409
291
559
1217
2077
2927
3585
4031
4276
4295
4010
3342
2304
980
-378
-1491
-2188
-2504
-2591
-2508
-2176
-1577
-800
-36
543
867
919
750
487
283
221
267
401
661
1096
1687
2260
2637
2743
2568
2151
1521
785
48
-686
-1382
-1971
-2321
-2350
-2109
-1763
-1428
-1120
-804
-487
-204
-3
64
32
-57
-138
-152
-66
108
386
728
1058
1172
676
-689
-2847
-5252
-7099
-7919
-7934
-7834
-8049
-8254
-7656
-5849
-3273
-872
647
1301
1620
2084
2744
3321
3524
3267
2782
2482
2693
3424
4277
4810
4848
4542
4171
3827
3370
2534
1155
-569
-2193
-3305
-3794
-3906
-3929
-3900
-3588
-2776
-1552
-229
825
1493
1787
1686
1430
1153
1031
1143
1391
1633
1913
2375
2991
3652
4090
4214
3965
3451
2731
1845
871
-166
-1107
-1852
-2345
-2483
-2314
-1933
-1448
-992
-520
-51
336
573
607
528
442
442
583
839
1212
1644
2050
2387
2642
2765
2659
2247
1580
815
55
-645
-1277
-1763
-2034
-2125
-2075
-1907
-1632
-1270
-921
-678
-498
-360
-218
-92
-83
-143
-199
-236
-135
136
542
1042
1373
1298
457
-1384
-3967
-6560
-8274
-8813
-8709
-8765
-9212
-9320
-8166
-5678
-2645
-260
972
1469
1876
2590
3428
3915
3823
3239
2634
2543
3110
4106
4978
5347
5257
4972
4746
4496
3901
2688
811
-1274
-2978
-3961
-4290
-4403
-4530
-4475
-3904
-2662
-1078
353
1320
1814
1954
1791
1534
1260
1063
1049
1227
1625
2312
3229
4208
5002
5392
5411
5046
4374
3429
2155
666
-797
-1964
-2689
-3021
-3032
-2791
-2333
-1707
-1035
-381
145
434
457
255
20
-95
-69
131
469
983
1673
2398
3016
3413
3505
3224
2594
1726
767
-187
-1106
-1970
-2616
-2919
-2903
-2627
-2251
-1849
-1420
-1067
-822
-657
-582
-514
-499
-524
-495
-437
-319
-96
232
675
1207
1710
2060
2060
1298
-596
-3498
-6689
-9071
-10050
-10035
-9934
-10219
-10386
-9372
-6772
-3304
-256
1482
2130
2505
3171
4036
4566
4392
3677
2924
2703
3249
4330
5416
6026
6110
5928
5752
5557
4990
3694
1597
-875
-3011
-4365
-4962
-5221
-5438
-5441
-4829
-3437
-1560
197
1404
1939
1845
1516
1152
993
1131
1271
1365
1613
2390
3756
5207
6147
6376
5965
5324
4611
3625
2266
527
-1260
-2668
-3502
-3653
-3365
-2952
-2522
-2087
-1432
-597
111
440
269
-128
-393
-386
-50
412
928
1535
2202
2987
3767
4299
4362
3828
2893
1869
895
-28
-1008
-1999
-2752
-3118
-3061
-2718
-2284
-1869
-1522
-1235
-959
-717
-565
-612
-853
-1147
-1259
-1103
-752
-314
110
578
1123
1560
1468
416
-1777
-4598
-7187
-8796
-9356
-9525
-9895
-10337
-10037
-8337
-5456
-2380
-81
1171
1868
2594
3528
4319
4530
4091
3335
2807
2903
3585
4495
5206
5521
5586
5608
5632
5440
4681
3163
1080
-1048
-2696
-3715
-4324
-4805
-5158
-5072
-4337
-3014
-1537
-325
459
855
1073
1253
1489
1781
1995
2074
2214
2677
3586
4687
5532
5872
5747
5369
4882
4198
3188
1808
204
-1283
-2391
-2987
-3167
-3149
-3047
-2825
-2347
-1607
-844
-298
-89
-117
-121
7
313
706
1076
1463
1935
2553
3268
3879
4124
3922
3342
2605
1833
996
34
-1016
-1950
-2620
-2964
-3010
-2934
-2771
-2552
-2287
-1939
-1595
-1309
-1122
-1084
-1037
-907
-706
-397
-125
166
521
917
1345
1617
1270
22
-2246
-5015
-7365
-8737
-9118
-9197
-9523
-9874
-9453
-7705
-4918
-2079
-34
994
1577
2276
3187
4002
4242
3879
3298
2970
3227
3971
4832
5475
5724
5742
5731
5709
5487
4701
3174
1144
-897
-2459
-3440
-4075
-4604
-4999
-4939
-4180
-2899
-1584
-670
-233
-5
342
877
1368
1681
1823
1985
2419
3204
4240
5205
5803
5973
5798
5391
4881
4140
3023
1550
-59
-1409
-2311
-2812
-3073
-3228
-3220
-2970
-2472
-1818
-1227
-853
-720
-696
-592
-333
23
376
692
1091
1688
2437
3156
3641
3773
3579
3151
2587
1945
1197
346
-578
-1425
-2015
-2325
-2425
-2420
-2401
-2328
-2158
-1907
-1619
-1448
-1437
-1530
-1626
-1570
-1347
-1056
-701
-295
213
799
1121
811
-342
-2194
-4178
-5769
-6756
-7325
-7856
-8369
-8510
-7827
-6177
-3988
-1884
-283
784
1640
2509
3326
3861
3889
3485
2966
2694
2835
3271
3766
4126
4320
4479
4674
4819
4707
4087
2925
1452
-21
-1235
-2175
-2949
-3612
-4051
-4058
-3500
-2578
-1768
-1282
-1196
-1124
-686
107
955
1535
1826
2119
2698
3582
4629
5415
5744
5630
5197
4696
4188
3534
2581
1286
-71
-1147
-1775
-2038
-2237
-2429
-2548
-2453
-2089
-1607
-1154
-887
-820
-780
-630
-309
120
472
693
934
1327
1908
2526
2953
3078
2944
2646
2278
1850
1350
736
9
-743
-1364
-1759
-1969
-2055
-2168
-2289
-2282
-2123
-1830
-1523
-1377
-1327
-1317
-1208
-936
-541
-85
246
142
-670
-2202
-4120
-5739
-6641
-6867
-6957
-7294
-7692
-7532
-6345
-4295
-2088
-402
581
1212
1920
2758
3496
3796
3589
3095
2650
2538
2811
3258
3644
3821
3832
3848
3939
3987
3756
3019
1814
440
-761
-1614
-2235
-2808
-3337
-3648
-3473
-2888
-2217
-1706
-1444
-1132
-544
239
1019
1602
1990
2384
2860
3452
4141
4706
5013
5006
4694
4288
3870
3391
2704
1714
605
-389
-1101
-1579
-1966
-2289
-2516
-2580
-2436
-2140
-1751
-1367
-1074
-832
-569
-212
216
578
843
1075
1367
1773
2186
2499
2647
2624
2473
2210
1867
1494
1053
519
-84
-689
-1154
-1488
-1711
-1855
-1918
-1880
-1717
-1496
-1290
-1101
-991
-892
-825
-738
-564
-315
-91
-52
-442
-1439
-2947
-4628
-5978
-6708
-6935
-7043
-7236
-7317
-6817
-5486
-3563
-1636
-163
804
1537
2289
3041
3615
3816
3620
3220
2870
2772
2959
3281
3552
3651
3615
3545
3503
3411
3073
2335
1243
16
-1076
-1891
-2493
-3025
-3542
-3893
-3912
-3549
-2884
-2107
-1331
-629
26
724
1503
2289
2963
3387
3592
3765
3997
4261
4392
4259
3893
3408
2919
2460
1956
1334
573
-241
-957
-1493
-1850
-2125
-2356
-2492
-2471
-2245
-1838
-1359
-905
-509
-156
215
631
1052
1390
1625
1792
1957
2159
2375
2507
2501
2339
2045
1712
1344
944
463
-125
-722
-1242
-1611
-1845
-2012
-2163
-2297
-2363
-2262
-2014
-1692
-1387
-1170
-958
-657
-202
317
672
598
-69
-1343
-2961
-4555
-5768
-6480
-6894
-7232
-7508
-7399
-6543
-4939
-2971
-1198
82
989
1761
2559
3270
3651
3591
3182
2689
2388
2392
2645
2958
3197
3361
3507
3677
3808
3739
3316
2467
1310
91
-979
-1828
-2534
-3147
-3627
-3864
-3767
-3365
-2751
-2005
-1183
-386
362
1052
1732
2381
2896
3269
3513
3719
3929
4096
4138
4038
3825
3520
3142
2685
2157
1529
796
-1
-743
-1333
-1768
-2086
-2324
-2454
-2383
-2128
-1721
-1245
-794
-385
-29
291
608
938
1237
1489
1672
1834
2012
2198
2353
2380
2259
2001
1689
1356
996
560
8
-606
-1197
-1658
-1967
-2150
-2247
-2289
-2261
-2144
-1950
-1704
-1481
-1328
-1174
-951
-627
-253
25
116
-90
-717
-1776
-3200
-4675
-5854
-6627
-7088
-7445
-7674
-7475
-6648
-5211
-3474
-1846
-488
612
1577
2467
3169
3603
3706
3533
3274
3067
3023
3148
3343
3543
3687
3773
3844
3849
3718
3327
2581
1580
480
-545
-1420
-2190
-2828
-3263
-3423
-3214
-2724
-2037
-1364
-974
-782
-659
-299
455
1345
1980
2282
2514
3053
3946
4832
5453
5596
5379
4980
4449
3849
3134
2242
1124
-133
-1167
-1772
-1987
-2036
-2171
-2279
-2129
-1717
-1196
-771
-503
-348
-279
-195
-16
277
623
859
981
1159
1520
2025
2428
2543
2392
2085
1744
1370
923
447
-74
-649
-1206
-1630
-1841
-1897
-1957
-2100
-2263
-2300
-2192
-2000
-1824
-1745
-1706
-1580
-1302
-881
-573
-799
-1788
-3453
-5195
-6375
-6831
-6873
-6999
-7358
-7510
-6918
-5389
-3293
-1295
188
1160
1932
2772
3620
4247
4417
4073
3449
2870
2611
2694
2909
3052
3022
2917
2904
3012
3115
2945
2305
1288
160
-799
-1503
-2090
-2668
-3206
-3515
-3389
-2835
-2009
-1131
-500
-175
1
285
924
1771
2454
2724
2732
2879
3426
4216
4875
5128
4956
4585
4185
3791
3314
2613
1618
424
-690
-1459
-1827
-1949
-2053
-2180
-2154
-1833
-1257
-636
-166
104
221
313
468
700
948
1139
1235
1329
1550
1921
2302
2494
2422
2157
1834
1519
1177
755
219
-391
-992
-1493
-1784
-1924
-2010
-2111
-2233
-2262
-2154
-1965
-1782
-1651
-1575
-1446
-1217
-880
-514
-476
-1080
-2461
-4317
-5984
-6993
-7358
-7525
-7872
-8272
-8203
-7228
-5419
-3320
-1488
-139
869
1793
2726
3545
4051
4096
3747
3236
2852
2791
2996
3268
3418
3406
3374
3425
3535
3523
3135
2297
1161
11
-937
-1676
-2330
-2947
-3441
-3617
-3342
-2692
-1857
-1109
-530
-52
500
1274
2158
2901
3323
3481
3621
3917
4322
4678
4806
4654
4315
3882
3451
3017
2465
1726
799
-134
-876
-1376
-1717
-2027
-2293
-2401
-2281
-1949
-1490
-1015
-590
-268
-2
283
615
964
1238
1406
1543
1724
1985
2254
2409
2423
2289
2054
1769
1441
1070
636
111
-445
-976
-1411
-1739
-2002
-2202
-2338
-2358
-2285
-2115
-1867
-1599
-1370
-1193
-1085
-940
-696
-426
-207
-328
-987
-2180
-3754
-5289
-6413
-7074
-7424
-7750
-8047
-7953
-7181
-5694
-3835
-2086
-678
405
1341
2260
3077
3656
3864
3716
3417
3164
3142
3347
3608
3813
3891
3902
3915
3890
3726
3283
2484
1432
316
-692
-1540
-2297
-2978
-3514
-3754
-3610
-3141
-2494
-1827
-1185
-528
188
968
1749
2430
2965
3360
3690
4020
4347
4605
4711
4622
4376
4012
3579
3082
2464
1713
850
-11
-776
-1421
-1953
-2385
-2683
-2801
-2717
-2457
-2064
-1598
-1126
-692
-308
50
400
724
1013
1260
1494
1749
2009
2237
2392
2446
2399
2271
2059
1773
1416
976
474
-57
-571
-1053
-1460
-1818
-2076
-2237
-2311
-2275
-2143
-1910
-1627
-1350
-1133
-917
-702
-412
-80
168
199
-184
-1074
-2422
-3969
-5364
-6373
-7006
-7465
-7855
-8016
-7644
-6592
-5009
-3280
-1737
-476
577
1538
2413
3127
3570
3693
3581
3407
3345
3477
3723
3953
4093
4159
4198
4218
4141
3860
3257
2336
1232
107
-908
-1807
-2609
-3275
-3693
-3782
-3515
-2957
-2221
-1434
-718
-125
362
835
1369
1912
2343
2633
2864
3151
3525
3894
4165
4269
4201
3980
3625
3138
2511
1726
803
-170
-1077
-1802
-2324
-2670
-2868
-2908
-2732
-2365
-1882
-1367
-880
-443
-87
198
439
657
870
1078
1281
1511
1785
2079
2342
2518
2572
2506
2313
2006
1605
1140
626
80
-473
-968
-1312
-1540
-1674
-1768
-1826
-1783
-1633
-1445
-1238
-1098
-1016
-914
-813
-660
-478
-344
-301
-497
-1057
-1969
-3204
-4484
-5554
-6292
-6750
-7091
-7333
-7262
-6686
-5565
-4111
-2641
-1325
-214
774
1669
2446
3064
3433
3544
3490
3381
3385
3535
3738
3905
3964
3939
3884
3770
3562
3156
2493
1639
673
-259
-1086
-1819
-2438
-2936
-3216
-3216
-2951
-2466
-1930
-1406
-919
-421
190
909
1612
2189
2596
2917
3278
3657
4026
4272
4317
4185
3890
3503
3061
2534
1873
1050
170
-619
-1253
-1720
-2088
-2374
-2528
-2525
-2358
-2066
-1699
-1287
-901
-559
-235
81
408
695
908
1103
1309
1547
1786
1959
2059
2070
2001
1853
1621
1315
937
495
21
-447
-849
-1184
-1453
-1646
-1757
-1775
-1712
-1608
-1474
-1339
-1210
-1099
-976
-855
-739
-592
-408
-161
63
107
-226
-973
-2053
-3168
-4117
-4866
-5488
-6099
-6599
-6765
-6408
-5530
-4345
-3110
-1967
-917
102
1101
2019
2754
3215
3405
3400
3343
3365
3467
3590
3650
3644
3637
3664
3699
3649
3396
2896
2187
1365
515
-318
-1129
-1894
-2558
-3047
-3325
-3396
-3262
-2956
-2494
-1902
-1219
-480
298
1066
1775
2383
2891
3328
3699
3960
4056
3975
3762
3482
3150
2752
2263
1684
1042
383
-240
-798
-1279
-1687
-2027
-2283
-2409
-2367
-2182
-1914
-1624
-1324
-1004
-657
-310
34
362
654
924
1178
1431
1684
1901
2062
2153
2173
2144
2058
1873
1578
1185
731
259
-189
-599
-966
-1277
-1531
-1684
-1703
-1635
-1521
-1397
-1259
-1110
-927
-787
-711
-672
-617
-471
-255
-106
-230
-745
-1697
-2836
-3882
-4650
-5150
-5586
-6038
-6359
-6299
-5705
-4674
-3441
-2241
-1179
-215
681
1544
2318
2903
3231
3293
3216
3168
3225
3374
3510
3574
3580
3587
3619
3627
3507
3158
2567
1821
1014
210
-565
-1317
-2019
-2636
-3119
-3396
-3416
-3161
-2685
-2095
-1458
-772
3
850
1659
2328
2830
3198
3461
3642
3731
3710
3580
3343
3024
2671
2311
1934
1481
927
325
-263
-786
-1244
-1650
-1983
-2225
-2344
-2328
-2168
-1893
-1571
-1241
-933
-614
-252
125
478
774
1011
1223
1424
1616
1786
1908
1947
1892
1763
1583
1371
1098
734
297
-175
-619
-995
-1298
-1516
-1674
-1792
-1864
-1886
-1795
-1604
-1380
-1188
-1097
-1043
-946
-788
-577
-387
-230
-85
-7
-88
-475
-1239
-2213
-3180
-3936
-4459
-4905
-5310
-5596
-5577
-5115
-4282
-3241
-2178
-1207
-342
421
1127
1772
2302
2647
2755
2702
2637
2669
2818
2998
3140
3254
3333
3399
3415
3301
3034
2592
2011
1360
675
-2
-659
-1255
-1716
-1992
-2042
-1882
-1580
-1173
-711
-220
313
853
1369
1811
2139
2373
2543
2671
2757
2776
2714
2580
2384
2155
1896
1600
1246
823
341
-172
-660
-1096
-1468
-1755
-1959
-2071
-2071
-1966
-1747
-1447
-1122
-797
-499
-228
30
264
475
655
808
938
1039
1121
1185
1219
1217
1147
1020
859
662
424
129
-204
-527
-820
-1079
-1316
-1519
-1632
-1644
-1584
-1507
-1430
-1309
-1115
-878
-636
-456
-325
-188
-30
175
381
467
315
-197
-1024
-1982
-2867
-3563
-4136
-4684
-5196
-5533
-5511
-5068
-4306
-3382
-2456
-1587
-774
9
771
1449
1955
2243
2336
2360
2442
2625
2852
3046
3188
3304
3412
3510
3542
3437
3175
2739
2173
1533
865
213
-420
-991
-1446
-1734
-1823
-1737
-1506
-1171
-769
-319
159
633
1083
1480
1825
2106
2335
2516
2639
2690
2659
2556
2379
2151
1874
1548
1158
700
207
-271
-694
-1045
-1329
-1546
-1677
-1711
-1656
-1514
-1317
-1091
-861
-642
-430
-221
-32
150
321
477
643
806
972
1114
1215
1261
1233
1141
988
790
523
189
-182
-536
-844
-1098
-1304
-1477
-1593
-1653
-1640
-1572
-1461
-1310
-1146
-1000
-894
-821
-777
-720
-680
-640
-591
-536
-429
-303
-182
-182
-458
-1039
-1842
-2641
-3235
-3643
-3952
-4259
-4495
-4479
-4165
-3555
-2772
-1917
-1043
-246
448
1040
1559
2002
2299
2422
2410
2364
2359
2380
2394
2407
2437
2490
2519
2478
2365
2198
1967
1673
1318
926
530
143
-193
-435
-549
-544
-454
-291
-46
273
634
999
1330
1615
1838
1995
2073
2090
2067
2009
1920
1792
1645
1473
1263
1008
712
413
126
-126
-352
-564
-754
-909
-1011
-1045
-1016
-935
-807
-647
-467
-278
-87
102
270
401
505
588
666
735
775
774
742
668
542
371
165
-45
-240
-420
-583
-725
-843
-948
-1051
-1125
-1152
-1135
-1126
-1151
-1210
-1292
-1381
-1489
-1613
-1752
-1882
-1978
-2016
-1981
-1887
-1769
-1655
-1526
-1357
-1115
-900
-846
-1060
-1525
-2088
-2591
-2916
-3128
-3253
-3346
-3307
-3028
-2516
-1789
-999
-196
564
1217
1775
2187
2489
2690
2765
2746
2632
2491
2366
2247
2169
2119
2104
2093
2029
1931
1796
1659
1517
1334
1126
883
647
450
317
269
287
350
446
574
737
937
1134
1319
1473
1601
1702
1768
1807
1809
1776
1689
1556
1377
1179
966
737
501
247
-1
-245
-472
-677
-859
-1005
-1119
-1181
-1191
-1158
-1081
-978
-840
-677
-511
-353
-215
-105
-30
4
14
13
-1
-30
-88
-146
-198
-248
-294
-351
-382
-391
-396
-412
-471
-539
-617
-698
-801
-921
-1036
-1142
-1213
-1278
-1300
-1295
-1263
-1222
-1186
-1115
-1041
-943
-871
-821
-754
-663
-542
-436
-352
-295
-256
-270
-401
-664
-1020
-1377
-1671
-1908
-2117
-2299
-2423
-2410
-2255
-1957
-1549
-1093
-613
-184
207
556
865
1144
1344
1483
1550
1571
1586
1590
1616
1652
1697
1726
1701
1645
1567
1497
1435
1360
1276
1178
1089
1029
1013
1052
1123
1203
1271
1335
1401
1464
1518
1538
1528
1488
1437
1390
1351
1330
1313
1287
1237
1159
1066
953
821
668
494
314
122
-72
-251
-402
-514
-590
-632
-654
-650
-629
-599
-564
-520
-472
-428
-401
-396
-413
-458
-515
-581
-652
-713
-773
-829
-886
-937
-985
-1026
-1045
-1051
-1048
-1048
-1060
-1070
-1083
-1079
-1073
-1069
-1077
-1091
-1084
-1048
-960
-843
-731
-656
-631
-632
-637
-635
-641
-656
-676
-691
-700
-704
-702
-683
-643
-590
-537
-497
-459
-428
-407
-397
-388
-367
-336
-296
-249
-174
-77
8
43
49
61
89
131
143
150
157
201
266
324
387
463
570
677
800
927
1066
1187
1266
1313
1336
1370
1384
1379
1354
1323
1306
1283
1255
1232
1225
1237
1234
1215
1179
1127
1061
980
892
794
683
549
406
286
211
158
113
74
58
71
117
181
258
347
438
514
555
568
554
524
466
374
250
97
-69
-240
-396
-538
-665
-781
-882
-948
-970
-950
-903
-844
-775
-698
-618
-546
-500
-500
-561
-674
-828
-994
-1144
-1263
-1334
-1351
-1323
-1262
-1194
-1122
-1038
-943
-837
-748
-698
-680
-673
-638
-564
-467
-367
-270
-159
-33
91
168
166
86
-68
-253
-439
-583
-659
-655
-581
-447
-271
-70
121
264
366
433
484
490
429
319
194
86
7
-45
-58
-22
62
183
326
498
686
866
1007
1078
1068
987
843
659
476
342
281
283
340
432
564
705
818
887
891
846
757
631
490
356
264
224
230
278
343
409
448
449
411
318
184
19
-140
-269
-337
-340
-286
-202
-102
3
90
162
217
259
301
332
355
363
350
317
259
184
101
31
-28
-76
-114
-147
-178
-209
-244
-277
-300
-285
-207
-61
121
274
309
185
-81
-423
-765
-1066
-1290
-1437
-1512
-1527
-1492
-1396
-1248
-1058
-863
-697
-561
-445
-337
-243
-169
-113
-70
-22
51
164
320
498
671
815
912
951
919
804
613
357
67
-228
-492
-692
-817
-872
-881
-863
-840
-807
-757
-681
-577
-458
-337
-227
-121
-21
75
158
213
241
259
284
318
357
395
435
470
500
522
545
567
580
584
579
565
544
519
505
501
513
525
524
506
475
441
400
341
271
199
135
92
66
67
86
107
124
138
168
213
258
296
319
332
340
333
304
247
158
55
-34
-72
-44
44
154
250
293
263
159
-2
-175
-326
-431
-497
-529
-548
-554
-535
-493
-418
-331
-252
-197
-170
-171
-196
-226
-258
-286
-313
-339
-362
-381
-390
-394
-390
-375
-347
-316
-297
-294
-298
-295
-285
-270
-264
-262
-252
-234
-203
-172
-140
-106
-66
-20
26
76
121
148
156
146
118
89
62
49
46
44
51
65
81
95
99
100
94
75
57
49
63
107
177
273
382
477
535
543
489
386
253
117
15
-34
-27
7
37
53
51
40
23
11
16
38
69
90
96
95
90
89
96
111
135
166
210
276
376
492
583
606
536
387
194
-3
-178
-298
-361
-371
-340
-289
-229
-178
-148
-147
-164
-186
-191
-168
-106
-11
93
170
188
152
65
-53
-194
-355
-503
-604
-615
-535
-397
-268
-233
-329
-534
-769
-936
-973
-867
-657
-399
-146
62
216
327
402
458
485
482
450
399
352
320
311
320
330
330
311
282
253
232
230
245
266
282
288
292
290
276
262
242
219
183
103
-36
-238
-466
-653
-729
-653
-445
-172
74
230
291
295
279
249
193
117
39
-4
26
152
361
604
800
871
779
537
204
-128
-377
-500
-506
-439
-357
-292
-257
-251
-260
-277
-287
-290
-294
-301
-308
-322
-336
-351
-355
-339
-306
-254
-190
-119
-48
20
85
138
164
143
66
-62
-216
-360
-458
-485
-426
-295
-131
13
90
96
54
1
-28
-21
12
54
84
106
130
165
204
240
260
253
224
183
148
140
163
213
273
327
369
395
405
408
408
405
399
400
414
444
489
528
546
528
465
360
235
126
56
39
54
80
98
90
58
-8
-105
-228
-367
-505
-623
-699
-718
-674
-584
-471
-378
-332
-338
-388
-444
-472
-466
-433
-392
-357
-330
-310
-292
-274
-262
-279
-342
-451
-579
-691
-756
-763
-727
-663
-588
-503
-396
-264
-110
49
186
297
390
478
577
694
813
916
987
1013
1000
960
918
883
858
837
808
770
733
707
701
708
717
715
695
652
581
489
386
288
196
107
17
-78
-175
-261
-322
-358
-385
-426
-495
-574
-645
-687
-698
-688
-665
-640
-624
-622
-633
-648
-678
-717
-768
-828
-884
-931
-958
-965
-955
-929
-878
-799
-685
-544
-389
-230
-86
44
170
298
435
581
729
864
966
1017
1018
989
947
914
899
904
916
921
908
869
803
704
570
407
227
47
-115
-242
-329
-371
-373
-355
-334
-326
-330
-338
-345
-348
-343
-332
-315
-295
-271
-222
-142
-32
95
221
335
422
466
469
433
361
251
120
-19
-142
-222
-252
-246
-222
-203
-215
-263
-343
-428
-496
-540
-561
-560
-531
-465
-365
-244
-127
-33
26
53
64
83
133
220
329
431
492
497
449
364
276
204
150
118
103
93
80
51
7
-46
-92
-119
-117
-87
-42
-3
14
-8
-67
-155
-250
-332
-402
-457
-499
-532
-550
-556
-542
-508
-450
-377
-286
-180
-58
76
215
341
439
502
529
528
519
519
530
552
576
586
577
545
499
452
416
392
376
357
326
282
234
191
156
130
113
94
62
18
-39
-96
-146
-193
-234
-273
-306
-332
-344
-344
-329
-307
-282
-255
-231
-202
-168
-135
-110
-97
-97
-108
-129
-163
-201
-235
-261
-278
-289
-294
-287
-271
-249
-230
-218
-215
-213
-207
-198
-186
-173
-162
-148
-125
-93
-53
-13
24
55
75
88
98
109
122
138
156
169
176
180
187
199
213
224
230
220
199
173
144
126
121
132
163
203
244
275
291
291
282
263
240
215
185
150
108
54
-3
-69
-147
-225
-302
-367
-415
-443
-449
-430
-397
-352
-301
-249
-194
-140
-87
-35
16
64
108
153
203
261
322
378
427
461
476
477
464
442
413
383
352
318
284
248
210
175
144
123
110
99
84
60
30
-5
-40
-69
-86
-98
-108
-125
-154
-192
-228
-261
-284
-299
-304
-307
-309
-310
-307
-302
-299
-300
-307
-308
-301
-283
-258
-232
-217
-219
-235
-257
-272
-273
-268
-260
-258
-265
-283
-305
-328
-344
-348
-339
-320
-297
-278
-261
-244
-223
-194
-157
-115
-70
-17
41
107
179
255
336
416
489
549
591
609
607
582
535
466
380
289
205
141
108
106
126
157
189
223
254
279
297
307
309
305
299
291
279
264
242
213
181
150
129
118
112
102
87
70
50
34
27
23
19
9
-12
-42
-71
-91
-101
-106
-110
-110
-110
-111
-117
-120
-121
-124
-131
-141
-148
-149
-138
-128
-121
-122
-128
-128
-117
-95
-72
-55
-44
-36
-29
-21
-15
-10
-10
-15
-26
-41
-62
-84
-106
-125
-141
-154
-159
-162
-161
-157
-149
-145
-144
-146
-148
-145
-142
-146
-156
-171
-188
-202
-212
-221
-233
-251
-270
-287
-298
-296
-281
-255
-230
-209
-193
-175
-157
-131
-98
-61
-25
3
23
40
57
77
100
123
143
162
180
201
230
266
308
343
368
381
386
389
387
378
367
353
331
299
259
219
184
158
142
128
118
111
113
113
116
123
135
156
179
196
205
199
181
158
135
115
92
72
56
43
39
39
38
33
25
15
4
-5
-11
-20
-36
-55
-72
-88
-91
-86
-74
-59
-44
-38
-44
-59
-79
-91
-100
-109
-118
-135
-157
-179
-196
-207
-214
-218
-223
-228
-233
-233
-232
-229
-228
-225
-216
-206
-193
-177
-158
-135
-106
-72
-39
-14
-1
0
-3
-9
-20
-38
-59
-84
-108
-129
-146
-157
-165
-166
-164
-156
-142
-123
-101
-75
-47
-15
16
44
66
80
91
102
111
115
118
118
114
108
100
91
79
63
42
23
7
-3
-7
-5
-3
-7
-14
-23
-28
-24
-14
7
31
55
79
102
125
144
157
168
181
194
209
222
232
238
241
243
246
250
254
256
259
260
260
262
265
266
263
254
240
224
208
193
179
165
153
140
129
121
110
97
83
67
49
31
12
-10
-37
-66
-96
-122
-148
-173
-192
-207
-221
-238
-259
-283
-309
-334
-351
-358
-361
-363
-364
-367
-368
-360
-348
-330
-311
-300
-295
-295
-294
-292
-287
-280
-270
-256
-237
-211
-182
-155
-129
-111
-99
-87
-73
-54
-29
-8
8
14
23
36
49
67
84
94
97
101
105
112
124
133
140
146
152
161
172
184
196
200
196
190
189
194
201
204
206
203
195
182
168
154
143
140
138
138
140
142
148
154
157
156
147
133
116
100
89
87
88
86
78
64
50
39
35
40
48
55
59
63
64
64
61
57
51
45
38
26
13
1
-5
-14
-23
-35
-49
-62
-76
-89
-104
-121
-140
-158
-171
-172
-168
-159
-150
-146
-145
-145
-146
-148
-152
-155
-155
-152
-147
-138
-128
-126
-127
-129
-129
-123
-115
-103
-87
-71
-61
-57
-58
-60
-61
-58
-51
-44
-39
-36
-36
-38
-38
-35
-32
-24
-12
0
13
28
41
48
56
62
66
71
78
85
88
87
82
70
56
44
38
41
44
48
49
46
42
35
32
34
45
60
73
83
87
85
82
83
87
91
84
71
52
33
23
22
27
34
40
43
43
44
43
44
43
40
37
29
20
16
13
14
15
13
9
6
7
7
9
13
14
9
3
0
2
4
3
0
-7
-14
-20
-17
-10
-6
-6
-18
-37
-49
-51
-43
-32
-21
-12
-9
-14
-22
-30
-37
-44
-47
-47
-47
-48
-53
-52
-49
-42
-31
-18
-6
1
2
-5
-18
-27
-31
-29
-23
-20
-23
-28
-32
-30
-23
-11
1
12
17
17
13
9
11
14
19
21
23
24
22
12
2
-9
-24
-33
-39
-41
-39
-37
-34
-30
-26
-22
-18
-18
-19
-28
-39
-46
-45
-39
-31
-24
-20
-21
-25
-30
-30
-30
-25
-20
-13
-7
-4
1
4
9
14
17
18
21
27
34
39
39
35
33
31
32
36
40
44
45
41
33
28
28
29
32
34
32
33
33
36
37
35
30
25
16
8
4
2
7
11
16
21
26
29
31
32
32
32
33
36
41
48
51
49
45
41
37
38
47
56
62
58
43
24
8
0
0
8
18
28
36
36
30
20
15
12
11
11
9
6
-1
-10
-19
-29
-36
-40
-44
-54
-69
-81
-90
-91
-87
-84
-85
-88
-93
-99
-103
-104
-105
-105
-107
-111
-117
-119
-120
-118
-113
-108
-102
-95
-85
-74
-69
-69
-75
-83
-86
-82
-72
-59
-45
-40
-36
-32
-24
-14
-2
6
10
14
17
23
33
39
47
54
59
65
74
84
90
97
103
107
110
116
123
128
130
129
126
122
120
118
117
117
117
118
121
121
118
110
103
103
109
116
119
117
109
98
84
72
66
62
61
60
56
44
30
18
8
7
10
13
14
11
8
4
1
-5
-12
-24
-37
-50
-65
-82
-96
-108
-117
-123
-127
-135
-143
-148
-154
-155
-154
-153
-148
-145
-147
-151
-152
-153
-149
-144
-142
-138
-135
-135
-129
-114
-97
-76
-58
-43
-30
-20
-15
-15
-14
-10
-9
-8
-6
-5
-6
-9
-12
-14
-13
-6
5
19
32
46
54
60
68
80
95
112
127
134
138
139
137
134
128
120
111
104
99
100
100
99
93
83
67
50
39
33
32
33
29
27
24
23
25
34
39
44
51
53
55
56
60
61
59
52
38
24
12
-2
-18
-34
-49
-65
-77
-88
-98
-104
-109
-115
-122
-127
-129
-127
-117
-104
-93
-89
-91
-95
-100
-96
-84
-71
-52
-31
-12
-1
5
10
15
24
33
36
38
38
41
47
58
65
64
57
46
37
36
41
46
48
47
40
32
27
20
16
11
10
14
19
26
33
35
32
24
13
-2
-12
-13
-10
1
10
15
15
14
13
9
3
-6
-16
-23
-28
-26
-23
-18
-15
-15
-17
-22
-27
-32
-37
-40
-42
-45
-45
-46
-42
-33
-26
-22
-23
-23
-20
-18
-14
-12
-12
-10
-7
-4
-1
0
-2
-6
-8
-5
3
11
19
28
35
41
49
54
60
65
65
64
64
60
55
48
38
28
21
16
12
12
12
16
19
18
12
5
-2
-8
-10
-13
-16
-18
-23
-31
-39
-43
-47
-47
-51
-59
-66
-68
-68
-63
-60
-58
-55
-57
-61
-62
-58
-52
-45
-39
-34
-30
-29
-26
-22
-17
-12
-7
-2
5
14
24
30
37
43
47
51
52
56
59
61
59
55
49
43
41
45
51
51
47
43
41
42
44
47
50
52
53
53
53
52
48
44
38
26
15
10
6
4
1
2
2
1
3
5
10
9
6
0
-8
-14
-19
-23
-26
-33
-38
-43
-47
-49
-52
-57
-62
-64
-66
-65
-63
-64
-62
-63
-63
-61
-55
-53
-56
-61
-63
-62
-57
-48
-35
-19
-8
3
9
10
12
14
13
11
10
12
19
25
28
28
27
27
30
38
51
62
66
68
66
64
66
70
74
75
70
63
55
45
36
32
32
33
33
31
27
19
10
1
-7
-13
-19
-25
-34
-43
-50
-55
-59
-64
-72
-82
-90
-93
-93
-92
-89
-88
-86
-82
-73
-63
-52
-45
-38
-31
-25
-18
-13
-8
-3
1
4
11
24
38
50
60
65
66
61
51
42
35
33
37
43
51
60
67
67
61
50
43
45
47
49
49
44
37
33
34
36
37
34
28
23
20
24
28
30
27
20
9
1
-1
-4
-3
-5
-7
-7
-6
-9
-13
-16
-15
-15
-13
-13
-14
-16
-21
-27
-37
-44
-45
-42
-36
-33
-38
-44
-50
-54
-54
-49
-40
-32
-25
-21
-23
-26
-31
-36
-39
-38
-32
-23
-16
-12
-9
-7
-6
-7
-8
-4
1
11
17
20
18
9
-2
-15
-27
-32
-33
-27
-20
-12
-9
-14
-20
-24
-25
-23
-17
-9
-3
1
-2
-6
-10
-14
-14
-12
-10
-5
5
16
27
34
37
35
30
28
29
32
36
39
40
37
30
22
20
22
28
37
48
61
70
74
73
65
55
46
40
36
36
39
43
46
48
45
39
34
29
27
26
25
26
28
29
30
28
21
14
12
10
12
10
6
-3
-13
-23
-31
-34
-33
-27
-22
-21
-28
-38
-51
-63
-71
-75
-76
-76
-76
-78
-80
-83
-86
-87
-88
-85
-81
-73
-62
-51
-43
-41
-42
-44
-43
-41
-38
-33
-25
-16
-9
-8
-11
-15
-19
-19
-15
-11
-6
-1
4
7
10
14
16
20
24
29
33
35
35
37
35
33
32
30
29
29
33
43
52
57
53
45
35
23
13
9
11
12
14
16
17
15
15
17
20
26
34
40
39
36
35
34
32
28
26
22
18
15
17
20
22
23
24
23
18
12
3
-8
-15
-17
-14
-12
-9
-6
-4
-4
-4
-4
-2
-1
1
5
7
5
-2
-9
-12
-15
-15
-14
-13
-13
-13
-15
-17
-21
-24
-28
-30
-28
-26
-26
-28
-31
-32
-32
-29
-29
-31
-33
-34
-35
-33
-33
-35
-37
-36
-29
-21
-15
-11
-13
-20
-30
-34
-35
-33
-28
-26
-23
-18
-10
-1
7
15
23
29
30
29
29
33
39
49
59
71
77
76
71
67
67
73
84
93
99
97
91
82
76
73
74
78
79
82
84
85
81
74
66
58
50
43
33
23
11
-3
-15
-28
-44
-59
-77
-94
-112
-125
-134
-142
-151
-161
-171
-178
-179
-179
-180
-184
-189
-189
-185
-177
-166
-152
-137
-117
-95
-76
-60
-46
-37
-28
-21
-13
-3
9
25
40
53
63
73
81
87
92
95
97
102
108
115
118
118
113
102
94
92
93
97
103
109
111
112
114
119
125
133
137
133
129
125
123
123
119
115
108
93
76
61
45
32
23
14
6
-4
-16
-29
-41
-53
-62
-73
-84
-95
-109
-121
-131
-139
-148
-155
-157
-157
-156
-154
-154
-155
-152
-150
-147
-143
-138
-130
-121
-107
-90
-75
-62
-51
-41
-32
-22
-12
-2
7
19
30
39
50
59
68
78
85
92
95
94
91
85
81
80
76
74
69
65
62
58
52
46
38
31
20
10
0
-8
-13
-18
-22
-25
-26
-29
-28
-27
-27
-31
-32
-31
-25
-13
0
9
14
16
17
22
28
32
34
33
36
43
48
54
59
65
72
76
82
86
90
92
90
82
69
55
44
38
34
31
26
21
19
18
15
10
4
-1
-5
-11
-18
-24
-32
-39
-48
-55
-59
-57
-55
-55
-56
-60
-62
-61
-60
-58
-61
-67
-74
-83
-88
-92
-95
-99
-102
-102
-98
-92
-85
-83
-89
-96
-102
-105
-99
-91
-83
-78
-76
-72
-63
-50
-33
-20
-6
7
21
37
55
74
94
109
117
118
117
115
115
115
116
118
118
116
114
112
109
105
99
91
81
72
64
59
54
47
37
24
14
8
4
1
-2
-8
-14
-20
-26
-29
-31
-31
-29
-28
-26
-27
-27
-24
-18
-13
-11
-15
-22
-30
-38
-40
-39
-32
-27
-21
-17
-12
-7
-5
-7
-13
-20
-22
-23
-17
-8
0
4
1
-9
-21
-28
-30
-27
-22
-22
-19
-19
-19
-17
-17
-18
-18
-22
-30
-42
-57
-74
-89
-100
-105
-102
-93
-74
-49
-16
20
52
75
90
97
97
94
92
93
95
97
92
82
73
68
68
74
78
80
75
64
54
48
46
44
43
39
33
24
17
12
11
9
6
0
-8
-18
-29
-39
-46
-49
-49
-48
-51
-57
-62
-66
-68
-71
-72
-71
-68
-63
-56
-49
-42
-40
-36
-35
-33
-30
-28
-26
-27
-26
-24
-20
-19
-18
-13
-4
7
16
20
18
10
0
-9
-13
-10
-4
2
2
-1
-1
1
2
3
-1
-4
-5
-5
-2
-2
0
-1
-1
0
6
14
24
34
40
46
52
59
64
71
75
74
69
62
60
59
60
60
54
46
39
32
29
29
33
34
33
32
32
32
27
19
7
-4
-13
-17
-21
-22
-25
-29
-35
-39
-43
-51
-62
-70
-72
-71
-70
-70
-74
-75
-74
-71
-64
-55
-47
-44
-45
-45
-44
-39
-31
-23
-17
-13
-12
-10
-9
-8
-9
-11
-11
-10
-5
1
8
16
23
27
28
26
23
24
27
29
32
32
28
25
25
29
33
35
34
29
22
18
13
5
-4
-14
-20
-21
-17
-12
-11
-9
-7
-6
-3
-2
-4
-7
-7
-1
6
16
27
38
47
57
64
66
63
56
45
31
19
6
-13
-39
-66
-89
-108
-121
-127
-122
-112
-95
-78
-57
-34
-9
20
50
79
108
133
153
165
168
161
148
132
118
110
108
106
105
102
98
94
92
92
94
90
83
70
54
38
24
6
-15
-40
-67
-94
-126
-158
-186
-215
-239
-264
-290
-310
-321
-321
-310
-288
-264
-242
-223
-202
-176
-146
-114
-79
-45
-15
12
37
59
78
97
113
127
138
145
149
145
137
128
122
120
124
130
140
145
141
137
130
127
129
130
131
129
125
122
124
131
140
142
137
126
111
98
89
84
79
72
58
36
8
-25
-58
-87
-110
-129
-145
-158
-169
-179
-188
-195
-204
-210
-212
-208
-200
-189
-178
-167
-159
-155
-153
-149
-138
-122
-102
-79
-55
-33
-13
2
13
24
34
44
59
73
82
90
94
97
102
107
114
120
123
121
119
116
114
115
121
128
134
140
142
142
139
134
131
131
132
131
126
119
112
101
89
71
51
32
17
4
-8
-18
-30
-41
-54
-68
-85
-99
-108
-117
-124
-128
-131
-133
-133
-139
-144
-145
-144
-134
-122
-113
-106
-106
-109
-110
-107
-100
-91
-87
-82
-80
-80
-76
-64
-52
-41
-30
-23
-17
-8
1
7
10
10
9
6
6
7
7
8
12
23
36
46
56
59
62
60
59
60
60
60
60
58
57
51
44
38
29
27
26
26
25
21
15
8
0
-5
-2
6
18
33
45
51
57
64
70
74
75
72
67
62
60
59
60
61
59
55
54
55
59
63
61
53
42
31
25
21
23
28
33
31
25
13
0
-7
-8
-6
-1
2
3
-1
-11
-25
-45
-65
-80
-86
-86
-78
-74
-75
-79
-85
-90
-95
-93
-90
-89
-87
-82
-74
-66
-59
-57
-58
-60
-62
-62
-58
-53
-45
-38
-32
-27
-26
-25
-26
-25
-21
-16
-11
-6
-4
-1
6
13
19
20
14
4
-7
-11
-11
-9
-4
-2
0
6
11
18
23
30
40
52
58
58
54
50
46
46
44
44
45
44
41
40
40
41
42
45
51
55
58
60
63
72
80
86
84
76
62
49
42
42
44
42
38
27
15
7
-2
-7
-10
-15
-23
-26
-28
-26
-22
-22
-29
-39
-49
-54
-49
-39
-28
-23
-25
-29
-34
-33
-27
-20
-19
-23
-25
-27
-27
-24
-21
-23
-29
-35
-39
-39
-33
-26
-20
-17
-16
-16
-18
-19
-22
-27
-28
-23
-15
-8
-4
-4
-6
-8
-14
-23
-31
-34
-30
-23
-17
-11
