0
0
-1
0
0
0
0
0
0
0
0
0
0
0
0
0
0
0
0
0
-1
0
0
1
0
0
-1
1
0
0
0
0
0
0
0
0
0
0
-1
1
0
0
-1
0
0
0
1
0
-1
0
0
0
0
0
0
0
1
-1
0
-1
0
-1
-1
0
0
0
1
0
0
0
0
0
1
0
-1
-1
0
0
0
0
0
0
0
-1
0
-1
0
1
0
0
0
0
1
0
0
0
0
0
-1
-1
0
0
0
0
-1
0
1
0
1
0
0
0
0
-1
0
0
0
-1
0
0
0
0
0
0
0
0
-1
0
0
0
1
0
1
0
-1
0
1
0
0
-1
0
0
0
0
0
0
1
0
1
0
0
0
0
0
1
0
1
0
0
0
1
0
0
0
0
0
-1
0
0
0
0
0
0
0
0
0
-1
0
0
0
0
0
0
0
0
0
0
1
0
1
0
0
1
0
0
1
0
0
1
0
0
1
0
0
0
0
0
0
0
0
0
0
0
1
0
0
-1
0
0
-1
0
-1
0
0
1
1
0
0
0
-1
0
0
0
0
0
0
1
0
0
-1
0
0
0
0
-1
0
1
0
0
0
0
0
-1
0
0
0
0
0
0
0
1
0
0
0
0
0
-1
0
0
0
0
0
1
0
0
0
0
0
0
0
1
0
-1
0
-1
1
0
0
0
0
-1
0
-1
0
0
0
0
-1
1
0
0
0
1
0
-1
0
1
1
0
-1
0
0
0
0
0
0
0
0
-1
0
0
0
0
1
-1
0
0
-1
0
0
0
0
0
1
1
0
0
0
-1
-1
0
0
0
1
0
0
0
0
0
0
1
0
0
-1
0
0
1
0
0
0
0
0
1
0
0
-1
0
0
0
0
0
0
0
0
1
0
0
0
0
0
0
0
0
1
0
0
0
0
0
0
-1
0
0
0
0
1
0
0
1
0
0
0
1
-1
0
-1
0
0
0
1
0
0
0
0
0
0
1
0
0
0
0
0
0
0
0
0
-1
0
0
0
1
0
0
0
1
0
0
0
0
0
0
0
0
0
0
1
0
1
0
-1
0
0
-1
0
0
0
-1
0
0
0
-1
0
-1
1
-1
1
0
0
0
0
0
1
0
1
0
0
0
0
0
0
0
0
0
0
0
1
0
0
-1
0
0
0
0
0
0
0
0
0
0
-1
0
0
1
0
0
-1
0
0
0
0
0
0
0
0
-1
0
1
0
0
0
0
1
0
0
0
0
0
-1
0
0
-1
0
0
0
0
0
0
0
0
0
0
0
1
1
1
1
0
0
-1
1
0
0
0
0
0
0
0
0
0
0
0
0
1
0
0
1
0
1
0
0
1
0
0
0
0
1
0
0
-1
0
0
1
1
0
0
-1
0
-1
-1
0
0
0
1
1
0
-1
0
1
0
0
0
0
1
0
1
-1
0
1
0
0
0
-1
0
0
0
1
0
-1
0
-1
-1
0
0
1
0
0
0
1
1
0
0
1
1
-1
0
-1
0
0
0
1
0
0
0
0
-1
0
0
-1
0
0
-1
-1
1
0
0
0
0
-1
0
1
0
0
0
-1
1
0
1
0
1
-1
0
0
0
-1
0
0
0
0
0
0
0
0
0
0
0
0
0
0
0
0
0
1
0
0
0
0
1
0
0
0
0
0
0
0
0
0
0
0
0
0
0
0
0
0
0
0
0
1
0
0
0
0
-1
0
0
1
0
0
0
0
0
-1
0
0
0
0
0
0
-1
0
0
-1
0
0
0
-1
0
1
0
1
0
1
1
2
3
3
3
2
2
1
2
2
2
1
1
0
-1
-1
0
1
0
1
0
0
-1
1
2
3
4
5
4
4
4
3
2
2
1
1
1
1
1
0
-1
-1
-1
-1
-1
0
0
-1
0
0
-1
-1
0
-1
0
0
0
0
-1
0
0
0
0
0
0
0
0
0
0
1
2
3
3
4
3
2
3
3
3
4
4
3
1
-2
-2
-1
1
1
0
-5
-8
-9
-8
-3
0
-1
-7
-14
-17
-17
-14
-7
16
59
100
109
71
25
27
80
134
153
138
101
65
42
37
45
53
52
33
-1
-36
-63
-75
-73
-59
-50
-61
-87
-109
-110
-90
-62
-42
-37
-39
-41
-42
-38
-25
-7
6
12
7
-3
-13
-15
-8
2
4
-4
-18
-31
-37
-34
-31
-31
-33
-36
-34
-25
-11
-6
-14
-26
-28
-20
-12
-10
-12
-12
-13
-10
-9
-10
-10
-5
3
14
24
27
22
22
32
43
44
37
27
23
23
18
9
-2
-6
-7
-16
-32
-48
-55
-58
-58
-53
-47
-50
-58
-62
-65
-63
-46
-4
38
43
19
-15
-22
5
57
103
110
89
43
1
9
72
152
189
189
160
63
-187
-639
-1095
-1175
-750
-265
-277
-808
-1376
-1583
-1416
-1035
-642
-395
-342
-433
-530
-529
-342
4
369
657
803
772
618
515
643
935
1177
1198
974
668
451
394
425
462
474
426
278
64
-111
-167
-109
22
153
195
106
-26
-61
61
290
507
617
621
597
621
681
705
629
435
222
175
343
515
435
166
-26
-35
34
59
42
27
19
8
-46
-112
-121
-46
66
137
154
115
52
51
136
242
253
178
103
57
37
17
9
8
3
-28
-93
-163
-209
-214
-205
-197
-200
-236
-321
-402
-385
-271
-182
-199
-272
-301
-265
-212
-160
-105
-101
-171
-229
-188
-64
38
20
-113
-203
-125
46
154
167
169
156
53
-188
-629
-1314
-2025
-2207
-1588
-777
-665
-1447
-2424
-2787
-2367
-1554
-884
-576
-530
-602
-663
-595
-256
302
849
1225
1362
1293
1114
1027
1202
1560
1849
1807
1436
990
721
684
724
729
666
509
256
-27
-203
-212
-117
11
105
109
5
-112
-102
90
399
674
814
819
771
768
842
961
1070
1080
910
561
244
194
377
491
290
-96
-377
-418
-346
-332
-370
-378
-346
-360
-420
-438
-372
-226
-62
62
107
58
7
38
182
344
420
397
306
214
122
36
-7
4
28
-15
-136
-264
-356
-409
-451
-464
-436
-412
-422
-455
-471
-453
-414
-343
-244
-139
-74
-75
-95
-82
-26
27
72
97
62
9
16
75
91
13
-68
-59
72
227
314
335
237
31
-280
-804
-1615
-2375
-2429
-1715
-1025
-1107
-1880
-2641
-2867
-2495
-1755
-1047
-640
-568
-655
-667
-443
59
664
1165
1468
1546
1451
1311
1357
1667
2033
2186
1947
1446
998
834
923
999
911
657
292
-64
-297
-312
-180
-54
-18
-91
-205
-281
-214
33
367
668
837
865
837
868
1039
1264
1364
1238
973
780
762
839
835
668
429
217
4
-260
-528
-663
-624
-524
-526
-686
-900
-994
-860
-579
-377
-355
-381
-291
-86
93
185
251
356
480
531
450
295
195
208
252
223
87
-110
-281
-374
-403
-436
-489
-569
-641
-681
-679
-608
-494
-407
-388
-334
-204
-118
-181
-250
-157
65
219
177
46
4
135
286
269
114
35
69
18
-201
-285
49
553
725
315
-229
-303
56
4
-1215
-2989
-3734
-2671
-997
-522
-1612
-3107
-3808
-3409
-2241
-968
-249
-309
-767
-986
-628
200
1127
1786
2064
2032
1787
1540
1611
2134
2774
2989
2566
1765
1094
892
1072
1270
1158
707
132
-365
-614
-595
-428
-273
-232
-313
-494
-635
-543
-170
339
759
939
914
852
947
1250
1619
1819
1707
1401
1124
1001
971
871
593
242
48
19
-99
-415
-751
-921
-956
-1048
-1317
-1640
-1723
-1461
-1075
-823
-803
-899
-878
-627
-213
170
406
521
605
694
745
759
783
809
789
673
471
274
175
159
107
-66
-345
-619
-765
-746
-638
-544
-526
-586
-670
-672
-544
-365
-256
-207
-75
168
250
26
-132
149
536
480
170
185
583
813
520
119
166
556
809
789
619
289
-68
-235
-386
-1172
-2860
-4445
-4417
-2724
-1222
-1596
-3359
-4693
-4565
-3333
-1912
-910
-543
-685
-898
-736
-30
990
1914
2477
2652
2566
2344
2210
2456
3071
3574
3409
2588
1691
1219
1196
1296
1219
861
273
-399
-917
-1082
-951
-759
-670
-698
-789
-882
-832
-521
-19
517
911
1100
1161
1256
1512
1868
2171
2287
2195
1983
1734
1546
1435
1306
1064
696
262
-262
-883
-1366
-1494
-1401
-1467
-1881
-2413
-2699
-2532
-2064
-1580
-1248
-1118
-1064
-918
-585
-94
419
854
1147
1273
1249
1166
1181
1307
1403
1312
1014
661
395
249
147
-10
-242
-522
-798
-1015
-1140
-1157
-1108
-1030
-956
-885
-801
-695
-523
-262
-10
129
204
318
461
569
590
522
440
464
626
708
577
371
263
302
353
343
298
293
456
626
544
128
-474
-1221
-2599
-4433
-5259
-3847
-1244
-286
-2159
-4960
-6060
-4731
-2363
-572
-26
-512
-1249
-1463
-749
620
1950
2738
2892
2675
2378
2243
2518
3215
3964
4146
3448
2221
1276
1143
1565
1852
1534
737
-183
-930
-1256
-1163
-851
-662
-760
-988
-1195
-1235
-1045
-566
131
705
955
938
936
1205
1688
2168
2383
2276
2036
1807
1645
1504
1355
1186
944
632
217
-319
-855
-1212
-1343
-1401
-1522
-1706
-1918
-2135
-2270
-2220
-1985
-1699
-1456
-1196
-869
-529
-232
45
377
763
1096
1288
1339
1322
1291
1246
1198
1115
960
714
431
177
-63
-296
-496
-649
-788
-975
-1155
-1229
-1152
-947
-746
-651
-670
-679
-510
-179
143
290
297
346
471
572
606
662
728
665
521
433
413
394
352
308
226
129
173
431
733
771
469
-6
-462
-1100
-2546
-4668
-5829
-4415
-1432
-120
-1978
-4988
-6289
-5131
-2811
-789
138
-118
-930
-1388
-853
563
2109
3071
3256
3006
2671
2432
2564
3252
4160
4488
3765
2402
1261
931
1293
1706
1563
764
-312
-1197
-1581
-1431
-1028
-780
-834
-1043
-1253
-1332
-1129
-566
232
922
1253
1240
1161
1349
1870
2485
2831
2759
2400
1941
1561
1387
1449
1565
1351
697
-143
-865
-1319
-1509
-1522
-1580
-1876
-2386
-2900
-3077
-2799
-2309
-1919
-1723
-1626
-1482
-1165
-626
28
585
941
1143
1292
1408
1480
1546
1615
1639
1531
1254
913
639
443
247
-15
-326
-649
-942
-1142
-1219
-1179
-1094
-1049
-1047
-1035
-959
-767
-460
-126
155
350
436
505
647
794
811
741
717
686
608
584
506
279
2
-180
-191
-93
76
91
-84
19
407
618
444
-48
-980
-2716
-4614
-5253
-3977
-1627
-348
-1514
-4156
-5925
-5274
-2970
-757
327
111
-775
-1424
-1083
289
1903
3041
3346
2951
2378
2077
2338
3107
3977
4331
3712
2425
1313
912
1135
1515
1550
1010
14
-972
-1482
-1426
-988
-559
-452
-695
-1097
-1286
-1076
-485
337
1023
1325
1248
1120
1302
1768
2311
2630
2551
2173
1730
1470
1381
1328
1240
991
520
-127
-777
-1278
-1594
-1715
-1768
-1932
-2235
-2558
-2738
-2686
-2387
-1935
-1521
-1242
-1037
-777
-404
44
522
969
1299
1491
1540
1490
1405
1345
1320
1259
1095
819
466
111
-171
-385
-580
-789
-1007
-1183
-1267
-1259
-1195
-1106
-965
-787
-596
-408
-227
-33
167
417
710
880
864
771
700
623
509
423
381
370
358
238
-59
-401
-608
-560
-288
11
207
254
306
465
412
59
-560
-1727
-3588
-5256
-4900
-2264
162
-214
-3089
-5615
-5720
-3690
-1121
457
575
-312
-1249
-1321
-314
1328
2772
3360
3120
2542
2088
2055
2622
3603
4296
3993
2770
1411
700
859
1428
1716
1329
376
-667
-1379
-1474
-1042
-527
-285
-418
-761
-1104
-1188
-746
119
986
1421
1344
1083
1014
1360
1982
2484
2555
2165
1603
1204
1109
1186
1151
848
327
-246
-761
-1180
-1479
-1654
-1732
-1858
-2182
-2597
-2760
-2496
-1983
-1500
-1184
-1017
-922
-754
-363
211
777
1181
1366
1356
1263
1251
1353
1452
1431
1247
920
551
245
56
-45
-155
-355
-673
-1024
-1237
-1254
-1116
-948
-842
-783
-733
-638
-413
-106
145
294
373
395
250
29
87
483
870
883
641
415
135
-107
-185
28
448
527
166
-193
-63
514
849
568
-182
-972
-1742
-3033
-4672
-5378
-4002
-1507
-611
-2364
-4941
-5909
-4687
-2448
-465
443
123
-759
-1184
-490
1061
2627
3499
3539
3135
2725
2563
2815
3482
4177
4261
3425
2098
1068
763
1046
1338
1142
389
-649
-1479
-1757
-1471
-963
-689
-725
-925
-1109
-1102
-809
-170
613
1262
1624
1633
1529
1630
2054
2597
2875
2740
2274
1722
1324
1103
969
777
481
56
-546
-1218
-1791
-2187
-2394
-2398
-2255
-2190
-2326
-2434
-2250
-1757
-1166
-724
-443
-199
121
539
955
1295
1502
1555
1551
1554
1553
1464
1262
1044
827
569
277
-28
-311
-564
-804
-1023
-1229
-1365
-1367
-1286
-1194
-1129
-1047
-898
-681
-386
-57
253
445
418
236
98
251
668
1023
1043
724
339
-98
-326
-131
216
632
698
292
-378
-931
-517
448
992
663
-595
-2087
-3551
-4741
-5184
-4428
-2285
-724
-1676
-4303
-6084
-5299
-2934
-669
593
450
-496
-1204
-811
742
2580
3817
3904
3158
2495
2376
2796
3542
4242
4409
3654
2282
1165
736
950
1367
1344
683
-402
-1338
-1707
-1539
-987
-518
-442
-705
-1057
-1098
-794
-153
732
1429
1713
1591
1402
1486
1838
2401
2885
2929
2395
1552
963
809
902
950
705
156
-602
-1344
-1764
-1812
-1649
-1541
-1656
-1911
-2138
-2153
-1840
-1252
-636
-295
-258
-292
-158
203
669
1112
1417
1477
1321
1093
937
927
942
860
648
293
-113
-439
-607
-626
-665
-829
-1092
-1340
-1412
-1299
-1072
-858
-741
-646
-572
-455
-208
86
333
420
343
184
90
269
479
393
106
-4
210
306
199
103
71
81
74
340
655
520
158
-266
-784
-1857
-3588
-4968
-5017
-3503
-1797
-1673
-3264
-5098
-5389
-4018
-2133
-717
-248
-475
-922
-869
112
1570
2791
3299
3269
3043
2825
2853
3231
3899
4386
4147
3171
1995
1292
1218
1489
1596
1143
183
-846
-1425
-1424
-1068
-736
-707
-948
-1233
-1273
-994
-484
163
792
1240
1354
1303
1416
1758
2270
2762
2975
2690
2029
1474
1263
1295
1294
1023
476
-222
-864
-1271
-1415
-1413
-1465
-1697
-2016
-2210
-2183
-1954
-1539
-1054
-700
-573
-565
-417
-30
461
876
1093
1150
1142
1160
1209
1196
1114
930
688
436
173
-49
-236
-379
-523
-745
-1018
-1262
-1348
-1243
-1078
-973
-995
-1053
-987
-693
-192
197
205
-31
-106
195
609
766
586
224
-110
-231
104
665
767
289
-360
-599
-384
73
686
875
430
-284
-1118
-2043
-3051
-3697
-3728
-3440
-2980
-2758
-3130
-3962
-4472
-3904
-2626
-1393
-685
-602
-732
-580
189
1336
2285
2803
2936
2869
2848
3038
3388
3717
3852
3643
3069
2346
1798
1549
1467
1315
937
348
-347
-933
-1189
-1104
-870
-766
-887
-1078
-1112
-867
-426
66
476
767
977
1189
1503
1808
1965
2100
2322
2482
2319
1885
1474
1236
1152
1040
770
326
-218
-685
-982
-1161
-1312
-1486
-1633
-1689
-1657
-1582
-1465
-1262
-1004
-757
-543
-361
-213
-20
272
620
869
897
801
708
682
724
724
644
471
192
-81
-290
-367
-413
-555
-770
-1041
-1216
-1199
-1065
-892
-836
-846
-756
-562
-333
-171
-78
-59
-75
67
366
599
603
278
-218
-468
-195
321
429
72
-285
-426
-306
-42
282
489
204
-219
-462
-543
-748
-1661
-2803
-3416
-3317
-2815
-2595
-2573
-2808
-3342
-3500
-2993
-1929
-1099
-848
-641
-344
189
804
1341
1930
2387
2715
2838
2812
2928
3113
3292
3337
3133
2740
2199
1734
1478
1317
1124
763
222
-289
-625
-726
-696
-686
-670
-720
-798
-766
-587
-233
129
463
777
962
1127
1321
1570
1758
1789
1862
1936
1876
1610
1224
958
804
694
505
141
-289
-718
-1051
-1211
-1237
-1239
-1372
-1550
-1598
-1497
-1283
-1018
-741
-530
-456
-372
-182
88
379
595
723
722
615
514
470
520
551
459
275
14
-227
-397
-487
-491
-565
-762
-986
-1097
-1005
-853
-768
-738
-712
-581
-352
-93
118
149
63
10
117
373
518
470
320
103
-100
-289
-427
-351
-112
60
86
-12
-114
-39
228
565
726
565
138
-574
-1575
-2717
-3488
-3425
-2773
-2130
-2155
-3010
-4008
-4247
-3367
-1980
-1021
-784
-952
-988
-563
316
1358
2135
2478
2514
2461
2574
2915
3312
3618
3673
3396
2857
2242
1834
1685
1612
1401
953
337
-291
-691
-769
-702
-649
-717
-877
-1008
-1023
-808
-398
61
430
643
760
885
1166
1554
1818
1939
2012
2008
1853
1554
1294
1172
1092
926
593
144
-305
-681
-956
-1124
-1224
-1359
-1568
-1699
-1671
-1550
-1381
-1194
-976
-744
-554
-402
-258
-53
246
566
786
802
684
575
534
580
585
449
260
87
-65
-215
-395
-542
-654
-790
-931
-1056
-1073
-967
-861
-789
-752
-700
-606
-396
-28
267
306
153
92
304
516
536
481
488
478
271
24
-131
-184
-156
-73
73
78
-93
-217
-250
-204
-183
-337
-627
-1011
-1576
-2441
-3492
-4107
-3640
-2375
-1444
-1760
-2940
-3732
-3364
-1992
-523
316
411
59
-54
410
1314
2297
2911
3055
2835
2557
2502
2670
2969
3143
3049
2641
1934
1255
842
755
844
758
345
-294
-859
-1073
-933
-604
-346
-302
-416
-562
-529
-185
372
928
1246
1259
1197
1256
1481
1746
1869
1909
1862
1649
1272
817
521
446
470
389
25
-506
-1038
-1368
-1389
-1286
-1217
-1286
-1457
-1537
-1445
-1199
-904
-628
-392
-254
-181
-115
23
301
610
817
835
622
368
242
242
292
256
72
-197
-433
-566
-629
-669
-729
-806
-871
-943
-955
-878
-776
-650
-507
-393
-297
-123
203
539
618
337
-31
-62
299
760
964
715
192
-265
-389
-124
145
128
-71
-243
-327
-419
-341
20
488
647
104
-837
-1728
-2343
-2520
-2482
-2423
-2449
-2613
-2796
-3028
-3150
-2919
-2298
-1513
-998
-806
-698
-435
190
959
1581
2001
2191
2281
2405
2636
2978
3230
3229
2990
2644
2336
2081
1848
1581
1258
934
540
81
-272
-481
-557
-587
-655
-721
-797
-793
-650
-398
-89
183
435
677
889
1082
1236
1453
1690
1780
1755
1699
1641
1501
1228
947
757
631
475
187
-200
-629
-997
-1191
-1273
-1289
-1336
-1456
-1507
-1461
-1316
-1121
-944
-748
-582
-423
-221
-10
210
379
526
640
643
575
463
378
357
316
218
38
-193
-401
-562
-681
-763
-817
-861
-908
-954
-974
-916
-792
-641
-480
-305
-189
-167
-54
218
469
498
329
225
297
542
798
861
719
350
-78
-240
1
340
330
-12
-441
-609
-383
-59
170
51
-352
-815
-1413
-2015
-2551
-3042
-3346
-3239
-2618
-2058
-2160
-2771
-3232
-2922
-1995
-953
-148
149
112
140
491
1256
2143
2723
2877
2772
2678
2702
2849
3040
3098
2963
2583
2005
1452
1045
889
848
629
212
-312
-746
-927
-862
-658
-526
-546
-644
-679
-506
-171
251
636
836
932
1066
1287
1523
1689
1834
1970
1968
1689
1216
884
892
1064
1027
586
-30
-558
-874
-940
-926
-1002
-1226
-1506
-1644
-1588
-1397
-1177
-1003
-851
-712
-590
-464
-254
76
379
546
560
464
378
398
535
674
614
328
-15
-225
-252
-218
-265
-457
-694
-874
-985
-1003
-935
-865
-842
-824
-744
-617
-526
-427
-245
-60
36
83
162
255
300
333
439
612
768
718
334
-268
-609
-132
923
1503
809
-606
-1439
-1090
36
863
583
-760
-2374
-3337
-3469
-3130
-2611
-2187
-2145
-2680
-3533
-4021
-3599
-2304
-890
-147
-258
-734
-845
-205
1077
2425
3141
2993
2434
2123
2376
3084
3757
3955
3543
2771
2047
1584
1471
1585
1615
1298
568
-273
-834
-953
-754
-529
-440
-577
-873
-1112
-1045
-572
81
607
864
862
760
779
1123
1706
2156
2212
1922
1587
1418
1362
1304
1182
1007
773
383
-136
-601
-879
-967
-996
-1112
-1362
-1675
-1882
-1824
-1516
-1165
-972
-914
-862
-706
-430
-134
149
406
581
656
655
620
582
582
596
545
372
95
-155
-280
-327
-390
-553
-791
-989
-1098
-1114
-1065
-990
-941
-911
-813
-673
-498
-286
-109
60
201
297
357
423
592
767
857
851
748
524
207
84
255
459
521
360
4
-385
-616
-518
-242
-119
-449
-1190
-1947
-2637
-3227
-3437
-3087
-2383
-2028
-2438
-3211
-3641
-3228
-2045
-773
-154
-282
-560
-468
168
1216
2214
2748
2679
2304
2172
2457
2924
3309
3389
3088
2530
1933
1517
1382
1407
1314
985
466
-177
-715
-900
-737
-442
-332
-513
-781
-920
-782
-337
229
644
816
854
843
873
1070
1449
1894
2096
1894
1506
1192
1102
1203
1236
997
607
244
-97
-426
-660
-789
-895
-1058
-1292
-1497
-1583
-1537
-1352
-1113
-939
-844
-804
-736
-510
-156
148
321
417
471
502
543
579
600
555
425
301
172
1
-171
-311
-428
-534
-662
-836
-983
-1029
-997
-910
-808
-754
-737
-706
-594
-363
-64
188
284
214
91
140
404
662
793
781
575
206
-116
-58
386
695
434
-90
-323
-176
77
96
-207
-728
-1296
-1642
-1805
-2164
-2774
-3194
-3028
-2485
-2157
-2370
-2891
-3124
-2684
-1712
-695
-145
-135
-255
-65
575
1424
2093
2425
2468
2389
2414
2597
2813
2928
2922
2772
2421
1963
1557
1299
1168
1035
802
371
-190
-612
-762
-749
-656
-498
-414
-582
-797
-683
-233
302
668
813
796
746
912
1318
1701
1871
1745
1418
1106
985
1040
1098
1022
736
267
-204
-493
-588
-620
-730
-933
-1173
-1394
-1466
-1353
-1145
-936
-783
-671
-589
-497
-326
-80
194
413
506
482
403
373
414
460
448
327
104
-137
-314
-394
-412
-446
-534
-674
-816
-911
-906
-757
-533
-357
-313
-372
-394
-289
-60
220
411
424
257
28
-23
203
471
490
265
-12
-215
-267
-173
-85
-150
-312
-391
-394
-422
-458
-481
-546
-663
-769
-1009
-1555
-2190
-2455
-2134
-1569
-1342
-1640
-2088
-2255
-1999
-1491
-952
-498
-220
-156
-144
72
526
1039
1444
1660
1678
1595
1549
1613
1788
1980
2065
1905
1480
1054
887
949
1009
922
707
432
189
15
-65
-1
208
417
374
132
54
256
491
607
731
848
856
809
859
1015
1130
1124
985
776
656
683
733
663
475
250
35
-108
-141
-177
-300
-439
-524
-565
-611
-611
-547
-464
-387
-314
-275
-300
-291
-181
-21
91
102
33
-52
-54
1
18
-42
-150
-258
-355
-422
-463
-477
-478
-460
-443
-485
-563
-614
-577
-479
-383
-296
-246
-243
-270
-278
-197
-59
34
-30
-226
-338
-262
-109
-7
-52
-183
-345
-399
-248
-131
-219
-445
-469
-281
-210
-223
-227
-188
-342
-768
-1241
-1623
-1741
-1587
-1265
-1147
-1534
-2041
-2144
-1714
-1154
-832
-719
-671
-552
-349
-49
365
790
1125
1232
1118
1028
1143
1453
1748
1900
1852
1592
1263
1038
1091
1298
1355
1157
781
450
326
422
592
663
601
348
-99
-405
-63
782
1195
698
8
-72
426
988
1283
1266
1007
732
626
774
1006
1067
898
610
425
308
143
16
97
254
118
-271
-588
-680
-594
-410
-220
-174
-337
-549
-574
-395
-158
-11
-5
-94
-164
-201
-203
-102
63
129
-7
-239
-406
-435
-325
-157
-68
-197
-494
-709
-665
-455
-283
-267
-372
-472
-510
-488
-428
-288
-109
-30
-153
-411
-570
-516
-288
-5
40
-342
-853
-973
-567
-136
-113
-435
-803
-845
-607
-283
-145
-335
-546
-558
-420
-542
-1089
-1608
-1676
-1255
-806
-851
-1348
-1838
-1856
-1343
-707
-320
-345
-632
-749
-450
110
532
687
717
716
774
925
1092
1185
1299
1473
1533
1330
1048
1002
1131
1247
1273
1183
949
674
586
700
831
787
574
347
253
319
418
512
581
625
637
616
683
817
966
1063
1089
1052
936
835
809
860
873
753
552
376
296
254
180
68
-33
-109
-192
-277
-311
-290
-255
-231
-229
-239
-259
-264
-234
-173
-138
-159
-208
-255
-254
-226
-215
-233
-247
-267
-307
-351
-368
-349
-352
-359
-363
-377
-431
-555
-653
-608
-432
-304
-361
-552
-749
-822
-713
-482
-276
-235
-428
-779
-931
-622
-164
-64
-404
-781
-931
-903
-700
-438
-328
-488
-727
-815
-786
-633
-366
-42
-24
-595
-1493
-1948
-1419
-499
-129
-678
-1492
-1823
-1562
-920
-348
-39
-59
-270
-385
-312
31
482
848
1055
1052
874
617
573
942
1497
1809
1607
1084
690
688
1036
1402
1515
1304
911
598
509
658
866
984
970
823
612
401
344
533
852
1071
1013
800
613
611
820
1090
1242
1124
835
564
469
571
707
746
610
341
62
-104
-92
18
123
88
-109
-372
-551
-527
-346
-133
-49
-146
-349
-513
-525
-402
-235
-163
-238
-391
-505
-509
-436
-340
-299
-348
-454
-553
-555
-457
-334
-283
-371
-534
-654
-650
-533
-409
-390
-552
-759
-813
-652
-457
-440
-565
-627
-474
-310
-394
-670
-743
-433
-108
-168
-594
-910
-832
-498
-246
-292
-521
-707
-682
-492
-270
-129
-66
-77
-96
-154
-478
-936
-1120
-673
-111
-193
-759
-1200
-1127
-875
-582
-202
41
0
-224
-262
-45
255
515
647
692
715
680
580
569
841
1222
1315
1106
857
770
807
928
1106
1129
932
672
602
706
801
807
748
724
744
750
674
610
676
795
837
782
740
726
706
738
811
836
742
604
551
552
526
441
332
272
238
185
88
2
-13
-8
-29
-87
-136
-185
-218
-194
-147
-136
-207
-285
-314
-283
-248
-280
-334
-373
-367
-342
-338
-360
-430
-489
-483
-440
-420
-472
-538
-547
-521
-536
-630
-719
-710
-675
-679
-733
-739
-667
-613
-596
-595
-552
-469
-449
-512
-633
-674
-596
-494
-437
-510
-607
-675
-694
-674
-572
-352
-188
-206
-388
-514
-503
-353
-153
43
161
88
-76
-175
-63
29
-123
-367
-420
-200
-69
-196
-389
-391
-234
-153
-142
-93
22
80
116
256
428
471
369
337
479
635
677
672
735
877
922
851
783
783
783
695
690
827
940
856
667
607
675
738
711
692
729
734
664
581
587
643
634
563
523
554
576
540
510
522
510
419
313
289
313
285
189
110
80
65
31
-20
-76
-148
-194
-197
-175
-173
-221
-257
-251
-224
-230
-291
-327
-317
-297
-309
-350
-362
-367
-379
-401
-442
-475
-507
-529
-528
-524
-522
-539
-550
-536
-538
-570
-616
-615
-548
-472
-455
-524
-610
-658
-680
-642
-492
-305
-301
-501
-676
-613
-405
-290
-298
-354
-348
-330
-392
-450
-381
-199
-127
-214
-286
-232
-156
-130
-99
-43
11
-15
-23
23
85
114
54
33
86
199
218
107
37
83
196
218
179
126
59
-12
-52
26
128
172
164
158
207
245
264
301
398
549
644
652
567
492
492
566
668
706
672
586
532
542
593
641
657
648
616
574
532
523
543
567
561
506
432
382
387
424
451
441
390
314
250
229
241
257
253
218
156
75
7
-15
-5
6
-20
-78
-140
-190
-209
-206
-186
-183
-214
-247
-283
-309
-315
-308
-309
-350
-401
-430
-427
-413
-416
-437
-470
-512
-565
-621
-658
-657
-638
-605
-559
-524
-547
-639
-714
-675
-550
-451
-413
-374
-307
-348
-538
-697
-599
-284
-94
-210
-481
-576
-434
-224
-116
-131
-183
-279
-321
-265
-100
45
30
-56
-129
-112
-51
49
176
227
155
6
-57
22
177
284
302
265
212
190
225
326
438
456
377
295
319
443
512
448
334
307
391
434
398
364
375
424
387
318
260
241
271
285
308
275
230
208
228
266
275
296
311
323
295
263
265
298
348
340
299
250
230
237
234
232
220
197
161
129
126
145
161
173
165
139
95
50
25
20
28
27
-5
-59
-109
-153
-174
-175
-165
-160
-188
-223
-245
-233
-217
-215
-209
-209
-223
-257
-275
-250
-210
-207
-263
-336
-375
-377
-382
-395
-392
-372
-367
-397
-429
-434
-418
-406
-405
-392
-366
-342
-326
-313
-292
-265
-221
-165
-109
-100
-143
-201
-218
-161
-117
-148
-231
-256
-161
-63
-44
-67
-30
56
85
46
22
59
136
182
171
133
84
39
3
21
84
123
105
69
96
160
181
150
134
197
254
238
171
150
220
287
298
255
208
182
188
251
334
358
283
181
155
226
308
334
303
247
196
148
133
151
182
196
164
110
58
46
80
134
180
182
152
126
137
163
161
114
62
46
65
93
105
86
50
19
-6
-18
-31
-46
-59
-56
-37
-35
-54
-73
-77
-68
-71
-88
-113
-127
-122
-109
-115
-145
-183
-203
-191
-164
-153
-174
-208
-221
-213
-195
-169
-143
-134
-164
-212
-235
-215
-175
-150
-154
-173
-192
-193
-168
-124
-90
-92
-126
-145
-125
-83
-63
-91
-121
-107
-75
-80
-128
-150
-99
-24
-2
-45
-80
-49
17
52
25
-10
10
72
125
136
111
78
43
25
45
97
132
115
72
56
83
95
54
15
56
169
243
193
75
-18
-22
39
110
168
164
115
43
13
53
130
190
202
183
138
80
19
-2
30
80
98
53
-26
-103
-132
-69
56
169
193
122
53
38
79
120
127
120
82
20
-48
-84
-50
9
53
37
-24
-92
-129
-111
-63
-16
-8
-41
-94
-135
-142
-122
-86
-74
-96
-131
-154
-147
-125
-85
-45
-22
-20
-46
-68
-62
-19
34
54
29
-24
-59
-52
4
67
100
92
55
24
10
21
51
89
113
94
49
1
-16
11
45
77
89
94
86
75
69
56
37
15
0
-10
-9
-10
-21
-36
-38
-32
-40
-56
-66
-60
-51
-49
-46
-44
-35
-29
-46
-79
-111
-107
-68
-29
-23
-54
-92
-101
-69
-25
-14
-45
-72
-59
-24
-8
-33
-66
-64
-39
-14
-9
-13
-13
-16
-29
-42
-36
-8
28
54
57
37
12
-8
-16
-8
13
19
0
-32
-29
2
18
-3
-24
-1
53
88
73
39
30
48
65
64
56
50
51
55
62
59
36
4
-17
-9
21
54
90
114
116
98
72
57
65
86
96
78
51
28
13
8
16
38
59
66
59
45
26
8
-1
9
32
52
47
24
12
20
32
31
17
2
-10
-17
-18
-15
-12
-17
-31
-55
-71
-62
-40
-20
-15
-29
-52
-77
-92
-89
-78
-66
-65
-78
-106
-129
-128
-107
-83
-73
-80
-95
-103
-102
-87
-66
-53
-52
-62
-69
-65
-49
-30
-24
-33
-42
-38
-24
-22
-38
-51
-42
-23
-16
-12
5
29
41
38
27
35
67
101
111
95
74
63
64
69
84
105
114
91
49
18
16
34
54
64
56
35
23
26
40
57
70
76
69
52
37
33
41
48
48
46
41
29
7
-13
-15
-2
8
5
-3
-2
3
5
9
16
16
0
-25
-48
-55
-50
-42
-33
-23
-16
-23
-45
-55
-41
-19
-2
-3
-18
-43
-65
-69
-52
-22
1
6
-5
-28
-52
-69
-65
-46
-29
-25
-34
-46
-49
-40
-25
-16
-16
-25
-35
-41
-44
-45
-35
-14
8
11
-2
-16
-18
-5
12
23
22
18
15
18
21
29
50
72
83
83
82
80
73
63
67
85
93
75
50
40
45
50
48
44
51
64
67
52
34
23
25
39
55
55
37
8
-20
-33
-26
-5
21
41
42
20
-11
-27
-23
1
23
21
-9
-48
-77
-87
-83
-77
-80
-98
-119
-137
-147
-153
-155
-146
-134
-129
-137
-148
-143
-114
-75
-48
-46
-56
-60
-49
-29
-11
7
25
37
39
27
20
24
33
39
37
29
23
24
30
41
49
57
58
52
38
21
12
12
27
47
55
42
19
7
14
30
40
41
37
30
25
20
23
38
61
80
84
78
68
69
81
98
105
89
65
48
45
49
49
46
39
28
12
-6
-17
-12
1
3
-13
-32
-39
-29
-14
-5
-11
-25
-39
-49
-49
-44
-38
-39
-44
-50
-53
-49
-44
-35
-24
-20
-26
-37
-42
-32
-15
2
9
7
3
-2
-7
-9
-6
2
5
2
-7
-13
-5
18
36
38
20
-9
-26
-24
-8
14
34
46
40
27
17
13
18
30
37
34
21
9
5
11
18
16
1
-21
-41
-52
-57
-61
-65
-68
-78
-98
-118
-126
-127
-129
-133
-134
-131
-126
-124
-124
-119
-106
-89
-67
-46
-29
-12
1
14
29
53
82
106
119
119
111
101
90
85
90
96
100
95
86
82
89
102
115
128
136
139
141
141
140
148
153
149
136
116
102
97
92
87
84
78
62
37
12
-3
-10
-15
-22
-29
-38
-47
-54
-64
-80
-98
-119
-136
-147
-147
-139
-129
-121
-116
-116
-121
-135
-146
-152
-150
-143
-135
-122
-102
-83
-72
-67
-65
-60
-49
-34
-25
-19
-14
-12
-12
-11
-10
-4
4
13
23
31
36
36
35
36
45
56
62
63
58
50
41
34
36
43
50
52
51
53
54
51
49
46
41
36
31
27
29
34
41
47
51
46
32
20
10
7
12
20
25
20
7
-6
-16
-15
-12
-8
0
7
11
10
5
4
3
3
3
4
5
5
8
13
16
15
5
-7
-14
-13
-9
-9
-15
-23
-26
-25
-18
-14
-17
-25
-33
-42
-48
-46
-38
-22
-8
-2
-6
-11
-15
-12
-5
1
1
-3
-10
-16
-18
-14
-3
5
7
6
5
9
17
26
31
28
17
4
-1
-5
-1
5
10
11
6
2
3
10
16
24
27
20
14
8
4
3
7
11
13
14
15
18
19
18
12
4
1
1
2
2
-2
-9
-14
-22
-26
-26
-21
-17
-15
-15
-23
-31
-37
-41
-42
-38
-36
-38
-41
-43
-46
-51
-53
-49
-38
-25
-12
-6
-6
-5
-4
-1
0
4
8
13
17
11
3
-2
-1
2
7
9
9
9
10
18
23
29
35
40
44
41
31
18
9
10
15
23
28
28
23
16
9
4
3
2
-3
-6
-9
-11
-12
-14
-11
-8
-4
0
3
4
4
4
2
-1
-6
-5
4
21
34
36
34
31
31
34
37
42
44
43
44
42
36
33
31
29
26
20
13
5
-1
-4
-4
-6
-9
-14
-20
-28
-36
-44
-48
-47
-39
-35
-40
-47
-52
-51
-47
-41
-34
-32
-32
-29
-28
-26
-27
-28
-32
-37
-41
-40
-32
-20
-8
2
4
0
-5
-8
-5
-6
-10
-19
-23
-22
-19
-13
-9
-13
-19
-22
-22
-16
-6
3
8
6
0
-3
-1
7
15
22
26
27
26
28
30
32
36
40
43
46
49
48
43
39
36
36
36
37
37
37
39
43
49
53
56
61
64
60
51
45
42
43
45
43
38
38
38
38
36
30
17
4
-4
-9
-9
-9
-9
-8
-10
-14
-22
-31
-35
-34
-32
-30
-31
-35
-43
-51
-58
-58
-51
-50
-50
-57
-60
-60
-60
-60
-59
-55
-48
-45
-49
-54
-54
-52
-53
-56
-56
-52
-44
-41
-42
-43
-40
-32
-23
-20
-23
-27
-34
-36
-33
-25
-13
-5
-2
-4
-6
-5
0
1
3
4
9
17
21
22
23
23
25
25
29
34
41
45
47
44
45
51
56
55
46
40
37
42
54
68
77
79
77
70
65
66
67
71
70
64
56
46
41
37
34
32
27
26
29
32
31
28
29
25
18
14
9
8
6
2
-7
-18
-26
-30
-32
-36
-41
-41
-45
-49
-55
-59
-61
-62
-63
-61
-54
-45
-43
-45
-50
-53
-52
-50
-47
-48
-45
-40
-33
-24
-19
-19
-21
-21
-17
-11
-1
5
4
-1
-8
-10
-8
-5
-3
-2
-7
-14
-22
-23
-21
-16
-13
-15
-19
-23
-25
-22
-16
-8
0
7
9
13
17
16
14
12
11
18
25
35
41
45
45
43
38
37
41
45
48
45
38
28
16
5
-1
-2
0
8
19
24
23
15
6
-6
-16
-18
-15
-7
2
6
7
2
-6
-13
-16
-12
-3
9
16
20
17
9
-3
-12
-10
-1
7
9
8
4
0
-1
-1
2
2
4
7
9
11
14
17
19
19
18
14
8
4
3
2
-1
-2
0
4
7
8
10
5
-5
-16
-24
-26
-23
-21
-23
-28
-34
-36
-34
-29
-27
-24
-22
-19
-16
-13
-9
-6
-9
-14
-20
-24
-23
-18
-14
-14
-14
-13
-15
-11
-5
3
8
7
1
-3
-3
-1
2
6
5
1
-3
-5
-7
-6
-1
6
11
12
14
13
13
13
11
7
7
9
15
21
25
24
21
17
14
12
11
9
5
2
3
7
9
12
13
7
1
-1
-1
1
3
4
5
6
7
7
6
8
9
9
5
0
0
2
5
8
6
3
-1
-3
-5
-5
-7
-11
-14
-14
-10
-7
-7
-8
-13
-16
-19
-17
-12
-7
-3
-1
-3
-4
-6
-7
-7
-7
-6
-3
0
6
9
12
14
12
7
3
4
6
7
7
1
-2
-3
-3
5
12
13
9
3
-2
-3
-3
-1
2
2
-1
-7
-10
-12
-13
-14
-14
-13
-11
-8
-1
5
7
3
-2
-3
-4
-1
6
11
12
10
7
4
5
9
16
19
17
12
6
0
-5
-7
-2
3
5
4
-1
-5
-9
-10
-12
-12
-7
-1
1
-2
-3
-7
-9
-11
-14
-15
-10
-3
1
4
5
3
-1
-5
-5
0
5
10
11
11
8
2
0
1
4
8
11
12
14
13
11
8
8
10
10
10
9
7
6
3
3
2
-1
-4
-4
2
9
13
8
-1
-10
-11
-10
-8
-9
-13
-19
-22
-25
-26
-25
-20
-16
-15
-13
-10
-6
-3
-4
-5
-6
-4
-4
-5
-9
-14
-17
-19
-16
-11
-6
-4
-2
-3
-4
-2
1
0
-3
-3
-1
0
2
3
5
5
6
4
2
4
7
11
15
18
16
13
12
13
17
19
19
17
12
10
11
13
17
18
16
9
3
2
8
14
20
23
20
16
13
14
16
16
12
6
-1
-1
2
7
9
7
0
-6
-11
-13
-11
-12
-11
-8
-6
-6
-8
-14
-21
-23
-22
-18
-16
-18
-20
-23
-19
-16
-11
-7
-5
-3
-3
-3
-4
-5
-6
-4
-2
3
5
5
4
0
-4
-6
-3
3
8
10
9
7
4
0
-2
-2
1
6
8
8
7
6
7
7
6
5
7
7
6
5
3
2
3
3
4
3
4
2
1
-3
-7
-8
-7
-4
-3
-4
-6
-8
-9
-7
-4
-6
-9
-12
-14
-12
-8
-3
-2
-2
-5
-8
-11
-12
-10
-7
-7
-8
-7
-8
-9
-11
-13
-11
-7
-2
0
1
-1
-1
-2
-2
-2
0
1
0
0
-2
-3
-4
-8
-8
-5
-2
0
1
4
9
13
17
20
23
26
25
22
20
19
21
24
27
28
25
24
23
21
19
13
12
13
16
21
23
21
15
8
3
1
4
10
15
19
15
7
-3
-9
-13
-15
-13
-11
-10
-12
-16
-15
-11
-8
-7
-8
-10
-13
-15
-14
-11
-9
-10
-16
-23
-26
-26
-21
-17
-14
-16
-23
-27
-30
-28
-24
-19
-17
-16
-19
-23
-26
-25
-22
-18
-14
-12
-10
-9
-9
-6
-3
-1
0
1
2
0
-2
-2
-2
-1
2
4
4
5
5
4
4
7
8
11
14
15
13
10
7
7
8
15
22
25
27
27
23
20
22
23
26
24
26
29
31
32
31
29
27
20
12
5
1
3
7
7
5
1
1
2
6
9
11
10
8
4
-4
-10
-15
-16
-13
-8
-3
-1
1
1
2
2
-1
-1
-4
-7
-12
-14
-12
-11
-11
-8
-6
-2
3
4
4
0
-7
-11
-13
-11
-10
-9
-9
-9
-5
0
0
-2
-6
-12
-14
-16
-14
-10
-9
-9
-11
-11
-9
-3
