3
4
3
1
-1
-3
-4
-3
-2
1
3
3
3
3
2
1
1
0
-1
-1
-1
-1
-1
0
0
0
-2
-2
-2
-2
-3
-2
-1
0
3
3
3
4
1
-2
-3
-4
-3
-2
-2
-2
-1
2
2
2
3
3
2
1
0
1
1
3
4
3
4
3
2
0
-1
-3
-3
-3
-3
-1
0
1
1
0
0
1
1
1
0
-1
-3
-4
-5
-4
-3
-2
-2
-1
0
1
1
0
0
0
2
2
1
1
1
0
-1
-3
-2
-2
-1
-2
-1
-1
-1
1
0
-1
-2
-3
-4
-4
-3
-2
-1
-1
0
0
0
-1
0
0
-1
-2
-1
-1
1
2
2
2
2
2
2
1
3
3
4
4
2
2
0
0
0
2
3
3
4
5
3
1
1
1
0
1
1
1
2
1
1
0
1
0
0
0
1
2
2
2
3
2
4
3
3
2
1
0
0
-1
0
0
-1
-1
-4
-3
-3
-2
-1
-1
0
-1
-2
-3
-3
-3
-2
-2
-3
-3
-3
-4
-5
-6
-5
-4
0
2
2
3
1
0
-2
-3
-3
-2
-1
-1
-3
-3
-4
-4
-4
-2
0
1
2
2
3
2
2
1
1
3
3
3
4
3
3
2
1
0
0
0
-1
-1
-2
0
3
3
5
3
3
2
0
1
1
2
2
3
4
1
-1
-2
-2
-1
0
2
2
2
1
-1
-1
-2
-1
-1
0
0
0
0
0
1
2
1
3
0
1
-1
-3
-1
-1
1
0
-1
-1
1
2
1
1
-1
-2
-3
-3
-3
-3
-1
1
1
2
2
2
1
-2
-2
-3
-2
-1
-1
1
1
1
1
-1
-2
-3
-2
-1
1
1
2
3
2
2
1
1
1
1
0
-2
-3
-3
-2
-2
-2
-1
-1
-2
-2
-3
-2
-2
-1
-2
-2
-2
0
3
2
2
0
-2
-2
-3
-4
-3
-1
3
3
3
3
2
1
0
0
-2
-1
1
2
4
4
3
1
-1
-1
-1
0
1
2
2
2
2
1
0
-1
0
0
1
2
3
4
3
1
1
-1
-2
-1
0
1
1
0
2
1
1
1
0
-1
0
2
2
0
-2
-3
-3
-3
-1
1
1
2
1
0
-2
-2
-1
-2
-1
0
0
1
1
1
-2
-2
-1
-1
0
1
1
-1
-2
-2
-2
-1
1
0
-1
-2
-3
-4
-4
-5
-3
-3
-3
-3
-2
-1
0
1
2
2
3
3
4
4
1
-1
0
-1
-1
-2
-2
-4
-4
-2
1
1
3
3
3
2
1
1
2
2
1
0
0
0
1
0
-1
0
1
5
5
4
4
3
3
1
-3
-3
-2
-1
-1
0
0
2
2
2
0
1
1
3
5
4
2
1
1
1
0
0
-2
-3
-3
-3
-3
-2
-1
0
0
-1
-2
-1
1
1
2
0
-2
0
0
0
-2
-4
-6
-6
-6
-6
-5
-4
-1
0
-1
-3
-3
-1
2
4
3
0
-1
-2
0
2
2
1
-1
-1
-3
-6
-7
-5
-1
0
-1
-3
-2
-1
0
1
2
5
8
10
8
6
3
0
-3
-6
-7
-5
0
2
3
3
2
3
2
1
3
6
8
9
7
6
4
3
0
-1
-4
-6
-6
-6
-2
1
4
5
5
5
3
2
0
-1
1
2
1
0
-2
0
-1
0
-1
-1
2
1
1
-1
-1
-1
-2
-2
-5
-7
-7
-6
-4
-2
-4
-4
-1
3
4
2
-3
-5
-5
-5
-4
-5
-4
0
0
-3
-10
-10
-5
2
3
1
4
9
14
12
4
-4
-6
-3
-2
-5
-6
-6
-2
-4
-7
-9
-7
-2
0
0
1
2
7
10
11
5
-1
-7
-8
-6
-5
-4
-7
-4
1
3
1
-4
-7
-5
-3
-2
-2
1
4
8
5
1
-1
2
6
7
7
8
11
16
15
10
5
1
0
-4
-1
3
10
16
17
18
17
18
19
15
11
6
5
4
5
6
4
1
-3
-10
-12
-9
-5
-2
-3
-4
-4
-6
-10
-14
-20
-20
-20
-17
-13
-9
-2
0
4
3
0
-3
-5
-6
-8
-7
-3
4
11
12
10
0
-10
-16
-21
-21
-24
-24
-19
-15
-11
-17
-25
-32
-39
-40
-42
-39
-32
-21
-7
1
6
6
6
10
12
16
21
28
39
47
53
54
53
48
46
43
41
40
45
55
67
74
76
75
74
75
78
82
87
94
101
109
112
110
104
103
107
107
103
94
92
89
86
70
39
0
-47
-88
-123
-149
-157
-145
-116
-92
-93
-120
-156
-194
-218
-233
-234
-223
-217
-231
-276
-336
-382
-392
-366
-320
-270
-214
-155
-92
-35
-1
18
26
31
37
47
69
95
118
129
120
99
75
53
35
19
7
4
17
45
75
97
104
99
92
91
100
114
127
142
154
169
178
178
167
145
119
95
77
72
74
80
88
97
106
106
102
90
76
65
63
71
90
112
128
130
115
89
65
47
35
22
10
3
0
-1
-12
-29
-44
-57
-66
-71
-67
-52
-25
6
36
63
85
100
103
101
100
100
103
103
102
102
94
78
49
23
5
-3
-7
-11
1
23
50
68
72
69
46
4
-56
-125
-179
-222
-244
-274
-330
-444
-620
-816
-988
-1093
-1132
-1099
-977
-775
-534
-322
-167
-56
28
92
128
157
207
287
381
450
480
474
432
349
232
103
-7
-81
-119
-123
-98
-56
-13
16
31
37
49
68
101
152
224
316
410
480
518
524
504
459
403
349
312
292
283
277
264
243
206
154
97
46
5
-35
-95
-167
-210
-195
-128
-53
-3
30
67
124
177
215
230
234
231
206
153
79
10
-37
-79
-128
-184
-224
-232
-215
-187
-172
-165
-156
-134
-94
-61
-39
-30
-24
-7
5
3
-20
-56
-84
-108
-125
-141
-152
-152
-152
-154
-166
-176
-176
-167
-153
-146
-133
-113
-90
-65
-48
-34
-31
-33
-25
-18
-14
-32
-66
-112
-181
-248
-278
-249
-173
-85
14
114
202
241
228
195
157
139
128
136
181
254
343
391
405
392
363
317
229
134
26
-84
-196
-319
-427
-543
-660
-774
-846
-840
-776
-674
-567
-448
-300
-145
3
126
233
329
404
457
484
505
516
508
476
412
331
242
155
72
2
-49
-81
-93
-91
-77
-52
-26
0
31
75
129
182
224
252
273
286
295
295
282
264
236
193
129
46
-33
-81
-88
-76
-60
-40
-13
22
48
58
58
57
63
70
76
79
73
51
9
-37
-74
-99
-120
-139
-156
-159
-157
-155
-150
-141
-129
-125
-125
-115
-91
-60
-39
-29
-29
-35
-35
-29
-24
-16
-11
-7
-2
0
5
5
0
-6
-7
-8
-22
-43
-60
-56
-36
-10
12
23
24
16
10
10
24
58
119
208
302
391
445
467
451
418
375
295
161
-67
-365
-704
-1032
-1318
-1549
-1714
-1780
-1694
-1446
-1084
-726
-438
-215
-26
155
308
445
577
710
838
922
961
947
876
754
570
358
151
-18
-125
-188
-211
-221
-224
-218
-206
-180
-147
-99
-35
60
188
336
488
607
679
705
698
671
628
570
505
441
384
338
293
238
162
67
-39
-135
-199
-226
-219
-188
-147
-96
-39
15
61
90
104
101
94
91
98
110
118
103
62
-4
-81
-158
-227
-281
-313
-323
-313
-290
-264
-236
-216
-205
-193
-179
-153
-121
-87
-55
-31
-8
-6
-23
-60
-107
-150
-180
-192
-190
-179
-171
-167
-161
-158
-159
-162
-159
-144
-121
-86
-48
-8
27
51
66
65
67
86
126
175
209
225
224
222
211
182
136
103
120
187
282
371
460
543
578
531
409
299
235
172
11
-284
-636
-962
-1213
-1412
-1558
-1628
-1598
-1461
-1251
-974
-665
-359
-104
82
246
403
575
724
835
911
937
935
888
794
667
503
328
135
-33
-152
-224
-260
-297
-320
-315
-282
-221
-152
-62
43
157
280
408
542
653
719
738
721
694
655
595
506
402
300
212
136
68
1
-76
-160
-237
-277
-274
-244
-208
-164
-103
-28
40
86
112
133
152
158
144
117
91
63
27
-31
-103
-175
-228
-260
-288
-314
-335
-339
-323
-297
-268
-238
-200
-157
-107
-59
-20
4
24
40
51
49
31
3
-26
-42
-56
-72
-94
-122
-139
-147
-136
-129
-127
-126
-113
-78
-36
10
43
57
52
45
68
96
109
110
129
161
173
162
145
138
131
124
140
173
212
238
257
275
287
288
251
140
-80
-409
-784
-1130
-1393
-1556
-1644
-1662
-1601
-1422
-1130
-783
-466
-237
-64
101
294
492
670
830
955
1044
1069
1036
951
816
644
448
260
102
-17
-91
-138
-170
-198
-218
-226
-208
-154
-68
44
173
324
489
648
768
829
839
815
778
730
676
610
525
419
310
216
131
43
-52
-142
-208
-236
-231
-212
-187
-166
-148
-131
-111
-88
-58
-23
12
51
93
127
140
122
76
4
-87
-188
-274
-331
-357
-367
-372
-379
-386
-395
-407
-414
-408
-376
-320
-248
-168
-100
-46
-10
5
5
-10
-35
-59
-72
-80
-90
-107
-124
-134
-144
-154
-167
-177
-169
-142
-101
-54
-7
35
74
112
148
178
198
215
228
236
227
217
202
188
174
139
92
42
56
142
258
330
334
312
279
251
218
196
189
201
219
147
-113
-564
-1066
-1462
-1687
-1763
-1749
-1652
-1453
-1136
-750
-395
-156
-21
85
218
391
578
777
965
1113
1188
1173
1075
906
698
475
269
102
-22
-101
-142
-157
-167
-203
-254
-289
-282
-211
-92
69
239
413
582
728
826
853
819
752
681
625
575
513
421
314
210
105
-14
-143
-262
-342
-370
-344
-284
-215
-147
-87
-34
4
17
15
21
49
97
139
150
127
89
41
-28
-124
-235
-327
-384
-404
-406
-405
-401
-390
-370
-348
-330
-310
-278
-225
-150
-68
-2
32
41
39
29
15
-8
-33
-55
-79
-93
-106
-116
-133
-162
-193
-217
-222
-212
-194
-169
-134
-82
-18
41
87
124
164
213
253
253
218
188
173
183
190
174
138
104
92
98
108
107
125
186
255
302
344
420
506
560
548
470
335
59
-368
-859
-1290
-1583
-1756
-1824
-1815
-1703
-1495
-1224
-931
-679
-452
-238
-1
245
493
742
967
1151
1252
1276
1235
1126
974
783
590
412
249
108
-7
-94
-177
-260
-343
-398
-395
-338
-236
-99
61
237
412
563
678
754
792
797
780
752
718
663
578
468
362
262
162
64
-42
-147
-251
-332
-368
-363
-330
-302
-272
-233
-183
-116
-41
26
65
92
118
134
118
53
-31
-106
-159
-201
-243
-280
-305
-318
-322
-329
-335
-335
-325
-307
-276
-232
-185
-137
-86
-35
8
31
30
23
27
32
24
3
-29
-61
-89
-119
-162
-210
-249
-262
-244
-210
-178
-151
-132
-111
-74
-20
38
92
146
203
259
277
244
187
138
122
142
181
213
238
263
286
300
268
190
98
59
94
186
278
317
296
229
158
51
-157
-505
-944
-1329
-1566
-1638
-1606
-1515
-1391
-1247
-1056
-805
-531
-273
-59
145
375
618
851
1027
1129
1165
1146
1085
972
829
679
543
425
308
190
80
-20
-109
-199
-285
-347
-355
-288
-168
-13
149
293
415
509
588
641
669
680
688
683
641
559
462
366
261
144
40
-39
-104
-162
-218
-263
-297
-319
-317
-279
-213
-147
-88
-32
31
94
140
162
171
175
170
143
88
19
-47
-112
-171
-230
-281
-329
-370
-386
-379
-363
-349
-344
-322
-272
-211
-148
-92
-43
-1
26
43
55
56
42
12
-21
-49
-71
-99
-130
-152
-167
-183
-200
-210
-197
-170
-137
-94
-33
15
35
34
30
35
23
-12
-48
-55
-35
-9
7
15
21
45
62
74
73
50
33
27
51
78
28
-182
-550
-939
-1234
-1378
-1379
-1282
-1086
-845
-636
-488
-383
-262
-115
38
183
344
561
808
1027
1166
1195
1149
1036
883
734
599
490
393
319
277
256
227
153
31
-93
-181
-200
-163
-80
53
213
378
513
595
614
574
536
527
520
487
433
421
439
433
353
212
69
-63
-188
-313
-434
-506
-504
-431
-333
-243
-174
-129
-84
-25
42
104
143
183
234
270
265
208
127
36
-48
-117
-185
-246
-293
-318
-315
-302
-298
-312
-331
-325
-290
-236
-196
-160
-110
-59
-16
-4
-19
-41
-65
-71
-63
-56
-59
-79
-102
-135
-174
-218
-262
-288
-286
-250
-195
-129
-50
-2
-12
-69
-143
-187
-194
-185
-166
-132
-67
16
115
207
270
309
309
287
275
284
326
346
271
79
-193
-475
-726
-953
-1181
-1389
-1520
-1569
-1523
-1372
-1146
-883
-642
-425
-190
75
349
591
791
962
1117
1250
1323
1325
1265
1159
1036
888
725
568
415
268
128
18
-61
-130
-196
-251
-260
-208
-117
-10
94
211
355
510
635
689
687
685
707
731
723
679
612
538
457
358
228
71
-83
-193
-247
-273
-293
-313
-323
-307
-277
-259
-255
-250
-212
-124
-23
58
111
138
147
134
90
17
-76
-160
-212
-233
-251
-287
-332
-378
-409
-428
-454
-476
-475
-440
-369
-288
-222
-169
-130
-96
-67
-50
-50
-65
-79
-81
-80
-88
-119
-160
-200
-227
-235
-237
-230
-213
-182
-143
-114
-92
-68
-27
32
81
99
77
42
31
64
137
201
238
258
280
298
270
199
131
114
164
255
344
411
448
455
400
237
-40
-385
-733
-1044
-1295
-1480
-1602
-1630
-1555
-1401
-1208
-1013
-796
-542
-264
21
303
580
831
1033
1189
1297
1359
1355
1287
1178
1047
916
785
635
463
282
115
-33
-159
-256
-330
-368
-363
-319
-232
-111
41
209
360
485
585
660
713
744
764
764
745
704
629
518
377
230
92
-33
-136
-216
-272
-308
-339
-373
-416
-454
-471
-464
-433
-378
-303
-206
-100
13
112
173
187
162
115
59
-2
-70
-127
-177
-223
-267
-311
-360
-407
-442
-462
-457
-423
-373
-313
-243
-176
-114
-69
-36
-2
32
52
54
44
25
10
-7
-34
-68
-107
-144
-173
-192
-209
-224
-227
-213
-171
-118
-76
-36
9
60
117
161
166
115
51
30
96
234
342
350
274
192
153
126
91
81
122
209
312
408
440
338
108
-216
-551
-848
-1125
-1364
-1542
-1621
-1583
-1455
-1267
-1068
-865
-660
-454
-209
55
330
608
851
1073
1239
1333
1356
1315
1237
1121
991
855
719
597
462
323
172
6
-141
-267
-357
-395
-389
-328
-227
-84
85
252
401
506
580
645
690
710
699
684
681
668
629
548
437
310
175
56
-58
-167
-271
-363
-414
-425
-412
-411
-436
-455
-432
-361
-265
-174
-91
-9
86
172
223
225
174
96
18
-52
-118
-189
-257
-307
-340
-362
-395
-436
-474
-481
-452
-408
-356
-300
-235
-168
-110
-73
-59
-55
-40
-14
11
24
24
11
-19
-51
-86
-121
-154
-183
-194
-195
-194
-197
-188
-158
-109
-48
0
38
81
122
142
140
129
127
149
171
193
245
319
384
401
351
275
203
149
118
115
149
217
261
185
-37
-331
-615
-855
-1078
-1309
-1475
-1532
-1489
-1363
-1204
-1024
-831
-621
-378
-112
160
407
629
830
996
1137
1235
1264
1235
1162
1076
980
854
711
564
431
302
167
27
-109
-213
-276
-296
-271
-219
-144
-46
76
214
347
454
532
584
619
635
649
662
653
614
551
483
396
282
160
43
-54
-131
-201
-261
-311
-338
-352
-364
-379
-390
-369
-317
-244
-158
-87
-34
4
45
92
113
91
36
-22
-69
-121
-180
-246
-306
-348
-378
-402
-427
-445
-446
-429
-387
-337
-294
-263
-231
-188
-138
-95
-53
-16
16
33
27
7
-21
-43
-59
-76
-93
-108
-119
-136
-148
-150
-146
-141
-145
-140
-113
-63
-5
58
116
156
161
124
84
90
156
247
303
331
364
417
445
384
256
118
54
96
182
267
290
226
79
-144
-403
-677
-926
-1135
-1306
-1389
-1402
-1352
-1249
-1126
-985
-841
-667
-441
-180
96
359
618
853
1021
1141
1204
1212
1176
1094
1011
928
843
749
633
507
353
192
45
-92
-194
-270
-297
-256
-172
-62
49
148
245
332
418
476
519
568
606
630
621
601
579
525
435
320
208
104
4
-77
-141
-183
-211
-239
-269
-304
-342
-374
-376
-328
-252
-162
-77
-9
43
65
64
43
16
-18
-52
-77
-101
-121
-155
-224
-313
-401
-474
-520
-542
-542
-517
-472
-419
-362
-306
-264
-233
-200
-164
-122
-76
-32
13
50
64
48
17
-17
-51
-86
-131
-174
-189
-180
-156
-141
-145
-148
-137
-115
-82
-34
11
34
60
95
151
240
326
385
401
378
342
325
316
309
323
344
362
390
390
338
256
161
77
-7
-130
-303
-506
-743
-1012
-1257
-1426
-1512
-1513
-1448
-1297
-1063
-811
-576
-363
-141
98
335
548
727
887
1026
1127
1191
1195
1148
1070
959
830
689
545
409
280
159
50
-39
-118
-198
-259
-278
-247
-172
-72
53
190
322
438
526
570
580
572
569
555
536
522
499
451
364
262
163
49
-68
-170
-238
-275
-299
-308
-307
-291
-271
-266
-268
-264
-237
-194
-141
-82
-25
23
46
43
24
-17
-64
-106
-136
-157
-190
-235
-293
-345
-391
-433
-458
-467
-462
-432
-387
-326
-261
-202
-150
-99
-53
-21
7
40
69
98
109
107
102
76
27
-40
-107
-163
-197
-199
-177
-124
-75
-46
-19
-7
14
45
52
48
36
48
89
169
259
298
297
270
267
316
329
272
177
106
100
123
127
108
113
140
129
50
-135
-408
-694
-968
-1179
-1310
-1366
-1340
-1235
-1066
-870
-679
-514
-373
-215
-48
133
345
553
748
926
1054
1125
1125
1060
960
851
741
636
549
465
372
282
189
98
6
-94
-172
-212
-209
-152
-57
59
178
294
385
441
472
482
482
474
454
438
432
429
409
355
287
213
121
10
-95
-167
-207
-228
-238
-241
-238
-241
-253
-266
-274
-261
-227
-177
-105
-33
21
41
25
-2
-39
-77
-113
-141
-161
-181
-200
-231
-275
-320
-368
-399
-405
-404
-388
-360
-320
-272
-231
-198
-165
-133
-107
-76
-44
-18
5
27
42
50
46
20
-28
-79
-121
-140
-140
-133
-117
-111
-106
-86
-38
22
51
35
-9
-27
5
68
156
237
298
342
383
421
426
363
235
110
73
129
224
291
303
287
239
133
-54
-300
-557
-798
-994
-1136
-1222
-1233
-1191
-1109
-994
-856
-692
-525
-367
-195
4
231
457
661
828
950
1034
1052
1010
937
839
751
670
588
504
410
312
214
110
6
-85
-150
-183
-182
-142
-76
11
104
194
289
368
416
436
451
489
528
529
486
431
391
350
291
208
116
30
-43
-95
-134
-174
-224
-274
-299
-293
-276
-263
-267
-268
-257
-228
-187
-146
-96
-44
2
35
32
8
-34
-89
-136
-181
-218
-250
-269
-276
-289
-313
-353
-388
-395
-388
-355
-301
-240
-164
-88
-28
16
34
26
4
-9
-7
5
28
46
53
46
11
-39
-95
-139
-155
-147
-126
-108
-94
-75
-40
5
40
64
101
145
175
185
200
237
268
268
248
241
248
238
199
147
110
101
110
133
166
181
135
-15
-246
-499
-740
-955
-1145
-1279
-1308
-1250
-1137
-991
-831
-657
-481
-315
-149
32
230
423
607
773
909
1011
1054
1029
965
878
784
685
578
478
393
314
233
149
59
-28
-96
-137
-146
-118
-67
4
98
200
302
386
449
487
497
483
467
465
453
412
346
281
241
210
160
84
-1
-71
-124
-167
-204
-237
-266
-292
-304
-305
-303
-301
-298
-281
-231
-154
-75
-14
28
58
72
59
15
-44
-108
-165
-204
-232
-254
-275
-294
-311
-322
-338
-351
-351
-329
-280
-214
-149
-99
-59
-25
1
20
25
21
21
26
34
39
29
0
-35
-68
-99
-126
-145
-150
-143
-122
-95
-62
-40
-32
-15
21
66
108
136
158
188
230
266
290
297
278
245
201
159
130
120
128
136
131
93
-2
-166
-399
-660
-902
-1108
-1255
-1331
-1332
-1259
-1128
-958
-760
-554
-351
-156
25
199
375
556
727
867
976
1043
1064
1033
959
863
752
635
518
411
320
236
156
72
-6
-71
-113
-128
-115
-73
1
96
203
312
411
493
550
581
596
593
570
524
465
402
324
223
118
44
10
-24
-75
-125
-155
-172
-190
-208
-224
-235
-233
-212
-176
-128
-90
-73
-76
-84
-87
-87
-103
-139
-183
-219
-244
-257
-266
-277
-294
-322
-348
-363
-370
-369
-357
-335
-302
-255
-205
-156
-117
-92
-71
-53
-35
-12
11
30
46
58
59
48
31
8
-17
-41
-66
-88
-100
-96
-72
-44
-27
-10
15
45
80
115
147
179
212
240
265
277
285
297
307
297
266
218
161
106
58
27
18
26
35
7
-91
-273
-505
-744
-975
-1179
-1327
-1396
-1363
-1244
-1064
-849
-632
-427
-245
-84
66
220
389
554
709
845
950
1013
1015
963
871
755
621
483
360
262
190
135
82
31
-20
-68
-102
-107
-82
-23
58
154
265
379
481
562
614
641
650
638
601
548
488
425
356
277
183
73
-40
-137
-207
-260
-305
-327
-316
-273
-215
-161
-112
-69
-33
-3
24
46
62
78
86
81
61
17
-49
-132
-224
-307
-369
-411
-433
-438
-434
-423
-408
-397
-384
-367
-343
-299
-240
-179
-119
-68
-31
-11
-4
-14
-29
-39
-43
-37
-28
-21
-17
-17
-28
-50
-80
-114
-139
-149
-150
-136
-107
-63
-8
48
95
131
164
207
262
322
363
383
386
368
323
269
220
185
148
88
16
-45
-78
-94
-121
-181
-297
-471
-684
-909
-1111
-1257
-1321
-1289
-1185
-1026
-828
-606
-372
-168
-4
136
267
400
524
644
762
864
930
949
916
840
725
593
464
351
260
185
126
81
39
4
-18
-30
-24
-4
34
91
166
263
373
476
548
588
615
630
622
587
528
456
376
285
178
53
-63
-140
-170
-175
-173
-168
-154
-129
-114
-110
-107
-100
-81
-54
-22
6
27
37
37
29
11
-23
-71
-126
-177
-220
-262
-294
-318
-330
-336
-349
-362
-370
-378
-393
-412
-406
-369
-307
-232
-160
-92
-31
16
45
52
42
27
6
-16
-35
-49
-55
-61
-72
-87
-107
-121
-123
-110
-88
-64
-32
10
56
94
117
124
131
141
160
195
242
289
329
354
361
339
292
224
149
80
27
-16
-46
-52
-27
2
-23
-142
-352
-618
-888
-1116
-1264
-1312
-1277
-1176
-1025
-826
-596
-370
-187
-59
40
149
285
430
568
688
792
872
906
883
807
691
556
417
295
204
149
121
99
76
53
29
4
-14
-11
20
77
152
246
352
455
538
586
596
579
547
506
462
416
368
306
214
94
-19
-87
-118
-132
-140
-129
-93
-54
-37
-44
-54
-59
-54
-41
-19
7
28
40
46
39
16
-27
-86
-148
-202
-250
-293
-324
-337
-338
-344
-360
-381
-391
-386
-372
-352
-326
-286
-235
-171
-107
-52
-21
-13
-20
-39
-65
-91
-108
-106
-94
-75
-58
-51
-52
-66
-84
-101
-113
-119
-113
-84
-33
26
77
111
135
153
176
206
235
266
290
307
315
320
321
301
244
150
49
-32
-81
-96
-84
-44
-4
17
-16
-130
-338
-606
-866
-1056
-1150
-1158
-1089
-955
-777
-581
-394
-239
-122
-31
58
153
260
370
492
611
695
732
723
674
589
480
375
290
228
182
155
151
164
165
148
117
93
90
104
132
175
237
315
388
448
484
497
487
454
410
345
250
138
49
27
56
89
97
91
88
81
57
25
-6
-32
-47
-47
-30
-12
-7
-11
-26
-45
-68
-90
-102
-106
-107
-122
-156
-201
-233
-254
-272
-295
-314
-319
-314
-294
-270
-246
-229
-217
-192
-163
-138
-128
-122
-110
-96
-79
-64
-46
-22
-5
6
6
6
-1
-19
-49
-84
-106
-114
-103
-80
-57
-46
-43
-36
-18
8
31
59
98
147
184
193
176
149
123
96
70
57
62
62
41
-1
-35
-49
-59
-63
-52
-19
18
5
-91
-285
-529
-760
-922
-1000
-1001
-934
-810
-645
-468
-300
-162
-59
9
56
109
187
292
404
506
589
640
641
592
515
437
360
295
247
221
219
232
247
250
243
226
208
189
174
170
185
216
262
318
369
383
351
301
264
247
228
207
201
218
248
270
265
239
188
126
64
6
-34
-61
-69
-67
-67
-75
-94
-118
-134
-142
-149
-157
-154
-130
-89
-45
-16
-10
-22
-54
-100
-152
-199
-236
-259
-271
-267
-247
-224
-209
-201
-204
-209
-207
-195
-174
-143
-106
-72
-39
-19
-11
-22
-51
-87
-123
-148
-164
-165
-149
-121
-82
-49
-26
-11
-1
9
6
-10
-33
-43
-27
10
58
95
106
89
51
15
-29
-74
-126
-157
-146
-115
-75
-63
-53
-44
-50
-62
-86
-95
-130
-212
-342
-488
-591
-649
-653
-631
-578
-487
-373
-239
-122
-13
72
129
171
211
272
346
422
484
511
516
500
473
433
387
347
310
281
264
270
284
288
279
256
246
238
236
233
220
216
221
239
264
288
309
323
329
326
307
281
249
219
196
170
134
93
56
33
14
-4
-11
-11
-1
9
12
4
-17
-33
-44
-50
-59
-68
-73
-73
-69
-79
-98
-119
-135
-144
-149
-161
-181
-198
-208
-210
-209
-210
-212
-214
-211
-206
-200
-196
-191
-179
-160
-139
-124
-119
-123
-132
-143
-151
-155
-155
-151
-144
-135
-141
-158
-171
-179
-170
-151
-128
-100
-87
-93
-116
-129
-121
-101
-73
-54
-46
-52
-63
-75
-82
-89
-94
-95
-91
-78
-60
-44
-47
-61
-76
-88
-84
-78
-68
-67
-91
-151
-238
-313
-350
-351
-341
-323
-277
-204
-119
-37
47
126
184
221
247
279
313
345
374
390
400
409
417
415
409
405
386
354
329
321
326
326
311
290
278
274
269
263
263
261
259
254
249
252
256
263
269
277
284
279
259
228
198
164
127
94
81
85
88
79
60
38
11
-16
-42
-66
-91
-108
-113
-112
-108
-104
-106
-115
-129
-148
-165
-182
-196
-205
-213
-224
-237
-244
-245
-245
-245
-246
-249
-249
-247
-241
-237
-244
-252
-253
-244
-230
-216
-209
-206
-207
-208
-212
-220
-230
-242
-251
-250
-243
-229
-216
-195
-171
-155
-145
-145
-135
-127
-109
-88
-67
-42
-38
-42
-49
-48
-40
-41
-31
-3
35
67
76
75
57
32
10
-8
-16
-21
-15
-11
0
11
21
31
29
24
4
-22
-48
-71
-71
-56
-29
1
36
83
128
168
198
216
227
225
222
224
230
244
262
282
301
319
322
308
284
264
257
264
281
296
306
303
284
261
235
216
210
209
218
227
237
248
258
264
260
246
223
196
172
158
143
122
97
73
53
34
24
16
5
-17
-42
-66
-86
-107
-119
-128
-135
-147
-158
-161
-165
-171
-181
-194
-205
-211
-214
-213
-215
-217
-218
-225
-231
-235
-235
-240
-248
-251
-253
-249
-246
-242
-242
-254
-265
-274
-286
-300
-319
-327
-320
-303
-277
-257
-234
-209
-172
-131
-110
-104
-104
-105
-109
-124
-128
-125
-114
-101
-89
-70
-52
-25
1
23
31
23
16
9
17
26
32
39
37
48
55
72
91
108
127
122
113
100
93
100
113
138
159
176
195
210
222
221
216
207
194
188
185
186
181
184
191
204
220
230
235
232
219
201
178
159
139
132
132
132
135
142
153
161
161
150
133
118
105
107
106
105
99
90
84
76
76
80
85
91
93
87
77
66
57
45
32
21
7
-9
-28
-45
-59
-69
-73
-70
-63
-61
-64
-77
-93
-116
-142
-155
-167
-173
-179
-178
-172
-163
-154
-145
-134
-129
-133
-141
-147
-151
-147
-144
-149
-159
-171
-185
-200
-216
-230
-239
-237
-226
-209
-196
-194
-199
-205
-200
-190
-177
-159
-133
-108
-91
-86
-84
-81
-78
-72
-66
-54
-34
-13
2
11
19
13
-2
-22
-36
-38
-29
-14
7
32
58
81
101
117
130
136
122
94
64
43
27
28
47
82
127
155
175
180
181
174
153
142
131
137
146
158
172
181
190
202
212
221
226
224
216
199
182
159
136
120
111
111
107
102
93
87
81
80
76
68
58
42
32
17
3
-7
-21
-29
-40
-41
-38
-30
-19
-14
-12
-18
-25
-35
-46
-56
-64
-69
-73
-70
-68
-63
-59
-57
-59
-64
-67
-71
-72
-73
-76
-78
-80
-78
-75
-77
-78
-83
-89
-94
-98
-101
-102
-100
-99
-98
-107
-115
-119
-119
-113
-108
-100
-93
-91
-84
-78
-73
-67
-61
-50
-39
-28
-20
-15
-10
-12
-15
-17
-16
-17
-16
-15
-14
-8
-3
2
6
7
8
9
13
19
24
28
26
25
23
21
24
20
20
23
28
38
49
67
87
104
110
101
87
69
46
17
-25
-53
-61
-48
-19
9
35
52
61
63
62
60
52
35
12
-9
-20
-20
-15
-4
9
22
37
54
72
81
79
64
46
22
6
-7
-10
-7
0
12
17
26
33
32
23
4
-8
-13
-7
10
28
40
43
42
42
33
25
19
11
13
15
26
39
48
50
31
4
-22
-35
-36
-36
-33
-25
-12
6
20
29
31
24
12
-7
-24
-34
-41
-41
-41
-34
-20
0
19
28
33
27
16
0
-20
-36
-53
-67
-71
-70
-58
-44
-25
-10
-3
0
-4
-10
-15
-17
-20
-25
-31
-38
-47
-56
-70
-79
-81
-73
-53
-30
-5
16
25
26
19
5
-11
-24
-35
-43
-49
-56
-59
-55
-51
-49
-50
-48
-41
-30
-21
-12
-4
1
3
7
8
10
11
9
12
13
13
10
6
0
-6
-3
0
12
25
33
37
34
30
24
22
25
27
33
37
43
50
52
55
54
50
46
41
39
34
33
36
36
38
38
40
43
45
43
35
23
9
-1
-4
-1
6
13
17
22
26
25
23
22
25
30
36
38
32
22
5
-8
-15
-14
-5
6
19
25
26
19
5
-7
-20
-27
-32
-32
-28
-17
-7
3
6
6
6
6
6
8
9
7
-3
-13
-22
-24
-18
-14
-14
-16
-27
-39
-50
-55
-52
-44
-30
-18
-9
-3
-6
-11
-17
-25
-32
-37
-40
-40
-33
-25
-13
-1
7
10
10
5
-4
-14
-21
-27
-31
-34
-33
-30
-29
-31
-34
-40
-42
-43
-41
-36
-28
-19
-16
-17
-20
-16
-4
9
18
23
20
11
0
-10
-12
-7
5
18
30
37
31
24
15
10
5
-2
-8
-11
-8
0
17
33
49
58
58
53
48
42
34
24
17
13
12
14
15
22
31
38
42
40
33
21
9
-2
-8
-11
-9
-5
-2
-3
-2
3
10
20
31
40
45
40
34
31
30
31
31
25
13
-4
-18
-30
-33
-27
-20
-12
-5
4
15
20
18
11
-1
-12
-20
-26
-28
-26
-19
-12
-4
2
5
4
-2
-8
-15
-19
-21
-21
-18
-16
-15
-14
-14
-13
-12
-14
-18
-27
-33
-33
-30
-25
-21
-20
-20
-21
-21
-19
-18
-15
-16
-18
-21
-21
-18
-10
-1
6
7
1
-6
-11
-14
-19
-22
-23
-19
-13
-5
3
11
16
18
22
21
22
17
8
4
3
7
12
16
17
22
26
27
30
29
25
18
10
-3
-16
-20
-20
-16
-9
-5
0
5
12
20
28
32
31
24
18
11
6
3
-1
-6
-7
-5
0
7
14
21
28
29
26
19
13
10
6
1
-10
-21
-23
-18
-11
-3
5
11
16
20
21
21
19
12
6
2
0
-1
-1
-5
-10
-14
-16
-13
-10
-7
-4
-5
-6
-8
-14
-16
-16
-13
-10
-7
-7
-9
-11
-11
-11
-7
-2
2
4
1
-4
-7
-8
-6
-2
3
5
3
1
-1
1
2
3
1
-4
-9
-12
-14
-13
-10
-10
-14
-17
-19
-15
-7
1
5
4
-1
-7
-12
-17
-19
-20
-21
-20
-16
-14
-13
-16
-18
-17
-16
-14
-12
-9
-4
1
3
3
4
2
-1
-3
-3
0
7
13
19
23
24
22
20
18
14
12
9
6
4
5
6
11
18
24
32
40
49
52
50
47
41
36
31
25
22
20
19
16
11
3
-3
-6
-4
0
2
3
1
0
-2
-3
-7
-10
-15
-21
-25
-26
-27
-26
-23
-20
-15
-13
-13
-13
-12
-10
-10
-12
-15
-15
-14
-13
-12
-11
-8
-3
2
5
6
6
5
5
3
2
3
6
7
9
6
3
0
-5
-5
-2
1
5
7
6
6
4
2
-3
-7
-6
-6
-6
-8
-11
-13
-15
-15
-17
-15
-11
-5
0
2
1
-2
-6
-9
-12
-13
-18
-20
-20
-17
-11
-7
-5
-7
-9
-14
-19
-24
-23
-21
-17
-13
-13
-9
-5
-3
-1
-1
-3
-5
-2
3
7
11
13
14
15
15
14
14
13
13
14
16
18
22
25
26
29
32
34
34
32
28
23
19
16
16
18
22
27
33
34
35
33
30
28
24
20
19
16
11
6
3
-1
-1
0
2
4
7
8
8
6
2
0
-1
-3
-6
-7
-6
-2
-2
-4
-8
-12
-14
-15
-16
-17
-18
-20
-21
-26
-30
-32
-35
-37
-38
-37
-37
-36
-31
-24
-16
-12
-10
-16
-23
-31
-38
-43
-44
-44
-40
-33
-25
-20
-13
-9
-4
-2
-4
-5
-9
-12
-12
-11
-9
-9
-9
-7
-3
1
8
15
19
19
19
16
12
10
11
11
12
16
19
19
18
16
15
13
12
13
16
16
19
19
20
23
24
24
20
14
11
10
12
18
27
34
40
42
42
37
32
22
15
7
2
2
2
4
3
3
2
0
-1
-2
-4
-6
-7
-8
-7
-6
-4
0
1
-1
-2
-2
-1
0
2
1
0
-2
-4
-7
-8
-8
-9
-10
-14
-19
-22
-26
-27
-29
-30
-30
-28
-24
-19
-13
-10
-10
-11
-14
-15
-13
-10
-3
4
7
9
10
11
11
8
4
-1
-4
-8
-8
-7
-4
-3
-2
0
4
8
13
14
13
11
5
0
-3
-5
-7
-6
-7
-2
1
5
7
7
6
1
-3
-6
-9
-11
-9
-6
-3
-2
-2
-3
-3
-2
1
5
7
9
6
3
-1
-4
-6
-8
-9
-9
-8
-5
-1
4
11
14
15
13
10
4
1
-3
-6
-7
-10
-12
-10
-7
1
8
16
20
24
24
20
17
11
7
1
-3
-7
-6
-4
0
4
7
6
5
1
-1
-3
-6
-9
-10
-11
-9
-7
-5
-3
-2
0
2
6
10
12
13
12
14
14
10
7
1
-5
-8
-9
-6
-5
-1
1
3
3
2
2
3
3
3
2
-3
-7
-10
-10
-7
-3
0
4
6
7
6
5
3
2
1
0
-2
-2
0
2
4
3
2
-1
-2
-2
-1
1
3
3
1
-1
-3
-4
-2
-1
1
2
-1
-5
-8
-7
-4
1
1
0
-2
-6
-9
-12
-13
-15
-13
-9
-5
-1
2
4
5
6
6
6
5
3
0
-3
-6
-7
-8
-10
-12
-11
-10
-7
-5
-1
2
3
5
3
-1
-5
-8
-10
-10
-8
-4
-1
1
2
3
3
4
3
3
3
4
5
4
1
-1
-5
-7
-9
-10
-5
-1
7
12
15
16
11
6
2
-1
-1
0
0
3
6
6
7
6
4
6
8
11
12
14
14
12
12
10
9
7
6
5
4
1
0
-1
-3
-1
1
5
7
10
12
14
15
16
16
16
13
7
1
-2
-5
-4
-1
0
-1
-4
-7
-9
-12
-12
-11
-11
-10
-12
-12
-12
-14
-11
-8
-4
-3
-1
1
3
5
6
5
2
1
-5
-8
-10
-12
-12
-16
-19
-20
-21
-20
-20
-21
-19
-16
-11
-8
-8
-8
-9
-9
-7
-6
-4
0
3
3
4
3
0
-2
-3
-5
-4
-1
2
3
5
6
5
2
0
-2
-5
-7
-10
-11
-7
-2
3
7
10
11
12
15
21
25
26
25
24
22
21
19
17
15
13
12
10
11
11
12
11
8
3
0
-2
-5
-5
-4
-3
0
0
2
3
2
3
3
6
7
9
9
10
8
8
5
1
-4
-7
-8
-9
-10
-12
-13
-14
-15
-16
-14
-12
-9
-5
-1
1
0
-1
-3
-5
-5
-3
-2
0
5
7
7
7
4
0
-2
-3
-3
-5
-5
-5
-5
-7
-9
-11
-15
-17
-19
-20
-18
-13
-8
-6
-4
-4
-4
-4
-3
-5
-4
-4
-4
-2
-3
-4
-3
-2
1
5
5
4
2
0
0
0
0
1
0
-2
-2
-2
-1
1
2
4
3
6
8
7
8
8
7
6
8
9
10
11
10
10
10
12
12
13
11
9
7
7
9
11
13
13
11
11
9
8
6
3
1
-1
0
2
4
6
6
7
6
7
6
6
5
4
4
4
4
3
3
3
0
-1
-2
-3
-2
-3
-2
-4
-5
-7
-9
-9
-10
-10
-11
-13
-13
-12
-11
-10
-12
-13
-15
-18
-19
-22
-22
-22
-22
-19
-18
-16
-11
-9
-6
-5
-7
-8
-8
-7
-5
-2
-1
-3
-5
-9
-10
-6
-2
2
6
7
8
10
11
10
10
8
5
2
1
3
6
9
11
13
18
20
20
19
16
11
10
10
13
14
14
13
10
8
8
9
10
10
9
9
9
8
8
8
6
3
1
-1
-3
-3
-5
-6
-6
-6
-6
-6
-7
-9
-11
-13
-15
-15
-14
-13
-11
-10
-8
-7
-5
-4
-5
-7
-8
-8
-6
-3
1
3
5
6
6
5
4
2
0
-3
-6
-7
-6
-3
0
2
2
1
0
-1
0
2
4
7
8
9
10
10
9
5
2
1
-1
2
3
3
3
3
4
1
-2
-6
-8
-10
-11
-11
-10
-10
-11
-10
-7
-2
1
6
8
9
6
4
2
0
1
2
2
2
1
0
0
1
2
1
-2
-6
-7
-6
-3
0
2
1
-2
-6
-7
-8
-6
-5
-2
1
3
4
5
6
4
5
6
4
4
3
2
3
4
5
3
0
0
2
5
8
10
8
7
4
3
2
3
3
4
4
5
5
7
7
6
6
2
-1
-2
-4
-6
-6
-7
-9
-9
-8
-8
-7
-3
0
2
0
-2
-5
-8
-8
-8
-5
-4
-5
-5
-6
-4
-1
2
3
5
5
5
4
4
5
2
0
-5
-9
-11
-12
-10
-8
-8
-10
-12
-11
-11
-11
-11
-11
-10
-7
-4
-2
0
3
5
5
6
6
7
6
6
5
5
2
0
-1
1
3
5
8
10
9
7
7
7
7
9
10
11
11
10
11
12
11
12
11
9
9
9
9
10
9
8
6
4
1
1
1
1
1
4
4
3
1
-1
1
3
3
