4
4
5
5
4
6
7
7
7
7
7
6
4
4
4
2
0
-2
-3
-2
-2
1
2
4
3
3
2
0
2
4
5
6
6
6
4
4
5
4
5
4
2
2
4
3
3
2
1
1
2
5
5
5
1
-3
-4
-2
3
4
-2
-8
-12
-10
-6
0
2
-2
-8
-12
-9
-2
7
12
9
3
-2
-2
0
2
2
-1
-6
-8
-8
-8
-8
-9
-10
-11
-9
-8
-6
-4
-3
-3
-2
-1
1
2
1
1
-1
-1
-2
-3
-2
-1
-1
-1
-1
-1
-2
-3
-4
-3
-2
-1
1
2
5
6
5
4
3
3
4
4
5
3
5
7
8
9
10
8
4
4
2
2
5
6
7
6
6
4
2
1
2
2
3
3
2
2
1
0
0
-2
-3
-2
-1
1
1
1
-2
-4
-3
-1
0
0
-1
-4
-7
-7
-6
-4
-3
-4
-6
-6
-6
-7
-5
-5
-4
-4
-4
-2
-1
2
3
3
4
3
2
2
0
-1
0
0
1
0
-2
-2
-2
-1
-2
-1
-3
-4
-4
-6
-6
-5
-3
-2
0
1
4
8
7
4
2
1
1
3
5
5
4
2
1
1
2
4
5
4
1
3
4
4
2
0
0
2
2
2
0
-1
0
1
2
1
-1
-4
-7
-6
-4
-2
-1
-4
-6
-5
-1
2
3
3
2
1
2
3
5
6
3
0
-2
-2
0
3
2
0
-2
-3
-3
-2
-1
0
0
-3
-5
-4
-3
-1
-1
0
-2
-2
-2
-2
-2
-3
-4
-4
-2
2
4
5
3
2
2
5
6
4
2
2
1
1
1
0
0
-1
-1
-1
-3
-5
-6
-6
-5
-5
-3
0
2
4
4
4
3
2
3
3
2
4
4
4
0
-3
-2
1
1
0
0
0
-2
-3
-3
-4
-5
-8
-7
-4
0
0
-1
-2
-1
2
5
7
6
4
1
1
2
5
5
2
0
-2
-1
1
2
0
-3
-6
-6
-2
0
3
2
1
0
-1
0
1
2
1
1
0
-1
0
0
1
0
-1
-4
-3
-1
4
5
3
1
3
3
2
1
-1
-3
-4
-3
-2
-2
-3
-3
-1
-1
-3
-3
-3
0
1
1
-3
-3
-1
1
4
3
0
-3
-2
1
3
2
1
1
2
3
2
2
0
-1
0
-1
-2
-3
-2
-1
0
-2
-5
-6
-4
1
3
3
-1
-3
-2
0
2
3
2
-1
-2
2
4
5
3
3
4
4
4
2
2
1
-1
0
2
4
2
-1
0
-1
-1
-4
-6
-5
-4
-2
-3
-1
0
0
0
-1
-3
-3
-1
2
3
3
-1
-1
2
5
6
2
-1
-1
-1
-3
-4
-1
1
-1
-2
-3
1
1
-1
-3
-3
0
1
2
1
-1
-1
0
2
0
-4
-4
-1
5
7
3
-2
-2
-2
2
5
5
-1
-5
-3
2
5
1
-4
-5
-4
0
2
-3
-6
-7
-1
3
3
2
0
2
6
7
6
1
-1
2
5
7
6
2
-3
-4
0
4
3
-4
-6
-4
0
2
-2
-5
-4
-1
2
-1
-3
-4
-3
-1
-1
0
-1
-1
0
1
3
2
1
2
2
6
4
2
-2
-2
-1
-2
-3
-4
-4
0
1
-1
-2
-1
-1
0
2
0
-5
-6
-1
5
4
-2
-6
0
8
9
6
-1
-1
2
4
9
8
0
-4
-4
0
1
-3
-4
-2
-3
-7
-12
-10
-3
1
-2
-7
-9
-5
-1
4
4
1
-3
-2
6
10
7
0
-5
-2
4
6
6
0
-6
-6
-1
6
7
1
-7
-5
0
4
1
-3
-5
-4
-1
0
1
3
4
4
2
-1
-1
4
8
8
3
-2
-2
4
9
8
5
0
0
5
10
9
1
-3
1
4
8
6
6
4
4
7
7
7
6
2
1
2
9
9
2
-3
-5
1
3
-1
-5
-8
-5
-7
-10
-14
-15
-12
-11
-12
-14
-17
-15
-14
-11
-14
-20
-20
-17
-10
-11
-15
-16
-12
-6
-7
-8
-8
-8
-5
-3
0
1
-4
-7
-6
2
4
1
-2
-6
-2
3
5
5
1
0
0
6
10
8
5
2
5
10
13
17
14
13
13
14
18
18
18
18
18
23
26
28
30
29
29
32
33
34
33
31
31
31
31
32
30
28
24
17
16
16
12
6
2
0
-8
-14
-12
-9
-12
-25
-33
-41
-43
-41
-42
-49
-60
-68
-69
-66
-66
-74
-86
-94
-92
-87
-91
-95
-99
-97
-93
-87
-79
-77
-75
-71
-65
-56
-47
-40
-38
-31
-20
-9
-1
3
11
18
24
29
29
32
37
38
42
44
46
48
50
56
59
60
60
66
71
72
75
79
84
90
94
97
100
105
112
117
123
129
134
136
140
143
143
143
148
149
149
149
148
148
148
143
132
123
121
121
111
90
70
58
51
46
39
25
3
-24
-40
-42
-41
-56
-89
-117
-128
-129
-137
-157
-173
-191
-209
-216
-218
-218
-242
-266
-280
-281
-273
-282
-296
-305
-301
-289
-292
-288
-277
-267
-261
-251
-225
-204
-190
-178
-161
-129
-103
-88
-73
-50
-18
7
23
34
52
77
95
106
114
123
136
146
153
155
157
162
166
174
179
180
176
174
181
187
193
198
200
207
220
230
240
245
254
258
258
261
263
262
256
249
243
241
234
221
210
200
186
164
140
125
122
115
95
72
57
49
45
32
18
6
-1
-7
-21
-32
-37
-32
-37
-55
-75
-89
-89
-96
-104
-119
-138
-154
-183
-195
-200
-200
-207
-227
-238
-255
-265
-257
-240
-232
-253
-283
-284
-259
-228
-225
-253
-276
-278
-258
-244
-255
-272
-289
-297
-298
-293
-293
-296
-295
-292
-290
-285
-274
-261
-234
-207
-190
-181
-165
-129
-86
-46
-16
11
39
75
110
149
183
213
235
247
271
304
334
355
358
358
364
369
381
386
383
374
356
348
345
348
351
337
324
312
306
311
311
319
316
312
311
314
325
334
335
332
330
338
342
335
331
323
317
310
296
277
251
230
208
183
163
136
100
52
20
5
-7
-38
-83
-122
-146
-163
-178
-209
-228
-249
-271
-297
-345
-369
-404
-434
-467
-541
-620
-704
-763
-784
-837
-904
-993
-1055
-1059
-1059
-1050
-1067
-1087
-1071
-1026
-948
-877
-817
-746
-661
-557
-442
-325
-213
-103
12
125
233
332
432
520
589
649
693
729
753
763
766
743
712
671
614
560
500
470
437
354
252
163
158
205
194
121
29
25
103
172
209
204
202
242
308
405
484
531
562
584
628
673
718
757
763
745
703
669
671
664
609
517
430
390
345
266
179
89
35
-27
-104
-164
-215
-229
-260
-302
-324
-343
-318
-311
-324
-333
-344
-289
-249
-244
-254
-257
-189
-135
-153
-202
-230
-147
-70
-103
-206
-311
-283
-198
-156
-221
-377
-475
-478
-416
-408
-485
-584
-707
-808
-868
-848
-801
-845
-976
-1128
-1183
-1124
-1026
-959
-990
-1047
-1057
-971
-804
-661
-562
-524
-476
-362
-212
-21
142
259
344
398
498
622
749
853
883
889
888
908
946
935
908
880
867
827
717
628
589
585
564
475
377
294
269
298
318
308
259
221
245
306
378
417
423
440
463
511
584
640
688
678
645
633
642
710
718
644
532
425
424
421
394
325
180
77
0
-14
-8
-57
-123
-226
-286
-273
-260
-249
-271
-292
-290
-297
-246
-181
-149
-149
-165
-109
-36
-11
32
55
54
9
-50
20
56
-6
-148
-277
-262
-295
-445
-693
-954
-1075
-1128
-1185
-1332
-1632
-1906
-2034
-1994
-1922
-1984
-2102
-2175
-2158
-2024
-1846
-1671
-1543
-1440
-1268
-1021
-745
-458
-186
61
282
477
702
957
1193
1382
1495
1594
1687
1752
1815
1846
1837
1778
1672
1587
1505
1390
1239
1043
868
707
544
427
295
143
-27
-187
-228
-241
-266
-314
-373
-328
-253
-153
-33
53
154
226
340
513
658
785
860
940
1029
1082
1149
1177
1177
1151
1092
1069
1024
945
829
696
593
470
326
147
-19
-147
-268
-385
-502
-606
-696
-764
-804
-818
-818
-809
-808
-797
-757
-708
-647
-598
-533
-429
-360
-279
-230
-170
-97
-79
-5
52
83
66
-26
-19
30
79
69
-86
-179
-250
-218
-109
-65
-208
-774
-1454
-1674
-1162
-539
-699
-1679
-2591
-2640
-1985
-1361
-1338
-1829
-2301
-2349
-1958
-1452
-1125
-1007
-1035
-1042
-887
-530
-31
418
663
703
685
822
1170
1606
1951
2032
1906
1775
1824
2065
2260
2267
2096
1843
1660
1542
1493
1414
1187
890
591
414
319
154
-41
-245
-366
-416
-502
-550
-606
-582
-490
-428
-344
-279
-152
31
205
394
525
605
674
771
962
1119
1177
1136
1083
1119
1170
1163
1056
916
792
664
537
402
270
113
-77
-236
-386
-491
-607
-715
-778
-837
-864
-900
-892
-863
-843
-785
-732
-702
-690
-596
-377
-215
-228
-314
-271
-60
161
222
183
121
92
126
158
222
251
106
-54
-199
-118
-19
-385
-1070
-1719
-1556
-901
-785
-1548
-2696
-3040
-2511
-1908
-1770
-2233
-2677
-2773
-2491
-1981
-1623
-1425
-1366
-1310
-1105
-786
-304
202
570
753
800
934
1260
1714
2125
2332
2310
2175
2159
2337
2585
2673
2524
2275
2031
1905
1875
1816
1652
1316
919
568
223
101
168
266
-1
-694
-1127
-1043
-589
-327
-496
-779
-1008
-878
-457
-42
186
83
1
133
452
812
996
1098
1146
1110
1063
1102
1307
1473
1415
1207
986
852
799
778
710
494
174
-114
-260
-297
-369
-552
-784
-963
-1046
-1070
-1063
-1015
-1010
-1045
-1088
-1041
-905
-722
-564
-503
-492
-455
-331
-139
51
156
142
77
121
294
446
425
239
62
84
247
380
314
26
-151
-188
-347
-957
-1752
-1762
-1085
-698
-1450
-2855
-3443
-2950
-2051
-1702
-2201
-2886
-3190
-2794
-2067
-1578
-1403
-1451
-1425
-1209
-829
-269
302
728
904
910
1043
1421
1930
2351
2539
2494
2346
2321
2535
2829
2927
2766
2452
2147
1992
1960
1966
1823
1459
1028
638
418
233
63
-39
-143
-399
-894
-1234
-1111
-741
-560
-743
-1018
-1060
-806
-383
-16
121
102
75
222
558
900
1129
1150
1095
1052
1042
1163
1369
1465
1303
961
728
722
772
738
528
213
-79
-292
-349
-400
-532
-727
-946
-1062
-1106
-1105
-1064
-1033
-994
-1003
-1016
-942
-799
-581
-437
-369
-369
-335
-181
-14
137
169
199
221
252
358
413
404
300
243
361
433
424
243
93
24
-329
-983
-1646
-1563
-934
-790
-1638
-2901
-3376
-2890
-2155
-1910
-2367
-2988
-3230
-2870
-2211
-1746
-1550
-1521
-1460
-1261
-889
-317
294
747
904
891
1007
1366
1894
2371
2609
2572
2395
2354
2562
2860
2980
2831
2540
2256
2084
2052
2050
1919
1574
1138
796
583
441
209
-151
-476
-621
-634
-778
-1065
-1230
-1200
-1057
-958
-915
-864
-829
-683
-399
-89
110
143
216
413
701
940
1024
1060
1121
1217
1293
1336
1345
1288
1170
1052
961
867
714
544
372
194
26
-138
-286
-427
-554
-687
-794
-853
-879
-902
-932
-912
-867
-805
-742
-685
-621
-563
-510
-441
-341
-194
-36
69
124
112
95
159
275
375
350
244
199
183
269
387
111
-754
-1873
-2077
-1124
-293
-798
-2560
-3870
-3705
-2561
-1636
-1876
-2851
-3629
-3583
-2782
-1985
-1563
-1540
-1658
-1625
-1391
-868
-138
525
848
805
717
924
1484
2172
2685
2785
2543
2297
2385
2821
3229
3294
3007
2563
2252
2221
2362
2405
2127
1627
1134
872
795
750
412
-196
-644
-594
-297
-547
-1160
-1527
-1264
-793
-743
-903
-1096
-1014
-705
-364
-33
-5
-28
39
295
730
923
934
919
1049
1238
1232
1242
1316
1353
1250
1031
898
823
755
661
501
314
92
-92
-201
-246
-294
-471
-683
-836
-891
-843
-784
-736
-808
-920
-921
-836
-721
-664
-584
-459
-391
-383
-327
-107
152
191
-27
-188
-45
312
588
566
370
85
3
67
-146
-851
-1730
-1783
-1079
-721
-1521
-3033
-3803
-3399
-2460
-1958
-2397
-3226
-3739
-3472
-2678
-2026
-1776
-1858
-1918
-1744
-1343
-738
-104
424
673
701
816
1200
1802
2377
2728
2779
2625
2576
2817
3243
3521
3459
3147
2777
2574
2585
2649
2548
2164
1668
1267
1069
971
685
218
-183
-282
-236
-401
-829
-1267
-1372
-1151
-920
-971
-1222
-1351
-1148
-738
-430
-343
-385
-335
-70
321
645
795
842
932
1083
1256
1377
1412
1421
1385
1308
1198
1099
1052
987
857
663
456
284
139
41
-44
-206
-415
-620
-749
-799
-825
-858
-911
-955
-931
-897
-881
-868
-809
-686
-570
-473
-447
-422
-322
-129
34
27
-23
1
207
409
461
403
301
286
-108
-958
-1831
-1866
-929
-381
-1183
-3022
-4242
-3819
-2511
-1649
-2121
-3347
-4129
-3902
-2916
-2081
-1824
-2012
-2271
-2212
-1798
-1106
-326
250
480
442
491
898
1620
2383
2879
2964
2778
2655
2869
3363
3765
3790
3447
2997
2758
2816
2991
2984
2604
1999
1485
1232
1170
1060
771
256
-404
-795
-755
-514
-623
-1136
-1539
-1613
-1429
-1215
-1013
-882
-920
-964
-858
-558
-190
98
272
360
442
551
730
1053
1388
1491
1313
1136
1191
1358
1478
1452
1298
1030
785
701
716
675
440
101
-193
-343
-373
-454
-571
-697
-808
-925
-1001
-940
-846
-823
-871
-929
-881
-748
-577
-457
-437
-389
-261
-99
22
91
142
198
222
284
402
510
511
392
57
-677
-1655
-2118
-1500
-578
-685
-2259
-4016
-4430
-3419
-2146
-1904
-2830
-4041
-4498
-3832
-2717
-1976
-1964
-2358
-2556
-2322
-1665
-794
-36
373
404
373
637
1274
2113
2818
3128
3017
2758
2800
3289
3891
4168
3961
3480
3071
2955
3120
3300
3144
2599
1939
1505
1360
1346
1211
843
146
-722
-1214
-950
-310
-350
-1206
-2074
-2198
-1636
-1070
-801
-952
-1303
-1452
-1198
-568
-58
133
112
56
242
532
854
1209
1460
1477
1208
1084
1311
1629
1760
1595
1307
1022
866
932
1059
983
615
172
-129
-201
-171
-257
-493
-773
-929
-1009
-1010
-954
-925
-906
-955
-1021
-1019
-924
-681
-448
-351
-372
-403
-324
-130
101
268
277
239
289
421
601
648
254
-701
-1799
-2031
-1066
-90
-499
-2403
-4168
-4328
-3050
-1716
-1683
-2901
-4228
-4544
-3666
-2507
-1911
-2045
-2481
-2642
-2345
-1649
-782
-55
336
336
262
524
1202
2104
2837
3108
2927
2629
2705
3273
3934
4215
3937
3364
2932
2891
3149
3327
3099
2502
1838
1431
1306
1210
860
321
-145
-358
-535
-902
-1284
-1421
-1273
-1233
-1478
-1756
-1778
-1455
-1083
-880
-887
-978
-878
-556
-74
311
426
414
478
757
1106
1332
1465
1488
1448
1399
1404
1500
1537
1445
1250
1038
913
829
728
552
315
64
-183
-358
-435
-522
-659
-831
-948
-995
-984
-893
-858
-880
-984
-972
-791
-551
-359
-328
-373
-381
-247
-19
135
199
251
349
522
602
592
387
-203
-1113
-1853
-1574
-548
-120
-1237
-3266
-4329
-3668
-2193
-1454
-2208
-3663
-4563
-4205
-3034
-2116
-1959
-2369
-2734
-2635
-2076
-1233
-424
94
231
141
248
783
1616
2411
2863
2901
2696
2621
2964
3580
4040
4041
3620
3121
2893
3035
3307
3310
2863
2164
1586
1347
1372
1320
1011
432
-380
-1044
-1158
-618
-265
-874
-1946
-2522
-2069
-1256
-846
-997
-1499
-1770
-1555
-933
-319
-93
-142
-259
-141
253
652
982
1231
1368
1285
1103
1203
1561
1855
1830
1541
1247
1070
1087
1211
1201
923
470
96
-42
9
29
-158
-477
-755
-908
-935
-849
-722
-709
-864
-1027
-1056
-868
-606
-387
-284
-352
-399
-365
-141
95
198
196
201
318
513
656
683
450
-309
-1322
-2002
-1547
-380
-30
-1352
-3560
-4607
-3726
-2053
-1290
-2205
-3830
-4763
-4302
-2976
-1988
-1857
-2357
-2799
-2715
-2100
-1149
-284
208
273
116
224
822
1745
2599
3038
3001
2716
2602
2977
3696
4221
4183
3672
3093
2870
3048
3359
3348
2835
2085
1485
1270
1325
1287
858
54
-716
-915
-678
-548
-952
-1618
-1971
-1936
-1682
-1505
-1460
-1472
-1517
-1407
-1184
-900
-627
-419
-178
20
166
303
521
922
1271
1356
1283
1263
1422
1623
1733
1719
1547
1347
1219
1198
1204
1066
791
467
220
91
-29
-196
-404
-627
-795
-893
-929
-956
-967
-923
-864
-890
-983
-970
-789
-490
-285
-255
-279
-259
-71
96
185
209
288
491
716
793
696
507
-68
-1054
-2005
-1792
-491
256
-846
-3284
-4772
-4149
-2288
-1066
-1714
-3498
-4839
-4608
-3197
-1945
-1621
-2194
-2817
-2864
-2281
-1258
-282
330
422
195
212
731
1649
2593
3159
3193
2844
2589
2888
3618
4235
4313
3821
3157
2801
2909
3280
3399
2963
2181
1477
1197
1239
1225
967
118
-916
-1471
-1207
-538
-655
-1443
-2275
-2493
-2044
-1548
-1172
-1213
-1513
-1671
-1538
-1001
-455
-117
-39
-77
57
280
607
1071
1464
1531
1294
1154
1342
1659
1849
1806
1571
1304
1126
1112
1192
1119
808
353
-33
-126
-82
-142
-356
-684
-910
-1033
-1005
-896
-895
-925
-999
-993
-944
-894
-700
-461
-285
-260
-372
-329
-110
238
535
523
413
241
342
713
1020
910
-93
-1507
-2380
-1736
-148
469
-970
-3582
-4983
-4105
-2119
-1032
-1870
-3711
-4922
-4577
-3159
-1949
-1693
-2224
-2789
-2810
-2198
-1202
-254
310
384
241
306
814
1718
2661
3268
3327
2956
2686
2950
3687
4347
4411
3890
3192
2822
2954
3308
3423
2987
2201
1531
1230
1250
1222
845
60
-765
-1138
-1024
-833
-1037
-1553
-2002
-2128
-1946
-1651
-1416
-1342
-1401
-1384
-1179
-860
-536
-257
28
267
366
431
614
1001
1388
1545
1488
1385
1429
1593
1760
1804
1652
1382
1117
997
989
907
666
309
1
-173
-289
-393
-554
-758
-918
-1057
-1097
-1074
-1027
-938
-927
-1016
-1098
-1044
-689
-331
-203
-339
-434
-189
136
308
171
56
185
503
864
906
704
278
-501
-1471
-2159
-1600
-307
39
-1543
-4066
-5128
-3973
-1956
-1126
-2276
-4236
-5305
-4636
-2990
-1772
-1701
-2465
-3069
-2920
-2028
-849
89
520
452
274
506
1251
2229
3043
3422
3349
3036
2902
3303
4055
4592
4535
3939
3249
2955
3137
3507
3523
2941
2053
1367
1164
1282
1204
556
-387
-1077
-1084
-814
-904
-1399
-1971
-2143
-2006
-1791
-1621
-1548
-1482
-1453
-1296
-1027
-703
-374
-155
82
285
428
612
906
1327
1589
1609
1542
1532
1664
1778
1805
1726
1560
1372
1206
1122
1022
833
529
190
-12
-159
-315
-495
-725
-884
-1017
-1069
-1077
-1081
-1044
-1048
-1075
-1058
-913
-676
-515
-525
-501
-300
10
142
133
92
163
322
430
663
804
769
476
-256
-1238
-2128
-1955
-727
8
-1054
-3545
-5156
-4571
-2664
-1411
-2047
-3839
-5237
-5109
-3703
-2291
-1784
-2299
-3027
-3158
-2519
-1369
-257
402
505
292
334
936
1915
2864
3440
3544
3271
2977
3147
3839
4533
4710
4237
3486
3024
3062
3421
3616
3231
2386
1522
1091
1039
956
605
52
-442
-883
-1342
-1620
-1554
-1341
-1383
-1762
-2145
-2160
-1745
-1164
-814
-794
-967
-976
-585
20
582
816
761
726
883
1259
1620
1851
1912
1803
1702
1669
1736
1805
1745
1557
1261
973
790
686
591
388
97
-246
-531
-652
-701
-747
-877
-1049
-1197
-1245
-1135
-959
-839
-893
-989
-916
-610
-294
-157
-193
-237
-166
-19
146
258
390
499
588
568
483
147
-707
-1849
-2423
-1650
-432
-418
-2282
-4617
-5285
-3952
-2120
-1636
-2896
-4631
-5337
-4523
-3031
-2020
-2006
-2636
-3092
-2861
-1959
-792
152
553
482
376
663
1427
2418
3231
3593
3503
3178
3061
3441
4115
4600
4537
3961
3291
2977
3131
3433
3416
2849
1951
1181
812
683
532
304
-21
-478
-1095
-1615
-1712
-1421
-1122
-1163
-1562
-1977
-1985
-1463
-753
-367
-431
-699
-711
-272
413
970
1107
990
912
1081
1493
1867
2066
1965
1729
1582
1530
1599
1633
1542
1286
920
615
413
316
236
70
-216
-577
-841
-920
-857
-778
-853
-1050
-1227
-1175
-947
-780
-736
-764
-715
-534
-277
-126
-96
-86
14
135
109
61
181
466
697
641
388
-123
-1022
-2038
-2441
-1591
-452
-615
-2542
-4789
-5345
-3994
-2205
-1726
-2952
-4684
-5475
-4696
-3096
-1939
-1841
-2506
-3062
-2866
-1883
-594
371
684
519
412
781
1608
2563
3308
3629
3523
3227
3101
3452
4105
4557
4493
3904
3199
2822
2912
3222
3224
2665
1750
951
667
688
516
46
-521
-811
-983
-1304
-1578
-1638
-1397
-1264
-1404
-1631
-1738
-1454
-961
-482
-281
-398
-480
-276
343
1016
1308
1199
1006
1097
1421
1770
1975
1920
1683
1446
1366
1423
1479
1386
1138
824
530
324
168
45
-71
-263
-545
-865
-1043
-1017
-903
-862
-945
-1095
-1112
-967
-726
-498
-434
-419
-439
-337
-104
137
331
322
247
129
75
274
605
925
873
462
-170
-1033
-1860
-2200
-1550
-605
-772
-2503
-4640
-5308
-4107
-2404
-1883
-3008
-4642
-5385
-4661
-3142
-2020
-1889
-2503
-3038
-2868
-1918
-631
355
721
587
487
852
1641
2577
3305
3646
3605
3362
3272
3560
4124
4526
4424
3890
3255
2903
2938
3132
3106
2630
1850
1150
810
799
676
5
-1035
-1644
-1277
-595
-690
-1670
-2596
-2561
-1738
-956
-794
-1205
-1637
-1585
-887
-28
413
296
14
135
711
1322
1537
1470
1459
1521
1590
1636
1719
1766
1661
1472
1277
1119
942
791
695
549
276
-124
-454
-549
-480
-504
-766
-1078
-1210
-1117
-934
-821
-815
-870
-867
-733
-501
-315
-201
-124
-65
52
194
345
419
494
504
451
430
475
648
704
620
123
-878
-2002
-2493
-1737
-655
-735
-2470
-4586
-5220
-4091
-2443
-1876
-2812
-4306
-5091
-4486
-3056
-1910
-1702
-2220
-2678
-2510
-1651
-487
440
825
766
714
1048
1743
2553
3225
3593
3589
3334
3149
3361
3900
4312
4253
3725
3079
2694
2694
2890
2844
2330
1528
762
299
168
244
233
-234
-1083
-1787
-1873
-1454
-1112
-1185
-1570
-1879
-1858
-1512
-974
-563
-438
-502
-515
-241
198
618
916
1065
1151
1133
1174
1376
1621
1754
1633
1421
1253
1184
1171
1123
1027
799
497
222
64
-4
-111
-294
-534
-728
-856
-938
-941
-914
-868
-872
-885
-810
-694
-511
-408
-347
-265
-131
89
212
262
277
315
433
519
541
458
388
444
577
611
463
7
-854
-1860
-2370
-1808
-891
-875
-2294
-4165
-4846
-3999
-2599
-2021
-2721
-3932
-4619
-4147
-2925
-1862
-1555
-1930
-2296
-2114
-1327
-303
494
833
842
866
1199
1810
2472
3013
3310
3362
3231
3114
3255
3602
3899
3876
3472
2926
2527
2432
2549
2506
2059
1255
502
226
306
289
-185
-877
-1273
-1303
-1226
-1304
-1472
-1548
-1515
-1397
-1284
-1150
-980
-790
-488
-195
-16
41
119
440
871
1185
1211
1079
1079
1250
1457
1566
1512
1324
1110
969
922
901
767
527
288
119
17
-116
-291
-458
-589
-691
-792
-852
-845
-820
-815
-795
-747
-656
-498
-316
-213
-209
-166
7
265
403
400
336
330
418
465
493
471
472
492
462
377
228
-150
-922
-1855
-2259
-1744
-1021
-1218
-2629
-4148
-4518
-3634
-2481
-2155
-2859
-3897
-4307
-3711
-2586
-1694
-1510
-1834
-2074
-1807
-997
-20
660
876
843
947
1359
1968
2570
2990
3170
3152
3036
3018
3221
3495
3648
3527
3146
2708
2386
2288
2287
2133
1616
826
205
78
238
159
-378
-1002
-1280
-1254
-1154
-1135
-1144
-1176
-1257
-1226
-1065
-802
-563
-359
-116
94
243
319
477
829
1213
1368
1295
1204
1254
1395
1496
1502
1369
1154
935
812
781
702
502
218
-12
-134
-212
-352
-545
-682
-756
-817
-877
-876
-842
-788
-696
-612
-543
-499
-432
-275
-104
29
68
63
146
279
435
479
404
287
197
245
366
409
341
162
32
-88
-534
-1377
-2294
-2438
-1738
-1146
-1686
-3331
-4613
-4543
-3387
-2321
-2329
-3237
-4207
-4312
-3403
-2148
-1331
-1362
-1826
-2013
-1493
-421
593
1099
1105
1018
1187
1676
2311
2855
3202
3278
3161
2987
2978
3234
3513
3602
3352
2872
2416
2146
2107
2017
1643
1053
509
242
90
-143
-456
-758
-913
-1046
-1191
-1254
-1198
-990
-831
-757
-694
-616
-415
-134
218
507
630
694
768
991
1283
1488
1565
1516
1472
1455
1484
1516
1450
1277
1031
800
608
426
248
69
-113
-306
-516
-706
-837
-881
-871
-876
-940
-1029
-1049
-992
-812
-609
-477
-431
-437
-325
-164
-35
79
135
231
326
381
432
378
335
274
198
174
142
169
140
-11
-149
-390
-903
-1791
-2566
-2460
-1745
-1421
-2348
-3946
-4765
-4294
-3122
-2437
-2731
-3575
-4230
-4006
-3022
-1890
-1279
-1402
-1734
-1658
-919
137
953
1260
1256
1319
1631
2150
2652
3047
3283
3294
3185
3049
3110
3324
3449
3396
3038
2591
2183
1984
1993
1770
1264
586
219
177
-4
-379
-847
-1008
-961
-962
-1021
-1112
-1045
-889
-681
-440
-269
-154
-27
263
700
1038
1127
1075
1136
1366
1605
1718
1717
1627
1526
1480
1478
1443
1253
972
706
500
330
95
-164
-384
-561
-701
-873
-1037
-1142
-1189
-1147
-1091
-1051
-1035
-1028
-885
-648
-438
-340
-322
-191
8
202
321
353
415
444
503
539
551
494
331
191
70
43
-7
-129
-259
-422
-462
-558
-1013
-1929
-2907
-2949
-2166
-1608
-2276
-3854
-4828
-4560
-3416
-2543
-2578
-3259
-3972
-3895
-3005
-1828
-1094
-1116
-1398
-1372
-704
279
1074
1449
1477
1549
1789
2198
2642
3005
3277
3301
3176
2991
2925
3060
3152
3134
2856
2391
1934
1597
1471
1285
945
524
97
-223
-519
-691
-692
-680
-712
-866
-968
-872
-628
-267
-46
52
101
198
502
889
1279
1476
1463
1433
1465
1650
1818
1889
1814
1591
1402
1261
1216
1140
966
733
426
142
-133
-342
-472
-606
-755
-983
-1186
-1287
-1264
-1161
-1094
-1075
-1088
-1040
-880
-643
-407
-255
-212
-158
-2
257
469
498
409
328
368
464
483
387
199
16
-111
-185
-230
-348
-480
-681
-822
-924
-940
-869
-1237
-2049
-3048
-3175
-2307
-1612
-1972
-3408
-4347
-4131
-3089
-2113
-2075
-2641
-3355
-3355
-2444
-1315
-565
-637
-971
-971
-392
577
1275
1560
1539
1573
1823
2157
2522
2756
2900
2890
2750
2624
2554
2619
2655
2584
2365
1932
1419
1013
922
1015
805
237
-415
-678
-530
-375
-350
-556
-714
-729
-576
-223
38
210
218
275
523
793
1063
1192
1360
1531
1596
1591
1516
1572
1627
1635
1543
1316
1122
941
860
795
635
371
19
-249
-403
-484
-581
-746
-928
-1052
-1089
-1065
-1009
-965
-923
-877
-794
-656
-483
-298
-149
-34
34
73
164
317
455
479
353
248
247
310
332
140
-116
-377
-523
-499
-495
-540
-823
-1172
-1375
-1330
-1074
-904
-1004
-1520
-2279
-2797
-2504
-1706
-1280
-1872
-3026
-3545
-3156
-2211
-1567
-1624
-2059
-2513
-2344
-1608
-755
-246
-337
-570
-527
-34
685
1190
1370
1341
1342
1478
1707
1986
2221
2334
2283
2157
2057
2053
2099
2085
1941
1656
1390
1164
969
788
593
472
330
97
-153
-330
-268
-87
47
62
-62
-85
39
334
658
785
758
676
796
1059
1301
1428
1367
1270
1184
1194
1265
1276
1201
996
778
630
551
500
385
207
-17
-231
-387
-482
-522
-572
-656
-784
-874
-853
-774
-668
-606
-568
-508
-431
-317
-234
-172
-111
-38
72
134
166
124
65
65
81
77
-41
-188
-280
-330
-406
-553
-722
-817
-844
-890
-1009
-1187
-1280
-1220
-1097
-948
-952
-1238
-1778
-2207
-1935
-1313
-1066
-1634
-2517
-2729
-2268
-1539
-1209
-1404
-1749
-1976
-1656
-976
-371
-189
-442
-598
-371
215
754
940
895
858
1038
1298
1526
1671
1750
1780
1711
1672
1662
1689
1674
1587
1488
1331
1177
1041
955
943
838
649
447
339
395
388
340
278
256
321
327
392
465
555
676
737
815
835
869
929
980
1047
1035
985
937
921
925
845
699
540
427
374
325
232
81
-82
-212
-284
-327
-387
-455
-517
-534
-530
-519
-501
-509
-511
-488
-434
-378
-331
-288
-245
-225
-197
-162
-143
-121
-137
-151
-185
-218
-242
-291
-317
-373
-470
-609
-758
-823
-819
-822
-869
-1012
-1147
-1178
-1095
-925
-841
-861
-897
-844
-749
-812
-1061
-1132
-946
-794
-974
-1408
-1561
-1447
-1205
-1027
-1006
-1014
-1150
-1159
-903
-531
-268
-327
-437
-376
-121
196
363
444
515
629
745
858
1005
1135
1198
1171
1183
1222
1281
1304
1323
1361
1311
1226
1150
1140
1178
1110
962
783
663
683
693
673
611
530
520
537
622
698
710
700
683
734
784
793
760
712
709
708
702
670
595
535
497
485
454
362
234
116
44
32
14
-51
-134
-230
-288
-298
-284
-282
-343
-419
-466
-465
-425
-405
-419
-460
-492
-483
-431
-387
-367
-393
-459
-514
-487
-405
-393
-495
-609
-623
-576
-553
-628
-728
-792
-820
-823
-873
-890
-923
-932
-897
-866
-821
-815
-795
-719
-599
-484
-479
-597
-723
-785
-638
-473
-479
-711
-1009
-1031
-834
-601
-516
-597
-711
-722
-576
-302
-87
-31
-98
-165
-88
113
315
391
368
344
414
546
693
808
861
879
889
972
1076
1146
1168
1138
1158
1165
1169
1146
1066
1027
973
954
929
874
840
776
746
736
729
730
723
732
733
718
710
711
722
723
681
633
579
549
547
548
527
458
383
331
301
275
230
157
79
17
-24
-52
-85
-143
-231
-330
-406
-442
-450
-462
-497
-550
-604
-625
-623
-599
-580
-585
-608
-649
-647
-624
-615
-654
-711
-738
-747
-764
-779
-761
-771
-825
-905
-897
-817
-783
-784
-879
-906
-847
-742
-652
-705
-748
-774
-710
-573
-484
-430
-456
-455
-372
-280
-213
-234
-272
-291
-270
-224
-227
-279
-344
-324
-256
-177
-151
-150
-159
-169
-117
-29
93
175
167
104
68
121
264
376
429
421
377
385
442
596
720
774
753
723
790
890
1008
1078
1079
1035
989
986
1033
1065
1029
946
874
858
882
900
893
859
817
790
779
783
767
730
674
631
605
560
512
456
406
366
322
291
277
250
209
147
98
72
23
-26
-98
-156
-208
-272
-310
-347
-366
-385
-423
-457
-503
-530
-571
-627
-675
-715
-709
-719
-749
-794
-855
-887
-906
-882
-872
-886
-912
-930
-911
-881
-819
-782
-757
-748
-734
-702
-660
-580
-543
-559
-615
-635
-538
-438
-380
-390
-419
-393
-346
-274
-217
-200
-194
-209
-197
-137
-85
-48
-65
-101
-106
-106
-53
2
17
-2
-48
-19
73
173
227
218
200
221
298
394
443
408
355
334
380
471
534
530
466
427
462
532
583
575
529
506
520
592
663
685
669
639
655
682
712
725
703
679
660
673
690
694
686
676
658
634
615
596
570
531
479
434
381
341
311
271
226
165
107
53
9
-24
-55
-86
-115
-140
-168
-198
-226
-248
-265
-281
-295
-321
-363
-400
-421
-434
-456
-481
-505
-537
-577
-624
-645
-628
-616
-625
-650
-673
-652
-603
-553
-547
-592
-624
-624
-574
-517
-518
-547
-591
-572
-498
-453
-447
-465
-433
-357
-316
-308
-308
-275
-223
-201
-209
-209
-173
-116
-89
-112
-130
-128
-99
-65
-69
-73
-91
-67
7
69
107
93
96
133
169
189
192
201
227
262
286
296
299
326
372
414
434
428
405
400
424
462
481
461
439
425
436
447
451
425
389
364
342
346
329
320
299
274
284
298
315
313
303
313
322
329
324
304
295
285
276
260
228
212
207
213
203
181
163
150
149
146
125
84
34
-3
-22
-34
-52
-83
-131
-175
-207
-220
-218
-228
-241
-264
-282
-284
-273
-254
-249
-254
-265
-275
-280
-273
-266
-255
-257
-269
-288
-305
-294
-283
-270
-277
-292
-290
-279
-257
-264
-290
-307
-303
-277
-276
-294
-303
-295
-262
-245
-248
-258
-256
-220
-184
-170
-190
-207
-192
-138
-92
-79
-92
-102
-75
-28
21
27
11
15
35
66
81
94
110
100
86
68
68
92
103
110
106
103
118
140
175
195
172
135
119
129
158
167
162
144
125
137
166
196
210
197
175
172
190
220
225
213
200
212
236
248
238
208
197
186
190
185
162
134
110
131
154
147
110
74
73
91
101
79
39
6
-9
0
1
-12
-37
-59
-55
-55
-49
-55
-61
-56
-63
-66
-73
-62
-32
-11
-4
-30
-57
-56
-37
-12
-13
-28
-55
-75
-69
-58
-54
-65
-76
-86
-97
-111
-117
-113
-114
-114
-125
-139
-149
-147
-130
-125
-130
-142
-150
-137
-121
-106
-97
-94
-87
-78
-65
-57
-57
-52
-30
-2
11
0
-13
-6
12
25
16
-4
-19
-20
-15
-17
-30
-50
-54
-39
-22
-12
-15
-20
-18
-10
13
23
11
-9
-24
-13
11
29
35
32
28
38
56
70
72
65
78
83
67
39
17
33
62
80
68
22
-13
-7
34
69
59
30
17
32
65
81
85
83
79
87
85
76
61
42
41
31
12
-9
-16
0
33
54
45
27
20
41
64
64
46
20
11
13
16
14
-5
-23
-30
-23
-8
6
18
18
1
-15
-20
-8
-10
-25
-39
-60
-70
-67
-56
-35
-32
-41
-53
-62
-50
-32
-24
-28
-35
-37
-23
-7
4
8
-8
-9
-10
-7
7
3
7
-8
-38
-43
-54
-37
-13
-19
-40
-65
-74
-63
-45
-34
-27
-41
-56
-53
-24
7
18
12
-5
-20
-18
-1
11
15
6
-6
0
15
30
33
21
16
15
13
12
12
19
22
11
-12
-28
-25
-6
10
15
14
9
15
30
38
30
11
6
20
34
40
27
13
-4
-7
5
17
26
19
9
6
13
23
21
9
-2
0
15
30
32
25
19
21
26
28
26
21
18
23
30
40
38
29
27
27
32
30
23
14
4
-5
-11
-15
-11
-1
-1
-7
-26
-32
-14
11
27
12
-13
-27
-26
-10
-1
-3
-12
-18
-13
-10
-6
-7
-15
-22
-25
-27
-20
-15
-7
-6
-17
-27
-39
-40
-37
-38
-42
-53
-50
-41
-31
-22
-25
-31
-38
-34
-22
-13
-3
-1
2
-2
-5
-5
-5
1
1
-1
0
7
16
29
33
33
27
16
11
12
20
24
13
-2
-12
-11
-4
4
18
32
47
46
31
19
10
13
14
8
-2
-8
2
17
18
6
-11
-15
-6
12
23
14
-1
-11
-4
12
24
28
12
-2
-6
1
11
3
-12
-20
-21
-14
-7
0
7
15
18
10
-3
-15
-16
-15
-15
-22
-26
-25
-22
-14
-12
-10
-11
-15
-12
-5
0
0
-1
1
3
5
4
5
6
6
7
5
3
4
8
16
20
13
0
-14
-16
-2
5
1
-13
-20
-16
-10
-2
-3
-10
-19
-24
-14
0
10
14
11
5
-3
0
11
18
24
20
17
17
19
19
17
9
-2
-6
-3
6
15
15
10
0
-1
3
11
14
13
20
20
18
12
0
-9
-17
-20
-19
-17
-19
-23
-18
-13
-7
-6
-10
-12
-4
3
3
-2
-16
-22
-15
-3
11
15
10
6
9
14
15
11
8
10
22
31
26
16
11
20
36
38
26
10
0
-6
-5
-3
-9
-16
-22
-18
-3
4
4
-2
-10
-16
-21
-24
-22
-16
-8
-15
-29
-39
-42
-34
-23
-16
-19
-28
-28
-22
-16
-12
-15
-14
-5
4
7
1
-10
-19
-21
-16
-12
-7
-5
-11
-12
-6
6
18
24
16
2
-6
-4
6
18
26
24
11
-2
0
14
34
48
43
29
23
28
42
52
45
34
25
22
26
26
22
18
18
16
16
14
6
1
3
6
4
1
-5
-9
-10
-11
-13
-16
-19
-21
-19
-15
-12
-9
-4
5
8
5
-2
-10
-10
-2
-4
-10
-21
-28
-24
-20
-20
-23
-26
-22
-15
-12
-16
-25
-35
-36
-33
-28
-25
-26
-27
-20
-10
1
8
3
-2
-5
-2
7
12
8
2
-1
6
18
34
40
41
42
39
34
28
21
16
8
1
-6
-9
-13
-17
-18
-18
-16
-14
-10
-6
-5
-5
-3
-4
-7
-8
-7
-4
0
2
4
4
5
7
13
15
16
16
11
6
6
12
14
9
6
8
8
12
16
14
8
-3
-11
-14
-11
-1
4
7
3
-2
-4
-3
0
0
-6
-9
-13
-16
-20
-21
-13
-3
5
6
2
-3
0
4
6
2
-3
0
2
8
15
21
27
31
33
29
19
10
8
15
20
15
1
-14
-19
-12
2
8
1
-10
-20
-23
-22
-16
-10
-7
-8
-15
-25
-33
-32
-23
-14
-10
-12
-16
-17
-13
-3
9
10
4
-8
-17
-17
-12
-8
-6
-10
-12
-15
-12
-5
0
1
0
-2
-1
2
7
14
16
16
15
9
7
6
-1
-1
2
7
12
13
12
12
19
23
25
21
10
2
-2
5
14
19
19
14
12
14
18
17
19
19
17
15
8
1
-1
-2
0
5
3
-3
-8
-12
-14
-15
-16
-19
-21
-25
-28
-28
-28
-26
-21
-12
-9
-8
-3
-1
1
5
9
10
10
9
7
13
19
22
21
12
3
-3
-1
1
-2
-8
-13
-15
-11
-9
-9
-12
-14
-16
-10
-2
2
0
-8
-19
-23
-17
-10
1
3
2
4
6
4
3
3
5
4
3
0
-5
-6
-7
-9
-6
-2
6
13
15
15
11
6
2
1
3
1
1
1
1
4
7
7
6
4
3
8
8
6
7
8
8
7
4
4
2
-2
-3
-4
-6
-11
-15
-15
-8
1
6
9
11
11
12
14
12
8
4
-2
-2
0
7
14
18
21
21
19
18
11
1
-9
-14
-11
-7
-4
-1
1
5
5
-1
-9
-16
-21
-26
-28
-23
-20
-20
-18
-16
-10
-4
-2
-4
-9
-9
-10
-9
-5
-4
-3
-3
-5
-3
0
0
-2
-3
-6
-8
-12
-12
-11
-11
-8
-8
-3
3
7
7
6
8
7
5
3
0
3
7
10
15
18
17
17
18
17
18
16
15
13
12
13
10
3
-6
-11
-12
-11
-11
-11
-6
2
8
11
10
9
8
5
2
0
-5
-3
2
6
7
9
9
8
10
10
8
4
5
9
12
12
10
5
-1
-5
-6
-4
-6
-8
-11
-10
-9
-6
-1
-2
-5
-6
-6
-3
-3
-5
-11
-17
-18
-15
-10
-5
-7
-11
-11
-7
-7
-10
-15
-19
-17
-11
-4
-3
-7
-7
-3
3
4
3
5
9
13
17
16
10
2
-1
-2
-2
-3
0
4
5
2
-4
-7
-10
-6
0
0
-2
-5
-5
-4
-1
0
-5
-8
-8
-2
8
13
15
16
15
14
11
9
6
9
11
11
14
15
11
6
1
-1
4
4
-2
-7
-9
-6
-4
-4
-6
-7
-8
-5
3
7
6
3
-1
-3
-2
-2
-2
-1
3
4
5
5
4
6
5
-2
-6
-8
-10
-8
-2
2
3
1
0
-3
-3
-6
-8
-7
-7
-2
3
4
7
10
9
4
-2
-6
-7
-3
3
7
6
3
-1
-2
-3
-6
-14
-22
-22
-18
-10
-4
-1
-1
-1
0
5
9
11
9
9
10
15
19
16
12
8
7
5
3
0
-1
-2
2
6
9
10
6
-1
-9
-12
-14
-14
-10
-5
1
6
10
10
3
-6
-14
-14
-9
0
6
5
3
2
-2
-4
-5
-5
-8
-12
-13
-13
-11
-9
-4
1
2
-1
-7
-8
-6
-2
0
-3
-3
1
6
9
9
5
3
5
8
8
10
12
11
7
2
0
-4
-6
-5
1
10
14
11
7
1
-3
-5
-5
-3
2
4
8
13
17
15
13
6
2
1
2
0
-3
-6
-10
-10
-11
-10
-11
-14
-15
-13
-12
-14
-14
-11
-5
-2
-1
0
0
3
3
3
5
8
13
13
10
3
-2
-4
-1
0
-1
2
4
9
14
15
9
0
-4
-6
-6
-6
-4
-1
-2
-6
-8
-10
-13
-13
-8
-2
7
12
13
11
9
7
5
4
4
1
1
0
1
6
7
6
2
0
2
3
0
2
3
-2
-9
-11
-14
-15
-13
-7
-2
-1
-4
-5
-7
-7
-7
-5
-2
0
1
1
-3
-3
-2
-3
-5
-5
-2
0
4
6
6
9
9
5
0
-3
-6
-5
1
4
3
2
1
4
8
7
7
6
2
-2
-4
-6
-7
-4
-4
-9
-5
-2
-9
-7
-3
2
14
20
16
13
7
3
4
8
11
13
14
7
6
7
6
9
11
9
6
6
6
8
6
2
-3
-4
-4
-4
-2
-4
-8
-11
-10
-5
-5
-4
-2
-2
0
1
-1
-2
-4
-4
-4
-7
-7
-12
-16
-19
-22
-17
-12
-5
0
-2
-5
-8
-8
-7
-10
-14
-20
-16
-13
-7
-1
-1
-2
-5
-4
-3
0
1
1
3
4
5
4
0
-3
-2
2
6
10
8
4
3
6
9
12
10
7
9
12
13
13
7
2
0
2
6
10
9
9
10
13
16
16
16
15
18
18
17
19
15
11
7
7
8
11
13
12
13
12
11
11
10
8
7
7
4
4
1
-2
-4
-4
-5
-8
-9
-10
-14
-13
-12
-13
-14
-15
-17
-19
-20
-18
-18
-17
-19
-22
-23
-24
-24
-19
-18
-19
-19
-19
-18
-15
-17
-21
-21
-18
-14
-11
-11
-14
-12
-7
-3
-3
-6
-8
-9
-6
-5
-4
-4
-1
3
8
12
12
11
13
13
13
13
14
15
16
17
13
8
9
14
17
23
27
28
28
25
24
22
16
12
8
5
4
5
10
16
21
19
17
17
15
16
17
13
11
8
3
-3
-5
-4
-4
-4
-4
-4
-7
-8
-7
-4
-1
-1
-2
-1
0
-4
-8
-11
-10
-7
-7
-8
-12
-15
-16
-14
-15
-15
-16
-14
-12
-10
-8
-9
-10
-7
-4
-5
-7
-8
-11
-14
-15
-15
-12
-7
-3
0
-1
-3
-7
-8
-8
-10
-10
-13
-12
-11
-12
-17
-16
-14
-11
-5
-1
2
4
8
13
16
16
13
10
6
5
9
10
8
10
13
17
20
21
17
11
6
1
2
2
2
6
7
10
14
15
11
8
6
5
5
4
2
4
7
8
9
8
4
3
4
3
4
3
1
2
2
-1
-3
-4
-7
-7
-7
-7
-5
-3
-1
2
3
5
6
5
4
2
1
1
-1
-3
-2
-2
-4
-7
-11
-14
-16
-14
-11
-8
-9
-10
-8
-9
-7
-8
-11
-11
-11
-10
-7
-6
-3
-3
-1
-1
2
0
-1
-3
-5
-4
-3
-5
-6
-2
-2
-6
-8
-9
-3
2
5
7
2
0
3
5
3
2
7
3
6
11
6
8
6
4
10
13
14
15
11
6
6
6
5
4
4
2
2
1
2
4
7
10
11
12
11
10
11
8
9
6
1
1
1
-1
0
-1
2
5
4
3
5
5
2
-5
-12
-13
-8
-7
-8
-8
-7
-5
-4
-6
-9
-7
-6
-7
-4
-4
-6
-6
-10
-12
-9
-9
-9
-9
-10
-12
-11
-8
-5
-2
-1
-5
-5
-4
-4
-4
-3
-4
-3
-1
-1
-2
-1
1
5
3
2
0
-3
-3
1
1
-1
-1
-2
0
3
4
5
3
1
1
3
4
6
8
5
3
6
7
9
9
10
10
10
10
11
14
16
15
13
9
6
4
1
1
3
2
3
4
4
3
0
-2
-2
-2
-3
-2
0
1
4
2
1
1
2
1
3
0
-3
-2
-2
-2
-3
-6
-10
-11
-12
-12
-9
-5
-2
-1
-2
-4
-6
-9
-13
-16
-16
-13
-8
-5
-2
-1
2
5
8
6
1
-5
-7
-3
5
10
11
7
2
0
1
-1
-4
-6
-9
-6
1
8
10
7
1
-1
-1
3
4
1
-1
-4
-2
2
6
9
10
9
4
3
0
-1
-3
-3
-2
-3
1
3
3
2
0
-1
0
0
2
0
-4
-7
-4
-3
-1
-3
-5
-7
-9
-11
-8
-3
2
6
7
4
0
-2
-5
-8
-7
-7
-4
0
3
6
7
6
7
6
5
6
7
4
4
4
4
5
3
3
3
2
1
3
2
2
3
1
0
1
-2
-7
-9
-9
-7
-2
-1
-4
-8
-11
-10
-10
-5
-3
1
2
4
5
4
3
0
-5
-4
-1
1
1
1
2
2
3
6
8
9
8
6
5
5
4
1
-2
-4
-5
-5
-4
-5
-4
-4
-2
1
-1
-2
-5
-7
-8
-6
-4
-2
-2
-2
-1
-1
0
2
3
4
4
4
5
7
9
8
9
9
8
8
5
0
-3
-7
-9
-4
2
8
14
15
13
