1
1
-1
-1
0
0
1
1
1
1
-1
-1
-2
0
-1
-1
0
0
0
0
0
-1
-1
-1
-1
-1
0
0
0
1
0
0
-1
-1
0
0
0
0
0
1
0
1
0
1
1
2
2
1
2
0
1
0
-1
-1
-1
0
0
1
0
0
0
0
0
0
0
0
1
0
1
0
1
1
1
0
0
0
0
0
1
1
0
-1
0
0
0
0
1
1
0
1
0
1
0
0
0
0
0
-1
0
-1
-1
-1
-1
0
-1
0
0
0
0
1
1
0
1
1
0
-1
1
1
0
0
0
-1
0
1
1
1
1
-1
0
0
1
0
1
-1
0
0
0
0
0
0
0
0
-1
-1
-1
-1
-1
0
0
0
1
1
0
0
0
0
0
-1
0
0
1
1
0
0
0
-1
0
0
0
0
1
0
0
0
-1
0
0
0
1
-1
0
2
0
0
1
1
0
0
1
1
0
0
-1
-1
-1
-1
-1
0
0
0
0
0
-1
0
0
0
1
0
0
0
0
1
1
1
0
1
0
1
1
0
1
1
0
0
0
0
0
0
0
0
-1
0
0
0
-1
0
0
0
-1
-1
-2
-1
0
0
0
0
0
-1
-1
1
0
0
-1
-1
0
1
0
0
0
-1
-1
-1
0
0
1
1
0
-1
-1
-2
-1
0
0
-1
0
1
1
0
0
0
-1
0
0
0
0
1
1
2
1
1
0
0
0
0
0
0
0
1
1
0
1
1
0
0
0
0
0
0
0
1
1
0
0
0
0
0
0
0
0
1
0
0
1
0
0
1
1
0
1
-1
1
0
0
0
0
0
0
-1
0
0
0
0
0
0
0
0
-1
0
0
1
0
0
0
0
-1
-1
0
0
-1
0
-1
-1
-1
-1
0
0
-1
0
-1
0
-1
1
0
0
0
0
-1
-1
0
-1
0
-1
0
-1
0
0
-1
0
-1
0
1
0
0
0
0
0
0
1
0
0
0
0
1
1
0
0
0
0
0
0
0
0
0
1
0
0
1
0
0
0
0
0
0
0
0
1
0
1
0
1
0
0
0
0
0
0
-1
0
0
0
0
1
-1
0
1
1
0
1
0
-1
0
0
1
1
1
1
1
0
-1
-1
-1
-1
0
-1
0
0
0
0
0
0
0
0
0
0
0
0
-1
0
1
1
0
0
0
0
-1
0
-1
1
0
0
0
1
0
1
-1
0
0
0
0
0
0
-1
0
0
0
0
0
1
0
0
0
0
0
1
1
0
0
1
1
0
1
0
0
0
-1
-1
-1
-1
-1
0
0
1
0
-1
-1
-1
0
0
0
0
1
0
0
0
-1
0
-1
0
-1
1
0
1
0
0
0
-1
1
-1
-1
-1
0
0
0
0
-1
-1
-1
-1
-1
-1
0
0
-1
0
0
1
1
1
0
0
0
1
0
1
0
0
0
0
1
1
0
0
1
2
0
0
0
0
0
1
1
1
1
0
1
0
1
0
-1
0
1
1
1
0
1
1
1
0
0
0
0
-1
0
0
0
0
1
0
0
0
-1
0
0
0
-1
0
-2
0
-1
-1
0
0
-1
-2
-2
-1
-1
-1
-1
-1
-1
-1
0
0
0
-1
-1
0
-1
-1
-2
-1
-1
0
0
0
0
0
-1
0
0
0
1
1
1
0
0
-1
1
0
1
1
0
0
0
0
1
1
2
1
1
1
1
1
1
1
0
1
-1
0
0
0
1
1
0
1
0
1
1
1
1
1
1
1
1
1
1
1
0
0
0
1
1
0
-1
0
0
0
1
0
0
0
-1
0
-2
-1
-2
-2
-2
-2
-2
-1
-2
-2
-1
-2
-2
-2
-2
-1
-1
-2
-2
-1
-1
-1
-1
-2
-2
-2
-3
-3
-2
-1
-1
-1
-2
-1
-1
0
0
-2
-2
-1
-1
-1
0
-1
-1
-1
-3
-3
-3
-3
-2
-2
-1
-1
1
-1
-1
0
0
0
0
1
0
1
1
2
2
1
1
1
2
4
4
5
5
6
7
7
9
8
9
8
8
8
9
8
8
8
6
8
7
7
6
7
7
7
6
5
4
3
2
1
1
0
0
-2
-4
-6
-8
-9
-10
-11
-12
-12
-13
-14
-15
-17
-17
-18
-18
-18
-18
-18
-17
-17
-17
-16
-16
-14
-13
-12
-11
-9
-8
-7
-6
-3
-3
0
0
1
3
3
4
5
6
7
6
5
6
6
7
10
10
9
7
6
5
6
8
10
12
15
15
19
22
26
29
34
39
42
46
50
55
59
63
66
66
68
70
71
72
73
73
72
71
71
67
64
59
52
43
33
22
12
3
-9
-20
-32
-44
-56
-68
-78
-85
-93
-98
-103
-110
-115
-120
-123
-123
-125
-124
-125
-126
-126
-126
-122
-118
-113
-108
-103
-99
-96
-91
-84
-80
-74
-72
-70
-70
-67
-62
-57
-53
-50
-48
-46
-42
-38
-31
-24
-16
-9
0
7
15
27
39
54
65
76
88
101
115
131
146
161
174
185
197
207
220
230
240
248
252
253
254
254
254
254
254
250
247
240
232
226
220
216
210
206
200
193
184
176
164
154
143
129
113
91
68
39
9
-24
-63
-99
-141
-180
-214
-245
-275
-303
-335
-372
-419
-472
-530
-590
-646
-707
-760
-813
-853
-882
-893
-878
-848
-804
-750
-681
-594
-496
-390
-278
-176
-79
6
90
168
235
293
340
384
423
457
492
525
558
586
606
625
634
634
618
586
536
466
378
275
152
22
-109
-220
-314
-389
-442
-472
-471
-448
-391
-309
-205
-96
17
128
241
344
435
512
577
629
665
699
726
752
773
804
832
862
894
923
946
957
958
948
921
869
795
705
604
487
361
233
109
-9
-109
-188
-245
-287
-311
-320
-318
-326
-334
-347
-372
-425
-521
-634
-785
-957
-1158
-1367
-1572
-1764
-1931
-2063
-2146
-2177
-2157
-2088
-1966
-1805
-1606
-1388
-1154
-921
-703
-495
-308
-141
-4
102
196
283
367
455
551
650
751
857
963
1069
1169
1258
1326
1363
1361
1332
1265
1166
1033
877
708
528
349
173
15
-117
-219
-295
-349
-399
-450
-506
-548
-555
-531
-487
-446
-398
-334
-244
-130
4
160
322
470
608
739
876
1001
1105
1187
1240
1270
1279
1271
1254
1224
1187
1137
1074
996
912
825
732
631
528
424
308
180
52
-60
-164
-259
-348
-421
-480
-523
-541
-534
-510
-481
-444
-407
-368
-344
-315
-296
-290
-307
-343
-387
-450
-539
-667
-846
-1059
-1270
-1448
-1597
-1746
-1883
-1997
-2071
-2107
-2093
-2017
-1901
-1771
-1633
-1478
-1294
-1101
-899
-690
-491
-309
-152
13
180
332
471
615
771
917
1039
1161
1281
1388
1470
1533
1590
1613
1606
1569
1506
1414
1294
1157
995
803
603
406
196
-60
-339
-556
-682
-758
-829
-875
-847
-765
-647
-487
-272
-32
166
326
475
621
752
852
933
981
1007
1040
1069
1089
1118
1183
1274
1338
1378
1408
1431
1435
1399
1345
1272
1143
944
705
487
290
92
-104
-285
-432
-548
-623
-648
-633
-585
-512
-438
-378
-333
-299
-296
-336
-408
-513
-659
-854
-1097
-1366
-1662
-1966
-2244
-2469
-2641
-2785
-2880
-2899
-2840
-2720
-2549
-2322
-2066
-1810
-1553
-1292
-1031
-793
-587
-390
-211
-52
88
226
380
534
699
892
1101
1306
1492
1672
1838
1970
2067
2122
2134
2090
1984
1837
1649
1435
1198
958
730
511
313
146
4
-110
-205
-282
-376
-502
-633
-732
-793
-832
-860
-861
-823
-753
-636
-468
-241
4
248
498
754
994
1203
1374
1516
1616
1687
1727
1729
1700
1648
1592
1522
1446
1365
1272
1165
1032
890
753
622
479
317
163
21
-117
-251
-373
-484
-576
-646
-685
-701
-700
-682
-645
-594
-541
-496
-449
-412
-402
-408
-443
-519
-672
-897
-1164
-1452
-1753
-2050
-2321
-2564
-2776
-2929
-2996
-2982
-2897
-2754
-2550
-2302
-2027
-1736
-1431
-1125
-849
-603
-371
-166
13
173
325
466
595
736
903
1085
1266
1453
1644
1833
1998
2129
2221
2273
2275
2224
2128
1982
1790
1566
1324
1076
829
594
375
167
-15
-170
-339
-530
-698
-793
-848
-913
-969
-969
-904
-815
-711
-555
-340
-122
73
281
514
731
915
1086
1246
1368
1474
1569
1616
1632
1646
1663
1647
1591
1519
1433
1333
1192
1028
885
739
553
335
142
-30
-210
-388
-552
-701
-829
-934
-999
-1028
-1024
-998
-936
-845
-738
-608
-462
-330
-244
-193
-168
-175
-234
-345
-509
-739
-1030
-1326
-1593
-1853
-2115
-2351
-2537
-2663
-2721
-2715
-2639
-2509
-2346
-2162
-1942
-1699
-1459
-1225
-1009
-810
-626
-453
-279
-113
47
212
389
582
782
994
1218
1440
1654
1862
2053
2204
2299
2343
2345
2312
2237
2117
1958
1762
1543
1322
1107
890
683
494
319
122
-100
-292
-424
-530
-668
-809
-891
-911
-910
-894
-823
-688
-541
-398
-218
11
241
445
643
843
1020
1187
1346
1460
1533
1597
1647
1643
1587
1512
1428
1336
1227
1108
1002
894
752
576
412
258
82
-125
-340
-558
-766
-935
-1048
-1102
-1104
-1062
-986
-899
-795
-667
-526
-390
-281
-193
-126
-96
-99
-130
-179
-300
-531
-832
-1130
-1399
-1666
-1950
-2242
-2506
-2703
-2822
-2860
-2818
-2723
-2596
-2423
-2196
-1939
-1670
-1395
-1127
-889
-684
-488
-296
-113
50
194
345
522
716
916
1114
1315
1527
1746
1964
2160
2320
2432
2489
2502
2463
2373
2237
2055
1833
1592
1352
1114
879
650
434
203
-62
-306
-471
-596
-757
-930
-1038
-1063
-1051
-1030
-971
-853
-713
-586
-433
-217
7
204
399
616
831
1045
1252
1413
1530
1642
1743
1792
1782
1738
1670
1571
1438
1274
1115
961
766
543
336
135
-98
-363
-601
-779
-890
-939
-948
-931
-893
-821
-715
-604
-509
-439
-386
-341
-288
-206
-117
-49
-37
-58
-57
-71
-186
-443
-790
-1138
-1472
-1806
-2147
-2444
-2665
-2845
-2991
-3025
-2893
-2662
-2446
-2236
-1974
-1661
-1349
-1066
-796
-568
-414
-296
-164
-26
79
164
276
420
566
723
928
1165
1395
1615
1851
2090
2283
2393
2432
2419
2350
2225
2063
1854
1591
1290
997
744
517
323
112
-154
-427
-601
-648
-710
-834
-940
-952
-893
-849
-799
-698
-574
-486
-398
-223
1
183
329
491
670
879
1121
1339
1482
1602
1742
1853
1898
1871
1795
1695
1568
1406
1247
1113
949
724
506
308
76
-217
-526
-771
-899
-931
-913
-871
-819
-761
-689
-610
-535
-445
-344
-268
-227
-180
-81
27
83
87
80
94
88
13
-143
-403
-735
-1059
-1339
-1629
-1989
-2366
-2670
-2879
-3008
-3064
-3043
-2973
-2879
-2732
-2502
-2200
-1886
-1578
-1273
-1004
-769
-532
-291
-78
77
207
356
532
718
905
1095
1292
1508
1752
2011
2240
2411
2534
2610
2632
2608
2548
2429
2234
1967
1679
1402
1125
853
549
196
-151
-420
-588
-744
-920
-1068
-1146
-1147
-1115
-1046
-938
-822
-739
-638
-464
-268
-95
64
239
418
626
874
1101
1282
1456
1630
1776
1882
1930
1912
1830
1691
1535
1397
1287
1154
990
812
600
322
-16
-352
-621
-789
-877
-902
-869
-804
-714
-624
-537
-451
-359
-254
-174
-127
-97
-64
-37
-29
-15
31
84
61
-88
-357
-706
-1053
-1352
-1653
-2011
-2404
-2750
-2999
-3160
-3240
-3243
-3180
-3062
-2895
-2655
-2347
-2020
-1707
-1412
-1139
-886
-632
-371
-144
29
170
326
515
717
912
1099
1308
1553
1820
2095
2342
2530
2654
2727
2757
2741
2663
2518
2302
2016
1704
1398
1106
810
518
211
-118
-427
-671
-847
-1006
-1166
-1279
-1322
-1302
-1252
-1184
-1075
-936
-798
-647
-458
-260
-74
122
341
568
819
1099
1349
1548
1728
1908
2051
2136
2154
2093
1976
1810
1613
1435
1285
1129
941
724
484
205
-81
-332
-525
-645
-694
-693
-650
-578
-507
-440
-379
-339
-293
-232
-171
-133
-113
-91
-81
-75
-36
42
123
132
0
-300
-721
-1145
-1514
-1876
-2300
-2752
-3130
-3388
-3538
-3590
-3561
-3468
-3327
-3122
-2837
-2480
-2108
-1752
-1423
-1132
-877
-629
-379
-164
-9
112
261
465
705
948
1183
1427
1693
1979
2271
2541
2751
2891
2974
2990
2942
2836
2652
2380
2039
1680
1335
1000
653
274
-93
-393
-610
-783
-960
-1122
-1220
-1231
-1185
-1113
-1018
-917
-835
-756
-630
-461
-282
-116
49
234
462
722
985
1228
1464
1714
1958
2163
2303
2366
2357
2276
2143
1975
1783
1564
1323
1075
841
590
286
-67
-418
-695
-859
-918
-907
-830
-716
-573
-414
-282
-196
-145
-99
-70
-49
-40
-52
-61
-72
-59
-19
9
-68
-330
-754
-1223
-1608
-1918
-2266
-2702
-3159
-3534
-3791
-3934
-3978
-3940
-3840
-3672
-3415
-3052
-2629
-2199
-1784
-1402
-1056
-735
-412
-104
135
313
477
681
933
1184
1415
1637
1871
2135
2422
2711
2955
3126
3227
3258
3230
3135
2956
2686
2330
1930
1539
1175
825
434
-20
-463
-807
-1008
-1154
-1325
-1490
-1581
-1552
-1457
-1332
-1168
-1014
-892
-778
-611
-371
-128
83
276
493
760
1067
1357
1610
1855
2108
2350
2536
2643
2670
2630
2506
2310
2079
1839
1569
1253
897
543
192
-157
-470
-723
-879
-931
-907
-825
-736
-672
-602
-523
-428
-331
-240
-182
-160
-156
-138
-80
-15
42
95
109
-61
-451
-922
-1294
-1593
-1966
-2453
-2998
-3447
-3746
-3914
-3967
-3934
-3852
-3739
-3534
-3215
-2829
-2419
-2006
-1622
-1290
-994
-701
-405
-135
51
203
402
656
915
1166
1404
1654
1938
2250
2554
2800
2973
3072
3119
3115
3054
2907
2668
2333
1924
1502
1102
722
309
-156
-593
-911
-1102
-1257
-1414
-1545
-1605
-1557
-1434
-1273
-1079
-874
-691
-515
-316
-98
120
322
519
724
988
1291
1546
1771
2010
2257
2499
2714
2837
2878
2873
2801
2651
2452
2221
1933
1578
1160
700
253
-141
-490
-755
-897
-960
-965
-935
-876
-771
-653
-539
-407
-259
-130
-62
-21
3
29
52
52
12
-124
-402
-812
-1259
-1646
-1986
-2375
-2853
-3371
-3797
-4046
-4154
-4156
-4089
-3965
-3782
-3514
-3140
-2706
-2271
-1881
-1540
-1225
-927
-626
-332
-80
111
263
454
716
1012
1315
1610
1899
2197
2505
2802
3040
3200
3274
3265
3180
3024
2777
2448
2059
1627
1199
826
464
44
-402
-794
-1050
-1217
-1347
-1473
-1602
-1660
-1641
-1530
-1364
-1191
-1036
-913
-755
-549
-305
-51
191
414
654
975
1323
1622
1889
2161
2402
2613
2808
2940
2979
2939
2843
2708
2555
2365
2093
1767
1422
1049
663
269
-117
-440
-615
-673
-701
-682
-651
-614
-593
-572
-519
-425
-302
-222
-184
-181
-195
-203
-160
-95
-132
-367
-819
-1358
-1825
-2186
-2568
-3061
-3611
-4070
-4331
-4418
-4395
-4269
-4066
-3831
-3526
-3110
-2622
-2142
-1706
-1317
-983
-678
-374
-78
172
346
478
663
928
1212
1466
1702
1942
2213
2535
2861
3118
3264
3289
3222
3103
2934
2689
2356
1941
1463
991
555
106
-363
-794
-1120
-1352
-1516
-1648
-1750
-1767
-1721
-1608
-1448
-1249
-1059
-892
-697
-504
-291
-55
182
380
585
859
1163
1453
1728
2011
2278
2532
2777
2987
3136
3210
3186
3072
2887
2652
2346
1951
1497
1011
577
195
-162
-447
-629
-727
-791
-811
-790
-721
-618
-536
-457
-388
-326
-289
-276
-255
-244
-203
-160
-173
-341
-708
-1187
-1670
-2083
-2472
-2882
-3317
-3728
-4035
-4194
-4211
-4144
-4000
-3801
-3542
-3213
-2817
-2377
-1950
-1558
-1212
-898
-589
-295
-26
202
401
610
874
1184
1483
1764
2032
2297
2569
2838
3069
3214
3256
3204
3079
2906
2673
2376
2011
1602
1176
756
339
-114
-559
-931
-1199
-1385
-1553
-1706
-1820
-1841
-1784
-1676
-1502
-1285
-1057
-810
-544
-302
-90
154
408
666
937
1217
1459
1654
1869
2090
2330
2566
2756
2888
2982
3015
2963
2842
2653
2430
2146
1831
1494
1114
726
311
-115
-506
-791
-976
-1065
-1028
-955
-853
-713
-557
-375
-211
-68
23
63
58
38
35
3
-227
-770
-1509
-2193
-2616
-2919
-3320
-3860
-4381
-4689
-4764
-4643
-4404
-4107
-3793
-3479
-3104
-2632
-2117
-1656
-1283
-990
-788
-583
-301
-4
217
352
523
824
1235
1664
2032
2350
2676
3001
3322
3583
3715
3711
3585
3379
3128
2839
2487
2036
1494
943
478
129
-212
-622
-1026
-1336
-1492
-1592
-1703
-1793
-1851
-1810
-1714
-1566
-1339
-1104
-904
-728
-506
-218
101
383
614
826
1077
1397
1697
1951
2193
2418
2618
2788
2937
3051
3086
3016
2861
2694
2542
2348
2052
1642
1197
744
295
-156
-594
-942
-1161
-1273
-1283
-1188
-1024
-820
-662
-527
-403
-298
-224
-212
-193
-170
-158
-223
-502
-1020
-1690
-2297
-2728
-3088
-3488
-3958
-4367
-4565
-4571
-4445
-4217
-3919
-3567
-3189
-2762
-2275
-1786
-1350
-1004
-737
-509
-274
-12
230
414
537
699
968
1322
1690
2011
2308
2617
2936
3231
3454
3574
3558
3413
3177
2878
2559
2203
1758
1246
725
283
-129
-534
-924
-1307
-1577
-1757
-1864
-1906
-1902
-1833
-1729
-1572
-1348
-1095
-835
-580
-325
-55
221
480
699
896
1098
1331
1592
1842
2078
2310
2530
2720
2889
3046
3153
3159
3100
2988
2836
2634
2336
1956
1502
1061
629
195
-213
-570
-832
-1029
-1132
-1142
-1050
-882
-698
-521
-351
-206
-134
-99
-116
-151
-228
-387
-712
-1286
-1979
-2646
-3142
-3532
-3922
-4341
-4717
-4913
-4917
-4746
-4460
-4126
-3768
-3390
-2970
-2497
-2008
-1569
-1214
-960
-758
-547
-293
-22
204
403
635
953
1346
1754
2129
2474
2819
3153
3452
3668
3762
3737
3595
3356
3061
2717
2320
1845
1328
826
386
16
-411
-855
-1257
-1505
-1620
-1750
-1834
-1901
-1871
-1758
-1625
-1393
-1097
-803
-545
-282
9
309
585
829
1036
1209
1446
1713
1940
2176
2424
2667
2878
3041
3162
3253
3271
3202
3083
2935
2755
2486
2122
1729
1302
862
431
-69
-556
-942
-1219
-1370
-1424
-1388
-1258
-1067
-866
-658
-483
-307
-185
-150
-108
-141
-292
-739
-1483
-2315
-3048
-3560
-4014
-4493
-5008
-5397
-5478
-5327
-5009
-4593
-4134
-3645
-3136
-2578
-1976
-1413
-946
-609
-411
-276
-149
33
223
332
417
609
958
1401
1858
2278
2674
3094
3513
3883
4125
4197
4120
3903
3581
3187
2731
2198
1590
940
328
-186
-694
-1162
-1572
-1836
-1946
-2009
-1977
-1926
-1810
-1672
-1502
-1262
-985
-717
-552
-376
-186
12
225
427
634
800
1049
1371
1696
2024
2383
2744
3027
3289
3497
3634
3659
3551
3373
3130
2871
2573
2203
1781
1295
778
288
-160
-586
-884
-1040
-1093
-1057
-950
-791
-615
-439
-269
-150
-60
-49
-90
-154
-290
-523
-987
-1631
-2382
-3073
-3570
-4020
-4459
-4900
-5264
-5388
-5282
-5019
-4658
-4248
-3832
-3405
-2939
-2426
-1938
-1510
-1156
-890
-678
-471
-227
40
287
498
753
1136
1580
2042
2480
2858
3218
3557
3851
4034
4068
3968
3748
3438
3055
2623
2130
1586
1006
457
-32
-527
-989
-1400
-1699
-1912
-2051
-2111
-2141
-2087
-1983
-1820
-1583
-1316
-1040
-798
-524
-241
38
315
611
897
1136
1429
1746
2049
2331
2633
2926
3157
3374
3544
3655
3681
3630
3508
3295
3028
2687
2328
1982
1614
1207
768
316
-138
-497
-744
-899
-945
-908
-839
-788
-717
-587
-465
-371
-355
-400
-473
-583
-776
-1231
-1944
-2752
-3414
-3888
-4354
-4895
-5452
-5811
-5877
-5732
-5464
-5087
-4631
-4139
-3613
-3030
-2387
-1783
-1259
-852
-569
-352
-131
137
378
526
628
831
1203
1650
2096
2503
2901
3319
3710
4042
4247
4305
4237
4048
3752
3381
2935
2399
1763
1091
456
-155
-713
-1224
-1625
-1928
-2140
-2241
-2285
-2211
-2069
-1866
-1607
-1318
-974
-669
-374
-93
168
417
657
885
1061
1257
1492
1738
1995
2283
2592
2873
3129
3361
3542
3657
3697
3628
3456
3214
2923
2567
2179
1760
1284
821
365
-84
-509
-877
-1169
-1371
-1423
-1342
-1190
-1008
-797
-590
-401
-273
-212
-186
-232
-384
-809
-1551
-2442
-3236
-3812
-4355
-4953
-5574
-6010
-6114
-5977
-5675
-5247
-4721
-4159
-3569
-2918
-2229
-1587
-1057
-639
-363
-182
0
214
400
491
522
658
988
1437
1902
2333
2772
3256
3727
4137
4428
4556
4530
4356
4050
3649
3164
2588
1908
1178
463
-202
-770
-1312
-1766
-2131
-2356
-2418
-2408
-2308
-2200
-2020
-1750
-1428
-1084
-768
-501
-287
-63
151
385
618
819
1031
1253
1524
1842
2174
2511
2848
3170
3461
3707
3866
3943
3891
3726
3469
3145
2794
2376
1896
1370
869
397
-50
-460
-836
-1107
-1260
-1265
-1151
-945
-728
-554
-416
-332
-244
-201
-189
-243
-451
-942
-1731
-2624
-3362
-3870
-4395
-5025
-5681
-6109
-6182
-5992
-5623
-5162
-4637
-4091
-3508
-2861
-2178
-1531
-1018
-623
-357
-191
-26
169
333
409
457
638
995
1456
1921
2343
2775
3266
3759
4190
4483
4596
4542
4340
4015
3591
3084
2473
1777
1032
325
-320
-923
-1472
-1921
-2222
-2400
-2467
-2451
-2354
-2196
-1997
-1750
-1458
-1119
-805
-562
-353
-133
89
314
552
772
1009
1283
1589
1900
2215
2581
2954
3282
3550
3754
3885
3916
3841
3697
3504
3239
2895
2464
1974
1474
979
501
46
-390
-761
-1012
-1164
-1196
-1137
-996
-849
-722
-576
-439
-320
-251
-212
-248
-436
-983
-1864
-2831
-3602
-4113
-4657
-5309
-5942
-6311
-6338
-6113
-5740
-5265
-4703
-4110
-3456
-2732
-1969
-1288
-745
-335
-79
85
243
449
603
655
686
853
1244
1733
2189
2598
3012
3498
3996
4406
4667
4752
4671
4446
4107
3658
3098
2417
1649
843
105
-492
-1051
-1622
-2151
-2507
-2644
-2647
-2592
-2506
-2347
-2109
-1822
-1508
-1146
-810
-565
-383
-196
36
244
434
597
744
966
1258
1582
1876
2197
2583
2971
3313
3604
3823
3922
3889
3725
3482
3166
2765
2272
1741
1228
716
236
-220
-627
-943
-1135
-1179
-1158
-1034
-857
-672
-486
-313
-124
27
84
86
40
-101
-451
-1157
-2077
-2959
-3582
-4061
-4648
-5280
-5799
-6014
-5936
-5658
-5237
-4718
-4134
-3533
-2899
-2206
-1511
-920
-444
-119
72
213
406
627
774
852
948
1203
1614
2055
2468
2867
3313
3781
4187
4492
4641
4634
4463
4152
3747
3235
2626
1891
1080
242
-560
-1259
-1892
-2425
-2833
-3078
-3163
-3155
-3043
-2872
-2620
-2301
-1948
-1572
-1226
-913
-688
-507
-321
-115
110
325
569
825
1104
1422
1769
2132
2509
2917
3284
3580
3809
3975
4038
3974
3825
3581
3257
2827
2343
1848
1391
978
540
117
-261
-536
-677
-705
-646
-562
-454
-323
-192
-70
0
17
-12
-73
-167
-390
-930
-1777
-2720
-3469
-3959
-4436
-5021
-5648
-6056
-6108
-5917
-5577
-5142
-4632
-4082
-3497
-2832
-2114
-1443
-894
-469
-172
47
272
532
748
857
910
1081
1451
1912
2345
2712
3080
3497
3926
4290
4515
4573
4474
4233
3891
3466
2955
2320
1607
848
143
-459
-1024
-1574
-2143
-2575
-2812
-2884
-2868
-2851
-2741
-2556
-2272
-1959
-1606
-1258
-970
-729
-505
-214
55
308
498
661
886
1154
1484
1789
2101
2457
2830
3181
3471
3716
3849
3872
3780
3621
3417
3116
2726
2225
1699
1212
753
365
21
-250
-428
-516
-562
-577
-527
-437
-327
-235
-134
-30
23
30
-50
-166
-372
-915
-1813
-2878
-3738
-4309
-4830
-5457
-6116
-6535
-6603
-6414
-6054
-5546
-4949
-4324
-3668
-2937
-2171
-1481
-879
-401
-58
160
359
617
841
962
1023
1197
1572
2044
2490
2882
3285
3751
4243
4663
4928
5020
4945
4722
4373
3918
3363
2687
1905
1073
299
-345
-971
-1596
-2193
-2617
-2807
-2881
-2874
-2831
-2685
-2423
-2107
-1762
-1383
-1020
-750
-531
-312
-45
183
364
536
677
886
1196
1534
1834
2163
2564
2979
3316
3593
3823
3916
3887
3748
3539
3253
2859
2353
1791
1271
803
393
12
-327
-610
-818
-936
-1001
-982
-851
-658
-489
-307
-127
16
58
-18
-132
-300
-539
-1062
-1962
-3087
-4035
-4628
-5137
-5759
-6480
-6939
-6998
-6761
-6335
-5808
-5192
-4536
-3852
-3111
-2319
-1583
-956
-457
-131
62
250
544
851
1027
1105
1296
1707
2271
2826
3280
3718
4228
4760
5210
5484
5565
5465
5195
4772
4237
3629
2933
2124
1237
384
-397
-1067
-1688
-2209
-2628
-2870
-2899
-2853
-2702
-2523
-2266
-1927
-1558
-1203
-892
-590
-341
-138
47
274
467
621
821
1060
1363
1712
2100
2492
2890
3291
3655
3945
4138
4235
4190
4013
3714
3301
2836
2320
1740
1167
661
201
-230
-602
-879
-1055
-1136
-1132
-1085
-1003
-859
-701
-545
-399
-293
-272
-329
-440
-556
-770
-1349
-2346
-3538
-4409
-4902
-5368
-6022
-6778
-7241
-7284
-7030
-6626
-6085
-5437
-4768
-4069
-3288
-2429
-1644
-985
-473
-132
90
336
682
1009
1192
1280
1519
2010
2615
3163
3595
4027
4544
5094
5543
5794
5835
5676
5327
4837
4264
3621
2854
1985
1055
194
-505
-1168
-1807
-2453
-2956
-3201
-3259
-3205
-3142
-2981
-2694
-2325
-1902
-1461
-1041
-715
-427
-132
200
525
793
1022
1216
1476
1815
2203
2560
2903
3287
3660
3987
4215
4398
4480
4418
4256
4007
3695
3259
2715
2102
1462
867
312
-210
-699
-1074
-1300
-1358
-1326
-1276
-1140
-955
-711
-488
-296
-168
-173
-245
-399
-525
-707
-1222
-2155
-3376
-4376
-4963
-5441
-6055
-6816
-7370
-7504
-7301
-6882
-6329
-5688
-5008
-4331
-3570
-2725
-1928
-1260
-744
-388
-170
65
406
756
986
1082
1289
1749
2368
2976
3464
3920
4427
4970
5447
5744
5831
5714
5410
4962
4400
3764
3018
2173
1251
381
-383
-1104
-1784
-2402
-2843
-3087
-3170
-3136
-3044
-2824
-2513
-2151
-1741
-1292
-859
-509
-203
94
408
712
996
1228
1418
1665
1952
2233
2522
2858
3228
3589
3912
4157
4339
4424
4380
4202
3927
3585
3114
2510
1844
1180
566
42
-415
-807
-1053
-1208
-1294
-1308
-1253
-1104
-948
-799
-645
-526
-426
-387
-422
-507
-656
-820
-1265
-2121
-3283
-4351
-4998
-5474
-6034
-6748
-7306
-7442
-7259
-6892
-6406
-5798
-5130
-4441
-3684
-2849
-2052
-1368
-785
-332
-7
272
630
1004
1288
1438
1627
2041
2622
3211
3686
4110
4589
5093
5550
5843
5922
5812
5527
5081
4510
3866
3118
2265
1346
487
-319
-1056
-1731
-2343
-2815
-3136
-3261
-3288
-3232
-3068
-2815
-2482
-2088
-1631
-1185
-778
-451
-145
164
485
781
1000
1220
1493
1797
2099
2438
2786
3132
3474
3780
4031
4197
4282
4259
4093
3845
3528
3108
2586
2009
1434
915
456
20
-398
-750
-993
-1143
-1188
-1138
-1032
-911
-771
-586
-448
-334
-269
-284
-333
-422
-524
-899
-1738
-2908
-4030
-4777
-5299
-5884
-6649
-7360
-7646
-7526
-7146
-6621
-5989
-5300
-4623
-3900
-3064
-2225
-1493
-901
-465
-168
70
375
731
1011
1151
1312
1705
2294
2928
3461
3921
4411
4943
5460
5829
5973
5906
5647
5221
4681
4071
3377
2550
1632
718
-67
-756
-1401
-1993
-2541
-2895
-3044
-3063
-3033
-2966
-2777
-2511
-2176
-1770
-1339
-973
-668
-387
-88
245
557
823
1043
1300
1618
1960
2295
2631
2962
3287
3617
3893
4102
4244
4290
4196
3998
3737
3384
2920
2369
1818
1301
839
417
-24
-425
-716
-894
-968
-988
-892
-782
-689
-590
-517
-424
-382
-392
-484
-650
-808
-952
-1286
-2007
-3057
-4132
-4873
-5395
-5935
-6610
-7236
-7519
-7466
-7178
-6763
-6202
-5565
-4905
-4192
-3399
-2556
-1799
-1158
-641
-264
55
399
805
1148
1349
1551
1931
2483
3071
3577
4014
4457
4923
5355
5666
5810
5783
5579
5205
4705
4139
3502
2745
1898
1047
294
-422
-1121
-1782
-2324
-2686
-2892
-2989
-3054
-3013
-2821
-2535
-2192
-1802
-1362
-961
-614
-285
66
422
732
991
1207
1459
1761
2074
2360
2642
2974
3315
3639
3903
4104
4232
4251
4169
3993
3764
3447
2980
2412
1806
1227
684
170
-308
-731
-1032
-1208
-1301
-1324
-1255
-1120
-962
-806
-640
-497
-415
-374
-392
-455
-567
-710
-1030
-1733
-2723
-3766
-4543
-5101
-5659
-6331
-7004
-7351
-7342
-7087
-6687
-6167
-5553
-4900
-4185
-3400
-2596
-1883
-1294
-825
-462
-144
194
559
860
1048
1228
1578
2106
2685
3201
3659
4143
4663
5169
5553
5736
5739
5577
5272
4841
4323
3724
2987
2156
1307
558
-97
-764
-1392
-1973
-2376
-2605
-2733
-2788
-2813
-2698
-2518
-2263
-1936
-1544
-1158
-862
-569
-255
102
425
703
955
1196
1498
1827
2157
2458
2785
3142
3488
3788
4016
4179
4224
4154
3993
3788
3523
3135
2636
2089
1540
1004
510
48
-359
-671
-865
-981
-1030
-1013
-959
-893
-846
-758
-643
-548
-523
-554
-633
-754
-884
-1011
-1275
-1870
-2770
-3744
-4464
-4959
-5461
-6097
-6730
-7073
-7115
-6946
-6639
-6180
-5617
-5028
-4390
-3650
-2863
-2149
-1532
-999
-554
-174
234
665
1023
1254
1452
1783
2258
2782
3253
3661
4079
4538
4988
5333
5528
5562
5436
5165
4789
4349
3825
3169
2398
1612
886
268
-342
-1009
-1648
-2181
-2486
-2651
-2740
-2778
-2759
-2585
-2329
-2002
-1607
-1180
-813
-503
-142
249
616
893
1138
1353
1567
1875
2184
2430
2648
2917
3203
3440
3644
3817
3902
3856
3737
3564
3306
2932
2422
1828
1231
695
192
-283
-716
-1071
-1307
-1411
-1418
-1366
-1269
-1144
-1011
-897
-756
-615
-532
-491
-508
-588
-713
-830
-926
-1263
-1916
-2763
-3534
-4031
-4414
-4874
-5525
-6111
-6350
-6302
-6100
-5802
-5367
-4890
-4416
-3859
-3189
-2494
-1870
-1337
-900
-543
-185
232
641
950
1145
1380
1758
2239
2717
3124
3502
3911
4353
4767
5056
5196
5202
5070
4817
4485
4084
3561
2901
2165
1433
767
171
-438
-1092
-1695
-2145
-2418
-2587
-2707
-2773
-2741
-2586
-2358
-2071
-1715
-1356
-1044
-715
-327
66
409
708
985
1246
1524
1863
2183
2456
2739
3044
3327
3543
3734
3859
3878
3808
3677
3486
3194
2813
2337
1814
1285
776
303
-152
-556
-878
-1117
-1305
-1434
-1490
-1455
-1344
-1200
-1026
-877
-766
-699
-656
-634
-674
-769
-921
-1075
-1164
-1342
-1784
-2472
-3185
-3646
-3965
-4320
-4823
-5357
-5657
-5734
-5652
-5484
-5199
-4826
-4446
-4010
-3462
-2823
-2224
-1676
-1176
-732
-312
144
629
1038
1320
1581
1950
2400
2840
3219
3561
3894
4227
4534
4776
4935
4971
4896
4732
4487
4180
3796
3323
2756
2130
1536
976
397
-201
-764
-1257
-1626
-1907
-2133
-2285
-2371
-2330
-2211
-1997
-1712
-1422
-1150
-879
-554
-238
63
334
566
769
972
1220
1447
1646
1860
2106
2359
2588
2794
2949
3025
3009
2943
2833
2625
2314
1894
1422
952
483
27
-423
-860
-1239
-1515
-1692
-1816
-1866
-1837
-1746
-1599
-1427
-1227
-1061
-923
-804
-711
-632
-602
-593
-635
-681
-716
-728
-763
-1008
-1419
-1927
-2287
-2521
-2818
-3223
-3719
-4058
-4224
-4283
-4289
-4195
-3982
-3748
-3456
-3060
-2550
-2034
-1549
-1059
-603
-163
298
774
1176
1480
1768
2118
2487
2828
3127
3385
3618
3845
4051
4193
4268
4274
4210
4077
3874
3618
3273
2822
2304
1759
1185
559
-76
-704
-1304
-1833
-2265
-2581
-2803
-2878
-2850
-2742
-2522
-2241
-1921
-1597
-1225
-828
-418
9
371
668
927
1200
1463
1675
1878
2051
2214
2371
2523
2667
2783
2871
2891
2833
2712
2529
2256
1892
1483
1042
571
86
-385
-826
-1216
-1540
-1800
-2006
-2131
-2158
-2106
-1995
-1839
-1645
-1451
-1238
-1035
-842
-648
-493
-385
-333
-303
-303
-330
-355
-410
-444
-504
-688
-999
-1368
-1628
-1862
-2129
-2472
-2850
-3107
-3259
-3334
-3390
-3369
-3251
-3085
-2858
-2549
-2140
-1718
-1304
-874
-436
-3
422
838
1200
1490
1775
2100
2412
2664
2876
3079
3269
3449
3608
3723
3782
3781
3729
3623
3464
3248
2947
2591
2138
1624
1135
719
353
-34
-408
-763
-1030
-1199
-1349
-1449
-1471
-1401
-1314
-1218
-1104
-1029
-1001
-960
-861
-780
-703
-604
-512
-428
-325
-163
12
195
419
661
881
1062
1220
1344
1417
1430
1375
1256
1069
814
485
136
-206
-540
-855
-1137
-1392
-1614
-1746
-1794
-1778
-1691
-1529
-1345
-1143
-904
-662
-437
-253
-80
50
149
244
314
361
371
398
413
428
428
470
512
418
189
-141
-423
-685
-973
-1347
-1779
-2112
-2353
-2522
-2654
-2670
-2585
-2478
-2302
-2009
-1611
-1209
-808
-382
12
362
712
1049
1328
1544
1762
2048
2349
2623
2864
3083
3289
3526
3792
3950
3870
3670
3545
3363
3036
2567
1871
985
74
-760
-1497
-2154
-2736
-3191
-3400
-3187
-2543
-1749
-1071
-639
-435
-393
-433
-474
-487
-421
-301
-156
-35
-40
-174
-349
-493
-567
-561
-478
-364
-262
-145
-20
70
115
137
146
132
109
98
93
74
39
-7
-48
-86
-146
-210
-283
-383
-475
-543
-586
-589
-555
-489
-395
-260
-92
77
238
396
555
699
820
909
961
992
998
987
960
912
854
790
765
754
640
379
45
-267
-557
-872
-1233
-1640
-2009
-2290
-2514
-2707
-2806
-2749
-2567
-2285
-1876
-1356
-755
-36
711
1312
1739
2083
2356
2441
2378
2306
2265
2242
2229
2227
2284
2367
2365
2342
2328
2289
2295
2268
2114
1795
1335
790
143
-616
-1531
-2690
-4142
-5863
-7981
-10002
-10598
-8757
-5361
-2669
-1672
-1989
-2445
-2113
-1107
101
1096
1664
1750
1496
1209
1207
1690
2452
3020
3168
2963
2860
3200
3859
4590
5162
5465
5506
5241
4568
3646
2801
2192
1830
1602
1369
1030
576
44
-461
-865
-1156
-1355
-1505
-1617
-1700
-1745
-1750
-1720
-1679
-1638
-1605
-1614
-1614
-1586
-1523
-1458
-1425
-1401
-1394
-1397
-1405
-1385
-1357
-1308
-1252
-1192
-1130
-1029
-937
-938
-1060
-1291
-1547
-1817
-2086
-2322
-2455
-2432
-2210
-1789
-1257
-628
39
599
1132
1813
2433
2690
2556
2169
1681
1399
1485
1746
2008
2140
2096
1946
1779
1692
1680
1629
1428
1185
1049
1034
1117
1206
1174
911
436
-155
-694
-1115
-1513
-1967
-2458
-2823
-2959
-2862
-2553
-2154
-1842
-1737
-1760
-1729
-1652
-1534
-1319
-971
-546
-213
-40
-14
-78
-126
-72
109
382
702
1029
1360
1676
1959
2224
2485
2699
2821
2848
2805
2732
2662
2588
2493
2340
2124
1881
1617
1356
1102
870
650
443
244
65
-78
-194
-306
-425
-529
-635
-727
-810
-866
-901
-945
-1008
-1095
-1183
-1264
-1354
-1458
-1562
-1658
-1718
-1740
-1716
-1663
-1558
-1417
-1269
-1093
-940
-821
-762
-724
-706
-718
-739
-804
-867
-961
-1071
-1219
-1362
-1420
-1388
-1301
-1202
-1047
-874
-688
-483
-234
5
182
294
357
327
191
53
-88
-211
-303
-331
-277
-224
-287
-470
-634
-759
-837
-864
-682
-155
745
1643
2071
1892
1094
435
484
1117
1982
2662
3024
3037
2816
2535
2340
2284
2356
2574
2913
3234
3476
3647
3699
3649
3501
3309
3096
2839
2527
2155
1749
1348
998
717
477
239
-10
-257
-479
-672
-823
-934
-1034
-1130
-1246
-1363
-1468
-1566
-1658
-1738
-1801
-1872
-1968
-2070
-2186
-2293
-2351
-2365
-2321
-2245
-2161
-2064
-1974
-1883
-1806
-1733
-1663
-1625
-1594
-1581
-1578
-1607
-1623
-1618
-1623
-1608
-1572
-1507
-1422
-1305
-1173
-1045
-926
-828
-748
-667
-578
-488
-415
-367
-324
-293
-251
-212
-164
-102
-67
-37
-16
24
86
160
255
339
404
447
479
539
637
750
808
749
595
401
224
97
36
45
83
121
118
81
57
55
79
106
157
254
400
551
638
637
542
458
461
533
632
705
722
687
616
532
460
409
381
372
368
360
351
347
341
318
280
236
199
170
147
123
98
75
53
35
20
11
8
10
13
18
23
30
40
52
67
80
93
104
115
124
130
139
149
160
172
184
193
199
198
196
192
186
180
174
169
163
157
155
153
152
151
153
155
153
153
150
144
137
129
117
103
94
82
74
69
63
54
46
38
32
27
24
17
13
6
-2
-8
-13
-15
-18
-23
-28
-35
-39
-42
-42
-41
-41
-47
-54
-57
-51
-40
-25
-13
-4
1
0
-2
-3
-5
-4
-4
-4
-7
-8
-9
-9
-7
-6
-5
-6
-8
-12
-12
-8
-4
1
5
7
10
10
13
16
19
24
30
36
42
45
45
45
44
43
42
39
35
30
24
19
15
11
8
5
2
-2
-6
-8
-11
-14
-15
-16
-18
-21
-23
-23
-25
-25
-26
-27
-28
-29
-30
-31
-31
-31
-31
-29
-28
-26
-25
-23
-22
-21
-19
-19
-18
-17
-18
-17
-17
-17
-18
-16
-17
-17
-15
-14
-13
-11
-9
-9
-7
-6
-5
-5
-4
-4
-3
-3
-3
-3
-3
-3
-3
-3
-4
-4
-3
-3
-3
-2
-2
-1
-1
-1
1
2
2
3
1
1
-1
-2
-2
-2
-2
-2
-1
-2
-2
-2
-2
-2
-1
1
5
8
11
11
8
6
7
9
12
15
17
16
15
14
12
11
11
12
13
14
15
16
15
16
15
13
13
11
10
9
7
6
4
2
1
0
-1
-3
-4
-4
-6
-6
-6
-7
-7
-6
-6
-6
-6
-6
-7
-7
-6
-6
-6
-7
-5
-5
-6
-6
-4
-4
-4
-4
-3
-3
-3
-3
-2
-2
-2
-2
0
0
-1
-1
0
-1
0
-1
0
0
0
0
-1
0
0
-1
0
-1
-1
-1
0
0
0
-1
0
0
0
0
-1
0
-1
0
0
0
0
0
0
0
-1
0
0
-1
0
-1
0
0
0
0
0
-1
-1
0
0
-1
0
-1
-1
0
-1
0
-1
-1
-1
-1
-1
-1
0
0
-1
-1
0
-1
0
-1
0
0
-1
0
0
-1
0
0
0
0
-1
0
-1
0
0
-1
0
-1
-1
-1
0
-1
0
0
0
-1
0
0
0
-1
-1
0
0
-1
-1
-1
0
-1
0
-1
-1
0
0
0
-1
0
0
0
0
0
0
-1
0
0
0
0
0
-1
0
-1
0
-1
-1
-1
-1
-1
-1
-1
-1
0
-1
0
-2
-1
0
-1
-1
-1
-1
0
-1
-1
0
-1
-1
0
0
-1
-1
0
-1
0
0
0
-1
0
1
-1
0
0
0
0
-1
-1
0
0
-1
0
1
0
0
-1
-1
-1
0
0
-1
-1
0
-1
-1
0
0
-1
0
0
0
-1
0
0
0
1
-1
-1
0
-1
0
1
0
0
-1
0
0
0
0
-1
0
-1
-1
0
-1
-1
-1
0
0
0
0
-1
0
-1
-1
0
0
0
0
-1
0
0
0
0
0
0
0
0
0
-1
0
-1
0
0
0
-1
-1
-1
0
0
-1
1
-1
-1
-1
0
-1
-1
0
0
0
0
-1
-1
-1
0
0
-1
-1
-1
0
0
-1
0
-1
0
-1
-1
-1
0
-1
0
0
-1
-1
-1
0
0
0
0
-1
0
0
-1
0
0
0
0
0
0
0
0
0
-1
0
-1
-1
0
-1
0
0
0
0
0
0
0
-1
0
-1
0
-1
0
0
0
0
0
-1
-1
0
-1
0
0
-1
0
-1
0
0
0
-1
0
0
0
0
0
-1
0
-1
-1
0
-1
0
0
0
0
0
0
0
-1
0
0
0
0
0
0
-1
-1
0
0
0
0
0
-1
0
0
0
1
0
0
-1
0
-1
-1
-1
0
0
0
-1
0
-1
0
-1
-1
-1
0
-1
0
0
0
0
0
0
-1
0
0
0
-1
-1
0
-1
0
-1
-1
0
0
0
-1
-1
-1
-1
0
0
0
-1
0
0
-1
0
-1
0
0
-1
-1
0
0
0
-1
0
0
0
0
-1
0
0
0
0
0
0
0
0
-1
0
-1
-1
0
0
0
0
-1
-1
0
0
0
0
-1
-1
0
-1
0
0
0
0
0
0
0
0
-1
-1
0
0
0
0
0
0
0
0
0
-1
-1
0
0
-1
-1
-1
0
-1
0
0
0
0
0
-1
0
-1
0
0
-1
0
0
1
0
0
-1
0
0
-1
0
-1
0
0
0
0
-1
0
0
0
0
-1
0
0
-1
0
0
-1
-1
-1
0
0
-1
0
-1
0
-1
0
-1
0
-1
0
0
-1
0
-1
0
0
0
0
0
0
-1
0
-1
0
0
0
-1
0
0
0
0
0
0
-1
-1
-1
0
0
0
0
0
0
0
-1
0
0
1
-1
-1
0
0
0
-1
0
0
-1
0
-1
0
0
-1
0
-1
0
0
-1
0
-1
0
0
0
0
0
-1
0
-1
0
-1
0
0
0
0
0
0
-1
0
0
0
0
-1
0
0
-1
-1
0
-1
0
0
0
0
-1
0
0
0
0
1
-1
0
0
0
0
0
0
-1
-1
0
0
0
0
0
-1
0
0
0
0
0
0
-1
0
0
-1
-1
0
0
-1
-1
0
0
0
-1
0
-1
-1
-1
0
0
0
0
-1
-1
-1
-1
0
0
0
-1
0
0
0
-1
0
0
-1
-1
0
0
0
0
0
-1
-1
0
0
0
0
0
-1
-1
0
0
0
0
0
0
0
-1
0
-1
0
0
-1
0
0
0
0
0
-1
-1
0
0
-1
0
-1
-1
0
0
0
0
0
0
-1
0
-1
0
0
0
-1
0
0
0
1
0
-1
0
0
-1
1
0
-1
0
-1
0
