0
1
0
-1
-2
-1
-1
-2
-1
-1
-1
0
-1
-1
0
-1
0
-1
1
1
2
2
1
1
2
2
1
1
-1
0
0
0
0
0
0
-2
-1
0
0
0
0
0
0
1
0
0
-1
-2
-2
-3
-3
-2
-2
-3
-2
-3
-2
-1
0
0
-1
0
-1
-1
0
0
0
1
0
-1
-1
0
1
1
2
2
1
0
-2
-1
-1
0
1
1
1
1
0
1
0
1
1
1
2
3
2
1
0
0
-2
-1
0
0
1
2
1
2
2
-1
-4
-4
-1
-1
1
-3
6
9
2
-1
-8
-3
1
9
5
2
4
2
5
4
-1
-2
-2
-4
-2
1
6
2
1
-3
-4
-3
-3
-1
0
2
2
0
0
-2
-4
-4
-5
-2
0
-1
1
0
0
-3
-4
-2
-1
1
1
-1
-1
-1
-1
-2
-2
-2
-1
-1
1
2
2
3
2
0
0
-2
-1
0
1
0
1
1
1
2
-1
0
0
1
1
1
1
1
1
1
0
0
1
0
1
-1
0
0
-1
-2
-1
1
2
2
1
2
1
-1
-3
-3
-3
-3
-1
0
1
1
0
-1
-1
-2
-2
-1
2
2
2
1
1
1
1
0
0
1
1
0
-1
-1
-1
0
1
1
1
3
4
3
2
1
-1
-2
-1
-1
0
2
2
2
2
1
1
0
0
-1
-2
-3
-3
-1
-1
-1
-1
-1
-1
-1
-1
-1
0
0
-1
0
-1
0
1
0
0
1
0
0
-1
0
-1
0
0
0
0
1
2
0
0
0
0
0
-1
-1
0
0
-1
1
1
1
1
0
0
-1
0
0
0
-1
1
0
0
1
0
0
0
0
1
-1
0
0
0
1
0
0
0
-1
0
1
0
1
-1
0
1
0
0
0
0
0
-1
0
0
0
0
0
0
0
0
0
0
-1
0
0
0
0
0
-1
0
0
1
0
0
0
0
0
0
-1
0
-1
0
0
0
0
0
-1
0
1
0
1
0
0
0
0
0
0
0
0
0
0
0
-1
0
0
0
0
0
0
1
0
0
0
0
1
-1
0
0
0
0
0
0
0
0
-1
0
0
0
0
0
0
0
0
0
0
0
0
0
0
0
0
0
0
1
0
0
0
-1
0
0
0
1
0
0
0
-1
0
0
0
0
1
1
0
1
0
0
-1
0
-1
0
0
0
0
-1
0
0
0
0
0
0
0
0
1
0
0
0
0
0
0
0
0
0
0
0
0
0
0
0
0
0
0
1
0
0
0
1
0
0
0
0
0
0
0
0
1
1
0
0
1
0
0
0
0
0
1
0
0
-1
1
0
-1
-1
0
0
0
0
0
1
0
1
0
0
0
1
0
-1
0
-1
0
0
-1
0
0
0
-1
0
0
0
0
0
0
0
0
1
-1
0
0
0
0
-1
0
0
0
0
0
1
0
0
0
0
1
0
0
0
1
1
0
0
0
0
0
0
0
1
0
1
0
-1
0
0
0
1
0
0
1
0
0
0
1
1
1
1
1
0
0
0
0
0
0
0
0
0
0
0
0
-1
-1
0
0
-1
-1
-1
0
0
0
0
0
0
0
-1
1
0
1
0
0
0
0
1
1
0
0
1
1
0
0
0
0
0
0
0
0
0
1
0
0
0
0
1
-1
1
0
0
0
0
1
1
0
1
0
0
0
1
0
1
0
1
1
0
0
0
1
0
0
0
0
0
-1
0
-1
-1
-1
0
-1
-1
-1
0
-1
0
-1
-2
-2
-2
-1
-2
-1
-1
-2
-2
-2
-3
-2
-2
-2
-3
-3
-2
-3
-3
-4
-3
-4
-5
-5
-6
-6
-5
-5
-4
-4
-2
-1
-2
-1
-1
0
1
1
2
4
4
5
6
7
7
7
8
9
9
9
9
10
12
16
16
14
10
10
8
7
5
3
1
1
1
0
-2
-5
-6
-7
-8
-9
-8
-8
-4
-3
-3
-4
-4
-2
-3
-4
-5
-4
-2
0
0
-3
-5
-8
-9
-10
-12
-12
-13
-11
-9
-10
-10
-10
-10
-10
-10
-11
-9
-8
-5
-2
-2
-2
-2
0
1
2
2
1
3
5
8
9
9
9
9
10
10
9
11
15
18
20
21
23
23
25
25
26
26
26
28
31
35
39
40
40
39
40
43
47
51
55
62
71
77
80
76
69
60
46
34
23
19
17
9
-1
-8
-12
-26
-50
-68
-80
-90
-101
-107
-106
-102
-109
-119
-128
-141
-163
-202
-237
-249
-228
-182
-146
-120
-103
-78
-50
-31
-22
-23
-15
2
27
58
80
95
92
73
44
19
0
-14
-25
-27
-19
-8
1
5
7
5
3
0
5
24
55
89
115
136
146
149
143
136
126
114
106
103
111
117
114
100
77
53
33
21
13
8
11
23
36
45
46
41
30
17
6
3
7
14
18
20
17
3
-28
-73
-103
-103
-83
-59
-39
-7
23
41
37
26
19
14
17
20
31
53
81
101
98
78
51
27
9
7
24
46
59
57
51
47
27
-27
-111
-174
-185
-161
-131
-102
-45
7
18
-20
-61
-68
-81
-103
-132
-114
-47
31
102
129
126
94
38
-17
-81
-167
-337
-568
-730
-714
-552
-405
-378
-426
-436
-363
-254
-157
-96
-38
38
145
282
422
539
568
492
360
251
211
202
178
118
48
10
2
-6
-46
-114
-177
-212
-210
-160
-56
74
175
231
261
295
335
358
352
318
282
267
270
268
227
116
-49
-202
-269
-233
-152
-83
-26
46
127
175
188
173
143
123
121
150
202
256
288
280
240
184
116
47
-15
-54
-61
-48
-25
4
20
13
-20
-60
-85
-90
-76
-56
-36
-2
43
92
127
141
136
109
74
55
50
47
42
29
9
-41
-95
-130
-165
-230
-320
-366
-364
-353
-359
-355
-316
-277
-310
-500
-826
-1168
-1350
-1272
-1010
-714
-501
-367
-248
-121
1
57
48
26
50
171
373
606
785
831
727
535
344
189
68
-31
-108
-133
-88
1
70
76
14
-75
-146
-169
-124
-16
129
288
434
557
636
661
618
512
375
264
225
248
290
311
287
223
134
44
-29
-98
-183
-272
-304
-236
-97
41
117
151
173
197
202
203
225
261
304
334
348
341
298
217
111
9
-77
-131
-155
-147
-116
-84
-63
-52
-42
-39
-56
-85
-95
-61
11
92
150
169
162
145
121
92
75
66
66
73
84
90
36
-109
-305
-449
-470
-408
-329
-280
-252
-240
-263
-329
-404
-449
-467
-455
-461
-510
-627
-827
-1016
-1100
-1060
-953
-839
-700
-529
-336
-171
-60
19
71
124
192
279
385
505
610
677
677
607
494
367
243
134
49
-2
-21
-7
18
37
44
34
20
18
41
101
190
289
386
466
517
543
543
509
423
297
167
79
54
76
117
149
170
180
165
126
74
38
50
104
180
263
331
373
389
380
338
273
202
153
146
170
198
214
217
205
167
95
5
-76
-127
-137
-117
-81
-39
-1
20
15
-4
-30
-51
-52
-20
50
132
192
211
184
114
17
-85
-173
-258
-337
-377
-351
-284
-242
-275
-371
-486
-591
-675
-744
-781
-784
-767
-722
-675
-659
-736
-914
-1107
-1216
-1197
-1075
-879
-627
-354
-97
102
227
281
282
264
269
313
384
483
583
647
654
604
513
393
240
77
-44
-89
-75
-27
39
107
165
206
226
221
200
197
252
342
403
414
397
365
309
248
216
228
258
308
402
504
565
565
524
466
409
356
295
252
241
252
273
285
266
234
203
167
144
150
173
199
228
268
303
310
272
203
121
32
-46
-98
-132
-151
-162
-176
-195
-210
-230
-253
-276
-286
-264
-231
-201
-176
-189
-260
-336
-339
-254
-132
-49
-22
-33
-117
-331
-607
-775
-760
-605
-432
-342
-300
-291
-365
-515
-646
-694
-654
-544
-420
-360
-426
-652
-918
-1057
-1061
-994
-875
-690
-422
-117
143
302
372
370
340
346
387
452
538
624
703
764
769
691
556
406
273
160
76
37
58
119
179
226
242
222
189
159
156
180
201
219
245
291
348
386
393
379
369
374
387
400
416
436
451
461
453
407
325
239
172
134
112
89
76
91
118
140
149
136
120
108
97
84
82
85
91
102
103
77
20
-65
-147
-196
-213
-213
-207
-197
-174
-146
-138
-164
-213
-248
-254
-242
-215
-179
-154
-155
-168
-169
-176
-212
-284
-354
-367
-340
-308
-285
-278
-261
-212
-145
-88
-80
-123
-183
-232
-256
-253
-214
-125
-4
91
61
-200
-707
-1336
-1832
-1998
-1867
-1572
-1214
-818
-379
-5
199
216
131
51
54
188
438
746
1042
1249
1353
1335
1171
901
584
290
63
-94
-146
-56
140
313
354
283
170
45
-88
-188
-191
-69
158
444
723
929
1016
960
792
562
314
111
2
5
108
240
335
363
319
215
60
-108
-225
-238
-154
-13
158
312
395
389
318
219
118
30
-5
38
135
245
313
318
255
137
-20
-186
-318
-397
-414
-371
-295
-216
-174
-185
-234
-296
-355
-391
-396
-345
-240
-113
8
92
124
84
-2
-89
-173
-231
-304
-391
-418
-390
-308
-258
-272
-307
-352
-366
-366
-303
-186
-89
23
122
184
187
100
-6
-70
-58
14
145
296
347
201
-194
-807
-1511
-2110
-2455
-2440
-2113
-1618
-1008
-395
116
423
478
386
271
257
367
610
982
1368
1702
1909
1925
1760
1417
970
526
173
-34
-103
-90
-63
-64
-103
-185
-316
-473
-610
-650
-551
-336
-25
312
623
869
1012
1072
1051
968
873
777
699
634
579
515
388
174
-100
-351
-515
-618
-656
-622
-528
-396
-293
-227
-161
-121
-90
-46
25
151
308
460
566
626
621
517
353
156
-28
-172
-287
-343
-332
-299
-274
-279
-319
-374
-438
-497
-525
-494
-399
-265
-99
64
184
254
255
211
146
66
13
-12
-2
21
21
-11
-80
-167
-265
-377
-475
-555
-596
-565
-452
-299
-170
-105
-87
-78
-61
-33
4
68
168
300
459
567
605
593
420
-61
-898
-1781
-2220
-2112
-1751
-1519
-1418
-1202
-834
-442
-259
-344
-481
-476
-198
270
746
1141
1423
1624
1732
1709
1544
1220
846
575
470
502
528
467
371
261
129
-66
-326
-567
-714
-694
-530
-282
15
280
493
646
717
731
682
618
609
671
788
890
918
851
680
455
202
-51
-261
-407
-451
-418
-354
-276
-233
-229
-264
-320
-350
-359
-340
-261
-123
65
249
369
409
378
311
212
95
-7
-77
-90
-54
-28
-35
-94
-202
-322
-446
-543
-603
-615
-547
-422
-254
-106
-14
38
46
49
46
42
50
63
96
133
156
153
89
-20
-139
-250
-333
-388
-409
-371
-289
-192
-135
-133
-169
-215
-230
-216
-190
-131
-34
98
229
303
306
260
189
128
105
132
198
288
400
468
414
141
-395
-1050
-1656
-2045
-2161
-2097
-1913
-1631
-1229
-766
-389
-163
-91
-52
45
215
493
831
1179
1493
1718
1832
1803
1618
1308
946
631
409
272
200
151
110
63
-46
-209
-404
-588
-688
-684
-553
-318
-23
291
570
792
924
961
935
874
833
826
811
757
659
554
471
377
228
10
-225
-394
-492
-523
-515
-497
-464
-420
-354
-294
-257
-234
-208
-135
-17
112
230
305
339
350
307
208
67
-79
-192
-250
-267
-272
-286
-307
-341
-386
-447
-528
-592
-613
-570
-470
-354
-230
-117
-22
49
81
78
52
30
36
73
119
136
113
79
41
2
-56
-161
-272
-347
-368
-331
-277
-211
-147
-83
-18
10
-2
-60
-93
-43
55
158
215
237
264
294
292
243
179
122
90
81
87
127
180
174
16
-289
-675
-1043
-1292
-1433
-1446
-1336
-1153
-914
-684
-488
-330
-202
-98
-2
152
357
597
855
1073
1244
1348
1341
1231
1053
837
642
494
392
331
283
228
158
67
-43
-175
-295
-386
-417
-346
-209
-28
169
351
504
599
638
635
616
598
570
535
494
459
429
372
272
143
1
-136
-249
-331
-380
-392
-379
-345
-304
-265
-253
-272
-299
-307
-267
-180
-75
32
128
208
267
280
243
164
67
-25
-106
-156
-193
-229
-261
-295
-337
-389
-444
-489
-508
-483
-422
-340
-245
-153
-70
8
57
79
79
63
52
52
67
82
84
74
47
7
-47
-119
-191
-246
-274
-267
-241
-199
-154
-94
-21
21
13
-28
-52
-6
79
155
180
181
188
196
208
198
179
171
163
180
225
283
307
274
161
-87
-452
-873
-1245
-1472
-1547
-1488
-1331
-1112
-864
-627
-404
-226
-103
-11
92
264
503
761
1004
1194
1310
1343
1290
1163
977
774
590
444
355
291
223
148
43
-73
-199
-328
-428
-480
-452
-338
-161
49
246
424
560
635
669
659
630
613
609
609
570
471
346
228
130
24
-121
-270
-385
-436
-434
-412
-387
-377
-377
-372
-359
-343
-324
-278
-187
-51
93
212
279
304
300
270
207
115
16
-70
-126
-156
-182
-215
-264
-324
-374
-418
-452
-471
-469
-421
-345
-246
-151
-77
-16
34
77
106
119
122
125
134
140
136
114
63
-4
-71
-140
-206
-254
-275
-253
-205
-162
-133
-129
-129
-111
-70
-14
35
92
178
266
323
328
309
283
222
133
53
13
28
65
120
206
263
211
-22
-438
-922
-1361
-1658
-1809
-1824
-1668
-1375
-960
-542
-235
-35
60
133
230
351
529
751
1008
1261
1455
1554
1515
1345
1090
804
552
346
187
97
54
38
16
-63
-184
-319
-433
-480
-466
-370
-204
19
273
500
677
778
802
783
738
698
669
638
594
511
389
260
136
-1
-169
-349
-485
-547
-549
-506
-448
-385
-329
-276
-226
-203
-200
-195
-161
-63
61
175
259
297
306
275
197
79
-44
-143
-206
-228
-233
-248
-272
-314
-367
-412
-457
-498
-507
-471
-380
-259
-144
-47
24
73
87
76
58
39
40
61
82
104
95
57
13
-32
-82
-149
-229
-290
-310
-273
-198
-123
-62
-25
0
17
29
52
83
117
159
211
266
297
273
237
202
165
112
23
-57
-72
5
162
299
298
95
-271
-699
-1089
-1386
-1541
-1546
-1401
-1133
-830
-539
-315
-169
-72
-22
39
143
301
528
778
1031
1223
1304
1275
1136
946
735
534
382
283
236
227
223
200
135
24
-112
-252
-352
-377
-326
-190
4
217
415
540
601
605
567
514
467
449
430
396
362
340
324
271
151
-10
-156
-263
-331
-368
-382
-363
-322
-263
-208
-179
-177
-195
-194
-159
-99
-23
43
90
117
128
112
59
-14
-97
-161
-194
-207
-206
-208
-222
-242
-273
-328
-390
-439
-454
-420
-348
-252
-161
-72
-3
44
80
76
57
36
21
33
48
61
63
55
40
-4
-65
-129
-184
-213
-216
-196
-145
-90
-45
-12
-2
12
32
42
42
32
57
101
162
218
240
265
260
234
202
149
86
21
-27
-61
-41
19
95
184
197
76
-194
-572
-942
-1196
-1303
-1323
-1229
-1051
-821
-550
-332
-175
-71
-15
32
120
265
436
643
840
988
1096
1112
1027
878
695
519
397
316
252
226
202
168
124
48
-49
-152
-227
-268
-242
-152
-28
138
292
413
503
536
523
491
464
442
422
377
310
258
223
191
130
25
-91
-180
-242
-288
-312
-320
-312
-280
-240
-202
-183
-194
-212
-193
-140
-72
-4
46
95
144
170
149
82
-6
-83
-130
-160
-187
-207
-227
-239
-244
-270
-320
-374
-406
-394
-338
-263
-191
-126
-65
-8
35
51
35
11
-1
11
34
53
54
41
24
4
-20
-54
-93
-120
-134
-126
-110
-94
-74
-58
-38
-14
6
23
29
35
51
59
86
132
188
235
228
197
184
178
155
71
-29
-73
-65
-1
85
183
249
188
-32
-385
-745
-1023
-1205
-1255
-1200
-1048
-824
-594
-377
-204
-95
-42
-7
52
159
331
534
733
909
1024
1068
1033
913
734
564
427
325
270
242
236
233
194
115
15
-101
-219
-297
-313
-256
-127
27
178
313
413
464
470
439
399
382
376
361
331
287
245
202
139
44
-57
-151
-229
-263
-275
-273
-263
-252
-234
-213
-201
-208
-211
-192
-143
-67
4
54
83
93
88
71
32
-18
-65
-101
-119
-125
-135
-150
-183
-233
-295
-357
-402
-427
-414
-367
-296
-210
-139
-81
-37
-14
-3
5
13
27
47
74
97
101
93
67
28
-23
-83
-135
-172
-186
-172
-141
-101
-75
-63
-59
-51
-24
15
61
95
126
158
187
205
190
176
179
222
272
268
225
158
104
69
24
-15
-43
-40
15
121
213
148
-112
-462
-793
-1016
-1118
-1151
-1086
-920
-696
-428
-203
-68
-7
4
16
60
174
326
486
673
819
932
993
936
804
637
469
353
281
229
196
189
178
147
87
-13
-129
-218
-273
-276
-197
-90
41
190
297
372
398
380
350
316
295
281
267
251
235
231
200
126
36
-68
-164
-227
-269
-284
-277
-260
-229
-200
-177
-168
-174
-177
-171
-139
-87
-30
36
86
107
105
73
23
-40
-104
-147
-167
-165
-156
-157
-169
-205
-252
-288
-320
-339
-338
-314
-257
-185
-117
-60
-18
17
38
54
57
49
50
58
64
75
73
55
26
-11
-46
-76
-104
-131
-147
-143
-118
-81
-39
-14
4
30
67
119
143
139
135
136
155
163
152
170
224
278
266
192
117
72
64
22
-46
-50
6
118
236
250
128
-120
-445
-741
-951
-1083
-1153
-1112
-958
-744
-493
-304
-212
-163
-151
-121
-20
109
257
438
635
811
932
969
899
780
642
495
398
331
269
249
242
221
189
106
-18
-139
-232
-282
-277
-216
-122
0
140
253
339
378
365
343
330
324
326
321
307
303
291
242
149
36
-69
-147
-200
-233
-246
-243
-225
-195
-172
-171
-186
-213
-224
-204
-155
-82
-9
57
111
144
143
108
54
-11
-61
-94
-108
-112
-128
-158
-197
-239
-290
-338
-374
-394
-382
-347
-299
-235
-169
-102
-43
-5
15
20
23
32
45
61
73
82
84
71
50
13
-35
-78
-114
-138
-146
-151
-154
-151
-133
-98
-55
-23
-11
13
70
141
200
230
238
263
303
326
320
287
248
214
177
135
78
16
-34
-62
-25
57
133
180
157
40
-182
-480
-772
-1003
-1123
-1142
-1062
-878
-656
-418
-213
-92
-29
-3
36
114
232
387
554
728
872
951
957
871
721
558
395
273
203
159
141
135
124
94
23
-78
-190
-277
-312
-296
-209
-88
51
193
300
363
380
360
326
299
279
270
268
253
228
198
155
92
4
-88
-172
-220
-239
-248
-240
-224
-205
-184
-172
-174
-186
-188
-167
-113
-39
27
74
111
127
128
106
51
-15
-74
-117
-140
-159
-177
-200
-225
-250
-286
-323
-352
-358
-327
-274
-204
-139
-80
-24
20
53
68
62
46
29
25
22
20
13
2
-4
-11
-29
-52
-79
-99
-107
-108
-95
-71
-47
-29
-17
2
29
63
92
107
135
164
194
222
235
246
239
224
226
236
234
176
84
17
3
34
66
86
127
181
188
88
-164
-513
-831
-1056
-1151
-1145
-1070
-922
-720
-485
-277
-133
-55
-40
-8
70
202
383
560
713
838
917
932
864
724
552
408
307
249
215
195
176
146
99
12
-88
-196
-287
-319
-303
-230
-117
5
135
248
332
359
345
321
302
284
252
209
193
215
240
239
198
122
39
-47
-121
-177
-218
-232
-225
-197
-164
-150
-158
-178
-182
-157
-114
-62
-9
48
111
156
163
131
70
4
-54
-105
-143
-176
-201
-215
-224
-233
-254
-285
-313
-323
-308
-275
-230
-179
-123
-66
-14
24
39
31
11
1
0
2
-1
-14
-27
-43
-56
-73
-96
-115
-141
-147
-133
-105
-74
-63
-48
-37
-9
24
42
65
86
125
176
210
222
204
184
171
159
142
111
88
82
85
99
116
139
165
179
162
109
-10
-201
-432
-654
-806
-880
-891
-861
-786
-655
-499
-344
-226
-153
-75
7
113
247
388
528
645
734
791
812
783
697
590
491
415
359
309
262
215
172
112
39
-49
-143
-211
-245
-235
-189
-117
-32
53
132
189
228
249
251
237
207
177
173
193
216
229
220
196
156
97
28
-43
-105
-153
-181
-183
-173
-167
-175
-196
-204
-197
-180
-149
-110
-56
6
56
86
95
78
44
-3
-44
-71
-92
-110
-134
-156
-184
-227
-269
-306
-324
-318
-303
-270
-220
-162
-100
-53
-21
-9
-11
-19
-25
-33
-45
-51
-38
-13
7
3
-22
-57
-77
-90
-92
-85
-80
-63
-47
-22
3
10
6
-5
-2
25
53
89
130
170
200
195
163
131
115
122
121
103
86
79
103
125
122
118
112
125
116
20
-173
-430
-642
-773
-832
-832
-807
-718
-568
-403
-245
-135
-63
-14
35
116
227
355
471
565
653
727
762
730
631
512
423
361
318
280
239
206
175
133
76
-2
-86
-160
-196
-193
-158
-96
-33
38
116
172
195
174
130
105
116
149
191
229
260
287
293
265
200
111
15
-65
-113
-136
-143
-146
-162
-180
-197
-212
-223
-223
-206
-164
-102
-40
19
68
101
107
83
39
-9
-51
-86
-117
-137
-145
-149
-146
-151
-175
-210
-250
-278
-283
-270
-243
-199
-153
-113
-78
-56
-53
-60
-67
-64
-47
-25
-4
18
37
42
32
6
-20
-34
-39
-43
-42
-31
-16
7
27
39
40
36
29
28
36
41
49
62
87
117
132
123
97
74
61
51
46
54
76
107
132
116
19
-168
-403
-622
-780
-874
-914
-876
-750
-573
-388
-231
-115
-32
19
52
100
183
289
414
547
673
768
803
772
691
597
496
402
325
267
242
237
227
200
147
71
-11
-87
-145
-169
-151
-105
-31
56
120
150
151
146
152
162
167
176
200
235
266
286
282
250
199
129
58
-9
-79
-142
-186
-205
-207
-206
-208
-217
-213
-199
-181
-153
-119
-74
-25
14
39
45
34
9
-22
-53
-86
-117
-138
-147
-141
-136
-143
-162
-192
-218
-232
-242
-245
-242
-230
-199
-160
-125
-102
-85
-69
-50
-32
-16
-2
15
34
46
52
49
35
13
-16
-47
-66
-66
-52
-28
-1
19
32
34
25
11
-12
-29
-27
3
48
80
95
89
70
49
29
23
29
40
68
112
141
118
16
-161
-367
-557
-703
-795
-822
-772
-647
-470
-297
-160
-63
-2
37
64
104
174
274
387
501
611
693
724
700
627
537
447
367
307
270
254
251
246
231
196
140
64
-18
-84
-116
-113
-83
-34
21
76
126
161
178
184
178
171
176
189
209
228
236
236
218
181
123
47
-39
-120
-176
-202
-207
-196
-181
-165
-149
-140
-135
-130
-126
-120
-106
-85
-60
-33
-13
-5
-13
-36
-67
-98
-121
-132
-134
-130
-129
-131
-138
-156
-182
-209
-228
-233
-228
-213
-190
-163
-135
-109
-85
-64
-51
-41
-33
-20
-7
-1
1
0
-2
1
2
-1
-6
-15
-21
-20
-10
2
9
8
5
8
10
2
-11
-25
-25
-12
8
22
28
28
32
41
48
53
54
51
42
20
-39
-149
-309
-480
-619
-704
-732
-704
-625
-508
-371
-237
-120
-28
37
83
134
203
285
373
465
557
641
693
699
664
601
528
452
386
329
292
274
266
259
237
193
136
76
27
-5
-19
-22
-15
15
67
130
178
201
208
203
194
186
184
185
187
194
198
192
164
109
42
-29
-94
-149
-186
-202
-201
-185
-166
-149
-139
-135
-136
-139
-143
-143
-133
-115
-95
-75
-66
-68
-86
-116
-146
-170
-185
-188
-178
-163
-156
-155
-162
-173
-185
-197
-207
-216
-211
-190
-159
-124
-96
-75
-56
-42
-39
-43
-55
-62
-58
-45
-22
-1
13
15
8
-4
-16
-30
-43
-52
-50
-42
-26
-6
13
23
22
9
0
-3
-4
3
18
36
51
63
64
57
44
33
30
32
37
34
12
-48
-157
-294
-430
-531
-583
-593
-564
-496
-391
-265
-141
-41
32
87
134
182
238
301
372
447
515
563
583
571
531
477
422
363
311
266
240
235
240
239
219
185
143
101
65
35
8
-6
6
49
107
158
187
204
212
212
201
181
169
160
153
141
126
105
75
43
10
-23
-61
-98
-124
-135
-138
-139
-138
-132
-126
-122
-122
-126
-128
-128
-126
-127
-131
-135
-145
-152
-155
-143
-123
-102
-96
-112
-136
-166
-184
-190
-190
-201
-222
-238
-241
-222
-192
-163
-138
-120
-106
-89
-72
-53
-44
-44
-49
-50
-48
-51
-52
-50
-45
-39
-31
-16
6
30
41
38
28
20
8
-8
-27
-32
-32
-31
-25
-12
1
-4
-12
-13
-2
10
10
12
15
30
41
51
57
47
31
4
-29
-70
-132
-209
-287
-339
-354
-337
-295
-243
-177
-109
-44
11
53
92
127
164
203
244
288
329
363
380
374
356
327
297
269
242
212
186
177
182
191
195
185
170
146
120
94
68
56
54
68
86
111
147
173
183
172
151
135
121
109
102
105
114
123
129
129
116
88
50
12
-22
-43
-55
-57
-50
-39
-32
-37
-53
-73
-98
-121
-142
-154
-158
-159
-155
-152
-149
-154
-168
-185
-204
-215
-217
-212
-199
-185
-169
-156
-149
-143
-143
-137
-130
-125
-122
-120
-114
-109
-99
-92
-87
-89
-98
-106
-112
-113
-108
-105
-97
-87
-70
-51
-33
-16
-8
-3
-3
1
8
12
12
10
12
15
13
0
-16
-36
-62
-95
-109
-99
-74
-49
-26
-6
10
13
6
5
11
17
20
24
37
61
76
75
60
38
13
-17
-40
-51
-41
-21
-4
15
37
57
68
68
73
88
102
114
129
158
190
217
233
241
241
231
214
199
186
181
176
178
186
189
186
174
165
156
147
136
121
109
97
91
85
82
82
84
89
96
101
98
86
73
63
54
43
34
32
37
36
26
11
-3
-18
-38
-50
-61
-67
-79
-95
-109
-124
-134
-143
-146
-145
-143
-140
-144
-146
-149
-153
-156
-160
-158
-156
-158
-161
-165
-167
-168
-169
-166
-161
-158
-157
-157
-157
-160
-165
-167
-166
-164
-163
-162
-153
-139
-125
-113
-99
-79
-54
-34
-16
1
12
9
-2
-19
-33
-42
-48
-48
-49
-45
-49
-54
-62
-64
-62
-61
-54
-38
-5
29
61
84
95
96
85
75
66
71
77
78
76
76
86
92
99
99
94
87
81
85
95
111
124
137
147
151
150
145
143
140
139
134
129
125
118
113
106
97
87
77
72
69
71
70
66
62
60
60
60
64
70
75
79
81
85
90
94
94
96
100
105
103
94
86
80
74
70
67
64
61
58
54
47
31
9
-16
-40
-53
-60
-61
-59
-54
-50
-48
-50
-54
-59
-60
-65
-71
-76
-83
-88
-94
-99
-108
-118
-127
-134
-134
-132
-133
-138
-141
-138
-131
-126
-127
-133
-140
-150
-162
-170
-178
-183
-186
-190
-189
-184
-175
-167
-155
-144
-133
-125
-115
-99
-86
-81
-82
-78
-71
-64
-65
-72
-76
-71
-52
-26
4
23
25
16
3
-8
-17
-20
-22
-17
0
31
80
124
148
148
136
123
107
97
88
81
79
85
108
140
175
192
193
182
164
147
133
124
119
120
127
145
165
179
184
173
155
138
127
123
125
133
146
162
175
180
174
154
121
80
35
-2
-26
-35
-31
-20
-7
9
20
20
13
0
-8
-14
-20
-23
-26
-26
-25
-26
-30
-38
-47
-57
-71
-80
-87
-91
-90
-91
-87
-83
-79
-77
-83
-88
-95
-103
-108
-111
-111
-109
-104
-97
-86
-78
-73
-72
-70
-71
-72
-74
-77
-75
-71
-65
-60
-58
-57
-59
-63
-68
-72
-66
-57
-44
-28
-16
-9
-6
-6
-7
-13
-23
-34
-39
-36
-24
-7
7
16
19
21
19
16
11
0
-14
-33
-52
-62
-64
-57
-41
-18
2
18
31
44
54
55
47
36
26
15
12
18
28
33
33
34
40
53
71
86
90
86
71
56
42
31
22
10
0
-11
-17
-16
-4
11
23
40
63
88
109
118
111
96
78
65
61
58
50
44
38
40
44
49
57
59
59
56
57
60
56
45
27
8
-7
-15
-22
-28
-31
-33
-28
-19
-9
-4
-4
-5
-6
-7
-4
2
7
7
2
-7
-18
-30
-39
-46
-50
-49
-45
-37
-25
-15
-11
-15
-24
-32
-35
-34
-31
-30
-32
-34
-31
-27
-17
-13
-10
-12
-16
-23
-29
-38
-50
-62
-70
-73
-72
-65
-56
-46
-37
-28
-21
-16
-15
-17
-17
-17
-18
-19
-18
-19
-20
-23
-23
-21
-18
-15
-13
-10
-7
-8
-9
-10
-15
-25
-28
-27
-16
-5
2
4
4
4
3
3
-1
-5
-7
-4
9
23
39
49
48
38
25
20
17
14
6
-2
-7
-5
11
30
42
41
30
19
10
7
5
4
4
2
6
18
37
52
53
47
41
36
39
42
44
43
41
40
43
45
44
38
31
30
31
35
32
30
21
18
22
30
38
38
30
20
10
4
1
1
-1
-4
-5
-4
-3
0
0
-5
-11
-14
-14
-8
-3
1
3
1
-4
-10
-17
-24
-32
-38
-39
-37
-31
-21
-12
-2
3
2
-1
-8
-18
-30
-40
-44
-43
-41
-38
-34
-30
-22
-18
-17
-17
-18
-21
-24
-27
-32
-35
-37
-36
-31
-26
-18
-11
-6
-5
-6
-6
-9
-13
-19
-25
-26
-21
-12
-5
-2
-7
-11
-14
-13
-10
-7
-3
1
5
11
18
21
15
3
-8
-15
-18
-13
-9
-4
-2
1
3
12
27
40
45
41
31
23
14
8
2
-4
-9
-7
2
18
30
33
28
19
14
17
22
28
30
27
23
22
24
23
19
6
-12
-30
-42
-45
-41
-34
-26
-17
-3
15
34
44
47
43
30
16
3
-5
-10
-16
-20
-17
-8
2
17
29
39
48
51
49
43
33
21
5
-8
-20
-27
-30
-28
-19
-7
8
22
33
36
33
25
13
5
-2
-7
-13
-14
-14
-10
-9
-5
-4
-4
-3
-4
-7
-12
-16
-16
-13
-8
-3
-2
-3
-2
3
9
11
6
-4
-16
-30
-37
-38
-33
-29
-28
-26
-25
-23
-18
-12
-8
-10
-16
-18
-17
-12
-7
-6
-7
-13
-18
-21
-21
-23
-22
-18
-11
-3
1
4
0
-7
-15
-21
-24
-23
-17
-12
-10
-10
-12
-14
-19
-19
-13
-3
8
21
32
36
35
32
27
26
23
15
8
3
2
7
13
17
22
24
27
33
39
43
42
36
26
17
12
10
10
7
0
-3
-2
4
9
9
6
-1
-7
-7
-1
2
4
5
7
9
11
10
3
-4
-9
-9
-3
3
9
9
7
4
2
0
-5
-9
-13
-15
-16
-15
-11
-7
-1
6
11
16
18
20
16
9
1
-7
-12
-18
-21
-20
-18
-11
-3
2
5
5
3
0
1
3
7
10
13
13
11
6
-3
-12
-22
-26
-27
-24
-18
-12
-6
2
7
10
9
1
-9
-19
-22
-19
-11
-2
4
6
9
13
17
19
16
10
6
5
6
5
1
-6
-14
-23
-27
-28
-29
-33
-37
-37
-33
-24
-17
-10
-5
-3
-3
-2
-2
-4
-9
-16
-24
-32
-34
-28
-16
-3
9
22
32
40
43
41
29
12
-4
-15
-18
-17
-8
-2
4
9
14
20
25
30
31
25
20
12
7
4
5
8
11
15
22
25
25
22
18
16
14
14
13
15
16
20
20
18
17
14
11
4
-4
-10
-16
-14
-8
-1
5
9
11
11
12
11
6
-3
-11
-18
-20
-20
-16
-12
-7
1
8
13
11
7
0
-11
-21
-29
-33
-31
-24
-17
-11
-10
-10
-9
-9
-8
-7
-9
-10
-11
-12
-13
-16
-16
-17
-14
-13
-14
-14
-14
-13
-8
-3
2
3
0
-2
-4
-8
-6
-2
2
4
4
3
2
1
3
4
7
6
8
8
5
4
2
-1
-6
-11
-14
-14
-9
-4
5
12
18
20
19
19
17
14
10
4
-2
-6
-4
2
10
15
16
13
7
3
2
2
3
6
8
8
8
7
6
8
8
9
10
9
8
7
7
6
6
7
8
9
9
6
4
2
1
0
-1
0
2
7
10
9
6
-1
-8
-13
-13
-11
-7
-4
-3
-3
-4
-4
-3
-3
-2
-4
-4
-4
-4
-2
1
4
7
9
8
4
-2
-9
-14
-16
-17
-18
-23
-26
-25
-22
-13
-5
3
7
7
5
1
-4
-7
-12
-13
-15
-14
-11
-7
-4
-1
2
3
8
11
13
11
8
3
-1
-4
-6
-4
-1
0
1
-1
-5
-11
-14
-14
-11
-9
-2
4
7
7
7
5
5
5
2
-1
-5
-7
-3
2
5
9
12
15
15
14
13
13
