0
0
0
0
0
1
1
1
0
1
1
1
1
1
1
0
-1
-1
0
1
0
1
0
0
1
0
0
1
0
0
0
0
0
0
0
-1
-1
-2
-1
-1
2
1
1
1
-1
-1
-2
-2
-2
-1
0
-1
0
-1
0
1
1
1
0
-1
0
-1
0
0
0
-1
-1
-1
-1
-1
0
0
0
-1
1
0
-1
0
0
0
0
0
0
-1
-1
-1
-1
0
0
1
0
0
1
1
0
0
0
0
0
0
1
1
0
0
-1
0
-1
0
0
1
1
1
0
1
0
-1
-1
0
0
1
0
1
0
0
1
0
1
0
1
0
0
1
1
-1
-1
-2
0
-1
0
0
0
0
1
0
1
0
0
0
0
0
0
-1
0
-1
0
-1
-1
0
0
0
-1
0
-1
0
0
0
-1
0
0
0
0
0
0
0
0
0
-1
-1
0
1
1
0
-1
-1
0
0
0
0
0
1
0
0
0
-1
-1
-1
0
1
1
0
1
1
1
1
1
1
0
-1
-1
0
0
0
0
2
1
2
1
1
1
-1
1
0
0
0
1
1
2
1
0
0
0
0
-1
-1
-1
0
0
1
1
1
0
0
1
1
0
-1
0
0
0
0
0
0
-1
-1
0
1
1
2
1
-1
-1
-1
-1
-1
-2
0
0
1
1
0
0
-1
-1
-2
-2
-1
0
0
0
1
-1
-1
-1
-1
-1
0
0
0
1
1
0
0
0
-1
-1
-1
0
0
1
1
1
0
0
-1
0
0
0
0
0
0
-1
0
0
0
1
0
1
2
0
0
0
0
0
0
0
0
1
0
1
1
1
0
0
0
-1
0
0
1
2
0
1
0
-1
0
-1
-2
-1
1
1
1
1
0
0
0
0
0
-1
0
0
0
0
0
0
0
-1
0
0
-1
0
1
0
-1
-2
-1
-1
0
0
0
0
0
0
-1
0
-1
-2
0
0
1
0
0
0
0
0
0
0
0
0
0
0
0
0
0
0
-1
0
0
1
2
1
0
1
0
0
-1
0
1
1
1
1
0
0
0
-1
-1
-1
-1
0
0
0
1
1
0
0
0
0
0
0
0
0
0
0
0
0
-1
-1
-1
-1
0
0
0
1
0
0
0
0
-1
0
0
0
0
1
0
0
1
0
-1
-1
-1
-1
0
0
0
0
0
0
1
1
1
0
0
0
-1
-1
0
-1
0
0
0
0
1
1
1
0
0
0
0
0
-1
-1
0
0
0
0
-1
-2
-1
0
0
0
-1
0
0
-1
-1
0
0
0
1
1
0
-1
0
1
1
0
0
0
0
-1
-1
0
-1
0
-1
0
0
0
0
0
1
1
0
0
-1
-1
0
0
0
0
-1
0
0
1
1
1
2
1
1
1
0
0
0
0
1
0
0
0
-1
1
0
0
0
0
0
1
0
1
1
1
0
0
-1
-1
-1
-2
-1
-1
0
-1
0
0
0
1
1
0
0
1
0
0
-1
-1
-1
-1
0
0
-1
0
-1
-1
0
0
1
0
1
1
0
2
0
-1
-2
-2
-2
-1
-1
-1
-1
1
1
2
1
1
1
1
0
0
-1
-1
-1
0
0
0
0
0
0
0
1
1
1
1
1
1
0
1
1
0
0
0
0
0
0
0
0
1
0
0
0
0
1
1
1
0
0
-2
-1
0
0
0
0
0
1
0
1
2
0
-1
0
0
-1
-1
0
-1
0
0
-1
-1
-1
0
-2
-1
0
0
1
0
1
1
0
-1
-1
0
-1
-1
-2
-2
-2
0
0
-1
-1
1
0
0
0
0
-1
0
-1
0
-1
-1
-1
0
0
-1
-2
-1
-2
-1
1
1
1
0
0
0
0
0
-1
0
-1
-2
-1
-2
-2
-2
-2
-2
-2
-2
-3
-2
-2
-1
0
0
1
1
0
2
3
4
4
5
6
7
7
8
8
8
8
9
10
10
11
10
9
8
8
6
7
5
4
2
2
0
-1
-1
-3
-3
-5
-6
-8
-9
-8
-9
-10
-10
-10
-9
-9
-9
-8
-8
-6
-7
-6
-5
-4
-3
-1
-1
-1
0
-1
0
0
-1
-2
-3
-4
-4
-6
-6
-7
-9
-10
-11
-11
-11
-11
-11
-11
-8
-8
-8
-7
-7
-6
-5
-2
-1
-1
0
1
2
3
3
4
5
7
9
9
10
11
11
10
11
11
12
14
16
18
21
23
25
28
30
34
37
41
43
46
46
47
49
49
50
48
46
42
37
33
29
23
14
1
-11
-25
-37
-49
-61
-73
-88
-99
-110
-121
-129
-136
-140
-145
-144
-142
-139
-129
-119
-107
-94
-81
-66
-51
-34
-17
1
19
32
47
59
73
81
88
94
98
99
100
97
93
85
76
68
56
44
29
16
-2
-22
-40
-57
-69
-80
-86
-86
-84
-78
-65
-43
-18
8
34
61
87
115
144
170
192
211
226
241
251
257
258
255
248
240
231
220
205
189
169
147
122
94
65
36
10
-16
-40
-61
-78
-89
-97
-101
-96
-89
-75
-59
-44
-28
-15
0
7
13
11
4
-4
-21
-34
-50
-67
-88
-114
-139
-176
-229
-291
-355
-405
-453
-489
-519
-550
-577
-597
-588
-558
-519
-478
-443
-398
-346
-279
-202
-131
-68
-18
33
89
139
188
222
251
269
286
308
324
336
341
340
334
318
298
275
249
219
185
147
103
62
26
-3
-30
-60
-93
-123
-142
-148
-137
-121
-101
-72
-32
25
90
160
228
291
348
399
443
475
497
509
512
511
499
482
457
428
405
380
356
325
297
274
250
229
205
180
147
111
77
46
20
-2
-16
-24
-23
-16
-4
15
37
57
65
54
25
-20
-77
-154
-254
-383
-535
-710
-889
-1047
-1170
-1260
-1325
-1362
-1366
-1335
-1267
-1161
-1026
-884
-753
-630
-515
-401
-286
-177
-77
1
69
142
225
318
407
494
574
641
704
753
786
789
758
702
621
522
409
283
152
21
-100
-203
-281
-324
-332
-320
-289
-242
-180
-110
-33
45
114
167
200
228
250
268
279
282
277
279
295
334
392
459
528
589
649
702
744
765
752
712
650
578
493
398
306
217
137
75
34
15
6
15
36
60
77
79
71
55
33
2
-38
-82
-126
-163
-189
-200
-194
-175
-146
-105
-52
10
70
128
167
184
181
161
130
81
18
-60
-135
-207
-272
-332
-375
-419
-467
-551
-690
-854
-1012
-1126
-1223
-1323
-1440
-1568
-1664
-1703
-1651
-1532
-1391
-1248
-1107
-945
-742
-500
-243
-30
129
256
379
511
626
721
780
813
842
877
922
964
997
1018
1020
1003
969
919
851
764
667
554
415
261
101
-39
-154
-243
-304
-342
-366
-393
-448
-518
-569
-572
-522
-456
-366
-260
-148
-20
143
363
596
799
963
1098
1212
1296
1348
1361
1326
1260
1167
1060
950
849
762
673
597
531
478
425
365
317
278
230
147
41
-65
-165
-249
-316
-362
-387
-383
-349
-268
-143
-7
115
205
287
363
420
415
263
-60
-527
-1033
-1500
-1894
-2226
-2523
-2784
-2986
-3059
-2983
-2769
-2464
-2146
-1850
-1562
-1279
-994
-738
-533
-392
-305
-240
-175
-82
41
203
401
633
893
1156
1413
1643
1832
1972
2050
2050
1952
1756
1483
1164
833
509
200
-83
-322
-490
-579
-583
-528
-436
-321
-191
-64
40
118
158
158
126
82
34
0
-17
-30
-22
21
113
245
379
516
665
827
983
1096
1180
1228
1210
1138
1018
869
683
484
300
151
41
-41
-85
-105
-92
-36
50
133
184
205
208
187
161
131
91
28
-35
-70
-70
-39
5
69
145
218
296
391
501
602
668
692
672
617
541
439
322
191
54
-75
-196
-329
-542
-879
-1325
-1795
-2209
-2552
-2862
-3147
-3394
-3583
-3681
-3639
-3455
-3186
-2881
-2564
-2219
-1839
-1422
-998
-604
-269
21
299
585
860
1099
1316
1519
1710
1892
2069
2229
2358
2442
2481
2471
2398
2267
2076
1841
1562
1249
920
574
232
-71
-308
-486
-615
-713
-767
-776
-735
-651
-550
-460
-397
-364
-385
-445
-499
-496
-443
-358
-237
-75
125
357
643
973
1306
1581
1770
1895
1960
1958
1884
1738
1527
1268
1000
755
528
332
183
75
7
-8
30
79
112
127
115
71
-9
-109
-209
-306
-395
-463
-494
-497
-476
-385
-215
1
238
478
700
885
1011
1101
1147
1131
1039
848
559
171
-302
-884
-1553
-2247
-2874
-3383
-3815
-4149
-4361
-4426
-4347
-4168
-3874
-3516
-3177
-2847
-2516
-2160
-1808
-1479
-1162
-883
-628
-348
2
402
808
1211
1609
2018
2402
2751
3046
3250
3352
3352
3266
3094
2834
2505
2131
1720
1291
880
508
178
-94
-286
-399
-447
-457
-448
-445
-449
-455
-470
-502
-574
-695
-836
-963
-1042
-1043
-966
-798
-554
-245
120
523
954
1381
1765
2080
2289
2377
2353
2225
2027
1780
1525
1263
990
738
540
413
351
361
406
430
432
409
368
307
204
70
-105
-290
-467
-627
-736
-785
-773
-695
-547
-333
-75
209
478
733
964
1140
1244
1261
1200
1062
846
557
171
-324
-944
-1676
-2426
-3073
-3574
-3978
-4317
-4572
-4702
-4684
-4531
-4248
-3883
-3510
-3163
-2844
-2512
-2165
-1818
-1465
-1123
-809
-495
-144
267
712
1152
1598
2048
2480
2864
3181
3419
3570
3623
3570
3406
3132
2776
2377
1965
1567
1188
834
500
197
-34
-176
-243
-270
-297
-336
-384
-446
-512
-591
-694
-848
-1040
-1209
-1309
-1313
-1236
-1088
-853
-520
-84
409
904
1354
1729
2028
2229
2319
2296
2189
2009
1770
1521
1298
1104
914
750
662
635
639
659
672
653
594
506
385
227
46
-166
-395
-596
-737
-821
-846
-809
-694
-489
-237
38
333
628
885
1078
1207
1276
1260
1146
957
700
393
49
-366
-891
-1551
-2289
-2939
-3438
-3827
-4160
-4442
-4625
-4682
-4605
-4396
-4084
-3749
-3429
-3121
-2793
-2432
-2059
-1673
-1293
-941
-592
-215
206
649
1080
1505
1940
2375
2766
3085
3321
3468
3529
3499
3387
3200
2937
2609
2240
1869
1517
1183
877
590
335
137
-5
-110
-201
-294
-390
-477
-557
-637
-730
-853
-1062
-1341
-1543
-1576
-1463
-1292
-1080
-778
-428
-35
412
906
1398
1744
1975
2170
2310
2338
2239
2072
1839
1581
1370
1191
1018
900
857
824
811
843
866
838
761
662
566
428
210
-70
-316
-501
-651
-744
-762
-714
-615
-435
-187
83
360
595
792
960
1089
1141
1065
862
536
112
-426
-1120
-1922
-2718
-3394
-3920
-4327
-4635
-4837
-4898
-4776
-4507
-4145
-3707
-3257
-2869
-2546
-2235
-1921
-1637
-1388
-1166
-968
-743
-433
-29
429
904
1396
1917
2449
2933
3328
3626
3800
3842
3768
3598
3331
2958
2518
2042
1574
1155
785
477
231
45
-60
-92
-95
-111
-154
-229
-323
-436
-577
-778
-1082
-1431
-1713
-1870
-1892
-1814
-1641
-1353
-955
-453
119
725
1316
1821
2209
2486
2644
2662
2534
2281
1971
1670
1399
1172
990
858
802
816
878
985
1093
1155
1151
1082
962
771
503
174
-166
-478
-744
-938
-1055
-1062
-960
-759
-460
-109
270
632
934
1197
1387
1453
1361
1128
803
395
-102
-729
-1525
-2408
-3210
-3809
-4220
-4536
-4783
-4894
-4836
-4630
-4316
-3929
-3518
-3173
-2891
-2620
-2346
-2086
-1852
-1633
-1431
-1212
-901
-468
42
563
1098
1673
2272
2841
3324
3697
3929
4014
3971
3824
3581
3237
2820
2348
1881
1460
1098
803
544
336
190
114
84
39
-21
-115
-237
-385
-590
-881
-1262
-1660
-1978
-2163
-2203
-2121
-1919
-1595
-1149
-593
50
707
1289
1766
2130
2392
2557
2591
2492
2285
2015
1743
1490
1276
1126
1048
1048
1105
1206
1335
1420
1438
1399
1304
1144
898
567
185
-208
-561
-846
-1055
-1173
-1186
-1090
-883
-573
-196
215
593
895
1118
1243
1266
1176
998
733
366
-108
-724
-1493
-2361
-3177
-3774
-4156
-4462
-4723
-4868
-4810
-4586
-4284
-3891
-3488
-3157
-2904
-2653
-2359
-2085
-1829
-1600
-1385
-1162
-885
-469
31
552
1077
1628
2223
2768
3228
3596
3840
3964
3958
3845
3612
3255
2809
2343
1905
1506
1158
843
558
321
151
80
58
22
-49
-172
-324
-474
-647
-912
-1302
-1739
-2083
-2279
-2329
-2237
-2018
-1676
-1221
-655
-5
677
1302
1828
2254
2560
2750
2789
2676
2432
2127
1845
1596
1381
1215
1120
1112
1177
1314
1485
1620
1673
1630
1522
1347
1078
733
321
-113
-522
-871
-1107
-1257
-1301
-1218
-1010
-669
-262
160
532
829
1064
1218
1267
1186
984
659
205
-339
-962
-1682
-2462
-3222
-3820
-4232
-4529
-4734
-4827
-4784
-4629
-4390
-4074
-3719
-3396
-3117
-2844
-2578
-2321
-2072
-1808
-1533
-1260
-937
-505
15
565
1115
1682
2279
2845
3339
3733
3976
4086
4071
3949
3736
3420
3020
2574
2125
1705
1347
1042
768
536
351
221
123
42
-47
-174
-330
-504
-704
-973
-1337
-1745
-2095
-2324
-2406
-2350
-2169
-1863
-1423
-852
-187
519
1170
1717
2148
2467
2678
2750
2669
2479
2245
2007
1796
1610
1474
1384
1337
1383
1496
1645
1767
1807
1765
1642
1455
1184
819
383
-75
-505
-870
-1130
-1284
-1317
-1219
-1025
-744
-409
-49
337
663
913
1065
1102
1048
869
572
159
-337
-950
-1710
-2550
-3361
-3987
-4427
-4741
-4987
-5173
-5182
-5001
-4686
-4291
-3884
-3491
-3144
-2835
-2514
-2209
-1923
-1663
-1403
-1136
-828
-423
77
630
1181
1750
2367
2972
3501
3902
4175
4331
4355
4265
4049
3717
3283
2796
2305
1843
1426
1055
741
452
219
70
-9
-60
-143
-255
-385
-539
-743
-1033
-1399
-1807
-2185
-2452
-2555
-2494
-2307
-2010
-1594
-1031
-363
315
961
1554
2062
2453
2695
2827
2828
2703
2486
2222
2003
1808
1639
1528
1495
1549
1642
1757
1836
1852
1821
1719
1545
1293
978
563
69
-408
-806
-1106
-1297
-1377
-1315
-1093
-772
-407
-24
350
657
871
1011
1076
1043
882
620
276
-155
-734
-1542
-2538
-3510
-4254
-4730
-5072
-5429
-5699
-5756
-5555
-5183
-4735
-4245
-3809
-3436
-3066
-2652
-2258
-1919
-1613
-1364
-1132
-864
-451
97
648
1167
1708
2346
3037
3645
4126
4473
4678
4756
4711
4531
4195
3730
3174
2606
2062
1562
1127
717
359
68
-102
-139
-154
-205
-307
-456
-604
-753
-1008
-1458
-2007
-2454
-2693
-2781
-2777
-2639
-2333
-1850
-1217
-448
413
1199
1802
2309
2775
3132
3292
3249
3042
2719
2395
2135
1901
1697
1568
1526
1571
1718
1919
2076
2115
2036
1906
1749
1472
1025
469
-89
-607
-1059
-1372
-1545
-1587
-1480
-1233
-849
-381
77
489
813
1058
1205
1226
1127
885
556
157
-370
-1119
-2098
-3186
-4149
-4831
-5287
-5668
-6023
-6199
-6109
-5784
-5337
-4804
-4253
-3767
-3357
-2965
-2540
-2175
-1872
-1618
-1385
-1117
-769
-252
350
931
1494
2132
2887
3629
4248
4719
5030
5192
5200
5071
4791
4331
3735
3090
2461
1881
1357
896
492
129
-130
-244
-260
-270
-335
-457
-570
-749
-1101
-1615
-2184
-2630
-2948
-3168
-3267
-3171
-2852
-2359
-1727
-905
62
971
1760
2477
3111
3559
3787
3791
3596
3298
2938
2550
2171
1889
1716
1608
1613
1740
1939
2151
2272
2284
2235
2090
1768
1276
706
109
-487
-1022
-1435
-1700
-1804
-1763
-1577
-1224
-748
-267
177
605
980
1269
1410
1389
1203
891
467
-146
-994
-2125
-3399
-4511
-5224
-5632
-6034
-6431
-6589
-6379
-5896
-5308
-4662
-4026
-3524
-3137
-2745
-2320
-1961
-1730
-1568
-1433
-1303
-1051
-573
43
625
1186
1872
2734
3609
4314
4846
5218
5402
5417
5253
4931
4408
3696
2953
2251
1622
1084
629
244
-98
-314
-329
-220
-137
-155
-244
-403
-690
-1108
-1587
-2087
-2600
-3048
-3349
-3436
-3273
-2923
-2419
-1703
-791
189
1149
2044
2799
3365
3789
4012
3984
3804
3495
3056
2570
2193
1938
1735
1628
1661
1813
2049
2274
2412
2456
2396
2141
1729
1220
606
-71
-716
-1262
-1653
-1856
-1898
-1822
-1620
-1232
-740
-229
296
786
1183
1465
1585
1536
1308
891
212
-854
-2222
-3606
-4690
-5394
-5923
-6501
-6972
-7043
-6669
-6047
-5338
-4572
-3841
-3262
-2745
-2221
-1777
-1488
-1355
-1312
-1333
-1322
-1114
-676
-161
313
896
1724
2709
3637
4399
5008
5448
5715
5784
5613
5185
4523
3704
2854
2061
1331
670
111
-349
-684
-808
-684
-473
-317
-247
-293
-493
-854
-1294
-1753
-2245
-2740
-3129
-3327
-3303
-3087
-2671
-2053
-1236
-289
678
1626
2487
3191
3716
4038
4130
4009
3723
3287
2741
2248
1894
1643
1484
1463
1589
1791
2031
2237
2356
2352
2180
1838
1391
860
258
-354
-914
-1371
-1684
-1818
-1784
-1602
-1290
-842
-347
156
624
1000
1271
1396
1378
1209
896
418
-288
-1316
-2583
-3803
-4756
-5382
-5868
-6331
-6631
-6619
-6266
-5685
-5004
-4297
-3666
-3126
-2619
-2153
-1775
-1510
-1337
-1241
-1170
-1045
-748
-278
226
736
1352
2141
3031
3843
4496
4971
5277
5430
5416
5195
4749
4112
3349
2570
1825
1154
583
105
-278
-524
-596
-527
-421
-405
-493
-695
-961
-1265
-1626
-2035
-2489
-2893
-3141
-3203
-3053
-2713
-2213
-1553
-756
176
1137
2004
2732
3297
3689
3899
3913
3744
3419
2985
2548
2178
1903
1720
1622
1604
1683
1838
2012
2141
2131
1980
1711
1335
881
348
-203
-720
-1152
-1458
-1628
-1663
-1584
-1379
-1058
-611
-74
443
887
1220
1414
1496
1453
1253
881
258
-695
-1965
-3319
-4390
-5112
-5673
-6252
-6748
-6902
-6631
-6061
-5366
-4629
-3930
-3319
-2762
-2218
-1734
-1408
-1215
-1089
-1034
-967
-760
-389
59
514
1051
1785
2687
3568
4275
4811
5211
5482
5585
5468
5096
4469
3698
2900
2140
1424
764
173
-320
-677
-845
-792
-644
-511
-544
-776
-1044
-1285
-1539
-1906
-2381
-2821
-3080
-3125
-2986
-2687
-2178
-1529
-849
-24
951
1887
2618
3192
3606
3838
3909
3796
3501
3084
2680
2311
2004
1806
1687
1635
1670
1777
1941
2127
2172
1986
1644
1244
773
238
-252
-674
-1044
-1341
-1538
-1614
-1546
-1342
-1063
-673
-171
350
793
1145
1361
1436
1410
1267
942
338
-601
-1883
-3229
-4300
-5031
-5637
-6284
-6796
-6960
-6701
-6142
-5442
-4698
-4001
-3394
-2811
-2189
-1629
-1267
-1075
-983
-966
-930
-740
-384
0
368
858
1576
2470
3335
4046
4603
5037
5345
5486
5437
5120
4530
3781
2998
2244
1512
835
216
-329
-717
-881
-832
-686
-611
-675
-823
-954
-1101
-1361
-1744
-2193
-2592
-2842
-2907
-2804
-2530
-2123
-1603
-915
-29
934
1807
2557
3159
3607
3917
4049
3963
3695
3331
2930
2532
2212
1978
1791
1680
1676
1776
1913
1999
1949
1777
1531
1210
794
305
-180
-636
-1029
-1288
-1451
-1509
-1475
-1373
-1140
-760
-290
168
569
932
1199
1331
1364
1231
861
178
-878
-2207
-3492
-4474
-5206
-5852
-6494
-6977
-7079
-6734
-6099
-5388
-4653
-3931
-3253
-2585
-1928
-1390
-1059
-899
-841
-832
-781
-599
-294
44
420
947
1687
2576
3401
4055
4598
5060
5403
5563
5478
5096
4451
3679
2877
2090
1330
614
-32
-579
-934
-1062
-993
-846
-792
-849
-940
-1012
-1118
-1346
-1696
-2104
-2449
-2650
-2681
-2573
-2329
-1928
-1395
-695
179
1109
1943
2631
3208
3671
3986
4115
4023
3739
3367
2960
2558
2213
1953
1761
1656
1680
1791
1917
1958
1863
1641
1367
1078
722
321
-101
-516
-908
-1239
-1475
-1584
-1530
-1332
-1048
-675
-219
213
573
850
1056
1183
1186
994
482
-450
-1760
-3138
-4236
-4987
-5667
-6451
-7107
-7340
-7120
-6592
-5875
-5056
-4262
-3557
-2859
-2117
-1451
-991
-728
-607
-586
-575
-429
-134
154
402
794
1469
2336
3183
3892
4485
4996
5400
5652
5692
5453
4924
4188
3391
2600
1810
1026
280
-397
-921
-1187
-1187
-1058
-1024
-1136
-1281
-1343
-1369
-1492
-1770
-2135
-2442
-2614
-2635
-2505
-2238
-1890
-1464
-847
-12
890
1713
2425
3030
3521
3892
4094
4053
3809
3446
3054
2681
2377
2136
1909
1724
1625
1646
1734
1741
1593
1349
1095
831
536
219
-130
-505
-831
-1084
-1241
-1290
-1240
-1087
-840
-481
-90
295
650
920
1096
1177
1161
930
348
-659
-1968
-3262
-4278
-5057
-5839
-6660
-7296
-7498
-7258
-6730
-6043
-5255
-4444
-3666
-2882
-2079
-1376
-888
-601
-453
-389
-304
-79
227
480
720
1133
1822
2674
3483
4151
4708
5206
5614
5855
5846
5552
4979
4213
3386
2544
1702
870
70
-648
-1187
-1445
-1462
-1354
-1287
-1387
-1568
-1685
-1694
-1746
-1946
-2281
-2593
-2725
-2677
-2524
-2269
-1842
-1327
-706
130
1092
1951
2634
3235
3716
4057
4269
4257
3983
3579
3194
2828
2497
2246
2022
1822
1699
1681
1733
1782
1710
1478
1191
917
586
172
-240
-634
-970
-1188
-1284
-1288
-1203
-1023
-790
-470
-41
387
725
989
1174
1238
1166
889
204
-981
-2425
-3746
-4746
-5554
-6414
-7307
-7887
-7922
-7522
-6939
-6220
-5396
-4596
-3804
-2957
-2101
-1403
-940
-660
-519
-442
-307
-26
300
541
787
1283
2112
3018
3793
4444
5030
5560
5968
6186
6115
5729
5086
4277
3411
2540
1674
808
-8
-707
-1207
-1436
-1412
-1372
-1498
-1683
-1724
-1641
-1621
-1752
-2042
-2332
-2517
-2542
-2467
-2274
-1947
-1594
-1106
-371
556
1417
2150
2818
3392
3904
4284
4441
4318
4059
3742
3329
2947
2624
2315
2003
1768
1673
1679
1724
1648
1411
1169
974
743
466
176
-169
-556
-871
-1078
-1197
-1225
-1193
-1120
-900
-488
-63
294
617
877
1004
992
819
242
-840
-2202
-3491
-4503
-5346
-6258
-7251
-7949
-8098
-7827
-7322
-6595
-5714
-4853
-4010
-3070
-2092
-1284
-731
-401
-235
-158
-47
196
488
670
804
1172
1884
2712
3464
4129
4759
5332
5802
6099
6116
5818
5235
4455
3589
2701
1787
832
-88
-885
-1459
-1740
-1745
-1712
-1817
-1948
-1954
-1810
-1696
-1713
-1892
-2117
-2246
-2248
-2172
-2021
-1754
-1459
-1056
-413
441
1290
2014
2668
3261
3803
4227
4428
4365
4144
3864
3514
3160
2833
2489
2133
1855
1709
1679
1683
1590
1367
1135
962
774
546
283
-9
-315
-574
-764
-893
-943
-926
-870
-704
-371
22
365
619
785
830
724
330
-527
-1777
-3072
-4151
-5047
-5914
-6836
-7630
-8025
-7943
-7567
-7017
-6272
-5386
-4480
-3574
-2637
-1751
-1028
-513
-211
-69
58
254
493
689
828
1085
1615
2365
3105
3742
4350
4940
5434
5779
5917
5771
5348
4696
3884
2999
2104
1190
253
-616
-1317
-1749
-1908
-1995
-2165
-2342
-2329
-2149
-2000
-1957
-1966
-1969
-1950
-1877
-1743
-1496
-1194
-914
-564
-4
734
1418
2016
2581
3111
3591
3987
4225
4250
4150
3971
3674
3343
3069
2791
2457
2128
1898
1753
1599
1366
1051
778
563
341
108
-77
-233
-402
-525
-614
-676
-664
-584
-490
-352
-125
119
312
454
541
477
109
-723
-1934
-3095
-3955
-4700
-5604
-6578
-7316
-7648
-7573
-7252
-6769
-6127
-5388
-4578
-3711
-2781
-1905
-1185
-612
-226
-12
173
454
730
852
936
1195
1736
2416
3031
3550
4057
4607
5088
5421
5569
5461
5109
4549
3862
3085
2247
1376
475
-395
-1116
-1570
-1787
-1877
-1941
-2120
-2329
-2358
-2206
-2083
-2096
-2183
-2247
-2131
-1855
-1548
-1261
-827
-327
100
709
1512
2200
2654
3115
3554
3810
3960
3979
3759
3428
3207
3005
2743
2525
2313
2052
1848
1738
1620
1456
1204
809
449
286
155
-61
-245
-360
-521
-631
-612
-561
-492
-355
-174
13
316
610
740
730
596
113
-838
-1985
-3084
-3995
-4797
-5664
-6589
-7268
-7471
-7327
-7010
-6488
-5770
-4989
-4163
-3258
-2358
-1584
-949
-434
-62
157
309
500
721
851
940
1236
1802
2420
2960
3495
4056
4563
4986
5279
5327
5132
4752
4197
3478
2671
1817
916
31
-757
-1400
-1836
-2084
-2284
-2455
-2480
-2344
-2161
-2053
-2012
-1990
-1935
-1826
-1681
-1490
-1230
-960
-682
-280
249
834
1413
1956
2465
2965
3453
3784
3888
3877
3804
3636
3389
3142
2885
2568
2234
1971
1783
1623
1433
1187
941
753
602
442
281
140
31
-47
-113
-181
-186
-153
-111
-37
108
287
409
484
481
341
-14
-664
-1650
-2768
-3737
-4535
-5303
-6115
-6853
-7314
-7400
-7179
-6783
-6250
-5555
-4758
-3908
-3007
-2126
-1366
-759
-289
36
267
515
788
1015
1173
1373
1742
2285
2857
3345
3783
4240
4664
4968
5116
5056
4774
4303
3693
2981
2188
1373
545
-279
-1020
-1555
-1870
-1997
-2152
-2421
-2595
-2530
-2305
-2166
-2129
-2133
-2050
-1850
-1564
-1292
-949
-507
-157
267
900
1624
2147
2543
2965
3321
3611
3800
3800
3603
3397
3222
2960
2693
2476
2242
1985
1802
1702
1602
1470
1200
843
609
475
300
86
-37
-113
-197
-175
-86
19
164
341
463
585
757
827
723
479
-30
-997
-2197
-3288
-4195
-5029
-5906
-6822
-7545
-7798
-7624
-7288
-6822
-6151
-5390
-4597
-3717
-2765
-1929
-1273
-757
-365
-74
162
419
683
883
1039
1345
1926
2599
3149
3632
4168
4688
5096
5365
5394
5146
4712
4148
3461
2685
1858
974
82
-710
-1349
-1781
-1992
-2156
-2408
-2585
-2497
-2278
-2105
-2049
-2085
-2079
-1957
-1740
-1524
-1241
-910
-602
-183
438
1125
1722
2289
2803
3250
3691
4050
4140
4009
3866
3680
3380
3055
2765
2430
2096
1882
1767
1698
1604
1412
1150
945
814
671
497
324
156
71
102
129
125
171
264
333
451
625
736
739
653
376
-276
-1270
-2419
-3498
-4420
-5287
-6244
-7172
-7769
-7975
-7924
-7663
-7164
-6502
-5731
-4870
-3931
-3001
-2173
-1466
-901
-471
-143
150
473
749
932
1151
1557
2136
2716
3251
3763
4283
4797
5208
5426
5409
5194
4791
4188
3467
2675
1791
877
-3
-798
-1452
-1873
-2095
-2322
-2565
-2701
-2639
-2454
-2287
-2200
-2138
-2000
-1803
-1581
-1342
-1010
-649
-315
138
744
1410
2012
2565
3049
3471
3872
4147
4224
4137
4004
3812
3524
3211
2881
2541
2215
1930
1729
1609
1487
1268
1027
846
694
515
342
229
164
170
235
304
352
389
426
466
562
689
759
736
603
276
-358
-1281
-2361
-3427
-4396
-5318
-6244
-7082
-7669
-7953
-7953
-7702
-7253
-6656
-5940
-5115
-4228
-3354
-2547
-1841
-1242
-761
-375
-23
315
609
858
1163
1599
2133
2697
3248
3779
4280
4725
5074
5263
5243
5027
4646
4105
3416
2623
1762
879
31
-723
-1334
-1764
-2048
-2308
-2533
-2652
-2612
-2479
-2320
-2229
-2215
-2152
-1984
-1747
-1487
-1155
-813
-440
78
720
1364
1993
2634
3187
3654
4087
4418
4527
4471
4342
4097
3778
3457
3114
2747
2422
2173
1981
1831
1681
1466
1250
1082
921
749
590
426
272
204
190
172
166
215
264
318
454
615
706
695
592
283
-333
-1290
-2462
-3601
-4570
-5486
-6502
-7445
-8084
-8359
-8331
-8069
-7605
-6983
-6236
-5385
-4457
-3502
-2627
-1884
-1269
-797
-445
-116
271
624
883
1173
1634
2257
2914
3508
4029
4540
5049
5463
5692
5697
5481
5044
4433
3711
2896
2001
1058
138
-698
-1374
-1819
-2069
-2217
-2320
-2449
-2584
-2599
-2484
-2381
-2353
-2323
-2234
-2039
-1740
-1395
-1032
-545
100
737
1387
2156
2886
3403
3831
4270
4542
4603
4529
4306
3962
3619
3305
2934
2556
2272
2039
1848
1727
1635
1510
1348
1124
881
708
549
295
37
-88
-127
-126
-34
101
197
318
517
690
793
853
765
424
-220
-1165
-2315
-3462
-4502
-5545
-6617
-7560
-8202
-8509
-8487
-8218
-7761
-7115
-6306
-5413
-4483
-3540
-2671
-1926
-1305
-813
-445
-115
207
480
744
1111
1631
2264
2943
3582
4164
4755
5340
5785
6006
6025
5822
5373
4727
3958
3083
2114
1133
192
-646
-1315
-1779
-2061
-2228
-2370
-2539
-2646
-2604
-2436
-2322
-2335
-2356
-2261
-2019
-1722
-1436
-1110
-601
12
639
1332
2121
2842
3358
3824
4265
4573
4663
4560
4308
3952
3633
3307
2905
2507
2193
1936
1693
1538
1446
1321
1142
934
751
608
441
177
-74
-173
-152
-90
14
147
250
365
487
583
656
662
536
180
-459
-1387
-2519
-3629
-4604
-5562
-6558
-7454
-8049
-8280
-8211
-7938
-7479
-6805
-5994
-5145
-4267
-3366
-2526
-1830
-1254
-772
-391
-53
293
625
925
1271
1768
2417
3112
3734
4279
4822
5321
5659
5788
5739
5490
5002
4343
3581
2735
1831
907
27
-740
-1334
-1734
-1980
-2141
-2299
-2420
-2411
-2275
-2146
-2143
-2190
-2177
-2060
-1860
-1608
-1331
-973
-505
47
681
1384
2099
2691
3180
3642
4041
4284
4320
4196
3944
3642
3323
2938
2527
2159
1859
1613
1445
1350
1265
1160
1036
925
841
755
599
367
164
44
7
60
189
347
489
647
799
923
1015
1032
907
604
119
-634
-1632
-2730
-3811
-4852
-5857
-6764
-7497
-7969
-8143
-8042
-7692
-7118
-6397
-5624
-4808
-3942
-3096
-2329
-1659
-1101
-662
-299
47
388
727
1086
1515
2061
2684
3306
3899
4463
4961
5326
5543
5590
5426
5041
4480
3783
2976
2111
1227
366
-426
-1079
-1555
-1880
-2095
-2262
-2392
-2456
-2432
-2362
-2322
-2302
-2270
-2181
-2023
-1774
-1458
-1083
-613
-70
538
1205
1902
2526
3044
3497
3857
4067
4123
4046
3836
3544
3228
2877
2509
2178
1886
1628
1439
1337
1277
1211
1125
1018
907
794
657
480
307
163
45
7
77
225
406
613
834
1003
1130
1199
1188
1054
774
262
-556
-1603
-2753
-3871
-4896
-5833
-6704
-7409
-7816
-7917
-7773
-7400
-6806
-6084
-5310
-4503
-3674
-2880
-2186
-1603
-1132
-744
-395
-46
333
703
1068
1515
2093
2753
3393
3993
4536
4987
5320
5500
5485
5241
4784
4155
3395
2576
1738
894
75
-657
-1244
-1665
-1947
-2148
-2297
-2367
-2332
-2224
-2128
-2097
-2100
-2048
-1929
-1767
-1568
-1306
-986
-591
-78
537
1203
1865
2468
2994
3460
3835
4024
4017
3871
3636
3342
2999
2618
2212
1831
1513
1265
1111
1043
1002
938
878
836
785
717
622
489
349
249
170
114
119
215
381
602
874
1152
1365
1484
1513
1452
1274
909
309
-543
-1602
-2746
-3844
-4831
-5720
-6533
-7213
-7665
-7816
-7684
-7341
-6815
-6148
-5412
-4666
-3896
-3119
-2408
-1821
-1334
-890
-464
-43
391
855
1340
1874
2467
3108
3717
4229
4658
5004
5231
5293
5156
4814
4286
3623
2872
2068
1255
467
-268
-903
-1390
-1719
-1938
-2099
-2210
-2242
-2164
-2025
-1917
-1866
-1814
-1708
-1546
-1305
-999
-635
-202
311
878
1501
2175
2774
3231
3608
3917
4059
4009
3815
3483
3064
2620
2178
1702
1246
882
570
322
190
140
123
126
157
190
218
222
159
100
90
99
115
209
371
534
761
1052
1335
1590
1808
1942
1955
1891
1748
1449
983
342
-528
-1601
-2746
-3867
-4908
-5834
-6654
-7336
-7767
-7906
-7788
-7459
-6928
-6240
-5489
-4707
-3893
-3082
-2317
-1618
-1010
-467
51
551
1061
1591
2117
2635
3173
3717
4189
4557
4840
5040
5082
4946
4661
4178
3540
2794
1977
1135
312
-451
-1139
-1704
-2105
-2362
-2498
-2535
-2524
-2477
-2333
-2135
-1961
-1772
-1567
-1335
-1053
-689
-258
197
729
1314
1887
2472
3078
3578
3914
4164
4290
4223
4012
3693
3259
2757
2257
1758
1242
780
409
95
-132
-239
-295
-317
-299
-283
-243
-172
-116
-108
-91
-11
88
229
438
678
897
1164
1471
1752
2004
2214
2291
2227
2071
1809
1452
1020
543
-49
-771
-1662
-2699
-3774
-4754
-5580
-6299
-6902
-7407
-7753
-7871
-7728
-7350
-6792
-6108
-5379
-4639
-3854
-3034
-2196
-1375
-578
170
861
1532
2144
2687
3178
3628
4035
4369
4610
4731
4748
4671
4476
4149
3688
3122
2445
1705
954
221
-464
-1091
-1643
-2077
-2364
-2520
-2614
-2649
-2624
-2500
-2262
-1994
-1685
-1358
-967
-535
-49
498
1077
1671
2226
2765
3257
3715
4054
4229
4286
4239
4075
3779
3408
2970
2470
1960
1452
966
508
105
-226
-500
-671
-788
-885
-955
-983
-945
-857
-729
-614
-475
-285
-65
188
493
847
1172
1485
1786
2056
2281
2433
2473
2385
2195
1925
1544
1098
637
171
-318
-806
-1281
-1801
-2442
-3263
-4188
-5076
-5798
-6405
-6936
-7381
-7661
-7714
-7530
-7101
-6460
-5673
-4833
-3966
-3038
-2010
-956
37
912
1659
2256
2763
3198
3521
3725
3849
3951
3994
3963
3873
3745
3568
3327
3019
2633
2157
1578
927
263
-387
-1009
-1596
-2108
-2505
-2772
-2909
-2939
-2837
-2598
-2272
-1844
-1365
-818
-233
364
987
1564
2158
2670
3066
3370
3632
3852
3946
3952
3876
3738
3533
3260
2947
2579
2185
1763
1321
900
480
76
-318
-663
-965
-1186
-1321
-1415
-1422
-1328
-1136
-917
-668
-371
-61
251
570
902
1202
1480
1730
1918
2048
2127
2104
2011
1883
1700
1445
1118
773
357
-77
-504
-918
-1297
-1675
-1992
-2305
-2601
-2979
-3621
-4366
-5106
-5694
-6098
-6411
-6608
-6715
-6597
-6268
-5726
-4917
-3959
-2974
-2092
-1173
-220
633
1377
1945
2344
2572
2703
2778
2786
2765
2718
2710
2717
2703
2670
2595
2516
2335
2086
1777
1344
814
210
-341
-861
-1329
-1717
-2075
-2328
-2488
-2437
-2204
-1865
-1402
-901
-317
294
883
1426
1912
2360
2692
2938
3154
3319
3376
3340
3304
3253
3149
3024
2868
2687
2453
2181
1855
1486
1080
648
238
-167
-531
-853
-1095
-1276
-1402
-1392
-1276
-1103
-895
-599
-267
30
321
599
846
1045
1195
1309
1365
1374
1347
1274
1210
1120
990
825
643
432
181
-104
-418
-749
-1085
-1410
-1752
-2055
-2357
-2584
-2757
-2846
-2882
-2984
-3186
-3606
-3987
-4304
-4435
-4477
-4506
-4412
-4286
-3979
-3578
-2968
-2224
-1486
-833
-253
339
850
1257
1561
1766
1851
1860
1819
1775
1687
1639
1626
1640
1625
1563
1505
1407
1296
1114
927
676
337
-4
-337
-606
-857
-1046
-1172
-1195
-1074
-861
-520
-116
337
804
1274
1718
2056
2337
2553
2675
2710
2716
2683
2593
2501
2418
2347
2270
2159
2013
1857
1718
1524
1278
1018
724
404
90
-179
-447
-675
-823
-911
-922
-836
-672
-486
-269
-24
198
399
560
656
721
770
779
717
641
565
449
337
230
118
-16
-112
-215
-329
-443
-610
-790
-1044
-1248
-1495
-1703
-1906
-2105
-2262
-2389
-2375
-2373
-2260
-2119
-1973
-1952
-2093
-2315
-2563
-2751
-2841
-2876
-2870
-2823
-2736
-2518
-2216
-1733
-1252
-774
-375
-17
348
612
824
908
968
948
899
854
806
793
803
869
942
1007
1072
1130
1158
1158
1121
1045
887
678
477
288
141
16
-33
-23
87
279
504
777
1041
1308
1528
1728
1881
1967
2002
1981
1946
1895
1846
1779
1705
1651
1611
1568
1517
1460
1404
1330
1229
1071
863
628
362
111
-95
-219
-301
-342
-334
-284
-193
-95
12
96
162
199
218
220
204
175
112
24
-75
-178
-274
-345
-409
-454
-525
-586
-671
-762
-848
-951
-1062
-1198
-1302
-1417
-1484
-1546
-1582
-1632
-1664
-1664
-1625
-1537
-1444
-1320
-1229
-1110
-1029
-986
-1046
-1235
-1436
-1646
-1761
-1849
-1892
-1888
-1882
-1789
-1656
-1403
-1086
-763
-488
-271
-54
114
217
272
303
312
299
280
318
382
508
656
811
938
1027
1111
1153
1186
1177
1150
1068
942
822
721
642
562
531
552
625
748
876
1025
1168
1298
1414
1506
1581
1608
1608
1566
1495
1424
1345
1283
1242
1229
1223
1204
1193
1176
1149
1114
1053
933
762
592
433
304
207
137
73
12
-22
-31
-9
19
39
55
53
33
-22
-89
-174
-259
-322
-376
-423
-488
-541
-606
-660
-702
-734
-783
-837
-904
-961
-1007
-1071
-1130
-1221
-1272
-1335
-1385
-1419
-1435
-1421
-1416
-1387
-1357
-1321
-1271
-1225
-1172
-1108
-1054
-1011
-993
-964
-918
-876
-849
-896
-969
-1035
-1077
-1086
-1075
-1006
-953
-876
-788
-672
-483
-304
-113
12
138
243
298
352
391
439
460
480
513
546
612
694
780
872
940
1006
1040
1081
1092
1099
1108
1082
1067
1053
1077
1077
1074
1092
1103
1130
1177
1231
1280
1313
1337
1332
1314
1288
1223
1149
1080
1030
984
959
947
923
887
830
759
689
641
581
513
452
382
307
231
158
83
22
-15
-58
-90
-97
-100
-125
-177
-233
-301
-375
-452
-523
-585
-648
-714
-768
-806
-847
-901
-961
-1003
-1028
-1040
-1041
-1040
-1034
-1057
-1104
-1173
-1219
-1258
-1280
-1277
-1242
-1189
-1148
-1095
-1060
-1011
-971
-940
-933
-912
-871
-810
-742
-679
-611
-570
-540
-551
-521
-475
-422
-358
-291
-193
-125
-55
-11
19
45
64
99
132
182
235
260
285
288
273
257
237
245
252
296
354
415
492
556
622
669
711
738
763
814
864
927
988
1029
1037
1033
1030
1019
1022
1045
1068
1080
1075
1055
1015
962
909
851
805
766
727
691
661
623
561
486
415
364
340
324
314
314
311
292
249
200
139
63
-9
-79
-135
-177
-196
-215
-227
-239
-255
-278
-311
-346
-390
-434
-485
-532
-580
-625
-663
-686
-673
-659
-647
-653
-669
-689
-706
-692
-680
-662
-672
-697
-744
-783
-814
-850
-858
-852
-815
-779
-718
-655
-602
-544
-495
-456
-441
-437
-433
-431
-404
-372
-349
-336
-341
-327
-303
-252
-194
-138
-82
-55
-31
-27
-20
-23
-38
-42
-51
-25
22
93
171
235
293
316
336
366
402
438
457
477
479
466
458
444
445
448
459
475
501
541
581
620
645
647
618
570
517
483
470
482
500
523
542
547
544
527
510
483
467
451
431
419
405
376
328
279
237
197
166
154
162
181
200
212
204
181
139
89
51
33
27
27
23
13
-9
-39
-75
-115
-149
-177
-188
-188
-182
-190
-217
-262
-328
-388
-438
-469
-491
-499
-494
-490
-483
-475
-467
-458
-452
-446
-442
-438
-437
-439
-447
-464
-488
-522
-549
-569
-564
-530
-488
-441
-393
-343
-313
-299
-295
-291
-290
-286
-282
-283
-277
-260
-225
-168
-95
-42
0
31
63
92
125
148
143
129
90
61
45
72
100
120
146
167
198
229
282
320
340
339
313
292
279
267
253
252
265
292
325
376
410
427
428
401
365
331
303
267
233
200
178
166
171
176
195
236
272
300
327
351
352
327
278
219
167
134
114
103
113
117
119
118
114
105
88
68
44
12
-11
-25
-42
-54
-74
-89
-100
-97
-88
-83
-77
-77
-87
-99
-115
-144
-177
-215
-253
-284
-293
-287
-273
-259
-247
-235
-224
-207
-197
-189
-189
-196
-202
-208
-214
-220
-222
-219
-207
-185
-149
-111
-72
-40
-26
-27
-37
-65
-98
-128
-147
-165
-182
-202
-219
-222
-210
-185
-151
-112
-83
-65
-65
-75
-90
-109
-127
-142
-143
-138
-126
-105
-69
-23
15
42
60
71
79
83
82
79
79
75
75
84
105
144
185
231
276
302
315
307
289
267
234
207
180
163
159
163
177
193
202
201
197
195
195
187
169
150
129
110
90
76
76
81
93
108
122
137
145
146
142
132
118
101
84
70
65
70
81
87
85
71
50
25
-3
-23
-40
-55
-70
-93
-111
-133
-152
-161
-175
-192
-216
-228
-227
-214
-194
-176
-167
-173
-195
-227
-257
-271
-267
-254
-228
-204
-186
-179
-178
-179
-172
-163
-150
-129
-100
-69
-35
-2
21
32
38
40
39
42
51
57
54
47
37
21
3
-10
-12
-10
-7
3
16
31
45
55
63
61
55
48
42
35
34
38
44
54
67
86
101
105
98
78
64
64
77
100
119
126
118
93
69
56
52
51
49
52
54
53
50
36
17
-3
-15
-13
3
29
57
78
85
78
61
42
23
3
-7
-9
-2
3
0
-11
-23
-31
-34
-31
-24
-11
-1
6
9
11
7
-3
-15
-23
-26
-22
-14
-6
-3
-4
-12
-29
-51
-79
-105
-125
-135
-135
-131
-117
-105
-103
-107
-114
-111
-101
-89
-79
-71
-61
-50
-39
-25
-21
-24
-28
-22
3
38
77
108
129
137
129
111
92
74
56
44
40
41
45
61
75
85
85
76
65
56
56
58
60
59
54
43
35
28
24
24
19
16
8
2
-10
-26
-43
-62
-72
-67
-44
-13
21
44
47
35
12
-9
-25
-34
-45
-49
-50
-44
-37
-30
-28
-36
-42
-42
-35
-23
-9
2
1
-12
-34
-57
-70
-69
-51
-25
2
30
46
52
51
45
31
12
-10
-30
-42
-44
-41
-38
-40
-39
-36
-28
-14
-2
0
-11
-36
-62
-84
-100
-105
-97
-80
-60
-36
-16
1
14
27
29
17
-1
-24
-40
-44
-38
-26
-15
-9
-12
-16
-20
-16
-1
21
41
52
57
61
67
75
85
96
108
121
134
146
155
149
132
103
77
57
46
43
34
21
7
-7
-18
-24
-23
-19
-10
5
17
27
28
19
8
-6
-17
-29
-34
-33
-29
-30
-37
-48
-54
-58
-60
-62
-66
-69
-71
-66
-57
-45
-36
-27
-16
1
25
42
50
46
32
22
19
30
42
50
51
42
31
16
0
-16
-25
-31
-27
-17
-1
8
8
0
-13
-30
-45
-60
-66
-67
-59
-42
-22
-2
11
12
1
-13
-19
-12
5
23
36
42
40
35
31
33
36
32
21
7
-4
-12
-10
-6
-5
3
16
32
43
38
25
7
-9
-19
-22
-21
-19
-23
-31
-33
-32
-33
-38
-46
-50
-51
-48
-40
-33
-23
-18
-14
-8
-1
12
28
41
48
54
58
58
53
43
31
21
16
16
14
11
5
-6
-19
-30
-38
-45
-48
-53
-51
-44
-35
-25
-15
-8
-9
-9
-11
-13
-11
-4
9
19
24
26
26
23
17
11
5
-3
-6
-9
-8
-6
-8
-13
-18
-19
-18
-14
-11
-9
-7
-4
6
23
40
53
62
66
67
68
65
56
38
19
4
-8
-10
-8
-4
2
7
11
11
10
8
4
0
-3
-1
2
8
13
18
23
29
36
45
51
49
44
37
31
26
21
9
-9
-30
-44
-52
-51
-48
-42
-35
-30
-22
-17
-15
-22
-35
-50
-60
-60
-48
-26
-2
19
29
30
25
17
7
-5
-21
-32
-40
-37
-29
-22
-23
-32
-45
-56
-56
-49
-38
-27
-12
1
11
13
7
-8
-21
-27
-23
-9
13
33
40
40
32
25
16
9
4
-1
-1
-3
0
4
7
10
10
9
9
10
13
16
16
12
9
11
16
19
19
15
9
8
13
24
35
37
27
13
-1
-11
-15
-12
-8
1
8
15
20
23
23
19
14
10
8
8
12
14
16
15
13
10
8
8
5
-1
-10
-18
-22
-24
-24
-25
-26
-25
-21
-16
-13
-12
-7
-6
-4
-1
4
9
11
6
-1
-7
-10
-6
2
12
19
18
15
11
10
6
-3
-11
-19
-27
-31
-31
-34
-35
-33
-29
-22
-14
-11
-12
-20
-27
-32
-32
-32
-31
-30
-28
-21
-10
1
4
3
-1
-4
-7
-7
-3
-2
-2
0
2
9
18
25
28
24
18
10
2
-4
-8
-10
-11
-12
-11
-10
-10
-13
-15
-14
-9
-7
-8
-8
-3
7
23
40
50
57
52
37
19
3
-6
-4
7
23
38
50
56
54
44
33
26
20
24
34
45
49
43
32
19
12
11
10
11
11
11
12
15
14
9
4
-4
-6
-2
3
7
7
3
-4
-7
-7
-7
-11
-12
-10
-5
4
13
16
13
2
-10
-19
-20
-12
1
13
14
6
-6
-17
-22
-24
-25
-28
-29
-32
-37
-41
-46
-52
-60
-60
-53
-45
-41
-47
-59
-71
-80
-76
-66
-50
-35
-22
-14
-10
-9
-12
-14
-9
5
21
40
49
47
35
21
9
2
3
6
13
22
31
35
33
26
16
6
1
2
7
17
29
38
42
38
27
14
6
7
14
22
25
19
10
0
-8
-16
-19
-16
-4
12
28
39
40
29
15
6
6
14
29
44
57
60
58
47
35
22
10
3
-1
0
4
7
1
-12
-31
-51
-67
-76
-76
-71
-63
-58
-56
-58
-58
-56
-54
-52
-53
-50
-39
-19
2
18
26
27
20
13
7
0
-5
-9
-14
-16
-12
-3
4
7
7
5
5
11
21
28
31
29
25
22
21
19
18
16
13
10
10
12
10
6
-3
-9
-11
-16
-20
-19
-12
1
12
19
19
15
10
5
1
-1
5
22
41
56
67
71
68
55
39
23
12
7
8
11
16
18
14
4
-10
-23
-37
-44
-46
-42
-34
-22
-12
-6
-4
-5
-3
3
11
21
31
36
34
23
4
-15
-32
-43
-46
-41
-32
-23
-18
-24
-35
-47
-54
-57
-52
-41
-26
-10
6
19
23
22
14
3
-1
0
4
7
9
8
6
3
0
-4
-7
-13
-19
-25
-28
-30
-28
-26
-27
-29
-28
-21
-8
6
22
33
34
29
21
14
11
13
16
22
29
35
37
34
25
16
9
2
1
1
3
6
4
-2
-6
-6
-3
-1
3
4
5
2
-1
-3
2
9
20
28
28
25
19
16
11
10
13
15
15
15
15
12
5
2
-1
-3
-5
-7
-7
-1
7
16
24
28
24
14
0
-11
-16
-18
-17
-17
-17
-20
-22
-23
-27
-33
-39
-42
-41
-38
-36
-34
-35
-38
-37
-31
-21
-10
0
5
7
11
15
16
18
19
16
13
12
17
27
37
42
35
23
8
-7
-18
-23
-25
-24
-25
-26
-26
-23
-22
