0
2
3
3
2
0
-1
-2
1
2
4
5
5
4
2
2
1
2
4
5
6
8
9
9
8
4
2
-1
-2
0
2
5
7
8
6
6
5
5
4
5
2
1
-1
-3
-4
-5
-6
-5
-3
-1
3
3
3
1
-1
0
0
1
1
0
-1
-3
-3
-3
-3
-3
-3
-3
-3
-3
-4
-4
-4
-4
-3
-4
-4
-5
-6
-5
-6
-5
-5
-6
-6
-6
-6
-4
-2
-1
-1
-2
-4
-5
-5
-4
-1
1
1
1
0
0
1
1
0
-1
-4
-3
-3
0
3
6
6
6
3
1
1
0
1
3
4
5
6
5
5
3
4
4
4
4
3
4
5
7
6
7
5
4
4
3
4
3
3
2
0
-2
-3
-4
-5
-3
-3
0
2
4
4
4
2
-1
-1
-2
-1
-1
-2
-2
-3
-4
-5
-5
-5
-5
-2
-1
0
0
1
1
0
2
1
0
3
3
2
-1
-4
-5
-6
-4
-3
-2
-2
-2
-3
-3
-3
-3
-4
-3
-3
-2
-1
1
2
2
0
-1
-3
-5
-5
-4
-1
1
3
0
0
0
-1
1
2
1
1
1
2
3
2
1
0
-1
0
0
2
3
5
6
7
8
7
5
3
1
1
0
0
1
1
-1
-2
-3
-4
-3
-1
1
1
2
1
1
0
0
2
3
2
0
-2
-3
-1
1
3
2
0
-2
-4
-3
-1
0
0
0
-2
-3
-2
-1
0
-1
-1
-2
-2
-1
0
0
-1
-1
-1
-1
0
1
0
-2
-3
-3
-1
1
2
3
3
2
0
-1
0
0
-1
-2
-3
-5
-3
-2
1
2
4
1
-1
-3
-3
-2
1
3
4
4
2
-1
-1
-1
1
2
3
3
2
2
1
2
3
3
2
2
1
0
1
2
2
3
1
-1
-3
-3
-1
0
1
1
0
-1
0
0
-1
-1
-2
-4
-4
-2
-2
0
1
1
2
2
1
1
-1
-1
-1
-2
-1
0
1
2
1
0
-2
-3
-4
-4
-3
-2
-3
-4
-3
-3
-1
0
0
2
1
1
0
-1
-1
0
0
1
-1
-1
-1
-2
-3
-3
-2
-1
0
0
2
2
1
1
0
0
-1
-2
-2
0
0
1
1
0
1
0
1
3
3
3
2
2
2
3
5
4
4
3
1
2
1
1
1
1
0
0
0
0
1
1
2
3
3
3
1
-1
-2
-1
0
0
1
0
0
0
-1
-1
1
1
1
1
1
0
-1
-3
-3
-3
-3
-4
-4
-6
-4
-3
-3
0
1
1
1
0
-1
-2
-2
-3
-4
-3
-3
-2
-1
-1
1
2
3
3
1
0
0
1
1
1
-1
-3
-4
-3
-3
1
3
4
5
4
3
2
0
1
0
1
2
3
4
2
2
1
-1
-1
0
3
4
4
4
2
1
0
0
0
1
2
0
0
1
2
3
3
3
1
-1
-2
-3
-2
-3
-2
-1
0
0
0
-1
0
0
0
0
-3
-2
-3
-3
-3
-4
-6
-5
-5
-4
-3
-2
-3
-3
-2
-2
-2
-1
0
-1
-1
0
0
-1
-2
-3
-2
0
2
3
3
4
5
4
3
2
0
-1
-1
0
0
2
1
0
-1
-1
-2
-1
1
3
5
5
4
3
0
-1
0
2
3
3
1
0
0
1
2
3
3
1
2
2
4
4
4
2
1
1
1
1
2
1
1
0
-1
-3
-4
-4
-3
-1
2
2
3
1
0
0
-1
-1
-1
1
1
1
-2
-5
-7
-7
-5
-4
-4
-3
-2
-2
1
2
2
2
0
-2
-4
-5
-4
-5
-5
-5
-4
-4
-3
-1
-1
-1
-1
-1
-1
-1
1
0
1
-1
-3
-5
-5
-4
-2
-1
-1
1
3
5
6
4
1
0
0
1
2
3
3
1
0
0
2
4
5
7
7
8
6
3
1
-1
-2
-1
0
1
1
1
3
4
4
4
3
3
2
4
4
3
2
1
1
2
3
4
4
5
7
8
7
5
3
1
0
-1
-2
-2
-2
-2
-1
1
1
0
-2
-3
-1
0
0
-3
-7
-11
-11
-9
-6
-5
-4
-5
-4
-5
-6
-6
-7
-8
-9
-9
-10
-9
-8
-7
-8
-7
-6
-5
-4
-3
-1
1
0
-3
-4
-5
-6
-3
-2
0
0
2
3
5
4
4
4
3
2
1
0
0
0
2
5
8
8
8
10
12
14
14
11
8
7
7
8
9
10
7
5
5
5
8
8
9
10
9
9
9
8
6
4
6
6
6
5
4
3
3
5
4
5
4
3
3
2
2
1
-1
-5
-7
-8
-8
-8
-8
-8
-8
-8
-8
-8
-9
-8
-9
-11
-14
-16
-18
-16
-14
-11
-9
-9
-10
-10
-10
-9
-8
-9
-9
-12
-13
-14
-13
-13
-12
-11
-10
-8
-10
-9
-11
-10
-9
-8
-7
-7
-6
-5
-1
1
4
6
6
9
10
11
11
12
10
9
12
15
16
18
19
21
23
25
26
27
25
23
20
20
18
18
19
20
21
24
25
26
26
25
23
22
19
16
14
11
9
8
6
3
2
3
5
7
7
5
1
-4
-9
-14
-19
-21
-24
-27
-28
-29
-28
-26
-27
-30
-34
-39
-44
-51
-54
-56
-58
-58
-57
-58
-55
-49
-43
-38
-33
-29
-25
-24
-21
-19
-17
-17
-18
-18
-16
-13
-9
-3
1
4
7
8
7
7
5
5
6
7
10
13
17
23
32
39
45
51
54
59
63
65
67
70
73
76
76
77
79
80
82
82
81
77
75
70
65
60
58
55
51
48
47
50
54
58
57
54
51
47
42
32
19
6
-2
-9
-14
-20
-27
-33
-36
-39
-47
-57
-69
-84
-99
-114
-131
-149
-170
-194
-214
-229
-239
-249
-258
-263
-262
-257
-246
-230
-209
-183
-150
-114
-79
-47
-17
11
38
63
80
90
93
90
83
75
65
56
45
34
22
12
2
-4
-8
-5
1
10
19
33
51
74
101
129
157
184
210
232
254
275
292
305
313
313
311
308
300
290
272
250
226
200
171
140
106
74
44
18
-2
-16
-22
-19
-9
6
24
44
65
81
87
86
83
81
74
59
40
24
17
11
7
-3
-21
-52
-92
-135
-181
-239
-320
-434
-579
-746
-895
-998
-1045
-1052
-1034
-982
-879
-717
-517
-306
-109
64
205
313
391
437
447
419
366
308
260
221
187
163
154
156
159
147
116
65
-1
-76
-154
-232
-306
-363
-388
-369
-306
-210
-91
42
185
328
458
563
623
634
606
561
511
455
381
289
196
120
71
34
-3
-44
-73
-75
-51
-23
-7
-2
11
43
89
137
183
225
264
306
362
421
467
485
472
447
421
395
357
301
234
171
127
99
76
48
17
-6
-21
-32
-49
-81
-112
-134
-144
-146
-154
-163
-160
-133
-74
1
64
99
110
107
104
71
-58
-333
-732
-1166
-1522
-1756
-1903
-2022
-2112
-2115
-1956
-1640
-1235
-830
-470
-156
120
358
541
660
724
744
741
732
731
741
761
787
820
846
846
799
698
543
353
141
-89
-326
-556
-746
-862
-886
-825
-707
-548
-348
-102
168
433
656
822
943
1026
1081
1108
1101
1050
968
884
818
773
726
657
562
458
350
234
88
-108
-362
-641
-896
-1121
-1334
-1532
-1642
-1584
-1364
-1058
-730
-377
26
450
827
1106
1288
1386
1402
1337
1214
1068
907
727
539
388
293
232
165
74
-26
-122
-221
-338
-485
-641
-775
-865
-902
-888
-820
-696
-526
-317
-82
157
374
539
641
684
681
630
529
387
242
125
38
-36
-109
-168
-205
-222
-224
-219
-220
-241
-282
-353
-484
-720
-1070
-1463
-1792
-1991
-2073
-2087
-2050
-1927
-1674
-1289
-825
-347
84
442
717
917
1044
1102
1096
1039
953
863
784
721
680
664
668
685
694
666
580
437
252
50
-148
-332
-502
-640
-724
-724
-633
-469
-260
-23
231
488
719
905
1034
1108
1136
1123
1078
1006
919
817
717
631
559
501
441
361
249
74
-201
-584
-998
-1338
-1537
-1614
-1617
-1552
-1386
-1081
-658
-168
315
729
1045
1254
1375
1421
1382
1249
1030
790
591
452
362
295
251
240
248
248
206
102
-57
-240
-427
-602
-768
-915
-1020
-1050
-975
-801
-561
-303
-59
166
376
565
693
734
691
598
495
402
300
195
106
55
49
66
81
86
81
30
-175
-632
-1313
-2038
-2607
-2960
-3179
-3346
-3430
-3317
-2930
-2302
-1540
-767
-70
522
1008
1399
1682
1827
1820
1698
1531
1373
1245
1145
1071
1033
1029
1046
1055
1019
905
703
424
98
-231
-569
-901
-1198
-1396
-1439
-1323
-1089
-786
-429
-20
435
887
1273
1552
1718
1793
1797
1737
1620
1444
1238
1040
879
763
670
585
504
418
314
183
19
-176
-402
-651
-914
-1203
-1512
-1788
-1944
-1941
-1830
-1682
-1491
-1174
-699
-155
332
705
1004
1258
1441
1521
1504
1421
1279
1077
845
641
487
347
188
34
-70
-110
-153
-242
-375
-520
-644
-739
-804
-835
-822
-760
-643
-477
-272
-52
155
332
478
599
687
717
689
622
544
468
384
292
188
85
7
-26
-14
20
46
56
77
122
143
-10
-481
-1265
-2143
-2830
-3201
-3356
-3476
-3598
-3566
-3211
-2522
-1653
-809
-103
461
930
1332
1644
1817
1821
1689
1510
1366
1301
1278
1256
1248
1262
1316
1375
1372
1257
1024
698
319
-76
-472
-866
-1234
-1510
-1625
-1544
-1306
-973
-591
-176
273
736
1163
1494
1699
1795
1815
1783
1702
1570
1397
1215
1053
931
843
768
690
595
481
348
180
-36
-302
-602
-895
-1147
-1334
-1452
-1503
-1519
-1542
-1597
-1640
-1554
-1288
-934
-643
-436
-221
101
486
840
1103
1276
1397
1448
1422
1347
1227
1031
756
454
195
-11
-203
-405
-588
-691
-704
-679
-670
-685
-691
-647
-556
-435
-319
-227
-162
-102
-12
108
229
323
376
421
483
552
590
578
529
477
429
366
274
161
59
-21
-80
-107
-99
-72
-31
45
179
285
155
-403
-1326
-2268
-2872
-3101
-3220
-3469
-3772
-3812
-3392
-2594
-1676
-848
-160
424
946
1411
1773
1976
1979
1832
1661
1555
1513
1474
1411
1372
1399
1479
1553
1551
1431
1179
824
416
-5
-431
-862
-1269
-1571
-1689
-1605
-1381
-1083
-725
-299
193
704
1170
1539
1790
1931
1987
1979
1911
1778
1590
1389
1213
1079
977
875
756
626
485
324
130
-109
-393
-715
-1048
-1343
-1565
-1692
-1737
-1712
-1596
-1407
-1197
-1015
-874
-757
-650
-562
-488
-397
-264
-91
87
268
476
712
935
1097
1169
1167
1096
944
713
429
120
-190
-489
-747
-933
-1030
-1038
-973
-837
-648
-430
-212
-27
114
199
238
241
215
186
170
175
207
267
356
456
540
597
619
610
568
490
362
179
-43
-247
-396
-481
-500
-452
-336
-158
74
341
608
831
961
920
600
-62
-956
-1815
-2445
-2846
-3174
-3516
-3760
-3730
-3335
-2646
-1839
-1058
-385
166
631
1046
1394
1611
1649
1561
1459
1422
1451
1499
1547
1612
1708
1821
1906
1918
1810
1564
1195
751
280
-203
-695
-1157
-1514
-1695
-1676
-1493
-1202
-837
-413
56
531
969
1321
1561
1690
1724
1699
1632
1526
1388
1241
1114
1022
955
901
845
772
663
505
291
22
-298
-654
-1019
-1357
-1635
-1830
-1934
-1941
-1845
-1670
-1469
-1282
-1099
-877
-621
-401
-292
-306
-353
-324
-195
-48
60
149
285
483
694
864
964
990
940
807
618
397
130
-187
-501
-724
-802
-768
-687
-583
-434
-214
44
279
442
525
531
489
432
369
307
243
185
163
197
286
391
464
493
509
535
558
520
409
255
95
-37
-125
-156
-114
-5
139
303
480
646
735
642
281
-367
-1193
-2003
-2662
-3176
-3615
-3995
-4205
-4115
-3682
-2988
-2182
-1380
-636
44
672
1232
1667
1917
1976
1915
1831
1779
1750
1716
1689
1706
1780
1879
1943
1916
1765
1491
1119
686
201
-317
-844
-1326
-1688
-1876
-1879
-1730
-1464
-1098
-655
-150
387
903
1338
1656
1861
1974
1998
1942
1815
1642
1462
1302
1176
1084
1001
904
779
625
443
228
-32
-342
-708
-1104
-1467
-1761
-1996
-2219
-2455
-2651
-2689
-2506
-2172
-1819
-1498
-1141
-663
-83
482
945
1298
1574
1779
1890
1902
1835
1679
1432
1129
847
617
386
111
-200
-467
-646
-773
-891
-1011
-1104
-1142
-1118
-1035
-915
-775
-633
-483
-294
-42
243
500
688
820
924
1023
1096
1097
1012
871
710
553
405
265
125
-20
-166
-293
-368
-381
-346
-269
-138
59
302
515
646
697
671
504
71
-652
-1531
-2353
-2989
-3456
-3824
-4101
-4199
-4016
-3530
-2810
-1982
-1168
-424
241
834
1343
1711
1894
1914
1855
1801
1789
1816
1864
1931
2017
2106
2174
2194
2126
1936
1611
1172
668
137
-402
-925
-1387
-1714
-1856
-1815
-1625
-1319
-927
-467
37
539
1001
1382
1657
1826
1905
1910
1854
1744
1599
1456
1339
1249
1184
1119
1037
917
738
512
247
-58
-408
-799
-1208
-1604
-2036
-2557
-3123
-3545
-3612
-3338
-2937
-2536
-2091
-1459
-627
234
998
1601
2050
2346
2459
2419
2311
2109
1780
1366
976
716
541
343
81
-175
-357
-473
-601
-800
-1042
-1281
-1478
-1592
-1602
-1514
-1359
-1173
-917
-556
-108
348
720
973
1149
1277
1343
1305
1164
961
755
592
489
446
434
428
410
370
330
271
163
15
-129
-213
-237
-258
-282
-298
-333
-478
-862
-1488
-2207
-2830
-3257
-3525
-3740
-3924
-3973
-3754
-3196
-2389
-1521
-728
-33
607
1241
1819
2243
2459
2481
2406
2322
2264
2215
2146
2052
1965
1911
1880
1821
1680
1423
1065
648
214
-211
-634
-1042
-1399
-1645
-1722
-1628
-1396
-1069
-675
-230
265
771
1237
1614
1871
2023
2095
2111
2078
1981
1821
1622
1423
1242
1088
939
773
581
353
99
-180
-486
-839
-1279
-1838
-2494
-3116
-3540
-3693
-3621
-3426
-3118
-2637
-1934
-1056
-135
703
1398
1934
2317
2554
2637
2558
2316
1937
1519
1161
905
695
473
244
64
-47
-140
-289
-530
-840
-1158
-1429
-1621
-1727
-1763
-1724
-1581
-1304
-886
-398
74
466
766
1006
1197
1311
1311
1199
1034
879
761
683
635
606
595
607
625
630
590
481
318
131
-39
-182
-315
-456
-595
-701
-799
-1010
-1443
-2099
-2816
-3387
-3722
-3893
-4038
-4177
-4194
-3926
-3296
-2402
-1431
-550
194
868
1533
2161
2653
2910
2948
2872
2780
2717
2658
2564
2422
2241
2070
1930
1798
1614
1323
922
464
3
-438
-868
-1281
-1635
-1869
-1929
-1801
-1511
-1124
-704
-250
251
781
1302
1749
2076
2285
2406
2450
2417
2306
2127
1914
1689
1464
1253
1040
798
503
141
-285
-785
-1394
-2108
-2818
-3362
-3638
-3687
-3600
-3406
-3042
-2459
-1706
-887
-99
607
1201
1647
1956
2153
2256
2246
2111
1904
1710
1561
1429
1258
1038
811
589
333
8
-385
-811
-1229
-1614
-1935
-2148
-2253
-2252
-2149
-1926
-1555
-1071
-547
-56
380
759
1069
1276
1354
1326
1240
1129
1019
937
900
886
835
743
661
618
592
515
346
130
-88
-281
-453
-589
-648
-647
-636
-658
-694
-771
-1001
-1524
-2323
-3170
-3807
-4135
-4287
-4429
-4542
-4443
-3951
-3058
-1952
-879
9
720
1367
2016
2601
2989
3092
2962
2757
2612
2549
2519
2469
2391
2311
2257
2213
2135
1956
1615
1135
582
37
-465
-940
-1384
-1760
-1990
-2009
-1803
-1434
-967
-454
91
674
1256
1780
2181
2423
2526
2539
2491
2389
2230
2026
1808
1589
1381
1192
1001
776
470
3
-671
-1497
-2310
-2917
-3270
-3473
-3610
-3642
-3429
-2926
-2241
-1515
-839
-208
391
926
1359
1674
1853
1897
1847
1782
1760
1759
1711
1580
1416
1274
1128
895
506
-5
-550
-1051
-1479
-1848
-2163
-2408
-2552
-2534
-2313
-1927
-1463
-1009
-598
-200
192
540
785
897
914
904
923
976
1040
1081
1095
1096
1109
1141
1149
1077
901
650
371
92
-183
-437
-638
-753
-762
-683
-577
-469
-395
-433
-696
-1314
-2264
-3322
-4198
-4724
-4971
-5139
-5271
-5185
-4642
-3579
-2217
-880
221
1088
1834
2541
3166
3565
3646
3448
3144
2911
2801
2763
2711
2626
2551
2506
2489
2453
2292
1935
1382
705
17
-627
-1237
-1804
-2278
-2569
-2589
-2332
-1858
-1258
-613
41
709
1380
2004
2495
2786
2882
2851
2754
2623
2461
2257
2021
1783
1570
1393
1220
1012
679
88
-756
-1750
-2676
-3352
-3826
-4180
-4433
-4478
-4159
-3511
-2666
-1765
-911
-101
640
1289
1808
2157
2286
2230
2109
1999
1948
1899
1755
1567
1431
1344
1274
1118
798
355
-172
-717
-1210
-1656
-2063
-2423
-2690
-2771
-2611
-2251
-1796
-1333
-889
-450
-13
382
694
893
989
1018
1030
1075
1171
1273
1363
1432
1478
1523
1509
1388
1172
873
549
215
-127
-436
-681
-848
-952
-1029
-1118
-1297
-1719
-2505
-3595
-4693
-5470
-5810
-5874
-5902
-5914
-5680
-4900
-3558
-1937
-405
800
1723
2536
3319
4008
4442
4499
4261
3923
3667
3542
3458
3310
3082
2835
2638
2492
2306
1971
1424
687
-130
-895
-1531
-2046
-2488
-2844
-3015
-2890
-2453
-1795
-1051
-300
442
1182
1915
2579
3096
3415
3527
3493
3403
3277
3107
2860
2532
2170
1819
1492
1181
768
46
-1039
-2312
-3394
-4042
-4404
-4700
-4993
-5091
-4708
-3886
-2806
-1688
-701
166
941
1629
2248
2711
2864
2721
2457
2282
2266
2290
2170
1902
1648
1486
1401
1234
848
242
-496
-1217
-1796
-2214
-2560
-2903
-3189
-3253
-2971
-2416
-1784
-1219
-746
-301
161
604
941
1129
1163
1111
1079
1132
1267
1395
1435
1379
1307
1292
1273
1136
828
391
-31
-336
-551
-726
-880
-1019
-1077
-1030
-931
-898
-1195
-2003
-3254
-4575
-5469
-5803
-5833
-5884
-6021
-5908
-5155
-3714
-1929
-264
1000
1894
2650
3404
4076
4480
4451
4062
3596
3280
3193
3197
3125
2961
2784
2682
2640
2558
2315
1817
1067
190
-633
-1301
-1852
-2355
-2803
-3061
-2986
-2551
-1854
-1061
-273
486
1236
1993
2700
3230
3504
3540
3436
3308
3177
3019
2788
2477
2128
1804
1535
1160
502
-486
-1625
-2552
-3155
-3577
-3960
-4321
-4448
-4209
-3671
-2909
-2102
-1335
-631
-9
581
1176
1677
1927
1934
1861
1878
2037
2183
2173
2075
1974
1893
1798
1583
1206
650
-44
-766
-1392
-1861
-2240
-2598
-2864
-2933
-2751
-2374
-1944
-1549
-1162
-736
-290
151
496
702
802
818
871
1015
1170
1292
1332
1317
1356
1426
1462
1389
1168
852
524
235
2
-176
-365
-581
-774
-927
-1057
-1348
-2029
-3137
-4519
-5751
-6477
-6695
-6640
-6580
-6481
-5994
-4850
-3134
-1270
308
1449
2308
3089
3838
4453
4744
4630
4262
3873
3669
3658
3671
3599
3424
3232
3094
2950
2684
2193
1439
484
-527
-1436
-2157
-2712
-3162
-3483
-3542
-3237
-2567
-1670
-748
120
924
1696
2446
3090
3547
3761
3752
3636
3507
3399
3263
3048
2756
2434
2037
1444
596
-433
-1409
-2205
-2890
-3529
-4086
-4417
-4436
-4203
-3749
-3113
-2363
-1572
-810
-110
574
1215
1668
1883
1955
2004
2089
2187
2233
2250
2269
2244
2149
1991
1734
1333
763
52
-676
-1319
-1875
-2369
-2787
-3041
-3075
-2920
-2645
-2298
-1888
-1424
-951
-509
-116
212
461
622
724
833
995
1189
1379
1523
1615
1688
1710
1642
1444
1144
803
458
114
-280
-670
-954
-1075
-1033
-931
-888
-1003
-1461
-2441
-3913
-5479
-6613
-7077
-7062
-7023
-7071
-6861
-5952
-4231
-2074
-49
1490
2562
3412
4237
4990
5431
5360
4857
4220
3757
3567
3514
3453
3332
3203
3118
3057
2952
2663
2075
1158
27
-1061
-1940
-2630
-3205
-3686
-3945
-3803
-3197
-2249
-1168
-130
803
1686
2549
3329
3910
4197
4203
4048
3839
3619
3363
2972
2382
1657
966
461
130
-223
-734
-1349
-1906
-2257
-2439
-2578
-2763
-2981
-3114
-3059
-2796
-2350
-1816
-1298
-783
-194
498
1201
1764
2088
2259
2415
2585
2708
2668
2421
2021
1562
1136
773
423
-1
-541
-1110
-1569
-1868
-2059
-2250
-2476
-2666
-2729
-2630
-2391
-2069
-1710
-1337
-945
-480
54
569
967
1210
1359
1491
1608
1663
1615
1452
1234
1019
822
646
501
355
216
95
6
-39
-78
-157
-238
-324
-584
-1374
-3041
-5348
-7495
-8655
-8660
-8162
-7912
-7961
-7653
-6282
-3807
-1005
1244
2585
3284
3886
4682
5471
5825
5521
4758
4045
3754
3865
4133
4283
4239
4140
4083
4037
3870
3362
2370
960
-604
-1953
-2906
-3568
-4126
-4608
-4785
-4401
-3422
-2082
-723
430
1386
2272
3145
3925
4444
4594
4429
4132
3874
3716
3610
3450
3172
2812
2371
1769
962
-12
-998
-1910
-2820
-3718
-4485
-4979
-5154
-5145
-4906
-4352
-3528
-2555
-1603
-741
107
952
1635
2070
2311
2438
2536
2632
2703
2793
2873
2838
2686
2452
2169
1813
1272
543
-264
-1044
-1758
-2420
-3007
-3436
-3664
-3716
-3579
-3255
-2774
-2208
-1651
-1108
-521
83
602
961
1155
1308
1509
1720
1909
2045
2113
2174
2163
2006
1733
1353
937
520
79
-357
-720
-985
-1129
-1203
-1358
-1794
-2793
-4457
-6453
-8165
-9053
-9109
-8848
-8714
-8599
-7935
-6265
-3721
-1025
1170
2686
3779
4799
5827
6618
6876
6506
5743
5037
4662
4573
4536
4367
4096
3868
3715
3562
3250
2612
1586
256
-1143
-2341
-3222
-3888
-4455
-4865
-4893
-4359
-3305
-1970
-622
583
1658
2686
3686
4556
5123
5301
5170
4897
4619
4372
4093
3710
3236
2737
2105
1205
7
-1291
-2315
-2987
-3528
-4110
-4695
-5004
-4913
-4528
-3937
-3242
-2484
-1726
-1032
-371
369
1134
1684
1965
2098
2264
2560
2853
2995
3024
3008
2944
2765
2432
1938
1277
477
-404
-1229
-1905
-2472
-3000
-3474
-3747
-3730
-3483
-3116
-2724
-2298
-1814
-1319
-835
-367
71
434
726
1016
1365
1756
2052
2185
2215
2202
2159
2051
1808
1430
951
416
-30
-330
-490
-587
-719
-871
-979
-1113
-1524
-2516
-4200
-6256
-8074
-9167
-9460
-9302
-9108
-8840
-8070
-6429
-3943
-1197
1145
2809
3972
4950
5871
6568
6795
6467
5742
4977
4499
4355
4369
4347
4205
4028
3905
3774
3498
2892
1879
553
-872
-2144
-3135
-3887
-4497
-4929
-4985
-4489
-3451
-2087
-676
616
1761
2821
3813
4661
5216
5401
5250
4900
4516
4180
3871
3511
2920
2020
961
26
-532
-838
-1253
-1954
-2770
-3327
-3501
-3475
-3440
-3477
-3472
-3307
-2898
-2298
-1587
-876
-333
150
745
1485
2203
2659
2782
2786
2868
2993
3012
2791
2315
1689
1039
461
-9
-461
-1013
-1682
-2306
-2669
-2764
-2773
-2841
-2956
-2972
-2764
-2372
-1903
-1419
-975
-572
-170
285
796
1267
1558
1660
1716
1822
1988
2066
1904
1541
1096
711
439
222
-21
-316
-621
-871
-956
-845
-639
-451
-571
-1288
-2726
-4763
-6833
-8308
-8925
-8969
-8957
-9016
-8687
-7415
-5118
-2325
234
2107
3384
4408
5381
6245
6657
6442
5749
4923
4324
4065
4033
4046
4011
3970
3988
4031
3977
3648
2894
1712
286
-1116
-2300
-3232
-4018
-4681
-5040
-4874
-4086
-2826
-1418
-87
1114
2219
3279
4218
4897
5198
5098
4737
4250
3716
3175
2649
2138
1632
1151
744
472
286
56
-313
-828
-1400
-1935
-2457
-2979
-3479
-3866
-4017
-3876
-3459
-2835
-2087
-1302
-465
423
1297
2038
2511
2708
2727
2663
2555
2369
2062
1671
1268
903
616
375
109
-241
-679
-1147
-1560
-1919
-2275
-2645
-2981
-3183
-3179
-2951
-2538
-2008
-1428
-823
-207
421
990
1400
1604
1617
1544
1462
1383
1303
1157
963
769
611
548
540
567
570
523
425
271
139
16
-192
-692
-1799
-3615
-5904
-8063
-9454
-9850
-9593
-9250
-8955
-8329
-6843
-4392
-1534
969
2681
3713
4470
5231
5930
6283
6088
5448
4748
4343
4322
4517
4704
4767
4738
4669
4547
4264
3658
2619
1164
-491
-2023
-3222
-4087
-4724
-5167
-5300
-4923
-3968
-2597
-1107
267
1444
2478
3421
4228
4784
4996
4850
4439
3916
3395
2962
2603
2246
1855
1483
1220
1069
915
624
139
-473
-1121
-1776
-2435
-3084
-3639
-4021
-4152
-3961
-3477
-2793
-2002
-1180
-331
549
1372
2031
2444
2624
2636
2571
2456
2275
2008
1659
1275
921
644
433
211
-117
-566
-1071
-1553
-1985
-2392
-2772
-3086
-3270
-3254
-3021
-2591
-2041
-1471
-924
-407
101
570
961
1209
1273
1235
1149
1085
1032
951
845
725
631
595
646
723
756
714
566
362
148
-119
-575
-1518
-3144
-5351
-7595
-9187
-9816
-9719
-9462
-9242
-8708
-7370
-5081
-2309
242
2109
3315
4208
5050
5851
6331
6296
5826
5226
4841
4783
4936
5098
5147
5094
4970
4789
4500
3952
3002
1620
-27
-1624
-2903
-3831
-4523
-5042
-5279
-5035
-4218
-2950
-1501
-125
1072
2119
3083
3955
4623
4934
4838
4476
4020
3574
3128
2622
2121
1754
1556
1439
1284
1059
763
378
-112
-709
-1383
-2097
-2836
-3537
-4082
-4311
-4210
-3870
-3351
-2679
-1844
-895
55
904
1598
2098
2380
2489
2488
2421
2293
2069
1754
1416
1114
836
552
243
-89
-462
-908
-1387
-1850
-2260
-2591
-2846
-3007
-3021
-2850
-2502
-2026
-1485
-948
-434
32
443
789
997
1038
973
869
824
845
877
935
1014
1114
1263
1400
1459
1447
1305
1044
691
201
-492
-1549
-3087
-4983
-6858
-8301
-9098
-9360
-9345
-9158
-8606
-7448
-5617
-3399
-1252
528
1872
2980
3989
4851
5432
5649
5564
5346
5212
5233
5360
5488
5517
5432
5239
4956
4572
3965
3035
1779
319
-1123
-2363
-3356
-4128
-4702
-5006
-4896
-4310
-3336
-2153
-949
168
1190
2140
2991
3650
4002
4003
3765
3481
3310
3219
3081
2841
2559
2357
2274
2237
2101
1753
1187
487
-253
-978
-1700
-2469
-3253
-3906
-4255
-4226
-3872
-3338
-2715
-2003
-1186
-305
555
1257
1725
1972
2078
2145
2191
2172
2059
1854
1616
1424
1252
1038
732
315
-166
-635
-1082
-1509
-1928
-2352
-2694
-2883
-2877
-2680
-2345
-1953
-1522
-1079
-639
-201
179
464
644
709
702
714
763
838
921
946
943
955
1009
1120
1184
1173
1067
879
622
244
-335
-1298
-2749
-4629
-6593
-8104
-8952
-9272
-9369
-9378
-8999
-7902
-6050
-3811
-1645
136
1531
2727
3804
4748
5390
5589
5434
5138
4947
4960
5079
5182
5212
5178
5074
4901
4612
4122
3321
2157
751
-680
-1940
-2965
-3806
-4469
-4842
-4776
-4231
-3303
-2172
-1012
111
1182
2183
3048
3661
3939
3931
3787
3623
3486
3346
3177
3023
2916
2879
2889
2881
2761
2431
1880
1177
402
-428
-1326
-2266
-3151
-3827
-4198
-4250
-4012
-3539
-2895
-2142
-1318
-465
344
1004
1413
1588
1636
1639
1597
1484
1306
1121
981
886
819
747
602
331
-78
-566
-1061
-1540
-2030
-2542
-2979
-3246
-3288
-3100
-2763
-2311
-1777
-1209
-641
-115
309
577
694
722
742
784
837
892
957
1056
1207
1389
1607
1840
1988
1967
1752
1398
916
191
-1014
-2785
-4891
-6896
-8386
-9257
-9707
-9902
-9811
-9191
-7852
-5907
-3683
-1555
271
1787
3075
4151
4972
5483
5645
5547
5356
5228
5249
5388
5558
5661
5655
5558
5367
5024
4415
3442
2127
612
-908
-2279
-3444
-4391
-5072
-5382
-5227
-4605
-3624
-2447
-1227
-49
1070
2096
2939
3498
3713
3664
3506
3349
3243
3182
3134
3080
2997
2922
2905
2896
2784
2428
1792
967
72
-844
-1795
-2744
-3581
-4183
-4464
-4447
-4163
-3643
-2973
-2205
-1374
-521
291
952
1376
1589
1690
1757
1803
1787
1682
1535
1374
1239
1129
1004
813
493
38
-487
-1010
-1499
-1964
-2406
-2780
-2990
-2979
-2778
-2433
-2011
-1557
-1072
-571
-100
297
578
723
787
851
940
1050
1144
1208
1283
1387
1511
1636
1694
1649
1485
1200
869
478
-103
-1046
-2471
-4240
-5959
-7263
-8064
-8490
-8751
-8883
-8607
-7695
-6134
-4191
-2290
-664
703
1939
3108
4132
4852
5214
5299
5239
5205
5273
5376
5447
5427
5310
5157
4969
4674
4157
3320
2164
837
-486
-1690
-2715
-3606
-4329
-4784
-4868
-4513
-3785
-2843
-1818
-785
245
1248
2126
2757
3076
3150
3133
3138
3165
3165
3124
3055
2991
2966
2978
2965
2822
2430
1798
1034
260
-508
-1347
-2252
-3092
-3710
-4036
-4075
-3866
-3429
-2831
-2159
-1456
-734
-13
628
1104
1389
1565
1712
1832
1898
1888
1837
1789
1731
1651
1536
1343
1035
598
75
-458
-960
-1440
-1906
-2293
-2528
-2571
-2450
-2243
-1970
-1643
-1255
-833
-463
-160
82
257
380
457
538
656
784
948
1145
1358
1575
1711
1751
1714
1567
1239
573
-545
-2144
-4057
-5951
-7522
-8579
-9218
-9617
-9769
-9466
-8470
-6813
-4812
-2853
-1129
362
1699
2902
3904
4603
4950
5021
4985
4995
5129
5334
5530
5660
5723
5734
5660
5435
4934
4087
2902
1490
35
-1334
-2552
-3619
-4481
-5020
-5140
-4815
-4118
-3189
-2141
-1042
70
1160
2147
2900
3295
3337
3159
3010
3020
3123
3192
3148
3073
3092
3212
3373
3431
3223
2694
1917
1031
137
-764
-1747
-2775
-3658
-4189
-4312
-4122
-3760
-3267
-2627
-1872
-1031
-214
472
948
1189
1308
1429
1600
1731
1731
1625
1535
1573
1679
1731
1627
1341
916
413
-97
-605
-1139
-1702
-2236
-2608
-2749
-2673
-2465
-2212
-1900
-1502
-1032
-551
-175
72
212
278
331
392
473
575
678
811
982
1164
1312
1354
1272
1112
879
448
-410
-1840
-3752
-5756
-7422
-8549
-9210
-9638
-9873
-9690
-8835
-7246
-5196
-3100
-1258
294
1656
2902
4000
4809
5228
5286
5155
5065
5135
5337
5569
5719
5760
5745
5685
5528
5151
4424
3309
1944
521
-812
-2010
-3105
-4044
-4712
-4968
-4742
-4092
-3179
-2150
-1094
-40
1012
1974
2696
3070
3137
3073
3053
3121
3205
3236
3224
3243
3369
3574
3763
3774
3478
2871
2046
1137
199
-806
-1891
-2947
-3778
-4255
-4369
-4189
-3805
-3265
-2588
-1816
-1013
-272
320
710
932
1078
1197
1299
1354
1367
1390
1471
1604
1720
1756
1640
1367
973
499
-26
-604
-1210
-1812
-2324
-2670
-2816
-2770
-2580
-2293
-1937
-1510
-1024
-552
-158
69
127
106
73
79
110
154
209
329
543
823
1115
1339
1455
1418
1142
477
-716
-2378
-4254
-5989
-7336
-8282
-8944
-9380
-9434
-8897
-7700
-5981
-4072
-2244
-630
787
2061
3152
3997
4502
4666
4607
4518
4548
4726
4994
5253
5451
5598
5702
5715
5530
5025
4147
2967
1637
292
-978
-2153
-3197
-4017
-4493
-4546
-4198
-3539
-2695
-1754
-769
205
1101
1826
2314
2571
2689
2782
2913
3058
3178
3271
3385
3550
3744
3894
3911
3733
3334
2730
1966
1066
59
-997
-2029
-2902
-3512
-3823
-3856
-3679
-3319
-2816
-2200
-1505
-830
-259
169
464
682
871
1034
1145
1186
1184
1194
1270
1394
1482
1463
1311
1060
748
376
-68
-596
-1174
-1720
-2144
-2401
-2504
-2490
-2380
-2167
-1839
-1437
-1025
-648
-345
-104
58
135
159
150
141
121
92
118
248
459
657
776
824
844
806
513
-261
-1576
-3248
-4922
-6269
-7208
-7874
-8397
-8720
-8598
-7836
-6470
-4766
-3042
-1481
-102
1136
2258
3213
3899
4271
4364
4317
4316
4456
4700
4940
5096
5191
5278
5371
5375
5121
4518
3593
2468
1293
142
-951
-1976
-2869
-3516
-3813
-3735
-3348
-2754
-2047
-1268
-470
277
934
1465
1872
2169
2354
2487
2645
2854
3075
3257
3423
3627
3837
3943
3838
3496
2981
2334
1545
641
-304
-1208
-2020
-2682
-3144
-3369
-3329
-3102
-2758
-2326
-1836
-1324
-854
-456
-129
145
359
513
640
771
933
1078
1186
1252
1287
1287
1215
1048
789
463
62
-407
-890
-1333
-1677
-1924
-2105
-2196
-2183
-2071
-1876
-1643
-1388
-1129
-874
-631
-408
-214
-66
42
120
204
301
373
413
432
472
557
633
635
524
239
-282
-1108
-2232
-3516
-4737
-5760
-6561
-7150
-7527
-7558
-7139
-6270
-5048
-3673
-2298
-998
214
1315
2272
3017
3515
3791
3923
4005
4119
4285
4474
4662
4812
4936
5038
5059
4921
4536
3895
3058
2098
1079
59
-927
-1816
-2539
-3020
-3215
-3136
-2846
-2409
-1868
-1255
-605
23
556
961
1241
1464
1711
2008
2330
2599
2800
2974
3172
3408
3599
3657
3520
3198
2736
2151
1452
639
-221
-1042
-1737
-2254
-2583
-2729
-2725
-2605
-2365
-2001
-1551
-1086
-692
-390
-135
116
372
585
751
878
999
1137
1280
1400
1453
1416
1277
1060
794
483
101
-365
-879
-1363
-1741
-1985
-2121
-2178
-2181
-2121
-1983
-1800
-1603
-1440
-1331
-1250
-1153
-1008
-829
-650
-479
-315
-151
29
230
463
705
896
959
926
893
864
676
53
-1105
-2541
-3836
-4750
-5354
-5865
-6316
-6528
-6321
-5646
-4635
-3478
-2338
-1322
-449
340
1089
1736
2186
2397
2455
2530
2745
3077
3419
3695
3906
4124
4361
4556
4602
4389
3887
3167
2346
1522
717
-88
-881
-1567
-2047
-2253
-2204
-2002
-1732
-1440
-1124
-742
-302
158
583
935
1246
1594
2026
2503
2946
3303
3567
3773
3936
4012
3957
3731
3322
2761
2104
1431
768
122
-507
-1085
-1553
-1862
-2015
-2067
-2058
-2009
-1919
-1775
-1585
-1379
-1175
-985
-800
-582
-318
-11
309
600
842
1030
1184
1299
1348
1297
1131
866
522
145
-235
-614
-982
-1344
-1677
-1929
-2091
-2179
-2220
-2234
-2221
-2169
-2082
-1965
-1817
-1652
-1467
-1262
-1033
-796
-583
-419
-314
-247
-190
-139
-121
-144
-183
-185
-138
-49
48
155
261
234
-98
-840
-1860
-2865
-3654
-4228
-4705
-5108
-5329
-5239
-4773
-3976
-2952
-1853
-769
236
1119
1892
2525
2975
3202
3243
3209
3209
3278
3378
3488
3607
3754
3938
4097
4161
4063
3788
3364
2814
2174
1485
767
50
-600
-1106
-1421
-1557
-1573
-1513
-1369
-1138
-826
-472
-116
212
499
765
1055
1370
1675
1939
2143
2304
2420
2475
2434
2304
2107
1841
1515
1126
700
275
-124
-469
-745
-943
-1084
-1186
-1258
-1295
-1277
-1216
-1126
-1047
-975
-887
-777
-631
-460
-258
-42
186
413
619
782
879
897
840
713
526
291
7
-309
-631
-934
-1219
-1493
-1726
-1885
-1968
-1994
-2000
-2012
-2030
-2049
-2034
-1972
-1866
-1752
-1662
-1555
-1376
-1092
-741
-408
-145
60
249
410
517
561
523
411
242
78
-29
-90
-130
-173
-174
-110
-64
-176
-529
-1052
-1573
-1987
-2326
-2637
-2902
-3037
-2987
-2731
-2271
-1647
-941
-255
373
945
1482
1944
2256
2396
2416
2397
2389
2400
2390
2356
2318
2288
2268
2247
2196
2055
1800
1449
1059
691
342
-41
-473
-887
-1165
-1244
-1152
-965
-737
-463
-131
253
664
1061
1376
1578
1681
1762
1882
2033
2143
2177
2171
2162
2158
2133
2057
1895
1642
1317
953
595
241
-117
-484
-816
-1044
-1147
-1156
-1120
-1056
-962
-832
-693
-562
-462
-414
-403
-399
-373
-311
-220
-138
-94
-66
-29
13
23
-40
-180
-377
-607
-860
-1117
-1361
-1584
-1767
-1896
-1966
-1979
-1947
-1895
-1831
-1730
-1594
-1452
-1319
-1190
-1073
-958
-846
-746
-658
-596
-559
-544
-505
-420
-273
-77
125
312
446
504
460
342
190
15
-173
-355
-527
-699
-845
-939
-936
-787
-510
-165
171
440
653
826
959
1013
971
855
702
565
441
333
246
193
176
160
155
163
200
263
328
390
442
486
507
510
516
531
557
569
566
562
570
588
611
652
717
794
873
962
1055
1156
1260
1341
1395
1411
1398
1349
1258
1141
1008
866
713
550
400
272
162
53
-50
-123
-143
-102
-9
115
245
343
370
308
141
-113
-417
-726
-982
-1165
-1273
-1313
-1289
-1207
-1084
-937
-760
-528
-264
-36
90
112
83
49
26
5
-20
-63
-161
-328
-505
-602
-599
-564
-532
-469
-316
-41
276
495
495
241
-202
-748
-1290
-1730
-2002
-2076
-1972
-1739
-1446
-1150
-893
-688
-544
-472
-446
-425
-400
-397
-450
-551
-671
-758
-789
-782
-760
-715
-638
-541
-458
-422
-429
-446
-437
-378
-263
-108
52
189
293
361
405
442
490
575
730
974
1288
1627
1940
2190
2326
2321
2183
1975
1763
1596
1513
1507
1565
1637
1673
1640
1513
1333
1142
954
777
625
533
525
624
811
1044
1278
1486
1666
1775
1769
1612
1325
974
664
472
391
377
374
352
244
-63
-641
-1458
-2393
-3285
-3980
-4343
-4331
-4019
-3531
-2963
-2350
-1713
-1124
-681
-433
-346
-347
-385
-429
-480
-566
-666
-745
-772
-746
-660
-521
-361
-217
-110
-15
121
308
491
619
654
583
432
229
28
-122
-225
-307
-413
-554
-717
-871
-966
-972
-903
-818
-769
-776
-827
-892
-934
-929
-868
-760
-640
-534
-439
-322
-152
64
294
508
691
822
899
944
974
989
1001
1027
1086
1188
1290
1369
1430
1501
1603
1733
1848
1881
1809
1663
1512
1427
1457
1598
1756
1814
1708
1443
1095
771
562
489
490
515
539
551
548
531
476
369
210
26
-135
-238
-257
-221
-192
-220
-311
-393
-422
-393
-329
-269
-227
-216
-261
-394
-552
-630
-543
-287
-19
51
-252
-882
-1552
-1951
-1949
-1705
-1482
-1387
-1317
-1128
-761
-326
31
527
1049
578
-1213
-3238
-4494
-4724
-4153
-3221
-2187
-1191
-480
-225
-335
-756
-1578
-2676
-3657
-4136
-3919
-3128
-2086
-966
223
1177
1438
1085
682
637
956
1339
1541
1570
1530
1517
1587
1696
1750
1705
1578
1435
1327
1283
1296
1338
1385
1457
1600
1799
2020
2226
2375
2443
2442
2404
2361
2331
2292
2182
1969
1660
1272
835
417
127
85
341
772
1140
1245
1045
637
215
-14
34
321
719
1033
1129
855
205
-457
-742
-641
-395
-195
-127
-211
-388
-563
-636
-556
-384
-251
-264
-458
-808
-1226
-1620
-1897
-1983
-1885
-1730
-1661
-1720
-1846
-1942
-1963
-1936
-1877
-1794
-1696
-1585
-1449
-1290
-1145
-1062
-1070
-1136
-1213
-1252
-1248
-1206
-1146
-1077
-991
-900
-796
-658
-452
-160
222
667
1090
1411
1567
1528
1327
995
594
162
-256
-606
-867
-981
-883
-530
30
668
1250
1666
1870
1864
1702
1440
1107
736
355
1
-305
-529
-622
-560
-320
61
431
568
350
-148
-693
-1004
-929
-546
-63
305
450
405
316
346
554
873
1185
1398
1478
1464
1417
1363
1316
1280
1252
1219
1177
1134
1057
929
772
611
489
423
392
384
370
317
212
60
-87
-163
-146
-16
227
548
861
1023
894
409
-329
-1084
-1633
-1880
-1848
-1622
-1334
-1020
-630
-234
36
117
10
-304
-807
-1286
-1374
-907
-252
56
-123
-607
-1158
-1577
-1699
-1467
-1033
-635
-418
-326
-268
-186
-38
151
332
469
550
592
614
635
626
555
416
210
-13
-173
-229
-178
-70
12
23
-30
-122
-252
-395
-508
-546
-489
-358
-200
-67
-6
-16
-82
-162
-200
-174
-97
-12
-7
-157
-462
-839
-1167
-1335
-1266
-953
-459
118
667
1125
1456
1646
1710
1681
1601
1501
1396
1303
1229
1167
1089
981
837
676
519
376
283
246
249
279
299
309
330
363
396
412
401
371
335
267
156
11
-172
-383
-598
-797
-974
-1161
-1403
-1691
-1964
-2164
-2244
-2165
-1897
-1444
-884
-343
49
174
-54
-616
-1358
-2050
-2447
-2427
-2041
-1414
-681
13
571
945
1105
1092
976
818
694
650
683
761
854
949
1047
1147
1234
1298
1312
1283
1239
1191
1159
1158
1176
1177
1152
1122
1103
1105
1123
1134
1115
1045
916
731
516
296
92
-81
-226
-343
-427
-478
-491
-476
-454
-430
-404
-382
-353
-322
-285
-233
-196
-199
-260
-382
-542
-684
-780
-833
-837
-811
-774
-737
-717
-709
-693
-649
-588
-509
-423
-373
-387
-480
-656
-893
-1151
-1382
-1556
-1647
-1654
-1589
-1467
-1317
-1162
-1014
-869
-719
-584
-467
-357
-247
-142
-39
73
189
321
470
620
763
897
1013
1104
1166
1198
1220
1258
1312
1383
1467
1545
1588
1583
1526
1435
1339
1254
1202
1181
1162
1130
1077
991
862
701
522
347
193
69
-24
-98
-165
-236
-311
-373
-424
-463
-489
-504
-505
-496
-477
-439
-375
-287
-186
-95
-9
71
139
191
236
267
282
288
281
262
253
242
225
198
151
72
-46
-193
-353
-511
-651
-769
-864
-934
-977
-993
-997
-995
-985
-969
-950
-930
-909
-905
-922
-948
-996
-1059
-1133
-1221
-1297
-1333
-1325
-1270
-1166
-1017
-812
-553
-278
-29
150
234
253
266
319
448
670
965
1281
1556
1738
1799
1748
1620
1459
1308
1182
1073
963
845
719
621
598
654
756
827
794
637
403
175
14
-69
-113
-158
-233
-352
-485
-610
-701
-736
-711
-634
-519
-391
-278
-188
-108
-45
18
87
152
220
277
310
324
319
299
263
205
124
27
-76
-169
-252
-326
-395
-461
-517
-543
-516
-431
-288
-104
92
266
390
435
394
280
119
-55
-219
-363
-471
-537
-564
-549
-485
-373
-230
-58
122
290
438
555
643
698
721
695
595
417
169
-141
-464
-726
-854
-807
-610
-345
-104
45
95
88
95
171
318
489
641
745
799
814
796
746
676
586
477
358
244
132
13
-108
-209
-264
-255
-180
-49
100
222
266
200
37
-188
-455
-749
-1049
-1337
-1579
-1746
-1809
-1755
-1590
-1339
-1041
-747
-517
-369
-279
-220
-156
-69
22
85
92
21
-131
-342
-564
-749
-863
-885
-810
-661
-464
-248
-42
164
371
573
777
984
1162
1301
1397
1440
1439
1411
1362
1301
1232
1161
1096
1043
992
937
871
795
713
628
547
466
392
334
292
269
258
259
269
277
276
256
217
155
67
-22
-99
-162
-210
-240
-263
-275
-266
-239
-202
-165
-149
-160
-188
-232
-275
-304
-301
-274
-235
-208
-215
-258
-326
-404
-476
-535
-571
-587
-590
-595
-613
-638
-671
-714
-768
-821
-858
-875
-868
-836
-779
-697
-609
-529
-473
-461
-499
-582
-683
-784
-860
-888
-860
-783
-676
-551
-407
-246
-69
113
289
460
631
804
971
1118
1243
1337
1391
1397
1356
1275
1161
1039
932
862
842
860
896
938
961
948
887
774
618
424
205
-16
-224
-395
-522
-603
-655
-695
-730
-757
-769
-765
-752
-734
-703
-654
-590
-519
-453
-390
-324
-251
-171
-95
-22
46
102
145
184
224
269
320
375
430
480
511
517
495
448
386
312
226
140
50
-46
-143
-231
-297
-326
-319
-288
-231
-143
-37
79
202
315
413
491
545
584
607
608
587
544
488
435
384
337
289
238
182
121
70
43
43
73
119
164
186
158
73
-66
-241
-434
-632
-813
-971
-1108
-1220
-1307
-1367
-1389
-1374
-1321
-1236
-1119
-976
-818
-647
-477
-309
-157
-26
90
190
275
350
406
447
477
496
505
500
480
443
395
339
278
221
171
119
68
20
-25
-61
-90
-113
-132
-143
-151
-155
-145
-124
-91
-46
11
72
133
190
241
294
358
418
475
529
576
610
630
631
618
591
551
495
430
360
291
227
165
107
49
-3
-51
-96
-134
-163
-189
-210
-214
-204
-182
-157
-137
-123
-114
-106
-92
-73
-48
-24
-4
9
12
9
5
0
-9
-15
-29
-49
-74
-103
-133
-163
-190
-213
-227
-233
-236
-232
-223
-208
-192
-181
-168
-152
-136
-118
-101
-82
-66
-54
-47
-46
-46
-56
-77
-104
-133
-151
-157
-156
-142
-118
-90
-59
-28
-2
19
42
81
127
171
204
228
249
271
284
287
286
285
286
285
281
280
276
267
256
241
230
231
235
232
213
179
138
99
67
37
3
-37
-83
-135
-191
-240
-280
-316
-345
-369
-393
-411
-428
-452
-475
-490
-496
-497
-500
-502
-490
-461
-422
-382
-349
-316
-284
-249
-208
-164
-115
-64
-15
38
92
148
207
261
302
335
363
392
420
448
476
497
507
503
490
476
464
446
421
392
357
321
282
237
192
149
108
73
41
11
-13
-32
-50
-67
-82
-93
-98
-104
-106
-107
-108
-106
-103
-109
-121
-132
-136
-125
-105
-87
-65
-41
-20
2
21
35
51
70
89
105
117
126
136
146
150
154
155
152
149
141
131
115
96
73
49
26
9
-10
-33
-59
-89
-125
-162
-201
-241
-279
-311
-336
-355
-365
-373
-380
-389
-400
-407
-407
-399
-381
-357
-329
-303
-286
-267
-242
-207
-167
-126
-85
-45
-2
40
79
112
135
158
179
192
200
202
203
206
207
198
184
165
144
126
112
99
87
76
67
55
42
33
28
31
43
59
69
78
87
91
94
101
113
123
132
140
144
152
162
173
183
187
181
173
162
150
141
135
135
129
117
98
72
43
18
-2
-15
-14
-4
6
7
-4
-17
-26
-31
-31
-23
-6
13
25
29
23
18
14
18
20
23
28
30
26
14
-5
-28
-60
-99
-140
-179
-211
-239
-261
-285
-312
-333
-345
-349
-352
-354
-358
-361
-357
-342
-320
-290
-256
-223
-192
-164
-139
-111
-83
-50
-10
33
74
106
135
160
184
208
233
249
264
285
309
333
354
366
372
370
363
356
349
335
318
295
265
236
207
178
152
124
95
61
27
-4
-27
-48
-68
-94
-124
-151
-172
-186
-195
-203
-214
-226
-238
-248
-257
-258
-254
-244
-227
-210
-197
-188
-176
-165
-151
-130
-101
-76
-58
-46
-40
-30
-17
0
17
34
52
69
81
90
96
107
121
134
141
144
144
144
144
146
150
152
153
150
140
126
117
111
110
113
111
108
104
101
97
89
78
65
46
28
9
-9
-20
-31
-41
-52
-60
-67
-70
-65
-60
-60
-60
-68
-74
-83
-86
-83
-81
-76
-76
-75
-75
-73
-67
-62
-58
-60
-65
-64
-63
-65
-69
-79
-90
-96
-103
-107
-106
-103
-99
-95
-93
-92
-88
-83
-72
-55
-40
-26
-15
-12
-17
-24
-25
-22
-18
-10
-4
-4
-3
-1
2
4
9
13
17
19
28
45
61
73
79
86
94
102
112
124
136
147
158
165
171
175
180
182
183
184
180
173
160
141
125
109
90
67
40
7
-26
-50
-65
-75
-83
-92
-103
-113
-120
-126
-127
-128
-130
-135
-134
-124
-111
-95
-80
-68
-51
-32
-18
-4
14
31
45
55
62
67
75
81
86
90
91
85
73
58
47
34
22
13
2
-6
-13
-21
-28
-39
-54
-75
-92
-102
-110
-117
-120
-119
-115
-113
-112
-113
-115
-116
-110
-99
-84
-70
-61
-53
-46
-37
-27
-15
-4
8
19
24
28
34
42
49
51
53
54
54
56
62
68
71
68
63
61
59
52
42
34
32
40
51
57
56
50
48
54
62
69
75
75
69
64
60
59
53
45
37
28
22
23
28
31
30
19
0
-20
-33
-38
-39
-38
-37
-39
-42
-46
-45
-43
-46
-53
-61
-62
-58
-52
-49
-50
-53
-59
-61
-58
-49
-37
-26
-21
-23
-34
-41
-42
-41
-32
-22
-13
-9
-12
-20
-25
-23
-22
-17
-12
-6
5
16
25
30
30
30
34
40
45
47
47
44
39
33
29
26
23
29
37
43
46
44
37
29
23
21
22
23
20
10
-2
-13
-17
-15
-11
-12
-18
-22
-22
-20
-12
0
7
10
5
-4
-8
-13
-15
-18
-23
-24
-20
-8
3
10
7
-5
-21
-39
-52
-51
-43
-31
-17
-7
-4
-5
-11
-19
-25
-28
-25
-19
-15
-19
-22
-22
-16
-4
4
8
9
9
13
16
25
32
43
58
73
86
97
104
102
99
91
85
79
73
72
70
65
60
51
42
36
32
24
18
10
-3
-19
-34
-51
-63
-72
-81
-87
-92
-91
-89
-87
-87
-87
-93
-98
-100
-100
-99
-94
-84
-74
-67
-65
-66
-66
-61
-50
-39
-28
-18
-12
-9
-4
-1
0
0
4
14
28
44
54
55
52
53
54
61
66
71
74
75
77
76
77
77
77
77
77
73
65
54
40
28
20
21
29
38
42
41
32
22
14
9
7
6
8
5
-2
-8
-13
-18
-23
-23
-21
-19
-21
-25
-30
-34
-33
-34
-33
-31
-33
-36
-36
-38
-42
-46
-48
-49
-45
-44
-42
-41
-38
-40
-43
-47
-43
-32
-23
-18
-16
-17
-23
-28
-30
-22
-14
-6
-3
-6
-8
-12
-14
-14
-10
-5
3
10
17
24
28
30
32
33
36
38
38
39
44
48
53
56
57
56
54
51
47
42
37
33
27
23
23
21
20
21
21
19
19
17
10
2
-8
-16
-17
-8
3
11
19
23
18
7
-8
-18
-19
-17
-16
-13
-12
-13
-15
-20
-23
-26
-30
-36
-43
-52
-58
-63
-62
-55
-46
-42
-44
-48
-47
-47
-48
-45
-34
-23
-20
-18
-20
-17
-12
-7
-1
5
6
4
0
-5
-7
-2
8
21
35
45
48
48
37
23
11
8
17
31
37
32
24
19
18
20
22
21
18
14
12
10
9
8
6
2
4
8
9
1
-12
-20
-22
-16
-7
-5
-10
-17
-24
-26
-19
-3
14
25
26
17
6
-3
-5
-4
-2
2
7
13
13
11
7
2
3
4
4
5
9
16
23
29
31
29
23
15
12
15
23
30
34
33
27
18
13
13
19
26
30
32
30
25
15
3
-7
-9
-8
-3
0
1
-2
-3
-7
-15
-19
-21
-19
-15
-19
-22
-23
-25
-33
-46
-57
-63
-60
-51
-44
-44
-46
-50
-50
-51
-50
-49
-46
-42
-39
-41
-41
-38
-38
-40
-41
-44
-44
-38
-34
-27
-16
-5
6
12
16
18
14
9
7
9
16
28
40
50
56
58
51
44
43
46
50
52
54
50
44
38
33
30
28
26
29
32
32
32
29
26
26
27
33
44
55
60
53
36
22
12
5
1
-4
-5
2
14
26
29
27
25
16
5
-6
-14
-15
-17
-17
-19
-22
-24
-23
-19
-14
-7
1
7
7
-2
-15
-26
-35
-36
-27
-17
-6
0
-4
-16
-30
-38
-36
-28
-19
-19
-24
-33
-42
-43
-36
-22
-12
-14
-25
-41
-55
-62
-56
-41
-28
-18
-15
-21
-25
-30
-28
-21
-16
-13
-12
-14
-17
-19
-20
-18
-13
-4
7
16
16
9
0
-10
-13
-13
-11
-7
-5
0
6
16
25
30
32
29
21
15
12
18
26
31
29
25
20
18
23
29
38
42
43
42
37
33
33
30
25
21
18
24
31
33
32
29
24
17
10
6
7
14
21
23
25
27
28
29
27
23
14
5
-3
-7
-11
-15
-13
-8
-1
4
6
10
10
5
-1
-4
-7
-11
-13
-14
-11
-10
-14
-22
-32
-34
-28
-20
-10
-3
-6
-11
-23
-30
-31
-28
-21
-11
-8
-8
-18
-27
-37
-41
-34
-27
-25
-31
-37
-44
-44
-35
-24
-14
-8
-9
-16
-24
-26
-24
-21
-18
-16
-21
-25
-26
