1
3
7
4
-3
-6
-4
0
-2
-8
-12
-7
2
8
6
0
-4
0
10
15
10
2
-2
1
4
-1
-4
-2
6
12
7
0
1
3
9
10
5
-1
-3
4
7
9
3
0
-1
-3
-1
-3
-1
1
0
0
-1
0
2
1
3
1
-2
-4
-4
1
1
-8
-17
-15
-4
6
6
-2
-13
-14
-6
5
9
0
-10
-14
-13
-9
-4
-3
-3
-9
-12
-7
3
9
5
-2
-4
-2
-1
-1
1
0
1
-1
-5
-3
1
6
8
5
1
0
1
4
2
1
-2
0
3
-1
0
-2
1
4
-1
2
3
-1
0
0
7
2
-6
-9
-6
2
0
-5
-8
-7
-2
-2
-7
-9
-10
-5
-2
-7
-9
-12
-6
-8
-13
-16
-17
-9
-1
2
2
-3
-2
1
4
6
2
0
2
8
14
11
5
-2
0
9
13
12
8
3
1
3
9
12
11
6
3
2
4
7
7
8
3
1
3
7
8
6
3
1
4
8
12
13
11
9
8
8
10
11
8
5
3
3
6
5
5
2
3
1
0
4
4
1
-1
0
2
1
-1
-4
-4
-2
0
-1
-5
-7
-7
-5
-2
-2
-4
-6
-6
-4
-3
-3
-2
-3
-4
-4
-3
-2
-2
-1
-2
-2
-2
-1
-1
0
0
0
-1
0
-1
0
0
-1
0
0
-1
0
-1
0
0
0
0
0
1
1
0
0
1
1
1
1
1
0
0
1
0
0
0
-1
0
0
-1
0
-1
-2
-1
0
0
0
-1
-1
0
-1
0
0
-1
-1
-1
-1
0
0
-1
-1
-1
0
-1
0
0
-1
-1
-1
0
0
0
-1
-2
-2
-1
0
-1
-1
-1
-1
-1
0
-1
0
0
0
0
-1
-1
0
0
-1
-1
0
0
0
0
0
0
-1
0
1
0
0
0
0
0
0
0
-1
0
1
0
0
0
0
-1
0
-1
-1
0
0
0
0
0
0
0
0
0
0
1
0
0
0
1
0
1
-1
-1
0
0
0
-1
0
0
0
0
0
0
0
0
0
0
0
0
0
0
0
0
0
0
0
0
0
0
0
-1
1
0
1
0
0
1
0
0
1
0
0
1
-1
0
0
0
0
0
1
0
0
0
0
0
0
-1
1
0
0
1
-1
-1
0
0
0
0
0
0
0
0
0
0
0
-1
0
-1
0
0
0
0
0
0
1
0
-1
-1
0
0
0
-1
0
0
0
0
0
-1
0
0
0
0
-1
0
0
0
0
0
-1
-1
-1
0
0
-1
-2
-2
-1
-1
0
0
0
0
1
1
2
2
2
3
3
2
3
3
3
2
2
2
3
2
2
1
1
1
1
1
0
0
-1
-1
-1
-1
-1
-1
-2
-1
-1
-1
-1
-1
-1
-1
-1
0
0
0
-1
-1
0
0
0
1
0
1
0
0
1
1
0
-2
-3
-3
-3
0
-1
-2
-2
-1
1
2
4
8
11
11
12
15
20
23
26
25
24
24
24
27
27
24
19
15
11
8
5
-1
-9
-18
-25
-28
-31
-36
-43
-50
-55
-55
-55
-55
-56
-56
-54
-50
-45
-40
-34
-29
-20
-12
-3
-1
1
12
26
32
23
17
21
31
39
32
17
6
4
8
7
-3
-16
-26
-28
-27
-26
-31
-38
-42
-40
-38
-34
-34
-32
-31
-28
-22
-17
-13
-12
-9
-6
-2
3
6
6
7
9
10
11
9
5
3
4
4
3
-2
-8
-14
-19
-21
-21
-21
-30
-41
-44
-39
-34
-38
-35
-22
-8
-11
-20
-13
9
44
63
58
39
25
37
42
31
20
-3
-27
-72
-120
-145
-164
-170
-206
-264
-310
-341
-325
-305
-296
-305
-326
-318
-281
-216
-156
-115
-84
-52
15
106
196
263
295
327
379
453
526
562
570
564
565
575
572
551
508
458
404
357
307
227
123
40
17
-15
-132
-287
-344
-264
-184
-231
-362
-432
-358
-193
-73
-51
-89
-81
37
201
334
365
337
346
417
535
600
594
561
524
525
523
521
491
417
339
256
214
188
150
89
-8
-95
-169
-201
-215
-241
-273
-323
-341
-335
-322
-309
-306
-271
-237
-216
-192
-153
-60
10
20
9
60
197
279
246
163
157
198
243
244
281
220
-150
-716
-1030
-635
-125
-272
-1198
-2116
-2151
-1544
-966
-1086
-1809
-2392
-2394
-1792
-1201
-1043
-1248
-1526
-1458
-1037
-476
-52
81
65
89
299
696
1104
1365
1400
1304
1262
1408
1689
1876
1825
1596
1388
1321
1363
1420
1339
1085
747
498
445
472
433
228
-68
-274
-322
-249
-200
-253
-351
-433
-428
-358
-262
-160
-105
-67
-69
-83
-44
51
181
227
173
98
75
148
239
266
216
127
113
175
247
252
157
70
57
94
125
94
54
22
-2
5
19
44
52
34
24
25
69
126
151
122
83
83
117
137
142
124
88
69
41
15
-22
-61
-95
-124
-142
-175
-233
-244
-234
-236
-251
-232
-143
-88
-118
-198
-221
-51
139
206
69
-2
132
30
-458
-1039
-876
-202
14
-674
-1766
-2115
-1646
-930
-746
-1311
-1975
-2232
-1836
-1240
-926
-970
-1255
-1338
-1103
-623
-137
114
156
107
190
487
879
1234
1407
1387
1286
1319
1575
1854
1940
1794
1567
1436
1433
1501
1507
1355
1058
735
572
581
601
466
173
-94
-219
-206
-143
-165
-253
-367
-441
-433
-395
-325
-297
-308
-373
-479
-438
-241
-56
-95
-278
-320
-191
19
153
153
91
26
89
231
344
354
245
186
224
302
334
309
287
233
168
155
209
258
222
125
34
1
14
51
56
-7
-94
-138
-111
-68
-68
-122
-192
-202
-170
-147
-158
-184
-194
-187
-154
-143
-178
-207
-114
16
56
-35
-98
17
176
288
244
207
272
364
465
274
-250
-896
-1002
-364
94
-369
-1559
-2260
-1945
-1191
-802
-1212
-1966
-2429
-2219
-1569
-1132
-1130
-1396
-1530
-1365
-963
-474
-130
27
39
94
332
721
1153
1422
1492
1425
1399
1598
1932
2173
2129
1899
1717
1683
1776
1843
1735
1435
1068
849
819
829
710
412
91
-110
-158
-137
-174
-293
-451
-566
-589
-561
-509
-457
-454
-478
-566
-700
-813
-747
-471
-287
-366
-610
-707
-519
-191
63
54
-121
-219
-81
213
412
379
193
77
152
334
472
486
383
246
206
306
451
499
399
249
146
160
257
316
241
63
-69
-87
-23
41
37
-69
-208
-319
-296
-189
-138
-192
-318
-352
-329
-221
-95
-52
-99
-180
-97
70
187
228
180
184
251
477
661
603
316
-158
-595
-777
-449
-83
-277
-1060
-1816
-1967
-1637
-1219
-1154
-1542
-2041
-2252
-1995
-1543
-1233
-1216
-1402
-1494
-1314
-898
-440
-117
12
36
129
429
876
1292
1528
1570
1547
1642
1911
2206
2321
2234
2050
1909
1892
1948
1962
1802
1487
1185
1002
943
882
717
443
140
-53
-128
-157
-216
-341
-505
-657
-731
-719
-673
-689
-795
-911
-892
-755
-685
-724
-790
-764
-691
-577
-405
-279
-243
-279
-228
-75
87
212
233
214
201
257
369
464
505
441
354
330
388
460
448
386
291
219
208
235
251
178
67
-15
-49
-53
-80
-124
-167
-208
-249
-281
-285
-235
-207
-251
-333
-351
-286
-207
-132
-121
-189
-238
-170
21
159
157
83
61
199
367
515
546
516
583
651
426
-380
-1224
-1186
-287
385
-266
-1786
-2803
-2548
-1452
-740
-1083
-2176
-2999
-2881
-2084
-1321
-1153
-1516
-1953
-1978
-1436
-656
-48
125
-27
-110
182
828
1511
1931
1982
1799
1731
2022
2547
2929
2910
2591
2241
2128
2292
2497
2440
2022
1483
1136
1105
1218
1163
804
296
-67
-161
-113
-118
-280
-548
-808
-978
-997
-943
-953
-1071
-1145
-1192
-1280
-1304
-1119
-811
-746
-869
-939
-759
-394
-82
70
4
-63
55
350
630
688
584
459
523
731
864
875
775
648
525
495
586
625
541
334
155
66
50
97
62
-90
-305
-440
-461
-431
-412
-485
-592
-666
-668
-621
-530
-433
-388
-392
-430
-404
-292
-134
-40
-12
10
81
199
306
346
318
342
469
650
750
760
756
628
137
-787
-1474
-1143
-140
207
-895
-2541
-3290
-2674
-1478
-937
-1600
-2878
-3566
-3127
-2096
-1380
-1409
-1917
-2316
-2097
-1301
-400
149
196
8
15
485
1269
1971
2312
2267
2078
2111
2527
3079
3351
3201
2812
2504
2477
2685
2843
2655
2118
1518
1194
1189
1276
1144
706
171
-194
-276
-238
-296
-494
-804
-1089
-1257
-1234
-1167
-1311
-1532
-1576
-1326
-1100
-1079
-1129
-1090
-893
-654
-398
-182
-57
17
139
385
633
768
792
803
857
925
1020
1122
1168
1091
954
876
844
796
694
576
446
278
114
6
-54
-143
-311
-515
-657
-699
-692
-738
-829
-901
-939
-906
-836
-720
-653
-660
-668
-609
-435
-284
-153
-89
-126
-149
-40
266
503
502
426
390
561
788
984
1049
564
-415
-1481
-1628
-653
310
-30
-1860
-3537
-3744
-2504
-1148
-1099
-2367
-3864
-4167
-3159
-1862
-1302
-1764
-2505
-2785
-2200
-1048
-93
228
-15
-233
44
833
1802
2437
2559
2324
2161
2457
3111
3719
3838
3466
2981
2754
2942
3257
3294
2874
2163
1617
1450
1587
1648
1306
661
60
-198
-167
-115
-244
-598
-1046
-1397
-1637
-1744
-1622
-1301
-1110
-1386
-1788
-1827
-1375
-758
-408
-398
-619
-654
-274
342
807
830
626
490
706
1156
1459
1484
1289
1108
1023
1135
1332
1324
1047
645
422
398
435
405
153
-255
-605
-702
-600
-562
-725
-1016
-1215
-1214
-1115
-1051
-1016
-1006
-1004
-1004
-964
-774
-581
-425
-340
-280
-202
-121
83
279
412
452
448
566
714
888
1037
1127
1136
737
-237
-1465
-1804
-763
442
189
-1782
-3763
-4117
-2781
-1244
-1115
-2489
-4150
-4602
-3612
-2190
-1458
-1838
-2677
-3079
-2538
-1319
-197
291
105
-230
-87
690
1784
2608
2849
2602
2284
2452
3155
3926
4204
3859
3272
2915
3038
3433
3607
3238
2441
1710
1446
1598
1730
1442
745
32
-349
-387
-317
-412
-754
-1229
-1722
-2101
-2107
-1693
-1266
-1378
-1930
-2257
-1967
-1252
-670
-510
-711
-898
-657
-11
631
883
748
540
616
1031
1463
1632
1532
1341
1205
1223
1407
1535
1414
1050
677
494
463
499
411
106
-299
-607
-677
-620
-616
-821
-1130
-1323
-1315
-1159
-1023
-975
-1051
-1127
-1046
-806
-539
-417
-390
-326
-195
-30
136
291
403
474
456
486
648
941
1315
1552
1458
595
-894
-2071
-1682
79
1153
-26
-2791
-4655
-4111
-1963
-435
-1099
-3269
-4972
-4736
-3017
-1477
-1255
-2222
-3222
-3293
-2276
-840
161
323
-128
-449
-82
955
2131
2823
2810
2357
2094
2492
3382
4132
4204
3638
2972
2725
3043
3542
3625
3054
2125
1458
1366
1631
1729
1303
509
-184
-436
-339
-248
-426
-899
-1538
-2090
-2222
-1833
-1332
-1277
-1729
-2180
-2111
-1552
-912
-589
-671
-892
-868
-381
311
747
748
553
542
847
1305
1613
1626
1400
1166
1141
1318
1521
1513
1232
848
571
487
513
498
291
-102
-475
-629
-566
-497
-617
-907
-1176
-1264
-1141
-937
-818
-871
-983
-980
-765
-485
-375
-398
-384
-202
39
190
279
307
333
373
566
949
1201
1169
872
775
919
640
-441
-1704
-1733
-586
242
-593
-2660
-4116
-3886
-2405
-1301
-1717
-3275
-4537
-4382
-3156
-1959
-1635
-2195
-2871
-2906
-2066
-870
3
258
73
-21
348
1177
2168
2842
2984
2725
2513
2767
3430
4055
4168
3752
3169
2842
2976
3313
3379
2913
2112
1471
1286
1424
1447
1058
376
-254
-536
-544
-500
-642
-1254
-2103
-2527
-2084
-1336
-1235
-1840
-2450
-2365
-1704
-977
-604
-741
-1039
-1007
-430
312
748
745
532
538
842
1262
1570
1683
1573
1305
1187
1331
1564
1603
1382
1047
730
546
545
601
474
105
-300
-545
-566
-480
-523
-776
-1096
-1270
-1225
-1031
-896
-889
-960
-991
-918
-748
-494
-273
-138
-131
-152
-44
209
476
591
479
398
618
1056
1352
1260
990
512
-339
-1356
-1673
-748
300
-36
-1929
-3790
-4072
-2819
-1379
-1264
-2615
-4215
-4611
-3577
-2189
-1558
-1953
-2715
-3010
-2422
-1249
-207
254
139
-86
111
841
1809
2557
2840
2717
2484
2577
3103
3737
4012
3771
3281
2883
2847
3124
3298
3014
2312
1611
1279
1318
1431
1219
651
-11
-429
-547
-520
-571
-1173
-2015
-2374
-1853
-1253
-1443
-2023
-2333
-2008
-1483
-1038
-827
-939
-1070
-881
-274
262
489
468
403
591
923
1222
1404
1547
1523
1299
1213
1369
1552
1521
1301
1049
786
562
497
524
404
64
-272
-509
-597
-557
-596
-786
-1030
-1158
-1113
-956
-860
-912
-958
-845
-634
-494
-426
-376
-176
-19
53
96
188
403
578
725
742
754
745
842
1075
1320
1288
475
-983
-2164
-1773
-222
559
-659
-3070
-4523
-4009
-2346
-1253
-1786
-3437
-4716
-4535
-3253
-2020
-1678
-2172
-2842
-2926
-2143
-935
58
406
207
15
309
1123
2129
2858
3035
2769
2499
2703
3384
4050
4196
3784
3186
2812
2905
3251
3346
2890
2075
1395
1175
1314
1347
1008
390
-213
-533
-624
-610
-955
-1663
-2158
-1947
-1408
-1476
-1986
-2302
-2028
-1462
-1039
-839
-920
-1034
-836
-226
390
615
567
497
690
1086
1419
1554
1592
1603
1483
1433
1573
1679
1579
1300
1061
928
763
613
499
332
51
-219
-388
-543
-636
-736
-896
-1043
-1113
-1094
-1038
-989
-1035
-1067
-968
-741
-519
-445
-443
-373
-150
93
238
253
113
168
466
780
833
717
734
886
1066
730
-290
-1611
-2113
-1214
-64
-280
-2153
-4000
-4312
-3187
-1903
-1791
-2953
-4321
-4650
-3782
-2628
-2069
-2259
-2724
-2900
-2422
-1448
-475
117
267
212
355
946
1852
2646
3053
3074
2878
2871
3285
3884
4219
4078
3661
3260
3117
3284
3445
3233
2601
1897
1480
1402
1441
1250
735
118
-317
-559
-676
-861
-1336
-1903
-2127
-1839
-1565
-1713
-2038
-2083
-1735
-1294
-990
-853
-808
-707
-386
67
429
607
668
804
1079
1363
1509
1573
1658
1694
1640
1601
1631
1632
1516
1300
1081
862
636
459
315
120
-163
-431
-617
-728
-775
-873
-1026
-1184
-1304
-1324
-1265
-1114
-987
-942
-934
-876
-676
-438
-245
-133
-96
-44
102
332
528
627
682
789
1007
1171
1245
1011
118
-1323
-2329
-1710
-151
316
-1425
-4033
-5129
-4049
-2175
-1476
-2620
-4516
-5462
-4733
-3191
-2175
-2251
-2939
-3398
-3105
-2091
-858
31
281
103
55
549
1565
2638
3274
3315
3011
2875
3264
4039
4624
4592
4070
3500
3286
3489
3777
3698
3078
2246
1676
1552
1649
1564
1098
409
-173
-454
-564
-893
-1450
-1856
-1799
-1556
-1751
-2283
-2554
-2167
-1455
-1059
-1125
-1418
-1437
-923
-103
504
580
384
346
761
1416
1847
1876
1718
1664
1721
1863
2041
2105
1940
1611
1345
1244
1188
1044
795
481
135
-149
-303
-400
-530
-768
-1076
-1303
-1356
-1288
-1201
-1228
-1407
-1539
-1371
-948
-618
-584
-707
-736
-481
-99
220
332
243
188
235
442
745
1088
1155
985
557
-294
-1491
-2262
-1576
-260
-169
-2046
-4367
-5054
-3879
-2280
-1911
-3159
-4889
-5555
-4686
-3236
-2374
-2535
-3169
-3487
-3046
-1967
-829
-89
119
45
178
809
1831
2786
3309
3373
3165
3118
3576
4342
4840
4756
4252
3754
3583
3755
3998
3862
3175
2328
1767
1621
1694
1561
1093
401
-173
-464
-572
-847
-1421
-1880
-1867
-1517
-1615
-2134
-2445
-2110
-1409
-1065
-1096
-1280
-1256
-823
-109
489
557
369
361
777
1409
1789
1774
1597
1618
1735
1837
1926
1898
1717
1417
1201
1170
1113
913
629
353
73
-172
-303
-406
-561
-786
-1032
-1187
-1249
-1254
-1242
-1194
-1172
-1187
-1094
-903
-738
-656
-556
-336
-73
30
53
137
277
498
740
969
1067
983
957
937
453
-805
-2153
-2163
-802
134
-971
-3539
-5220
-4708
-2970
-1899
-2515
-4285
-5591
-5312
-3917
-2692
-2460
-2979
-3475
-3367
-2517
-1296
-291
139
120
117
511
1374
2454
3282
3553
3394
3206
3393
4031
4721
4946
4610
4029
3602
3563
3806
3924
3497
2602
1812
1480
1527
1541
1183
514
-208
-677
-897
-1198
-1608
-1865
-1870
-1898
-2256
-2658
-2626
-2113
-1529
-1336
-1460
-1550
-1318
-712
-46
386
466
366
521
1029
1582
1924
1958
1816
1765
1839
1976
2117
2107
1881
1559
1342
1281
1251
1074
735
368
32
-185
-286
-438
-634
-854
-1075
-1213
-1293
-1322
-1285
-1195
-1145
-1187
-1233
-1070
-687
-335
-243
-386
-394
-120
248
493
587
673
786
873
1001
1080
1130
1015
271
-1148
-2352
-1926
-274
390
-1284
-4034
-5292
-4249
-2322
-1541
-2662
-4632
-5701
-5011
-3424
-2308
-2278
-2946
-3490
-3296
-2278
-983
-26
293
139
43
492
1518
2629
3313
3423
3154
2942
3217
3979
4678
4756
4245
3584
3205
3317
3687
3785
3261
2326
1583
1323
1397
1405
1053
393
-276
-741
-1066
-1339
-1577
-1668
-1737
-1981
-2422
-2711
-2446
-1813
-1303
-1302
-1555
-1600
-1213
-469
192
464
358
263
522
1097
1665
1909
1838
1654
1641
1812
2022
2148
2079
1808
1456
1265
1246
1230
1052
656
215
-101
-264
-331
-424
-644
-943
-1183
-1292
-1281
-1225
-1168
-1158
-1191
-1214
-1090
-726
-370
-209
-261
-277
-96
196
528
687
693
676
835
1141
1294
1283
867
-155
-1483
-2018
-1033
253
-9
-2239
-4525
-4829
-3303
-1753
-1782
-3353
-5046
-5450
-4386
-2947
-2305
-2651
-3288
-3479
-2964
-1916
-806
-92
63
-78
41
696
1730
2730
3252
3228
2937
2850
3277
4042
4576
4478
3933
3381
3154
3350
3647
3565
2904
2024
1470
1369
1460
1353
875
205
-382
-793
-1084
-1406
-1581
-1634
-1716
-1937
-2364
-2553
-2355
-1803
-1324
-1292
-1499
-1602
-1226
-502
160
414
303
224
461
1028
1542
1785
1723
1541
1535
1720
1972
2075
1955
1679
1397
1272
1253
1179
967
605
242
-22
-172
-269
-413
-622
-899
-1092
-1177
-1166
-1054
-991
-1018
-1098
-1051
-793
-427
-175
-170
-219
-136
133
413
608
681
664
713
832
1068
1247
1277
1036
188
-1126
-2089
-1631
-175
353
-1248
-3865
-5074
-4033
-2160
-1457
-2552
-4379
-5371
-4779
-3311
-2244
-2183
-2797
-3303
-3125
-2247
-1069
-95
286
158
38
396
1291
2357
3107
3290
3043
2771
2911
3552
4277
4475
4034
3384
2951
2968
3279
3409
2994
2148
1392
1094
1169
1213
907
319
-276
-750
-1075
-1413
-1670
-1647
-1549
-1711
-2300
-2767
-2585
-1837
-1161
-1149
-1546
-1761
-1406
-597
160
454
260
39
232
866
1508
1769
1669
1496
1504
1678
1914
2069
2029
1775
1424
1192
1193
1236
1098
755
350
27
-163
-232
-284
-421
-687
-1003
-1165
-1103
-922
-804
-830
-906
-930
-805
-526
-251
-59
-107
-171
-28
297
652
666
543
513
748
1063
1061
904
808
518
-420
-1691
-2080
-1034
82
-490
-2700
-4576
-4466
-2846
-1581
-1958
-3551
-4890
-4850
-3633
-2408
-2041
-2490
-3004
-3026
-2416
-1404
-457
74
112
23
240
896
1821
2632
3025
2946
2701
2709
3145
3816
4196
4036
3522
3016
2871
3073
3304
3148
2476
1702
1235
1177
1245
1067
611
48
-454
-777
-1100
-1477
-1620
-1502
-1367
-1687
-2297
-2548
-2138
-1358
-919
-1043
-1392
-1456
-985
-202
422
539
306
178
501
1138
1652
1771
1609
1474
1494
1646
1868
2004
1897
1584
1245
1092
1126
1126
914
528
132
-150
-229
-219
-271
-449
-763
-1032
-1110
-1006
-855
-818
-870
-961
-974
-787
-450
-118
33
-68
-158
-77
153
455
653
697
549
411
479
731
941
909
284
-957
-2142
-2252
-1077
-136
-903
-3102
-4720
-4367
-2819
-1787
-2280
-3728
-4819
-4696
-3586
-2504
-2139
-2461
-2860
-2854
-2329
-1393
-384
262
382
250
360
1005
1951
2781
3171
3081
2814
2771
3209
3911
4300
4096
3524
3032
2954
3188
3376
3176
2503
1746
1304
1223
1277
1108
664
91
-443
-787
-1146
-1386
-1334
-1202
-1341
-1944
-2458
-2367
-1709
-1051
-967
-1276
-1539
-1328
-631
126
515
413
157
190
693
1364
1742
1691
1470
1393
1520
1791
2028
2031
1784
1422
1194
1186
1251
1169
843
419
35
-202
-254
-259
-356
-639
-1026
-1274
-1251
-1049
-925
-981
-1125
-1201
-1056
-703
-379
-227
-241
-327
-204
109
432
548
442
419
580
828
956
811
693
562
5
-1046
-1967
-1703
-602
-272
-1698
-3845
-4697
-3748
-2271
-1872
-2953
-4441
-5041
-4341
-3119
-2388
-2472
-2952
-3186
-2853
-2010
-998
-233
50
12
66
530
1393
2315
2913
3061
2904
2787
3004
3592
4180
4294
3920
3404
3103
3203
3458
3500
3049
2266
1655
1436
1492
1464
1120
567
-13
-454
-773
-1105
-1338
-1378
-1335
-1457
-1897
-2302
-2236
-1680
-1092
-975
-1252
-1478
-1246
-586
119
493
387
152
229
719
1352
1705
1659
1425
1332
1513
1823
2051
2022
1714
1327
1106
1113
1199
1125
785
345
2
-167
-178
-220
-424
-749
-1053
-1195
-1153
-972
-857
-910
-1025
-1071
-942
-653
-353
-215
-256
-299
-151
149
420
441
313
279
411
693
792
623
411
378
176
-616
-1652
-2015
-1289
-599
-1192
-2923
-4230
-4004
-2826
-2064
-2549
-3753
-4559
-4335
-3381
-2539
-2338
-2664
-2940
-2776
-2131
-1250
-493
-87
-1
75
434
1123
1935
2570
2839
2816
2731
2859
3310
3842
4076
3867
3433
3124
3105
3283
3374
3090
2444
1809
1493
1503
1494
1220
700
148
-182
-642
-1131
-1406
-1188
-874
-1244
-1919
-2431
-2164
-1481
-982
-862
-1190
-1416
-1231
-494
256
547
400
106
259
797
1416
1650
1529
1402
1288
1425
1747
2015
1985
1613
1236
1068
1142
1241
1135
816
339
-26
-137
-125
-137
-319
-676
-1053
-1204
-1083
-953
-875
-909
-1027
-1065
-947
-662
-404
-301
-316
-336
-182
111
378
449
339
316
378
494
583
637
606
443
167
-408
-1140
-1629
-1398
-864
-1054
-2175
-3484
-3865
-3240
-2444
-2341
-3113
-3988
-4209
-3640
-2827
-2344
-2344
-2609
-2697
-2352
-1619
-802
-218
1
17
186
710
1474
2174
2595
2710
2673
2713
3008
3476
3790
3730
3406
3079
2934
3006
3112
2982
2549
1968
1525
1345
1303
1182
783
250
-275
-629
-822
-998
-1059
-1176
-1338
-1630
-1902
-1831
-1513
-1105
-976
-1074
-1132
-972
-515
-20
305
341
265
329
650
1092
1365
1391
1241
1138
1213
1412
1574
1548
1334
1035
858
858
894
814
541
216
-21
-133
-174
-260
-417
-620
-794
-878
-884
-858
-810
-780
-792
-814
-794
-625
-391
-202
-143
-192
-134
10
267
496
529
453
318
353
523
651
651
487
293
230
118
-328
-1022
-1451
-1195
-882
-1229
-2213
-3087
-3166
-2732
-2386
-2524
-3034
-3446
-3437
-2963
-2407
-2082
-2035
-2073
-1933
-1539
-968
-437
-101
88
282
635
1117
1568
1931
2232
2414
2484
2597
2831
3097
3199
3092
2910
2738
2644
2595
2501
2314
1920
1496
1231
1089
967
675
250
-65
-440
-865
-1159
-1013
-624
-878
-1544
-2028
-1767
-1056
-693
-748
-1105
-1233
-958
-398
157
261
107
-20
177
658
1070
1153
970
920
1003
1109
1233
1322
1265
1029
805
697
701
688
529
286
-1
-202
-249
-275
-348
-500
-694
-860
-907
-729
-612
-661
-721
-741
-627
-464
-275
-126
-105
-89
-46
153
424
579
569
398
330
427
635
692
578
452
307
281
268
281
218
-95
-633
-1239
-1438
-1209
-1030
-1371
-2200
-2871
-2966
-2598
-2234
-2243
-2600
-2978
-2991
-2588
-2044
-1605
-1395
-1380
-1316
-1019
-464
142
547
686
684
834
1206
1668
2045
2207
2224
2184
2224
2385
2608
2731
2632
2403
2168
2047
2022
1947
1732
1403
1045
715
451
300
165
-74
-472
-906
-1086
-987
-826
-866
-1142
-1360
-1349
-1080
-754
-578
-562
-638
-553
-271
49
224
238
274
379
560
743
862
909
894
860
851
885
925
877
740
570
425
328
238
133
-1
-190
-374
-479
-501
-502
-545
-645
-741
-745
-661
-549
-494
-480
-459
-380
-226
-75
27
64
92
197
378
535
544
411
318
346
491
615
595
453
252
162
177
253
243
102
-36
-166
-292
-586
-978
-1198
-1096
-888
-1092
-1694
-2220
-2259
-1908
-1666
-1751
-2052
-2262
-2184
-1882
-1497
-1215
-1106
-1091
-1005
-710
-265
147
354
420
535
766
1076
1352
1569
1723
1775
1774
1809
1945
2100
2126
2011
1815
1664
1603
1574
1492
1279
972
650
417
303
246
99
-229
-569
-736
-711
-665
-731
-857
-928
-920
-846
-713
-577
-498
-458
-341
-123
93
204
220
292
445
601
682
678
659
660
685
721
729
668
547
421
365
357
294
134
-64
-206
-275
-327
-415
-506
-580
-620
-632
-657
-640
-612
-573
-518
-466
-377
-266
-124
-8
52
85
137
243
351
446
470
463
447
436
438
370
342
321
290
180
-8
-94
-127
-95
-146
-242
-327
-387
-354
-348
-392
-659
-1038
-1227
-1041
-744
-848
-1323
-1755
-1769
-1470
-1170
-1095
-1261
-1479
-1510
-1231
-862
-637
-614
-662
-616
-401
-48
275
439
473
531
674
885
1091
1251
1349
1339
1331
1401
1530
1618
1604
1521
1400
1324
1237
1173
1088
959
769
469
246
107
109
77
-106
-329
-530
-521
-457
-365
-332
-401
-414
-398
-226
-27
106
165
167
246
346
490
613
663
664
611
595
606
644
649
566
453
327
258
227
168
61
-100
-240
-333
-379
-408
-489
-576
-655
-701
-660
-615
-578
-562
-521
-450
-396
-294
-134
-76
-73
13
61
175
244
234
301
261
234
242
207
195
97
0
-32
-74
-139
-248
-331
-378
-439
-551
-603
-566
-580
-590
-632
-647
-587
-478
-373
-471
-757
-959
-750
-421
-372
-730
-1151
-1154
-907
-663
-711
-905
-1027
-1058
-858
-630
-436
-374
-445
-459
-351
-65
187
283
286
302
420
578
777
968
1075
1079
1009
1051
1217
1373
1417
1274
1135
1058
1078
1110
1031
892
630
436
366
418
442
262
49
-91
-30
86
87
22
-64
-33
64
188
270
275
269
267
355
493
584
587
560
563
577
593
591
577
524
445
366
290
243
167
62
-63
-181
-241
-282
-342
-420
-482
-526
-563
-572
-550
-539
-545
-536
-491
-410
-355
-323
-307
-282
-220
-148
-72
-48
-49
-63
-74
-82
-86
-76
-89
-105
-178
-268
-318
-362
-355
-380
-436
-544
-688
-713
-699
-650
-667
-775
-819
-804
-671
-572
-551
-525
-500
-360
-270
-274
-369
-415
-238
-112
-149
-402
-559
-461
-342
-262
-353
-478
-546
-524
-340
-221
-225
-277
-309
-211
-62
79
143
142
219
320
412
453
528
658
757
826
828
856
909
988
1090
1117
1035
919
887
945
1010
929
759
590
503
540
568
501
372
289
255
296
336
311
297
286
328
383
405
408
387
395
404
417
422
415
408
376
364
357
335
293
239
189
139
86
42
-3
-64
-135
-232
-306
-341
-363
-381
-426
-464
-483
-497
-482
-463
-466
-476
-469
-424
-388
-379
-369
-376
-353
-303
-258
-263
-312
-342
-340
-316
-329
-394
-461
-509
-499
-484
-490
-517
-577
-634
-646
-583
-547
-566
-635
-653
-613
-555
-480
-475
-479
-513
-489
-383
-235
-132
-156
-214
-223
-114
-19
26
-8
-40
-43
-38
-2
-13
-25
-96
-135
-118
-89
-30
-56
-90
-111
-56
58
106
105
80
112
194
268
326
333
305
301
382
518
567
559
511
516
600
684
765
725
666
654
703
788
781
723
613
571
610
648
672
596
514
463
477
533
539
511
449
419
443
474
493
470
426
388
367
361
334
295
237
185
163
142
122
83
26
-26
-69
-84
-103
-147
-211
-271
-289
-278
-264
-284
-329
-376
-406
-412
-436
-470
-505
-517
-497
-506
-521
-543
-555
-547
-551
-551
-559
-563
-587
-592
-571
-562
-567
-603
-605
-595
-553
-536
-558
-575
-602
-542
-481
-412
-420
-475
-447
-411
-306
-272
-284
-293
-300
-232
-174
-106
-83
-103
-95
-67
-5
27
43
56
70
119
155
177
169
162
189
217
240
244
220
222
241
267
269
228
207
209
241
246
225
212
205
220
233
253
265
281
301
306
308
309
321
343
370
383
371
370
397
436
456
430
402
429
490
554
578
545
499
479
505
539
531
479
415
382
395
417
397
331
257
217
223
234
211
151
82
44
41
37
10
-36
-84
-110
-127
-140
-162
-202
-240
-262
-261
-259
-259
-274
-294
-320
-342
-348
-366
-390
-419
-448
-455
-443
-436
-440
-458
-482
-499
-499
-498
-478
-459
-462
-489
-529
-516
-479
-430
-434
-463
-462
-434
-364
-333
-303
-282
-274
-252
-244
-193
-165
-176
-178
-175
-120
-87
-70
-46
-43
-28
-32
7
61
69
31
-12
14
75
125
114
99
110
122
144
158
188
199
197
224
268
308
297
248
235
283
360
382
341
277
263
316
371
398
348
277
246
276
329
317
248
165
136
166
200
217
198
160
142
152
179
200
201
190
175
185
204
219
225
209
185
180
200
234
256
239
197
178
171
190
196
154
102
46
20
24
19
-7
-69
-132
-150
-141
-128
-143
-194
-237
-252
-226
-206
-217
-251
-286
-278
-241
-200
-201
-234
-248
-230
-186
-150
-141
-157
-180
-186
-172
-158
-155
-168
-188
-204
-202
-182
-169
-172
-203
-232
-232
-208
-178
-182
-207
-228
-229
-211
-180
-161
-186
-206
-191
-137
-83
-79
-106
-134
-116
-50
12
34
5
-32
-10
56
120
122
64
26
48
104
150
152
120
84
60
89
136
169
144
82
54
65
118
127
90
25
-3
29
60
78
38
8
9
51
115
141
142
132
157
200
222
214
185
172
183
193
187
166
154
157
156
144
121
101
103
118
140
132
83
37
22
31
37
11
-32
-44
-25
13
36
27
27
25
44
70
77
75
51
32
35
37
37
21
1
6
15
6
-11
-35
-53
-62
-69
-70
-69
-66
-68
-76
-86
-92
-102
-113
-122
-125
-119
-119
-121
-120
-126
-128
-121
-109
-95
-87
-80
-66
-59
-52
-57
-63
-53
-37
-20
-17
-21
-27
-43
-53
-53
-45
-52
-64
-78
-85
-87
-96
-100
-109
-106
-106
-102
-95
-94
-89
-94
-104
-103
-101
-95
-89
-74
-53
-41
-34
-31
-22
6
33
48
39
22
24
52
99
117
98
65
52
82
111
119
94
57
37
36
62
82
87
75
59
61
75
88
84
78
76
85
98
91
83
82
94
108
102
90
88
95
103
98
89
81
77
77
76
63
44
34
34
38
26
-12
-37
-39
-17
9
6
-6
-23
-22
-4
1
5
-4
0
14
26
28
15
3
-9
-10
-13
-20
-18
-23
-27
-36
-42
-41
-46
-47
-51
-46
-33
-37
-45
-59
-62
-56
-49
-39
-33
-24
-17
-17
-19
-19
-11
-5
-5
-10
-13
-1
7
8
-4
-21
-26
-24
-18
-26
-44
-57
-63
-61
-58
-64
-77
-85
-77
-59
-49
-49
-56
-61
-57
-38
-22
-18
-29
-42
-35
-32
-29
-37
-40
-26
-15
-7
-11
-25
-27
-20
0
16
-5
-33
-43
-19
28
41
23
1
3
35
63
66
51
32
32
47
61
65
51
29
26
31
44
57
57
54
44
33
34
52
60
46
25
16
30
40
24
-15
-42
-29
5
37
36
9
-9
1
39
69
69
47
26
34
60
78
66
36
19
22
42
46
36
15
0
4
9
8
-5
-17
-13
1
13
13
8
8
16
24
21
14
14
14
13
0
-12
-16
-13
-3
-3
-11
-18
-18
-4
0
-13
-34
-53
-56
-53
-52
-62
-73
-72
-62
-44
-37
-41
-48
-50
-39
-24
-16
-23
-34
-32
-20
-10
-11
-19
-17
-21
-25
-33
-39
-35
-35
-39
-51
-63
-69
-66
-57
-48
-48
-57
-54
-42
-22
-9
-5
-1
8
22
28
25
19
17
20
23
28
34
47
60
66
65
52
40
41
50
49
27
6
-2
3
12
8
-10
-21
-19
-5
15
28
33
28
27
35
50
61
54
40
37
39
41
33
22
25
35
40
35
21
12
10
7
-5
-20
-34
-27
-8
8
12
4
-1
3
15
26
21
12
7
2
-4
-12
-15
-12
-1
10
16
10
2
-2
-5
-6
-9
-14
-17
-20
-19
-17
-24
-32
-41
-48
-49
-45
-30
-12
9
14
6
-7
-11
0
10
14
12
13
18
16
5
-9
-11
-3
5
7
1
-10
-16
-19
-15
-12
-22
-38
-47
-38
-18
-2
-3
-21
-42
-41
-29
-16
-2
-3
-13
-26
-29
-28
-22
-14
-8
-1
5
13
11
0
-3
-7
0
8
3
-2
-4
7
18
24
25
20
18
19
30
41
44
28
4
-10
-13
-5
6
8
6
-2
-4
3
8
9
0
-9
-4
11
17
13
9
2
0
9
21
25
27
28
31
35
36
31
27
25
29
36
32
21
7
-8
-13
-12
-5
-3
-4
-12
-20
-14
-8
-5
-6
-11
-16
-16
-14
-15
-19
-21
-18
-16
-19
-22
-22
-15
-5
-1
3
-1
-6
-8
-12
-13
-7
-2
-5
-8
-7
-2
-2
-2
1
4
12
17
13
5
-1
-4
-5
-3
4
3
-5
-6
-10
-5
-4
-10
-14
-21
-21
-20
-18
-15
-18
-12
-5
-4
2
5
8
13
14
10
7
7
9
4
-1
-3
4
15
17
15
15
19
26
24
17
14
11
9
7
0
0
-3
-9
-8
-8
-8
-6
-6
-5
-3
1
6
10
15
15
10
6
2
6
10
6
-2
-8
-12
-15
-15
-11
-2
4
6
3
-7
-19
-28
-29
-28
-21
-12
-6
-4
-7
-9
-6
-1
4
6
7
6
6
8
11
12
8
3
0
-1
3
11
7
1
-4
-8
-10
-11
-11
-15
-21
-26
-29
-29
-23
-12
-2
1
8
17
20
24
31
33
33
35
33
35
34
32
30
30
29
29
30
31
30
27
15
2
-9
-10
-7
-6
-7
-25
-43
-47
-42
-28
-23
-25
-29
-35
-33
-28
-20
-11
-10
-10
-16
-19
-14
-11
-5
3
2
3
9
14
21
24
20
15
5
-2
-6
-8
-5
-11
-17
-20
-22
-14
-4
2
4
1
-5
-5
0
3
3
3
2
6
9
11
12
14
17
20
19
12
5
2
1
3
2
-3
-5
-8
-4
1
0
3
4
4
6
3
1
4
4
5
6
6
6
6
4
6
8
7
4
5
10
15
14
6
-7
-17
-23
-21
-15
-12
-17
-25
-29
-26
-17
-10
-6
-8
-7
0
5
7
4
2
9
23
38
47
50
49
43
33
23
21
20
20
16
2
-9
-17
-22
-20
-12
-6
-1
-1
-6
-10
-14
-22
-27
-32
-37
-39
-38
-34
-31
-26
-24
-22
-17
-16
-12
-8
-5
-7
-13
-15
-11
-7
-8
-7
-5
-1
5
5
6
12
16
20
22
20
26
25
12
19
18
15
17
9
9
15
18
26
27
22
16
6
0
3
3
-1
-3
-10
-12
-10
-13
-12
-12
-12
-8
-1
2
6
2
-6
-12
-14
-8
2
9
8
2
2
4
13
21
16
12
7
-1
1
2
3
8
8
8
6
2
3
0
-1
1
4
7
8
11
12
12
12
6
-1
-5
-9
-7
-7
-11
-16
-21
-23
-16
-10
-9
-13
-20
-21
-15
-1
10
13
9
0
-9
-16
-20
-22
-22
-22
-19
-17
-11
-9
-7
-6
-5
-3
-2
4
8
7
-2
-11
-15
-15
-7
4
7
10
10
12
14
18
18
13
4
-7
-13
-15
-11
-7
-8
-4
-3
-5
-7
-3
9
12
14
18
12
9
6
5
4
0
-2
-1
-1
0
6
15
26
34
34
32
28
22
16
10
4
1
3
9
11
10
7
6
3
9
19
24
20
10
1
-4
-5
-6
-6
-11
-14
-16
-14
-12
-13
-15
-22
-22
-16
-11
-10
-15
-23
-29
-25
-16
-11
-7
-6
-8
-12
-12
-9
-2
5
8
8
8
4
-2
-5
-5
-2
5
12
15
13
11
7
10
13
16
14
6
-1
-4
-1
4
2
0
-4
-9
-10
-9
-10
-10
-14
-13
-13
-14
-17
-22
-23
-21
-17
-13
-14
-14
-13
-11
-9
-6
-3
0
2
0
-2
-3
0
4
5
6
7
7
8
9
16
19
18
14
9
9
11
10
11
6
5
5
8
14
17
19
12
4
5
11
20
25
21
5
-6
-8
-4
7
13
15
11
1
-6
-4
3
11
16
12
4
-3
-8
-8
-3
-2
-5
-10
-14
-14
-6
1
4
6
4
0
-4
-10
-8
0
4
7
6
-7
-14
-12
-10
-6
-3
-1
-2
-5
-6
-4
1
9
11
6
-2
-12
-17
-13
-4
0
-2
-6
-4
2
12
22
27
27
21
13
7
3
2
1
-3
-6
-8
-10
-11
-11
-13
-17
-19
-24
-30
-35
-33
-29
-20
-15
-12
-11
-11
-8
-8
-6
-3
-3
-3
-6
-10
-10
-5
1
9
10
8
7
2
4
5
1
-7
-11
-9
-4
0
2
0
0
0
-1
-1
-3
-2
1
4
8
10
9
9
11
15
16
13
7
6
10
19
28
30
29
23
16
15
20
25
28
24
16
11
9
10
10
6
6
6
9
13
15
14
13
13
10
6
2
3
5
5
4
-1
-3
-4
0
4
3
3
1
-3
-9
-18
-24
-23
-16
-10
-10
-13
-14
-10
-7
-4
-7
-15
-20
-23
-22
-17
-15
-13
-13
-12
-9
-5
3
5
4
0
-3
-6
-10
-11
-12
-14
-17
-19
-20
-23
-26
-28
-24
-23
-25
-28
-31
-29
-22
-16
-11
-8
-4
-1
-1
-3
-4
-3
-2
1
1
4
9
17
24
27
28
24
20
21
22
21
17
9
1
-1
-3
-3
-2
-5
-4
1
7
16
20
20
19
18
17
17
17
16
16
15
13
12
9
6
2
1
2
3
3
-1
-6
-7
-9
-10
-6
-5
-1
2
3
3
1
1
6
9
10
10
7
3
5
6
7
9
9
8
8
7
6
5
5
5
4
6
9
11
12
8
3
-1
-2
-3
-2
-2
-2
-1
-3
-3
-5
-5
-4
-3
-2
-2
-4
-8
-10
-12
-12
-14
-15
-16
-16
-15
-16
-15
-12
-7
-1
-1
-3
-4
-3
2
7
9
6
1
-3
-5
-5
-3
-4
-9
-10
-11
-12
-8
-6
-8
-11
-14
-15
-14
-13
-14
-15
-17
-16
-15
-14
-11
-8
-6
-4
-6
-7
-8
-7
-3
1
1
1
0
-2
-2
0
0
2
5
2
8
11
9
7
8
10
14
16
14
12
14
15
16
15
15
18
23
23
21
15
6
1
3
5
4
2
1
0
4
8
11
13
14
17
18
17
18
16
10
6
4
6
8
9
12
14
13
9
5
5
10
12
14
11
10
10
8
6
4
1
-7
-15
-20
-21
-16
-11
-10
-13
-15
-16
-17
-16
-15
-13
-13
-15
-17
-19
-17
-12
-8
-8
-13
-18
-19
-19
-17
-16
-13
-11
-8
-5
-2
0
1
2
3
2
2
0
-2
-9
-11
-16
-18
-18
-17
-15
-11
-8
-5
-8
-12
-12
-8
0
9
10
5
0
-7
-8
-8
-7
-4
-2
-2
-3
-4
-4
-1
1
1
2
2
5
6
9
9
8
7
8
12
12
12
12
9
8
7
3
0
-2
-4
-2
0
1
4
3
6
10
12
14
14
14
15
16
18
19
16
16
17
20
18
11
8
8
9
17
23
26
26
21
16
12
8
10
11
12
11
9
8
6
3
4
2
2
5
7
8
7
3
-2
-5
-8
-10
-9
-5
-4
-5
-9
-12
-12
-13
-11
-10
-8
-6
-5
-4
-4
-3
-2
-6
-9
-14
-16
-17
-17
-16
-15
-17
-21
-29
-37
-41
-39
-38
-36
-33
-30
-30
-28
-25
-22
-21
-21
-21
-21
-20
-21
-23
-24
-23
-22
-18
-12
-10
-6
-2
-2
-2
-1
0
3
9
10
11
10
8
10
14
17
18
17
16
17
24
30
37
40
38
36
39
42
42
40
33
26
22
20
23
27
31
27
23
19
13
13
14
18
18
18
16
11
6
5
2
-2
-4
-4
2
8
8
3
-7
-14
-15
-10
-6
-5
-6
-11
-15
-16
-15
-13
-13
-13
-12
-11
-7
-6
-5
-7
-5
0
3
4
1
-4
-10
-14
-19
-22
-20
-16
-9
-4
-3
-3
-8
-7
-4
-3
-2
-2
-4
-6
-4
-4
-2
-4
-8
-11
-10
-9
-3
0
4
3
1
-1
-2
2
2
2
5
6
4
0
-1
-2
-2
-2
-4
-6
-7
-6
-2
3
5
5
5
3
3
3
-1
-7
-12
-15
-13
-9
-7
-9
-13
-15
-16
-16
-17
-16
-17
-18
-17
-17
-16
-12
-7
-2
5
10
10
10
8
6
6
4
2
5
4
8
8
7
4
2
4
9
15
19
16
15
12
14
19
22
22
19
17
18
19
23
25
24
17
11
8
6
8
9
11
8
4
1
-1
-2
-3
-3
-1
3
6
6
3
1
2
1
2
5
7
9
4
0
-8
-15
-18
-15
-6
3
10
15
16
15
16
14
11
12
13
18
20
19
17
16
19
18
17
11
5
5
5
10
15
15
11
5
2
-3
-5
-8
-15
-21
-26
-31
-32
-36
-41
-50
-60
-65
-66
-61
-53
-47
-42
-42
-44
-47
-51
-57
-61
-64
-61
-59
-53
-50
-47
-43
-39
-37
-34
-35
-34
-33
-30
-25
-19
-12
-3
5
11
16
17
17
21
24
24
24
28
31
38
48
59
66
68
67
63
59
57
58
61
65
66
68
66
65
64
61
59
57
59
63
65
61
55
47
41
36
30
26
26
24
24
23
23
21
18
17
13
7
5
4
3
2
0
-2
-5
-9
-11
-13
-15
-16
-17
-20
-25
-32
-35
-39
-39
-35
-30
-27
-28
-29
-34
-41
-48
-55
-56
-54
-51
-47
-44
-41
-39
-41
-42
-45
-45
-42
-40
-37
-35
-35
-36
-37
-38
-37
-34
-33
-32
-31
-29
-27
-29
-28
-26
-24
-20
-15
-11
-4
3
4
4
7
12
15
16
18
19
18
15
12
9
9
9
8
7
10
13
14
15
14
11
8
8
13
18
24
28
30
35
36
35
30
27
26
25
22
24
27
27
30
27
28
29
28
26
24
24
27
32
36
39
41
43
44
44
43
40
38
34
32
28
23
17
12
9
6
4
1
-2
-3
-7
-8
-8
-11
-15
-15
-12
-10
-13
-12
-12
-14
-17
-21
-22
-20
-19
-17
-13
-11
-13
-18
-22
-27
-27
-25
-22
-19
-19
-17
-19
-22
-26
-29
-32
-32
-31
-28
-29
-29
-28
-29
-32
-33
-33
-32
-28
-25
-19
-18
-25
-30
-31
-32
-30
-27
-27
-27
-25
-24
-20
-19
-22
-25
-24
-21
-17
-11
-5
2
8
14
17
20
22
25
24
23
20
20
23
28
34
37
38
36
33
30
29
30
29
29
28
31
37
42
48
51
50
47
42
38
37
37
40
38
35
29
25
21
18
12
4
-2
-8
-10
-10
-9
-5
-1
0
-4
-8
-11
-14
-19
-20
-21
-22
-26
-27
-29
-29
-30
-33
-31
-30
-28
-25
-21
-19
-17
-18
-19
-21
-19
-14
-13
-13
-9
-5
-3
-1
2
5
11
16
18
20
24
31
33
35
34
32
30
27
25
24
23
21
21
19
16
11
4
-5
-10
-17
-22
-24
-28
-30
-26
-23
-21
-22
-22
-21
-21
-19
-20
-19
-17
-15
-15
-16
-21
-25
-28
-32
-29
-27
-27
-28
-29
-28
-22
-15
-6
1
5
5
4
3
3
2
0
1
1
2
3
3
0
-4
-4
-2
0
0
-1
2
3
6
7
9
13
17
22
25
27
29
29
28
23
22
25
31
33
33
31
27
24
22
20
18
15
13
10
9
9
14
20
22
22
21
20
18
20
19
16
13
7
3
0
-2
-6
-8
-11
-13
-14
-17
-20
-21
-21
-20
-19
-16
-17
-16
-16
-16
-17
-18
-16
-16
-16
-13
-12
-9
-9
-12
-16
-18
-17
-14
-14
-14
-14
-13
-13
-12
-10
-8
-10
-9
-10
-12
-11
-8
-7
-7
-4
-2
1
2
4
4
2
1
1
2
6
7
8
5
2
-3
-7
-10
-12
-14
-17
-18
-13
-9
-4
1
1
0
1
3
6
12
16
18
19
21
21
22
18
13
6
1
-2
-3
-7
-8
-9
-9
-9
-8
-4
-5
-7
-9
-7
1
9
18
21
20
17
15
12
15
18
20
18
15
12
9
5
2
1
1
2
4
3
2
2
5
8
14
20
25
29
31
30
25
18
13
14
15
18
19
12
2
-6
-10
-17
-20
-23
-23
-22
-19
-17
-17
-18
-21
-19
-15
-11
-9
-11
-17
-24
-25
-24
-18
-13
-13
-13
-14
-16
-13
-10
-7
-7
-6
-5
-1
1
3
2
1
-2
-3
-3
-3
-4
-5
-4
-1
2
4
1
-2
-2
-2
-1
1
3
4
2
-2
-3
-5
-7
-8
-9
-6
-4
-2
-2
-4
-5
-6
-5
-2
6
14
19
21
19
16
15
15
16
15
13
10
6
2
-2
-5
-8
-7
-7
-1
-1
-1
-4
