3
4
4
3
3
2
0
0
0
1
0
0
-2
-2
-2
-4
-2
-1
-1
-1
-1
-1
1
1
1
1
1
2
3
3
3
3
4
2
1
3
4
4
2
0
0
-1
0
0
-2
-2
-1
-2
-2
-2
-2
-2
-2
1
0
0
-1
-3
-5
-4
-2
-1
0
0
0
0
-1
1
2
1
-1
-1
-1
-2
-1
-1
-2
-3
-3
-3
-2
-2
2
2
3
6
4
4
5
5
6
5
5
4
3
2
0
-2
-1
0
1
2
0
1
1
3
6
6
5
4
2
0
-2
-3
-5
-6
-6
-4
-3
-3
-4
-6
-6
-8
-8
-8
-8
-5
-2
-2
-2
-5
-8
-7
-5
-1
2
4
5
2
1
-1
-1
1
3
2
2
2
2
2
2
5
4
4
2
3
4
4
4
2
1
1
0
-1
-1
0
2
1
-1
-1
0
-1
0
0
1
4
3
2
2
2
2
2
3
4
4
2
0
0
0
0
-1
-2
-3
-2
-1
-2
-2
-2
-2
0
1
0
1
0
0
1
0
-1
-2
-2
-2
-2
-3
-4
-3
-2
-2
0
-1
2
3
5
5
2
2
1
0
1
-1
-4
-3
-4
-3
-3
-5
-3
-2
0
0
0
0
0
-1
0
0
0
-1
-1
0
1
3
2
0
1
1
0
-1
-3
0
2
1
1
1
2
4
2
0
-2
-3
-2
-2
-2
-1
-3
-5
-4
-3
1
2
3
2
2
4
4
2
1
0
1
1
1
-1
-1
-2
-2
-3
-3
-2
0
1
0
1
2
5
6
7
6
4
7
8
8
7
4
4
5
6
5
4
2
-2
-3
-3
-1
-1
-1
-1
-4
-5
-5
-4
-5
-6
-7
-4
-2
-3
-5
-4
-4
-1
0
-2
0
-1
-2
-2
-3
-1
2
3
1
-3
-6
-8
-7
-5
-7
-7
-6
-5
-1
1
-1
0
-1
0
2
0
-1
1
3
3
5
5
6
6
4
4
4
3
5
4
1
1
1
2
2
2
2
1
2
2
1
0
0
0
0
-1
-2
-1
-1
-1
2
1
2
2
1
1
1
2
2
2
1
4
5
4
4
3
3
1
-1
-2
-1
2
0
-4
-7
-5
-1
3
0
-3
-4
-3
-3
-2
-3
-5
-5
-3
0
3
3
1
-2
-1
2
5
3
-2
-6
-6
-2
-1
-1
-5
-7
-5
-1
3
-1
-5
-6
-3
0
1
2
-1
-3
-1
-2
2
4
4
4
1
3
2
2
1
-2
-3
0
4
7
3
1
1
1
2
2
3
1
1
1
-2
0
2
4
5
3
3
3
3
4
4
4
0
-3
-4
-3
-1
-1
-2
-2
-3
-1
2
3
2
-1
-3
-2
0
1
0
-3
-4
-3
-2
-1
-2
-1
-2
-1
1
3
4
1
-3
-6
-6
-3
0
0
0
-2
-4
-4
-4
-2
-5
-5
-4
-2
0
-2
-6
-8
-4
1
2
1
-1
-2
-2
1
4
2
-1
0
1
4
4
2
1
0
1
2
2
2
0
2
1
5
4
3
4
2
1
1
3
4
2
1
0
1
1
1
3
4
7
7
2
3
3
4
1
-4
-3
1
5
5
2
0
-2
-1
-4
-3
0
1
-1
-6
-10
-7
-3
2
2
-3
-5
-5
0
3
2
0
-3
-1
1
3
5
1
-3
-5
-2
4
4
-1
-7
-7
1
7
4
-5
-10
-6
2
3
-4
-10
-6
4
7
0
-9
-7
1
6
4
-5
-7
-3
3
5
4
2
-1
-1
3
6
5
0
-3
-1
1
5
5
2
-1
-1
1
0
-3
-5
-3
-1
0
-2
-6
-6
-7
-1
3
1
-3
-6
-4
0
-1
-3
-7
-5
2
2
1
-4
-1
8
11
5
-7
-7
2
10
10
2
0
-1
-1
0
2
5
4
-3
-7
-6
3
10
11
2
-8
-9
-1
14
16
7
-4
-7
5
16
16
5
-6
-3
7
16
18
10
1
-2
6
17
19
10
-5
-6
6
18
13
-4
-12
-7
7
15
6
-7
-15
-10
0
5
0
-12
-17
-16
-8
-5
-13
-17
-19
-15
-14
-21
-22
-26
-25
-24
-21
-22
-28
-32
-32
-25
-22
-26
-31
-30
-22
-19
-21
-23
-24
-21
-19
-14
-9
-7
-8
-10
-9
-4
-4
-3
0
4
6
6
7
12
15
14
12
10
13
19
22
22
21
23
29
32
32
31
32
34
37
39
43
45
48
46
47
52
57
62
58
57
56
59
62
59
57
56
53
52
50
49
47
45
44
43
35
27
22
20
22
13
-1
-14
-19
-11
-19
-29
-45
-54
-51
-56
-57
-69
-78
-83
-86
-86
-91
-95
-98
-100
-99
-100
-103
-104
-108
-109
-109
-106
-100
-101
-99
-93
-86
-78
-79
-77
-69
-59
-45
-38
-33
-25
-17
-6
1
11
22
32
41
47
54
62
69
76
81
84
88
91
101
114
125
133
132
132
136
144
154
156
158
167
177
186
184
181
183
189
194
195
191
183
177
173
168
164
154
140
130
120
111
107
95
84
57
31
31
23
18
-12
-53
-54
-64
-51
-72
-117
-131
-151
-125
-136
-168
-197
-238
-211
-213
-233
-295
-367
-356
-343
-319
-368
-446
-482
-487
-425
-396
-397
-420
-455
-424
-374
-304
-255
-256
-251
-237
-175
-98
-50
-26
-28
-6
32
75
118
139
145
133
127
138
160
184
185
172
155
143
149
156
159
154
137
125
121
133
156
176
187
178
190
212
246
276
288
306
309
316
325
331
339
339
333
325
319
316
302
282
258
238
230
219
200
173
145
138
131
123
100
73
55
41
47
54
54
34
6
9
29
51
33
-3
-19
-23
-9
-34
-66
-104
-128
-124
-138
-169
-233
-283
-284
-269
-261
-326
-451
-567
-590
-496
-430
-492
-673
-806
-790
-669
-564
-573
-645
-705
-679
-564
-447
-358
-336
-331
-288
-209
-88
19
96
135
146
191
266
356
421
443
435
418
429
461
488
479
435
385
353
348
346
315
254
185
139
116
112
80
-4
-93
-124
-71
-29
-44
-117
-166
-113
-8
106
138
113
116
163
281
380
416
405
369
392
436
475
493
464
438
404
391
390
373
349
289
229
184
158
144
106
52
-12
-68
-101
-127
-142
-165
-192
-213
-225
-218
-213
-197
-172
-148
-121
-119
-105
-80
-42
-4
-8
-14
-36
-42
-42
-46
-38
-56
-83
-137
-188
-221
-232
-210
-263
-407
-591
-661
-547
-459
-531
-773
-967
-934
-779
-639
-666
-808
-867
-806
-617
-457
-411
-402
-383
-281
-137
-10
101
157
200
258
337
428
492
540
573
589
602
618
649
665
646
590
518
469
450
436
405
337
213
70
-33
9
106
70
-101
-274
-274
-160
-53
-21
-83
-132
-117
-20
128
234
266
225
219
306
428
513
533
519
492
485
533
599
604
540
455
386
378
381
358
284
175
92
19
-11
-28
-71
-142
-242
-275
-256
-219
-202
-251
-296
-304
-259
-195
-159
-130
-122
-142
-121
-58
20
24
-10
-18
-2
28
8
21
2
-4
-61
-121
-96
-114
-115
-195
-227
-276
-469
-657
-732
-593
-501
-684
-1009
-1221
-1152
-934
-817
-868
-1017
-1106
-1042
-870
-672
-553
-533
-526
-467
-305
-87
107
225
261
301
397
546
702
807
847
821
794
833
919
979
960
878
789
731
706
679
620
515
378
265
200
151
60
-85
-189
-186
-106
-116
-272
-393
-346
-163
-44
-61
-132
-142
-13
165
284
317
315
346
407
514
607
621
587
551
540
551
555
550
492
391
291
231
224
206
126
0
-109
-156
-172
-202
-270
-341
-383
-394
-374
-368
-367
-367
-370
-343
-310
-239
-180
-165
-147
-117
-43
10
14
1
-14
27
82
109
98
24
-22
-31
-13
6
-23
-82
-154
-192
-150
-124
-75
-142
-417
-813
-999
-645
-244
-301
-922
-1492
-1453
-998
-575
-623
-981
-1242
-1230
-920
-603
-417
-410
-512
-509
-381
-111
193
385
427
354
368
558
813
1017
1059
992
893
873
992
1130
1158
1038
866
759
734
763
750
648
490
286
90
-52
-46
72
60
-157
-459
-553
-391
-169
-89
-214
-365
-382
-229
-14
142
181
120
104
211
381
517
562
554
507
471
503
590
665
628
490
368
345
393
391
275
105
-24
-86
-91
-103
-162
-297
-449
-504
-470
-407
-402
-458
-509
-514
-451
-356
-307
-297
-295
-275
-215
-160
-102
-49
-31
-4
25
58
79
50
66
82
84
46
13
55
49
-41
-172
-189
-84
7
-33
-172
-376
-605
-752
-708
-482
-424
-693
-1141
-1369
-1201
-888
-723
-854
-1100
-1217
-1108
-834
-585
-455
-458
-494
-442
-257
20
262
389
401
404
486
671
897
1059
1103
1053
1017
1068
1193
1288
1263
1155
1040
975
950
923
855
736
563
412
269
103
-28
-59
24
-40
-286
-520
-527
-330
-208
-226
-342
-401
-320
-164
15
120
146
115
128
263
445
561
587
551
512
515
584
696
715
609
465
393
414
429
355
202
39
-56
-109
-162
-224
-331
-450
-540
-574
-547
-538
-562
-610
-633
-595
-532
-445
-380
-350
-316
-279
-192
-99
-59
-29
-26
25
64
77
110
152
189
130
46
33
64
89
56
-14
-104
-117
-96
-104
-174
-369
-652
-946
-947
-684
-569
-841
-1343
-1605
-1489
-1204
-1008
-1105
-1314
-1444
-1371
-1113
-849
-649
-594
-617
-554
-363
-47
260
459
531
537
643
865
1119
1315
1383
1356
1301
1328
1456
1556
1553
1427
1280
1189
1153
1141
1063
916
713
478
303
190
149
70
-76
-238
-405
-466
-453
-392
-385
-442
-456
-450
-344
-215
-100
-12
32
136
205
301
417
512
592
601
622
650
698
765
755
695
603
537
512
462
398
285
147
23
-85
-149
-238
-341
-449
-546
-583
-611
-624
-661
-684
-656
-643
-612
-577
-520
-459
-414
-359
-303
-238
-191
-158
-111
-26
29
29
23
65
149
223
211
151
96
97
121
110
109
84
40
-51
-165
-288
-503
-785
-951
-875
-710
-859
-1326
-1758
-1805
-1497
-1238
-1277
-1578
-1807
-1738
-1419
-1064
-890
-882
-884
-751
-484
-170
119
327
461
557
700
934
1206
1435
1557
1574
1562
1596
1710
1824
1850
1762
1624
1522
1463
1408
1316
1151
944
681
456
318
290
224
6
-198
-370
-409
-423
-406
-412
-522
-572
-589
-454
-291
-203
-169
-186
-61
91
256
397
467
518
522
616
731
803
818
762
747
730
712
655
543
450
332
236
110
-4
-86
-207
-318
-455
-545
-597
-626
-652
-725
-757
-771
-731
-681
-656
-639
-629
-546
-452
-385
-351
-310
-259
-195
-94
-8
20
1
3
70
177
261
237
145
103
127
193
205
182
103
-18
-100
-248
-535
-913
-1061
-854
-671
-900
-1528
-2030
-1999
-1612
-1304
-1396
-1761
-2028
-1963
-1575
-1176
-975
-978
-1023
-900
-627
-261
80
312
433
496
651
912
1229
1508
1652
1687
1662
1715
1901
2084
2142
2022
1849
1742
1713
1723
1648
1455
1181
851
593
464
497
470
197
-224
-563
-568
-384
-287
-468
-774
-872
-727
-471
-301
-296
-370
-391
-235
14
208
298
333
384
481
626
765
863
900
845
761
713
738
778
698
542
367
238
175
101
29
-113
-290
-448
-535
-523
-520
-569
-704
-808
-837
-788
-708
-678
-694
-741
-711
-615
-504
-395
-328
-271
-276
-238
-141
-12
68
94
142
171
232
223
233
263
320
333
208
182
266
389
302
-44
-392
-713
-824
-765
-668
-765
-1232
-1762
-2070
-1933
-1555
-1376
-1562
-1977
-2169
-1963
-1520
-1114
-1042
-1177
-1259
-1078
-668
-268
38
169
205
307
546
937
1293
1524
1603
1595
1666
1850
2111
2282
2256
2086
1911
1856
1882
1872
1758
1533
1276
1030
842
658
449
289
155
13
-242
-521
-669
-656
-574
-599
-780
-956
-933
-702
-499
-442
-485
-504
-378
-154
71
182
221
276
390
551
695
790
811
804
802
795
793
792
757
667
545
440
374
307
201
57
-96
-214
-282
-323
-393
-493
-607
-668
-672
-668
-675
-701
-680
-620
-567
-561
-568
-494
-382
-313
-273
-209
-149
-95
-13
76
90
49
96
172
227
192
146
201
306
431
423
179
-383
-1019
-1214
-719
-137
-339
-1392
-2381
-2451
-1756
-1088
-1128
-1781
-2417
-2465
-1958
-1393
-1150
-1257
-1432
-1460
-1245
-832
-378
-9
122
101
149
440
917
1363
1617
1635
1537
1586
1889
2271
2463
2365
2134
1979
1990
2101
2137
1976
1623
1230
1019
1025
1037
823
459
119
-87
-151
-150
-208
-413
-660
-819
-852
-782
-701
-627
-613
-643
-647
-580
-369
-156
-43
-26
-3
164
372
574
661
644
605
612
737
832
826
726
620
594
593
569
486
342
208
79
-3
-64
-145
-265
-434
-564
-644
-671
-684
-732
-776
-830
-829
-786
-728
-644
-574
-497
-482
-481
-437
-311
-182
-135
-94
-8
93
169
197
246
287
314
338
355
379
367
372
390
273
-121
-676
-970
-732
-362
-431
-1128
-1935
-2209
-1866
-1334
-1231
-1651
-2189
-2377
-2064
-1590
-1291
-1303
-1471
-1507
-1308
-909
-489
-164
-22
26
143
412
840
1269
1542
1622
1597
1668
1919
2230
2411
2369
2208
2069
2063
2161
2195
2083
1804
1510
1298
1133
994
810
600
315
33
-169
-300
-357
-465
-591
-783
-960
-1008
-929
-781
-756
-800
-848
-780
-587
-400
-256
-179
-109
2
175
399
554
599
582
608
710
810
867
846
785
716
682
672
630
541
379
217
114
51
-9
-126
-280
-441
-559
-606
-615
-639
-713
-791
-820
-802
-752
-699
-654
-608
-543
-453
-365
-307
-265
-210
-109
19
119
161
206
287
335
311
325
439
519
495
375
304
117
-340
-872
-975
-534
-220
-635
-1637
-2346
-2235
-1597
-1151
-1358
-2023
-2549
-2491
-1956
-1442
-1288
-1484
-1690
-1644
-1295
-773
-299
-31
30
56
245
649
1152
1550
1734
1721
1681
1836
2198
2536
2631
2480
2256
2146
2193
2306
2303
2084
1729
1440
1267
1154
1041
882
576
125
-242
-332
-264
-319
-555
-861
-1093
-1169
-1091
-957
-897
-923
-1004
-1017
-865
-623
-415
-324
-248
-158
-47
145
389
568
582
555
603
733
889
951
900
799
756
748
738
702
597
419
209
90
40
-20
-146
-337
-532
-648
-666
-665
-717
-817
-890
-902
-858
-784
-723
-684
-658
-624
-542
-409
-245
-153
-157
-140
12
247
364
333
273
312
451
555
551
489
504
571
526
202
-393
-892
-889
-413
-164
-688
-1677
-2304
-2133
-1565
-1259
-1556
-2164
-2541
-2438
-1993
-1597
-1478
-1600
-1710
-1604
-1268
-805
-392
-124
-12
54
254
649
1143
1548
1750
1778
1771
1934
2283
2609
2699
2541
2336
2263
2331
2424
2376
2129
1800
1531
1407
1269
995
652
477
431
193
-241
-625
-679
-536
-542
-843
-1274
-1458
-1294
-970
-770
-846
-1050
-1152
-939
-523
-224
-169
-215
-158
11
274
518
660
697
657
679
784
955
1083
1053
915
760
707
727
733
648
428
175
19
-36
-74
-189
-392
-590
-702
-740
-757
-790
-834
-914
-964
-942
-835
-704
-673
-682
-684
-591
-424
-247
-110
-68
-48
-10
116
327
426
353
223
322
547
674
590
421
404
208
-346
-1051
-1099
-406
62
-506
-1883
-2767
-2523
-1545
-921
-1326
-2355
-3047
-2832
-2053
-1395
-1322
-1687
-1992
-1887
-1378
-742
-235
-17
-49
-66
180
724
1357
1813
1980
1882
1805
2021
2469
2874
2973
2783
2508
2374
2491
2678
2687
2381
1866
1431
1256
1315
1338
1071
509
-43
-318
-287
-167
-273
-679
-1163
-1395
-1280
-1036
-921
-1003
-1177
-1250
-1134
-851
-553
-403
-346
-312
-182
90
365
558
605
582
630
768
983
1106
1062
936
854
891
931
905
779
572
364
214
131
56
-63
-274
-512
-683
-735
-709
-757
-914
-1080
-1125
-1035
-931
-889
-902
-892
-782
-636
-526
-483
-448
-302
-84
88
133
101
167
319
498
515
410
375
464
712
818
743
464
20
-503
-985
-952
-472
-159
-714
-1976
-2864
-2687
-1730
-1110
-1531
-2578
-3272
-3009
-2178
-1543
-1521
-1920
-2171
-1972
-1400
-762
-298
-82
-76
-34
262
832
1453
1859
1988
1924
1924
2176
2611
2989
3052
2847
2576
2472
2605
2755
2714
2346
1822
1429
1340
1430
1328
917
345
-93
-279
-311
-333
-522
-854
-1186
-1365
-1313
-1152
-1030
-1050
-1143
-1160
-1035
-784
-516
-330
-247
-184
-37
195
444
627
747
823
903
1021
1147
1226
1202
1113
1037
1012
1019
970
845
659
452
286
174
77
-69
-285
-512
-681
-768
-817
-886
-982
-1113
-1193
-1186
-1071
-947
-940
-969
-967
-823
-633
-490
-389
-361
-223
-45
115
204
174
219
320
528
698
661
522
446
660
686
47
-1124
-1786
-1135
-29
41
-1531
-3407
-3930
-2860
-1494
-1358
-2563
-3956
-4320
-3462
-2311
-1791
-2125
-2756
-2939
-2463
-1558
-698
-197
-110
-189
-22
561
1456
2292
2771
2817
2636
2708
3225
3973
4433
4338
3902
3522
3577
3921
4168
3924
3146
2347
1999
2164
2272
1868
1059
268
-244
-504
-587
-599
-775
-1240
-1846
-2201
-2048
-1580
-1287
-1426
-1710
-1785
-1475
-937
-434
-231
-306
-322
13
638
1143
1314
1235
1208
1416
1779
2067
2096
1914
1641
1503
1539
1617
1522
1209
787
404
181
42
-78
-325
-716
-1104
-1299
-1323
-1321
-1441
-1630
-1757
-1795
-1688
-1596
-1495
-1392
-1281
-1083
-946
-771
-626
-439
-164
2
122
152
300
493
563
521
475
678
1047
1263
1060
272
-862
-1802
-1740
-613
124
-755
-3012
-4652
-4436
-2965
-1846
-2314
-3851
-5107
-5029
-3865
-2753
-2428
-2903
-3489
-3488
-2766
-1674
-732
-223
-199
-279
57
933
1988
2739
3049
3005
2926
3236
3937
4656
4865
4581
4149
3914
4098
4394
4437
4003
3211
2520
2257
2322
2207
1631
862
215
-203
-400
-489
-653
-1048
-1588
-1967
-2037
-1854
-1608
-1547
-1665
-1732
-1621
-1326
-911
-516
-312
-280
-133
181
598
980
1216
1306
1317
1439
1684
1895
1956
1831
1639
1530
1513
1502
1366
1119
795
444
201
59
-81
-332
-665
-1006
-1234
-1316
-1278
-1268
-1427
-1699
-1867
-1734
-1432
-1176
-1140
-1230
-1270
-1059
-701
-358
-181
-203
-221
-93
292
620
668
530
475
615
857
1010
1011
704
-42
-1063
-1843
-1509
-521
-243
-1523
-3576
-4573
-3932
-2539
-1932
-2756
-4235
-5054
-4603
-3444
-2568
-2502
-2969
-3339
-3082
-2224
-1221
-445
-126
-120
-11
466
1384
2339
2954
3150
3035
3060
3476
4168
4724
4779
4465
4075
3924
4103
4313
4164
3551
2778
2318
2312
2364
2042
1232
333
-241
-371
-258
-372
-861
-1577
-2028
-1976
-1675
-1475
-1555
-1759
-1858
-1695
-1344
-920
-630
-555
-502
-268
152
549
816
980
1083
1213
1391
1597
1776
1790
1667
1544
1503
1526
1466
1265
999
728
475
257
95
-95
-375
-675
-928
-1071
-1117
-1171
-1329
-1533
-1620
-1551
-1422
-1384
-1351
-1242
-1061
-944
-906
-768
-558
-297
-174
-75
86
319
496
521
434
445
669
886
939
794
541
-1
-912
-1614
-1380
-537
-301
-1465
-3225
-4132
-3623
-2467
-1971
-2658
-3915
-4661
-4312
-3277
-2436
-2316
-2732
-3072
-2869
-2133
-1174
-373
-31
-46
-1
491
1373
2269
2875
3054
2974
3001
3372
4019
4501
4541
4252
3917
3801
3935
4095
3985
3460
2756
2270
2169
2057
1602
938
458
105
-422
-892
-1067
-981
-1143
-1693
-2231
-2371
-2025
-1593
-1440
-1592
-1781
-1749
-1376
-778
-328
-248
-342
-172
304
768
1066
1176
1215
1279
1405
1632
1795
1795
1654
1466
1373
1349
1312
1155
893
599
299
92
-8
-115
-362
-714
-1015
-1178
-1158
-1094
-1168
-1372
-1553
-1517
-1304
-1037
-933
-1012
-1079
-915
-505
-148
-24
-94
-74
137
459
651
695
603
544
619
883
1157
1167
880
147
-865
-1766
-1590
-518
26
-1091
-3322
-4608
-4040
-2456
-1630
-2449
-4091
-5094
-4641
-3304
-2253
-2190
-2829
-3317
-3038
-2087
-1041
-311
-67
-148
-101
441
1412
2347
2884
3011
2900
2900
3289
3985
4544
4590
4210
3793
3659
3864
4095
3945
3339
2528
1970
1851
1936
1751
1040
184
-400
-612
-659
-762
-1002
-1459
-1971
-2237
-2154
-1836
-1615
-1620
-1756
-1785
-1543
-1119
-687
-401
-288
-279
-114
294
789
1119
1185
1190
1259
1450
1714
1869
1808
1554
1345
1304
1336
1304
1094
738
365
104
-22
-102
-246
-493
-793
-1078
-1185
-1112
-1002
-1060
-1250
-1394
-1368
-1190
-1002
-837
-768
-730
-712
-597
-342
-63
141
238
300
333
333
345
466
667
889
934
760
662
386
-275
-1318
-1818
-1046
-160
-479
-2314
-4038
-4172
-2975
-1794
-1929
-3254
-4522
-4651
-3687
-2536
-2113
-2491
-3044
-3134
-2488
-1504
-643
-174
-153
-171
116
830
1751
2455
2828
2839
2713
2902
3461
4125
4422
4224
3858
3612
3689
3932
3960
3556
2833
2236
2027
2077
1904
1372
678
81
-292
-536
-604
-748
-1093
-1536
-1857
-1855
-1714
-1545
-1496
-1583
-1598
-1433
-1049
-667
-403
-302
-234
18
425
815
1029
1150
1234
1309
1452
1651
1781
1709
1544
1414
1382
1409
1348
1142
817
492
249
98
10
-132
-384
-704
-951
-1053
-1036
-1052
-1187
-1390
-1472
-1294
-1045
-924
-1013
-1025
-855
-563
-291
-222
-205
-178
-34
154
230
262
269
456
658
696
473
310
225
-234
-1164
-2004
-1665
-762
-642
-1997
-3882
-4520
-3636
-2326
-2057
-3131
-4434
-4786
-3976
-2820
-2282
-2516
-2967
-3048
-2501
-1597
-749
-206
-58
-14
300
936
1720
2380
2799
2996
3004
3123
3529
4078
4439
4340
3988
3693
3662
3881
3961
3599
2937
2319
1894
1632
1454
1392
1033
183
-674
-1019
-753
-562
-831
-1367
-1830
-1903
-1628
-1267
-1035
-1098
-1319
-1318
-920
-280
101
131
162
356
683
1013
1327
1565
1571
1482
1523
1720
1931
1953
1755
1508
1338
1257
1162
1007
800
450
38
-227
-281
-285
-478
-828
-1111
-1205
-1131
-1075
-1164
-1351
-1382
-1236
-1054
-977
-1025
-957
-730
-467
-340
-385
-315
-62
192
260
131
111
373
717
797
498
-167
-961
-1702
-1773
-979
-428
-1121
-3021
-4486
-4275
-2988
-2035
-2473
-3905
-5023
-4952
-3822
-2688
-2407
-2858
-3394
-3342
-2520
-1406
-499
-121
-220
-260
151
1038
2046
2716
2975
2924
2845
3093
3718
4413
4654
4334
3891
3671
3784
4049
4029
3558
2738
2038
1840
1981
1941
1271
260
-424
-478
-286
-405
-908
-1424
-1642
-1560
-1325
-1164
-1177
-1278
-1292
-1059
-683
-344
-167
-49
172
448
723
968
1243
1458
1555
1611
1719
1872
1953
1940
1809
1624
1478
1389
1304
1135
856
525
233
44
-89
-256
-512
-803
-1026
-1121
-1121
-1110
-1173
-1280
-1318
-1280
-1138
-989
-839
-789
-758
-691
-540
-310
-72
97
68
-31
-57
131
464
751
709
356
-432
-1424
-2155
-1928
-798
-327
-1504
-3789
-5160
-4520
-2861
-1956
-2741
-4467
-5543
-5135
-3753
-2576
-2463
-3119
-3717
-3558
-2528
-1269
-381
-128
-288
-293
246
1267
2331
2967
3124
3020
2949
3275
3980
4657
4819
4427
3941
3723
3872
4111
3997
3387
2622
2169
2057
1949
1484
821
241
-144
-335
-608
-878
-1117
-1269
-1350
-1498
-1559
-1528
-1349
-1066
-871
-773
-670
-418
-45
310
545
722
905
1146
1427
1657
1844
1944
2008
2066
2077
2072
1973
1797
1637
1490
1324
1070
782
511
265
45
-185
-412
-626
-827
-1023
-1147
-1179
-1191
-1191
-1226
-1246
-1223
-1102
-912
-762
-732
-710
-518
-206
58
73
-142
-257
18
506
753
524
158
12
-252
-928
-1941
-2290
-1516
-787
-1307
-3258
-4936
-4874
-3484
-2314
-2662
-4215
-5453
-5369
-4104
-2841
-2521
-2961
-3528
-3460
-2601
-1448
-519
-139
-168
-98
377
1229
2171
2848
3175
3219
3189
3372
3820
4421
4759
4601
4185
3792
3705
3901
3977
3619
2826
1996
1594
1602
1621
1198
301
-572
-997
-893
-734
-903
-1353
-1839
-2034
-1836
-1433
-1129
-1070
-1151
-1097
-791
-354
17
251
429
636
895
1170
1462
1747
1926
1952
1935
1998
2087
2148
2094
1899
1665
1450
1285
1131
904
588
247
-44
-223
-343
-521
-786
-1069
-1227
-1251
-1181
-1138
-1191
-1258
-1232
-1079
-891
-743
-642
-533
-417
-248
-68
105
186
141
99
154
457
714
741
487
-333
-1472
-2455
-2249
-905
-204
-1363
-3899
-5508
-4860
-3000
-1867
-2623
-4473
-5637
-5264
-3796
-2498
-2289
-2898
-3552
-3423
-2398
-1094
-128
170
18
-20
461
1418
2439
3086
3297
3200
3068
3323
3941
4583
4769
4376
3848
3525
3598
3887
3939
3454
2497
1619
1310
1520
1594
1080
72
-879
-1218
-1045
-743
-860
-1431
-1975
-2160
-1859
-1369
-1088
-1074
-1220
-1200
-856
-377
81
343
450
576
768
1101
1447
1688
1818
1801
1748
1800
1940
2011
1906
1641
1390
1228
1166
1090
857
501
88
-233
-365
-443
-567
-799
-1110
-1268
-1230
-1094
-996
-1037
-1124
-1114
-1030
-866
-671
-464
-240
-130
-88
-25
148
350
352
248
346
593
799
646
319
-40
-623
-1363
-1939
-1680
-1013
-1066
-2332
-4023
-4637
-3850
-2710
-2423
-3318
-4518
-4958
-4307
-3176
-2448
-2447
-2871
-3066
-2601
-1613
-559
77
211
164
415
1085
1941
2698
3119
3244
3203
3250
3566
4042
4409
4393
4053
3678
3468
3471
3524
3329
2767
2007
1412
1272
1294
1077
349
-572
-1150
-1169
-870
-917
-1384
-1944
-2210
-2010
-1621
-1294
-1209
-1321
-1340
-1100
-613
-127
142
269
395
620
937
1236
1477
1623
1636
1593
1611
1736
1847
1799
1605
1333
1115
1009
915
765
497
123
-199
-419
-517
-603
-799
-1037
-1195
-1215
-1133
-1066
-1065
-1062
-1003
-823
-604
-476
-425
-339
-109
212
356
325
264
366
630
804
837
731
641
612
657
463
-253
-1249
-1859
-1485
-795
-899
-2128
-3648
-4152
-3504
-2603
-2413
-3163
-4125
-4502
-4029
-3099
-2452
-2342
-2603
-2753
-2391
-1590
-666
-39
210
297
563
1122
1808
2462
2898
3077
3059
3087
3372
3802
4135
4094
3777
3435
3225
3226
3240
3068
2557
1805
1191
1016
1103
884
86
-858
-1339
-1231
-996
-1173
-1673
-2094
-2175
-1936
-1630
-1446
-1405
-1419
-1295
-988
-596
-249
-41
137
332
533
748
1002
1298
1489
1504
1440
1459
1612
1745
1701
1495
1241
1072
1000
923
761
497
165
-114
-257
-345
-483
-718
-958
-1095
-1100
-1035
-1001
-1009
-1018
-943
-762
-575
-464
-417
-314
-69
225
406
461
453
499
589
627
674
746
850
890
741
495
196
-251
-816
-1281
-1274
-991
-1159
-2027
-3137
-3578
-3163
-2642
-2618
-3152
-3740
-3885
-3562
-2975
-2527
-2413
-2456
-2425
-2077
-1442
-791
-266
77
330
660
1096
1614
2150
2584
2851
2950
3016
3219
3514
3757
3781
3581
3343
3150
3048
2998
2825
2439
1825
1201
892
930
949
461
-445
-1176
-1327
-1008
-818
-1092
-1654
-2083
-2007
-1535
-1068
-917
-1124
-1311
-1130
-609
-39
219
227
239
391
694
1022
1281
1406
1415
1384
1409
1516
1628
1618
1462
1251
1054
925
808
664
447
128
-218
-438
-487
-506
-655
-931
-1187
-1276
-1179
-1038
-988
-1057
-1141
-1087
-825
-531
-370
-334
-348
-226
42
339
535
508
384
292
390
693
926
906
620
338
313
371
52
-767
-1556
-1637
-1172
-1070
-1845
-3001
-3542
-3200
-2592
-2445
-2913
-3527
-3749
-3438
-2866
-2432
-2315
-2363
-2312
-1979
-1417
-838
-388
-86
197
558
986
1462
1970
2424
2736
2858
2876
3019
3320
3643
3749
3593
3331
3152
3118
3118
2944
2514
1954
1380
1056
977
878
507
-225
-826
-990
-849
-723
-935
-1314
-1591
-1607
-1328
-1035
-890
-932
-1040
-900
-533
-99
201
291
367
506
677
909
1177
1382
1457
1415
1381
1401
1444
1462
1343
1147
963
785
667
552
385
123
-240
-500
-575
-568
-637
-871
-1117
-1232
-1179
-1046
-985
-1014
-1033
-977
-811
-561
-357
-266
-246
-210
-75
151
326
436
422
334
306
344
500
588
544
445
317
246
80
-419
-1114
-1646
-1634
-1284
-1382
-2137
-3117
-3523
-3178
-2713
-2658
-3101
-3591
-3703
-3396
-2889
-2485
-2370
-2387
-2301
-1956
-1384
-827
-366
-28
236
578
1026
1535
2040
2459
2763
2920
2995
3172
3443
3675
3708
3532
3320
3185
3130
3085
2918
2529
2034
1481
1087
918
814
646
106
-531
-921
-944
-710
-694
-954
-1267
-1418
-1235
-905
-629
-510
-589
-583
-366
1
374
540
611
746
921
1131
1318
1452
1539
1521
1474
1461
1454
1458
1330
1129
941
718
533
358
168
-69
-373
-630
-763
-816
-893
-1049
-1228
-1322
-1315
-1229
-1144
-1138
-1132
-1117
-1037
-844
-608
-413
-297
-251
-207
-111
62
277
392
375
247
210
299
379
411
306
133
-9
-99
-132
-246
-586
-1161
-1751
-1944
-1729
-1597
-1956
-2760
-3384
-3372
-2911
-2541
-2719
-3219
-3500
-3278
-2709
-2265
-2119
-2130
-2076
-1765
-1231
-675
-221
81
333
663
1073
1519
1905
2231
2521
2718
2874
3035
3235
3469
3579
3501
3323
3142
3042
3024
2793
2308
1750
1487
1603
1550
1112
374
-142
-143
39
47
-310
-818
-1067
-943
-620
-388
-445
-611
-645
-381
39
297
369
379
447
625
826
994
1131
1211
1251
1261
1271
1306
1296
1233
1092
885
695
527
418
324
116
-199
-511
-717
-769
-791
-888
-1059
-1234
-1300
-1274
-1218
-1169
-1194
-1216
-1165
-1047
-904
-802
-726
-663
-588
-479
-348
-227
-157
-133
-77
-12
53
94
83
36
-46
-115
-179
-241
-298
-373
-421
-438
-501
-573
-646
-810
-1125
-1549
-1724
-1571
-1416
-1579
-2055
-2397
-2342
-2064
-1847
-1878
-2069
-2156
-2049
-1740
-1389
-1187
-1106
-1061
-882
-529
-156
154
367
545
794
1075
1376
1687
1940
2141
2241
2304
2428
2578
2698
2722
2659
2491
2228
2011
2010
2103
1979
1510
941
711
819
940
766
304
-107
-250
-132
42
85
-67
-298
-405
-264
13
181
188
114
128
274
479
676
777
800
778
782
870
962
997
913
760
664
609
565
500
369
154
-91
-273
-352
-388
-464
-645
-857
-977
-979
-931
-944
-999
-1068
-1108
-1068
-970
-872
-833
-847
-837
-757
-630
-485
-384
-359
-367
-349
-279
-158
-74
-40
-56
-120
-160
-220
-223
-175
-177
-279
-471
-597
-605
-551
-493
-484
-593
-715
-769
-663
-476
-577
-1009
-1483
-1449
-942
-633
-880
-1484
-1794
-1592
-1139
-813
-870
-1146
-1376
-1305
-888
-379
-140
-267
-470
-368
77
521
735
734
695
777
967
1231
1492
1648
1668
1537
1471
1536
1700
1847
1797
1649
1401
1247
1283
1396
1422
1194
855
614
608
704
716
533
284
158
181
307
368
335
221
138
199
321
434
460
428
420
449
528
581
589
589
572
536
508
486
462
434
353
257
151
49
-13
-90
-181
-301
-398
-461
-501
-524
-588
-667
-730
-750
-740
-726
-735
-774
-797
-797
-761
-694
-647
-631
-615
-531
-432
-402
-420
-454
-445
-417
-367
-294
-278
-352
-475
-499
-395
-294
-322
-473
-585
-586
-476
-428
-519
-670
-795
-734
-615
-504
-500
-599
-612
-547
-407
-297
-281
-346
-459
-504
-383
-151
-58
-181
-358
-414
-265
-80
-43
-185
-300
-263
-171
-35
6
-5
-30
-15
63
106
154
158
195
254
351
457
522
567
581
631
692
764
853
902
910
938
968
999
1011
1008
1024
1016
980
917
873
858
856
822
751
682
652
664
657
620
541
469
435
438
454
448
406
359
334
335
345
334
281
202
152
130
128
143
133
84
10
-49
-78
-92
-122
-191
-271
-316
-310
-295
-315
-384
-469
-527
-556
-566
-578
-606
-663
-709
-711
-676
-628
-639
-663
-663
-641
-603
-619
-636
-627
-610
-576
-552
-509
-494
-508
-518
-515
-441
-391
-391
-471
-537
-533
-477
-404
-436
-496
-556
-495
-386
-292
-272
-361
-423
-407
-257
-134
-107
-192
-269
-216
-98
47
78
26
-36
-50
17
146
240
231
146
53
68
169
312
370
295
150
64
131
285
407
328
176
75
131
308
427
443
321
237
269
415
577
630
595
532
550
642
757
803
760
678
616
660
768
866
879
792
704
657
688
745
735
662
555
479
472
495
489
427
328
241
198
183
157
99
24
-46
-95
-114
-117
-142
-181
-209
-226
-219
-216
-247
-283
-324
-363
-372
-369
-364
-375
-404
-427
-447
-439
-411
-417
-468
-541
-577
-581
-586
-589
-602
-604
-582
-564
-567
-583
-564
-527
-507
-534
-588
-611
-550
-440
-370
-374
-426
-473
-455
-377
-239
-172
-231
-335
-392
-294
-177
-82
-125
-209
-249
-246
-149
-85
-25
-51
-81
-75
-43
30
58
82
48
17
24
68
158
212
221
175
140
190
319
415
421
344
247
240
346
484
517
413
266
223
309
434
472
399
285
238
314
406
459
439
396
380
410
444
431
406
375
361
341
333
354
380
408
391
356
328
331
368
388
369
329
303
305
318
300
245
183
157
167
160
112
28
-40
-46
-33
-42
-84
-150
-173
-146
-116
-110
-148
-199
-225
-228
-221
-229
-256
-268
-266
-253
-227
-220
-229
-257
-279
-274
-256
-245
-257
-288
-321
-330
-319
-314
-329
-361
-407
-445
-476
-506
-522
-517
-499
-472
-452
-433
-423
-424
-405
-393
-380
-376
-362
-321
-270
-199
-156
-129
-127
-120
-105
-86
-52
-45
-34
-37
-26
2
37
95
126
113
60
11
39
100
133
93
9
8
85
204
255
199
106
62
129
250
322
290
213
195
273
388
439
383
303
272
313
380
393
365
306
277
297
341
361
340
319
294
275
247
240
257
257
234
170
138
163
203
221
158
86
45
51
108
131
112
51
30
79
131
148
80
-8
-59
-73
-40
-24
-26
-57
-99
-102
-78
-25
0
-9
-42
-78
-87
-91
-80
-83
-105
-129
-151
-137
-126
-127
-139
-171
-196
-217
-221
-215
-213
-205
-205
-194
-175
-168
-162
-176
-195
-202
-203
-195
-187
-192
-189
-171
-145
-114
-111
-134
-158
-167
-159
-151
-149
-143
-128
-101
-74
-65
-74
-98
-102
-74
-62
-71
-103
-118
-89
-38
5
5
-30
-59
-52
-13
27
34
-1
-24
-7
62
111
107
82
60
98
136
148
123
77
73
92
136
142
110
70
60
94
110
99
54
31
24
47
81
97
99
76
79
95
100
95
83
93
121
122
100
67
60
94
121
148
148
131
124
116
123
109
95
86
85
96
94
110
128
143
130
99
82
100
137
142
110
54
31
58
101
116
58
-24
-79
-58
0
24
2
-60
-78
-41
17
43
-5
-78
-133
-135
-94
-65
-73
-118
-154
-141
-100
-57
-48
-74
-107
-119
-107
-87
-70
-72
-89
-113
-126
-117
-94
-74
-85
-125
-153
-155
-124
-88
-83
-91
-99
-87
-61
-60
-77
-109
-119
-110
-98
-108
-134
-140
-109
-61
-44
-51
-72
-81
-74
-55
-40
-44
-54
-57
-37
-3
23
15
-11
-34
-41
-29
-5
21
33
34
46
69
95
106
102
92
77
65
51
51
72
98
112
108
104
108
123
132
127
111
101
105
114
116
106
91
83
101
127
130
98
55
48
63
92
89
59
30
14
39
66
76
59
16
-16
-31
-10
25
39
41
21
13
28
47
58
32
-11
-46
-56
-38
-32
-34
-53
-60
-40
-15
7
8
-10
-33
-39
-21
5
25
25
-6
-37
-46
-36
-26
-32
-59
-94
-104
-86
-55
-41
-55
-68
-66
-50
-41
-41
-47
-45
-39
-37
-43
-54
-64
-62
-42
-25
-15
-26
-42
-49
-50
-47
-59
-67
-67
-51
-22
0
8
-14
-42
-57
-48
-40
-44
-52
-55
-35
-6
31
54
50
26
5
6
26
51
62
64
69
79
93
97
84
63
42
31
38
50
56
42
28
23
30
36
39
40
32
27
24
23
14
-3
-6
9
32
45
47
48
48
37
10
-8
-13
-10
-2
1
2
7
22
39
46
30
1
-26
-30
-32
-38
-51
-64
-61
-49
-39
-42
-51
-57
-54
-48
-55
-70
-84
-78
-63
-50
-52
-56
-37
-17
-4
-15
-38
-46
-36
-17
-13
-19
-29
-29
-14
10
37
36
20
8
14
28
35
43
48
55
67
77
78
70
59
46
46
59
66
59
43
33
34
42
49
48
42
42
43
42
37
36
36
33
36
36
29
18
6
1
-3
-7
-9
-9
-10
-6
0
-3
-11
-17
-17
-7
0
-1
-11
-27
-34
-38
-36
-31
-22
-13
-8
-4
-4
-10
-20
-35
-38
-31
-25
-30
-36
-41
-49
-54
-57
-53
-53
-54
-59
-61
-57
-46
-42
-49
-59
-63
-56
-44
-38
-42
-54
-57
-50
-26
-4
2
-11
-32
-47
-46
-30
-18
-18
-20
-8
11
21
21
15
11
18
28
28
11
-14
-13
13
49
72
73
60
50
51
57
65
64
62
63
71
86
96
99
91
78
64
54
54
52
45
35
29
36
54
68
67
57
44
38
37
34
20
-2
-16
-19
-11
1
12
13
5
-8
-21
-25
-26
-35
-49
-60
-58
-41
-25
-21
-30
-40
-40
-36
-35
-47
-72
-91
-92
-76
-53
-38
-27
-16
-5
0
-4
-9
-12
-6
4
3
-9
-18
-12
-1
11
7
-11
-33
-43
-40
-38
-41
-53
-50
-28
1
13
2
-15
-15
0
14
18
8
-4
-4
9
20
23
22
19
23
32
36
32
24
15
5
-4
-11
-8
0
11
21
22
21
18
18
18
18
14
5
1
-1
-6
-8
-5
2
12
23
21
15
6
1
1
6
9
2
-5
-7
-2
3
5
2
-1
0
0
1
0
6
12
11
10
13
19
24
22
20
18
17
8
-1
2
10
16
8
-10
-21
-16
-5
0
-4
-9
-8
0
1
-11
-25
-29
-19
-7
1
-5
-13
-14
-9
3
13
14
7
0
-12
-22
-28
-28
-18
-9
-12
-16
-16
-11
-3
0
-6
-11
-10
-8
-5
-5
-2
6
17
30
35
30
23
18
18
19
19
15
12
6
-2
-9
-8
2
8
3
-11
-26
-34
-32
-28
-27
-30
-32
-31
-26
-20
-13
-5
2
10
14
16
22
23
26
23
15
11
6
8
15
14
6
-7
-16
-16
-9
-2
6
9
10
14
19
26
33
33
30
21
15
16
20
29
35
33
27
24
22
26
26
19
12
9
7
4
-5
-17
-23
-16
-6
-7
-13
-22
-24
-16
-10
-9
-12
-15
-19
-25
-30
-32
-31
-29
-31
-40
-44
-45
-41
-37
-42
-49
-54
-50
-37
-30
-33
-45
-53
-51
-47
-39
-35
-34
-35
-34
-29
-22
-6
15
32
40
40
40
40
34
29
23
20
23
29
32
31
33
32
31
32
31
31
25
17
14
15
16
17
20
18
14
11
14
22
31
37
35
29
33
40
43
47
49
50
56
60
56
46
39
38
41
47
45
37
26
12
6
7
7
4
-1
-13
-15
-7
-1
-6
-23
-40
-51
-51
-47
-43
-41
-47
-48
-40
-27
-16
-16
-23
-29
-33
-40
-45
-44
-45
-43
-40
-37
-27
-11
1
0
-11
-31
-41
-46
-47
-44
-45
-41
-35
-30
-28
-27
-26
-23
-13
-10
-14
-15
-22
-29
-28
-25
-18
-12
-5
-7
-10
-13
-19
-19
-18
-11
-2
12
32
48
58
57
48
40
31
25
24
26
32
32
37
43
51
58
62
57
50
45
36
23
9
-4
-1
8
20
35
44
45
35
18
5
-3
-5
-8
-18
-24
-21
-6
8
21
29
32
31
31
30
26
20
10
1
-3
-6
-8
-4
7
20
31
37
33
23
14
9
8
10
9
5
-5
-20
-32
-32
-25
-15
-13
-17
-22
-34
-42
-47
-56
-57
-51
-43
-35
-31
-26
-22
-20
-18
-20
-22
-21
-19
-14
-8
-4
-4
0
2
1
-1
-3
-4
1
8
8
-2
-15
-28
-34
-32
-24
-18
-5
8
16
18
9
-5
-20
-30
-34
-30
-25
-20
-19
-12
0
15
27
25
17
3
-10
-16
-14
-7
6
16
21
19
9
1
-3
-1
3
4
6
7
8
6
2
0
5
8
11
10
8
11
14
17
16
13
9
5
0
-7
-12
-10
-4
-1
6
10
10
13
13
15
17
18
21
22
16
13
14
17
19
24
27
31
31
30
31
34
34
33
32
33
32
32
27
21
21
21
16
14
13
11
11
8
5
3
2
-1
-6
-8
-9
-8
-7
-3
3
13
23
27
20
4
-10
-17
-23
-26
-32
-40
-44
-45
-45
-37
-31
-34
-40
-44
-38
-29
-21
-17
-21
-29
-39
-49
-53
-53
-44
-32
-24
-21
-24
-33
-40
-44
-43
-38
-34
-31
-31
-29
-24
-19
-17
-18
-26
-32
-35
-34
-26
-17
-9
-7
-9
-7
0
5
8
6
3
3
4
12
21
25
29
26
21
23
23
23
26
26
28
32
34
33
25
15
12
19
30
46
58
64
64
63
62
59
55
50
48
51
55
58
59
58
55
54
52
46
41
34
33
31
27
25
22
20
17
16
15
16
18
16
9
1
-3
-6
-8
-4
-3
-4
-11
-20
-27
-33
-35
-35
-35
-39
-45
-51
-54
-57
-54
-48
-43
-42
-43
-47
-54
-59
-62
-65
-64
-63
-63
-63
-59
-53
-47
-40
-34
-28
-24
-25
-25
-28
-29
-27
-24
-19
-13
-4
5
7
10
9
9
10
12
14
19
22
25
26
24
19
16
16
19
21
24
29
32
38
39
31
20
8
0
-5
-6
-2
4
3
-1
-3
-5
-3
5
10
14
18
16
15
15
17
15
8
3
-2
-3
3
12
19
22
23
21
21
19
11
1
-6
-8
-5
-5
-3
1
3
0
-5
-9
-14
-12
-6
3
9
9
5
2
4
6
14
18
18
17
17
18
18
20
21
21
19
15
15
14
11
10
13
13
13
14
15
16
19
23
20
16
7
-6
-15
-19
-20
-17
-14
-11
-14
-15
-19
-23
-26
-28
-23
-15
-7
1
2
0
-5
-7
-11
-12
-14
-25
-32
-34
-34
-28
-23
-18
-17
-16
-15
-14
-10
-5
-6
-7
-12
-16
-15
-15
-17
-16
-15
-13
-7
-5
-9
-12
-15
-16
-13
-9
-7
-9
-8
-9
-7
-7
-12
-14
-15
-11
-10
-11
-10
-10
-8
-5
-3
2
4
5
6
7
10
15
20
20
16
15
14
16
15
12
7
4
7
12
13
10
4
3
8
18
29
33
36
38
36
37
36
37
40
40
40
36
34
35
35
38
41
36
27
20
20
25
26
23
19
14
13
9
12
13
11
11
8
4
-1
-8
-13
-20
-26
-29
-29
-23
-15
-8
-6
-8
-13
-16
-19
-23
-27
-31
-33
-33
-32
-32
-33
-34
-35
-31
-27
-25
-29
-33
-33
-33
-32
-33
-33
-32
-30
-26
-21
-17
-15
-17
-16
-11
-8
-8
-14
-15
-17
-20
-16
-15
-16
-15
-13
-5
0
4
9
11
14
13
9
5
-2
-7
-10
-10
-6
-1
4
9
11
14
12
12
17
18
21
20
18
20
18
17
15
13
16
20
24
26
24
21
21
24
26
22
20
19
22
26
26
23
17
12
8
5
5
8
10
14
14
14
16
15
14
11
10
13
15
20
21
19
16
10
4
2
-3
-5
-5
-3
0
-4
-10
-13
-14
-14
-13
-12
-8
-3
-2
-4
-6
-8
-11
-15
-20
-23
-22
-20
-15
-11
-9
-10
-12
-12
-13
-14
-16
-17
-15
-16
-18
-22
-24
-20
-17
-18
-19
-19
-19
-14
-8
-4
-6
-11
-11
-9
-5
1
7
9
12
15
15
11
7
1
-3
-4
-3
1
4
9
9
7
4
3
4
6
6
7
10
12
12
9
5
4
4
6
13
15
17
20
20
15
8
5
2
4
6
9
11
7
1
-6
-11
-14
-13
-12
-11
-11
-12
-9
-5
-3
-4
-8
-7
-6
-2
1
2
2
0
0
-4
-5
-1
4
8
8
9
5
1
-1
-4
-9
-11
-12
-10
-3
2
5
10
8
3
0
-3
-4
-5
-4
-1
1
2
4
6
8
8
6
3
0
-1
-1
0
-1
-2
-4
-7
-10
-11
-8
-2
4
7
5
7
10
13
15
14
15
13
13
16
22
26
25
19
12
8
9
13
20
21
19
15
11
9
6
1
-9
-17
-18
-13
-7
-6
-10
-13
-15
-14
-15
-21
-23
-22
-20
-16
-14
-18
-23
-25
-26
-24
-23
-19
-16
-12
-11
-11
-12
-13
-12
-11
-9
-7
-6
-8
-9
-9
-7
-6
-8
-9
-7
-3
0
0
0
-5
-9
-10
-11
-11
-9
-4
4
11
18
19
14
9
7
13
19
20
22
20
23
25
26
25
20
15
14
13
15
14
10
7
5
5
4
7
10
12
14
14
13
10
4
2
6
15
20
20
16
13
12
11
