1
0
0
0
-1
-1
0
0
0
0
1
0
-1
0
0
0
0
1
0
-1
0
0
0
0
0
1
0
0
0
0
0
0
0
0
0
0
1
0
0
0
0
0
0
0
0
0
0
0
0
0
-1
-1
0
0
0
0
0
0
-1
0
0
-1
0
0
0
0
0
0
0
0
0
0
0
0
0
0
0
0
0
-1
0
0
1
0
0
-1
1
0
0
0
0
0
0
0
0
0
0
-1
1
0
0
-1
0
0
0
1
0
-1
0
0
0
0
0
0
0
1
-1
0
-1
0
-1
-1
0
0
0
1
0
0
0
0
0
1
0
-1
-1
0
0
0
0
0
0
0
-1
0
-1
0
1
0
0
0
0
1
0
0
0
0
0
-1
-1
0
0
0
0
-1
0
1
0
1
0
0
0
0
-1
0
0
0
-1
0
0
0
0
0
0
0
0
-1
0
0
0
1
0
1
0
-1
0
1
0
0
-1
0
0
0
0
0
0
1
0
1
0
0
0
0
0
1
0
1
0
0
0
1
0
0
0
0
0
-1
0
0
0
0
0
0
0
0
0
-1
0
0
0
0
0
0
0
0
0
0
1
0
1
0
0
1
0
0
1
0
0
1
0
0
1
0
0
0
0
0
0
0
0
0
0
0
1
0
0
-1
0
0
-1
0
-1
0
0
1
1
0
0
0
-1
0
0
0
0
0
0
1
0
0
-1
0
0
0
0
-1
0
0
0
0
0
0
0
-1
0
0
0
0
1
0
0
1
0
0
0
0
0
-1
0
0
0
0
0
1
0
1
0
0
0
0
0
1
0
-1
0
-1
1
0
0
0
0
-1
0
-1
0
0
0
0
-1
1
0
0
0
1
0
-1
0
1
1
0
-1
0
0
0
0
0
0
0
0
-1
0
0
0
0
0
-1
0
0
0
1
1
0
-1
0
1
2
1
0
0
-1
-2
-1
0
0
1
1
1
0
0
0
0
0
-1
-1
-2
-1
0
1
1
1
1
1
-1
0
0
2
3
1
-6
-12
-13
-6
7
19
21
13
-1
-12
-15
-9
-1
4
7
4
1
-2
-3
-2
0
1
1
-1
-2
-3
-3
-1
2
2
3
2
-1
-3
-3
-1
0
2
0
-1
-2
-2
1
2
2
1
0
0
0
1
0
1
1
1
-2
-3
-3
-2
0
0
1
-1
-2
-3
-3
0
1
1
-2
-6
-3
1
4
5
1
-1
-2
-3
-1
-2
-1
0
2
6
7
4
-1
-7
-12
-12
-5
3
9
6
-2
-12
-14
-9
0
9
13
12
8
0
-6
-9
-7
-6
-5
-4
0
7
13
16
15
13
7
0
-9
-17
-17
-7
8
12
-3
-26
-37
-5
69
144
154
66
-92
-227
-254
-153
14
145
177
114
15
-58
-77
-49
-7
24
34
22
-1
-18
-20
0
29
42
37
11
-16
-36
-40
-18
13
47
52
27
-9
-29
-15
14
35
25
0
-17
-15
0
4
-3
-7
-8
-6
-8
-10
-3
17
35
41
30
9
-11
-22
-31
-33
-27
-15
7
29
38
34
20
-11
-44
-70
-69
-28
25
71
75
47
5
-32
-48
-52
-46
-34
-18
-3
2
5
11
12
14
14
0
-14
-29
-40
-36
-22
8
33
47
42
23
5
-9
-15
-10
1
7
-1
-11
-9
-3
20
31
22
15
3
0
-8
1
20
26
31
3
-15
-22
-17
-3
7
9
-1
2
-4
-1
-8
-6
-3
-7
-13
-38
-40
-24
37
85
72
27
-41
-81
-88
-61
-9
45
75
58
8
-48
-67
-55
-21
24
58
70
46
0
-37
-41
-25
13
30
11
4
-5
9
33
28
1
-56
-87
-62
-7
58
107
93
42
-25
-78
-94
-68
-1
62
89
48
-17
-60
-64
-20
12
9
10
3
16
30
16
11
-15
-28
-21
-7
28
55
55
22
-18
-46
-61
-58
-37
-4
32
75
85
39
-5
-46
-61
-28
-11
26
45
25
26
-8
-31
-20
-26
-16
-11
-13
6
9
25
33
-6
-31
-58
-44
31
70
87
55
-32
-69
-78
-42
20
38
54
19
-36
-41
-45
-17
24
41
43
21
-1
-21
-41
32
159
227
229
39
-239
-436
-489
-327
-36
235
372
350
196
24
-101
-167
-159
-108
-34
15
35
35
46
57
55
30
-20
-51
-72
-59
-17
44
81
78
57
-2
-33
-37
-31
1
21
24
34
51
67
71
22
-52
-115
-162
-133
-61
11
72
92
83
56
34
13
-6
-5
-19
-49
-72
-67
-31
15
53
73
88
63
22
-39
-100
-124
-89
-21
53
105
104
50
-17
-31
-28
2
18
8
-22
-54
-53
-15
40
71
79
29
-18
-45
-48
-12
18
23
-3
-20
-13
19
56
56
18
-26
-65
-72
-33
10
32
35
12
-3
-15
-33
-26
-28
-11
23
42
57
61
24
-26
-68
-77
-61
-34
-6
19
39
41
64
58
47
2
-52
-93
-105
-64
-5
47
57
54
18
-7
-19
-34
-32
-14
13
46
53
17
0
-11
-16
-21
-31
-35
-21
19
41
38
17
-1
-16
-18
-4
0
-12
-12
-5
-2
12
13
12
5
13
30
36
22
-11
-17
-16
6
36
23
-23
-70
-91
-58
5
63
99
63
22
3
1
2
-28
-40
-45
-31
8
21
24
-6
-38
-39
-36
3
46
61
63
65
38
-9
-77
-111
-93
-38
34
46
25
-18
-50
-43
9
67
107
96
44
-38
-112
-102
-42
29
93
98
54
-2
-74
-104
-102
-39
51
91
90
59
11
-31
-40
-32
-20
-12
1
-29
-48
-32
-29
0
20
22
44
69
80
80
49
8
-30
-62
-93
-121
-119
-72
17
96
140
119
54
-24
-67
-74
-53
-8
21
33
24
4
-20
-38
-25
-12
19
49
44
23
-5
-29
-25
8
32
42
31
22
14
12
7
-14
-40
-66
-65
-56
-17
24
48
43
9
-37
-73
-67
-34
18
45
52
53
54
59
78
79
7
-98
-221
-306
-326
-284
-181
-41
112
260
368
385
327
223
86
-49
-142
-157
-114
-43
22
62
67
62
62
43
12
-24
-62
-87
-94
-81
-48
-6
36
68
73
57
29
-1
-19
-34
-40
-45
-45
-33
-11
14
30
27
11
-9
-16
-13
-7
-1
-5
-21
-36
-48
-47
-34
-20
-7
5
17
24
22
4
-22
-49
-62
-52
-19
14
37
44
37
30
18
5
-9
-24
-29
-26
-9
14
33
46
50
50
50
43
34
22
6
-10
-22
-29
-26
-12
2
15
24
20
11
1
-9
-9
-8
-5
-2
-2
-7
-12
-14
-17
-17
-15
-11
-2
4
9
6
-2
-5
-4
-5
-1
3
2
0
-2
-3
0
6
4
6
1
-1
-1
-3
-3
-1
-3
0
-1
-4
-6
-9
-8
-9
-13
-13
-7
4
15
24
22
14
5
-3
-8
-15
-17
-17
-16
-11
-4
7
19
30
32
28
17
3
-11
-20
-23
-24
-17
-5
8
20
22
18
9
-8
-23
-26
-20
-8
3
7
7
4
4
9
16
22
21
13
-4
-15
-18
-18
-12
-3
0
12
22
32
35
13
-12
-37
-42
-31
-11
12
26
26
16
7
-1
-7
-5
-8
-10
-11
-11
-11
-13
-6
3
10
20
25
19
5
-11
-20
-19
-11
0
7
7
-4
-12
-16
-13
0
11
12
10
4
-7
-18
-26
-32
-30
-18
-5
13
26
33
33
18
1
-17
-27
-23
-14
-1
11
14
9
0
-9
-8
2
17
27
24
14
1
-7
-13
-11
-8
-2
3
9
17
23
23
19
12
4
1
-5
-12
-14
-10
-4
10
19
22
24
22
18
11
4
-1
-4
-5
-4
4
7
6
2
-5
-8
-9
-8
-1
-1
0
1
-4
-6
-11
-15
-12
-8
-1
0
-3
-9
-14
-14
-12
-12
-12
-15
-18
-20
-23
-24
-21
-14
-5
-1
1
-1
-3
-8
-4
2
4
6
-8
-24
-30
-28
-18
-4
4
5
1
-6
-2
6
17
26
22
11
-8
-21
-21
-12
4
15
22
20
12
6
5
10
18
17
11
4
1
5
13
20
29
32
32
30
30
31
29
23
19
18
19
21
18
18
23
31
39
40
39
33
22
14
11
5
0
-8
-15
-17
-12
-2
2
-4
-12
-16
-17
-13
-15
-21
-33
-45
-56
-57
-52
-47
-41
-41
-45
-54
-65
-73
-76
-70
-63
-55
-49
-48
-47
-49
-49
-50
-48
-42
-33
-28
-26
-26
-26
-24
-19
-10
0
8
13
12
8
5
3
10
22
33
39
38
36
36
41
50
60
70
74
75
71
65
64
68
76
84
90
97
100
103
106
106
106
107
111
115
116
116
113
104
94
86
85
78
63
46
29
31
40
45
39
21
4
-10
-27
-45
-64
-89
-116
-139
-151
-151
-148
-151
-160
-169
-185
-204
-227
-250
-267
-275
-274
-267
-249
-229
-204
-176
-147
-124
-107
-92
-84
-78
-68
-57
-49
-40
-27
-10
8
24
36
43
51
58
67
76
79
76
70
67
76
93
113
128
138
146
151
156
160
167
174
176
177
178
186
201
216
232
244
248
245
238
228
220
216
210
201
197
195
201
209
216
216
207
186
163
142
119
90
57
27
10
8
13
22
19
4
-22
-60
-102
-146
-191
-242
-293
-329
-339
-324
-301
-282
-280
-310
-375
-462
-540
-590
-609
-607
-594
-567
-521
-449
-360
-265
-179
-121
-93
-89
-94
-93
-84
-76
-65
-55
-37
-3
40
84
117
130
126
107
88
74
62
52
45
37
37
49
76
119
166
210
237
247
248
246
248
250
251
253
259
276
301
328
355
375
383
379
364
342
314
279
239
202
169
142
121
107
99
96
94
89
80
61
37
3
-29
-49
-55
-47
-30
-7
21
49
75
93
105
111
107
96
80
62
45
30
26
40
64
84
88
79
64
40
3
-52
-120
-187
-252
-301
-338
-358
-366
-372
-382
-399
-434
-499
-588
-672
-735
-768
-773
-764
-740
-698
-633
-550
-453
-354
-265
-196
-145
-107
-70
-29
13
60
108
156
198
241
283
325
358
375
375
353
313
262
213
174
145
125
108
98
100
118
147
174
190
194
188
172
146
118
92
74
77
102
149
207
260
301
334
361
378
381
368
337
298
259
227
208
201
202
204
204
207
204
195
177
153
130
106
76
46
24
16
17
26
39
52
59
59
53
38
16
-14
-49
-81
-106
-122
-136
-150
-164
-172
-175
-180
-186
-194
-200
-201
-200
-196
-192
-191
-194
-194
-191
-179
-163
-140
-118
-93
-68
-49
-38
-37
-44
-59
-77
-100
-125
-150
-164
-170
-167
-165
-187
-247
-351
-476
-595
-681
-727
-755
-773
-780
-758
-696
-586
-449
-310
-192
-103
-36
27
98
172
242
302
356
409
465
521
574
618
647
650
626
580
515
440
356
268
179
97
36
-2
-15
-8
9
26
37
38
25
-13
-71
-135
-175
-171
-120
-36
67
184
312
439
554
640
688
688
644
563
470
381
305
248
216
202
203
209
213
214
207
190
151
85
3
-80
-152
-199
-220
-218
-200
-169
-128
-75
-23
17
33
19
-17
-60
-94
-112
-118
-119
-114
-102
-75
-38
-1
27
37
28
6
-12
-23
-31
-53
-90
-128
-157
-162
-155
-148
-151
-170
-196
-224
-265
-350
-521
-771
-1035
-1235
-1333
-1362
-1363
-1356
-1313
-1206
-1029
-809
-593
-412
-280
-178
-92
-7
75
158
246
342
453
567
682
794
892
951
959
914
827
709
570
419
273
152
66
11
-14
-7
29
84
142
183
205
206
201
199
198
199
207
242
311
412
526
631
712
761
779
751
647
453
204
-36
-208
-296
-324
-311
-276
-208
-107
21
150
240
268
228
151
68
1
-44
-70
-66
-31
41
140
247
343
412
440
408
319
184
25
-135
-277
-381
-444
-467
-460
-427
-375
-313
-261
-239
-255
-298
-353
-399
-427
-426
-395
-334
-248
-144
-25
97
201
265
292
282
248
200
142
91
50
17
-24
-58
-64
-37
7
25
18
-4
-24
-60
-158
-335
-584
-865
-1127
-1332
-1464
-1542
-1580
-1576
-1507
-1360
-1145
-905
-679
-482
-309
-155
-16
118
256
402
555
709
862
1011
1149
1261
1336
1361
1329
1233
1078
881
663
444
245
74
-64
-166
-220
-221
-174
-98
-14
54
98
134
163
190
214
241
288
367
483
624
767
887
964
998
994
919
721
381
-39
-399
-610
-672
-668
-653
-594
-463
-248
-3
228
383
429
372
245
116
17
-43
-86
-98
-43
84
246
398
512
586
609
553
409
191
-65
-325
-548
-694
-760
-764
-735
-677
-583
-461
-342
-273
-265
-295
-334
-369
-389
-384
-348
-265
-150
0
159
307
423
469
451
381
301
223
148
77
13
-34
-66
-67
-42
-7
7
-10
-26
-33
-31
-79
-227
-498
-878
-1300
-1692
-1983
-2160
-2241
-2243
-2173
-2006
-1737
-1380
-977
-584
-255
0
198
363
516
663
808
950
1098
1252
1406
1553
1669
1732
1725
1639
1465
1217
915
588
264
-33
-272
-439
-525
-525
-446
-316
-153
21
187
318
403
450
473
490
517
562
639
744
875
1018
1148
1206
1115
856
491
155
-63
-179
-296
-464
-612
-647
-525
-317
-97
50
109
109
86
74
65
37
-32
-109
-124
-49
79
196
278
343
412
462
451
358
185
-34
-261
-448
-575
-649
-699
-727
-716
-642
-530
-442
-405
-416
-431
-430
-408
-367
-321
-259
-171
-40
130
311
441
481
438
357
280
203
110
-6
-110
-165
-136
-19
157
334
457
504
483
425
331
172
-66
-389
-759
-1156
-1572
-1978
-2334
-2564
-2641
-2578
-2423
-2228
-1996
-1719
-1383
-1004
-627
-295
-21
217
454
720
1007
1290
1546
1754
1906
2008
2071
2076
2001
1832
1578
1265
923
573
237
-67
-326
-518
-622
-639
-588
-492
-372
-238
-100
37
167
279
375
472
589
739
915
1097
1265
1405
1505
1559
1504
1260
814
259
-197
-452
-534
-595
-700
-760
-686
-453
-154
117
257
249
151
22
-85
-155
-200
-261
-305
-242
-37
237
477
625
705
735
709
604
411
143
-189
-497
-721
-825
-841
-832
-819
-793
-693
-552
-438
-408
-452
-516
-556
-541
-475
-362
-209
-30
159
355
543
677
710
636
505
368
238
110
-25
-149
-228
-220
-104
83
263
362
373
316
215
58
-213
-610
-1131
-1720
-2314
-2847
-3220
-3387
-3331
-3123
-2824
-2453
-2003
-1468
-903
-369
63
370
575
736
910
1106
1313
1524
1744
1974
2191
2366
2459
2441
2305
2050
1693
1258
773
281
-178
-562
-844
-999
-1017
-915
-728
-496
-243
12
249
436
565
644
698
754
837
962
1114
1279
1456
1597
1626
1472
1162
807
522
335
144
-118
-426
-648
-706
-613
-440
-297
-216
-188
-173
-142
-101
-77
-113
-197
-258
-227
-88
98
263
388
494
598
665
661
564
391
176
-51
-253
-424
-577
-718
-830
-867
-825
-740
-665
-618
-583
-532
-459
-375
-293
-214
-125
-24
92
215
316
362
351
320
298
291
260
192
123
86
106
167
251
332
374
365
275
102
-132
-421
-739
-1083
-1466
-1946
-2528
-3129
-3604
-3834
-3816
-3608
-3328
-3010
-2624
-2119
-1477
-766
-110
401
761
1021
1276
1570
1874
2121
2293
2403
2484
2559
2610
2599
2474
2214
1842
1403
942
476
17
-416
-791
-1057
-1178
-1154
-1013
-804
-555
-288
0
293
567
801
979
1123
1268
1417
1566
1694
1808
1847
1736
1457
1084
770
567
436
254
9
-189
-261
-234
-188
-142
-139
-189
-252
-320
-395
-442
-461
-495
-515
-440
-241
-4
205
370
521
660
742
738
650
501
300
76
-124
-288
-431
-576
-716
-820
-852
-828
-807
-814
-813
-772
-695
-608
-512
-408
-301
-176
-39
100
218
292
318
306
301
294
247
149
48
1
15
62
135
249
383
471
472
399
252
19
-314
-745
-1268
-1834
-2433
-3081
-3710
-4191
-4414
-4353
-4075
-3686
-3255
-2768
-2168
-1429
-618
115
666
1036
1328
1646
2009
2350
2594
2728
2817
2914
3011
3062
2995
2768
2396
1933
1425
899
365
-169
-669
-1086
-1351
-1441
-1372
-1190
-945
-666
-357
-15
345
675
929
1107
1256
1410
1561
1674
1701
1613
1460
1335
1316
1392
1441
1332
1056
744
512
381
267
82
-199
-514
-748
-859
-871
-824
-770
-732
-660
-522
-319
-109
48
137
182
252
337
406
439
418
367
315
294
269
196
54
-153
-366
-531
-653
-772
-901
-1014
-1068
-1025
-886
-693
-506
-348
-211
-84
44
146
188
163
102
37
20
48
99
157
225
322
458
659
864
990
975
819
569
265
-90
-545
-1133
-1811
-2525
-3247
-3972
-4603
-4997
-5069
-4835
-4439
-4010
-3546
-2956
-2152
-1186
-247
472
938
1288
1665
2120
2576
2916
3104
3218
3331
3455
3527
3466
3237
2849
2345
1765
1147
529
-81
-666
-1185
-1580
-1801
-1834
-1709
-1491
-1216
-885
-493
-59
365
720
987
1198
1413
1644
1867
2026
2014
1834
1582
1407
1393
1466
1459
1253
965
760
661
598
490
247
-137
-526
-809
-976
-1046
-1054
-1082
-1128
-1063
-807
-440
-108
113
258
396
543
655
701
679
589
472
390
351
315
248
113
-78
-236
-317
-377
-493
-652
-802
-894
-904
-844
-753
-668
-597
-536
-454
-294
-100
57
130
143
172
238
331
393
438
486
534
561
557
521
428
274
76
-144
-400
-680
-1055
-1616
-2380
-3300
-4213
-4906
-5234
-5229
-5053
-4825
-4517
-3964
-3033
-1800
-545
452
1091
1494
1874
2319
2739
2988
3014
2908
2839
2918
3103
3254
3248
3060
2746
2375
1964
1481
878
156
-610
-1292
-1774
-2007
-2032
-1925
-1730
-1420
-955
-351
276
795
1153
1381
1545
1702
1815
1723
1426
1048
807
873
1187
1536
1679
1660
1650
1682
1721
1679
1414
869
193
-443
-950
-1261
-1404
-1509
-1595
-1535
-1235
-766
-297
39
209
291
347
371
343
257
107
-38
-66
55
274
491
603
580
508
454
386
227
-43
-370
-686
-914
-1005
-986
-910
-815
-715
-579
-377
-138
49
102
43
-44
-114
-138
-146
-160
-158
-113
9
213
470
677
732
645
472
220
-123
-643
-1435
-2483
-3637
-4663
-5355
-5623
-5547
-5302
-4974
-4500
-3733
-2618
-1322
-159
644
1111
1419
1734
2102
2411
2538
2521
2516
2663
2987
3372
3641
3704
3567
3287
2898
2399
1763
971
74
-814
-1555
-2038
-2235
-2211
-2054
-1795
-1404
-870
-247
344
787
1039
1159
1171
1066
884
700
681
880
1231
1597
1896
2175
2470
2711
2792
2650
2258
1656
953
211
-485
-1050
-1462
-1736
-1888
-1849
-1594
-1192
-777
-441
-205
-49
46
65
20
-56
-130
-166
-120
33
292
612
905
1123
1261
1304
1216
960
577
147
-283
-664
-956
-1141
-1215
-1188
-1076
-903
-693
-473
-314
-233
-216
-216
-226
-264
-301
-318
-249
-110
88
312
483
622
678
681
621
431
65
-583
-1520
-2664
-3864
-4896
-5567
-5828
-5779
-5572
-5255
-4707
-3772
-2488
-1113
23
753
1181
1532
1925
2314
2559
2599
2541
2555
2766
3130
3491
3713
3743
3626
3398
3052
2555
1863
992
13
-941
-1725
-2246
-2489
-2523
-2417
-2157
-1709
-1077
-363
270
721
941
963
867
749
709
803
1002
1247
1511
1845
2289
2770
3149
3289
3143
2769
2253
1648
954
190
-570
-1232
-1701
-1943
-1961
-1815
-1580
-1291
-967
-637
-352
-173
-131
-190
-282
-315
-276
-173
-15
194
478
815
1156
1429
1566
1515
1285
947
556
142
-281
-682
-1012
-1218
-1280
-1221
-1082
-894
-702
-535
-398
-298
-226
-210
-256
-348
-436
-442
-368
-212
-18
189
395
595
780
863
793
501
-80
-962
-2130
-3427
-4610
-5456
-5874
-5959
-5847
-5573
-5026
-4062
-2727
-1304
-121
666
1157
1555
1963
2310
2460
2395
2263
2262
2491
2891
3317
3635
3794
3809
3693
3431
2975
2289
1377
318
-744
-1640
-2258
-2592
-2712
-2675
-2466
-2029
-1367
-602
98
605
915
1029
949
735
487
381
500
819
1218
1608
2064
2618
3165
3545
3664
3464
2967
2280
1472
596
-260
-1012
-1626
-2064
-2245
-2126
-1806
-1410
-997
-602
-249
2
106
78
-26
-158
-267
-280
-164
90
450
855
1239
1584
1857
1972
1871
1566
1120
598
53
-470
-915
-1242
-1446
-1520
-1450
-1232
-923
-607
-379
-283
-289
-332
-386
-456
-503
-539
-566
-528
-373
-115
175
384
416
253
-165
-913
-1992
-3247
-4393
-5194
-5624
-5856
-5995
-5914
-5377
-4283
-2826
-1391
-273
504
1130
1744
2280
2583
2569
2350
2156
2148
2352
2677
3002
3280
3505
3655
3677
3527
3167
2543
1660
608
-460
-1384
-2082
-2564
-2863
-2966
-2788
-2292
-1549
-729
-34
415
597
612
610
689
832
969
1044
1150
1475
2086
2849
3499
3873
3934
3771
3487
3075
2448
1577
547
-470
-1293
-1797
-1989
-2012
-1969
-1838
-1555
-1115
-646
-316
-208
-254
-343
-379
-337
-258
-165
-33
212
614
1150
1704
2114
2267
2195
1988
1680
1259
695
26
-636
-1173
-1508
-1633
-1583
-1441
-1248
-1039
-816
-588
-420
-363
-431
-570
-726
-808
-796
-717
-579
-423
-252
-62
102
105
-247
-1097
-2316
-3587
-4614
-5249
-5609
-5903
-6131
-6049
-5381
-4100
-2533
-1114
-73
644
1281
1968
2575
2879
2799
2483
2226
2212
2441
2790
3099
3305
3438
3539
3593
3510
3167
2486
1509
385
-667
-1503
-2120
-2581
-2908
-3025
-2814
-2241
-1428
-598
77
482
615
608
575
652
822
990
1092
1197
1566
2265
3100
3805
4195
4239
4042
3713
3220
2483
1515
418
-661
-1545
-2092
-2293
-2279
-2165
-1957
-1607
-1096
-558
-165
6
-10
-99
-174
-178
-121
-22
133
380
763
1296
1879
2312
2471
2369
2082
1683
1176
551
-158
-837
-1361
-1675
-1775
-1703
-1528
-1319
-1097
-851
-586
-352
-240
-311
-488
-675
-800
-851
-825
-737
-601
-439
-345
-496
-1047
-2021
-3187
-4233
-4956
-5368
-5697
-6049
-6223
-5886
-4885
-3431
-1946
-752
132
901
1701
2471
2988
3116
2930
2660
2520
2587
2782
2988
3126
3207
3279
3325
3289
3074
2585
1789
774
-265
-1155
-1829
-2336
-2745
-3015
-3006
-2610
-1886
-1055
-382
-3
151
264
505
889
1277
1493
1574
1760
2213
2894
3609
4127
4313
4212
3970
3645
3175
2484
1546
448
-600
-1374
-1813
-2038
-2179
-2259
-2167
-1833
-1336
-832
-482
-320
-268
-219
-87
91
233
334
443
663
1069
1606
2091
2366
2410
2280
2044
1706
1235
613
-106
-812
-1371
-1727
-1897
-1934
-1886
-1769
-1565
-1301
-1008
-732
-560
-472
-467
-539
-607
-630
-529
-315
-85
81
120
-31
-499
-1368
-2598
-3921
-4999
-5675
-6041
-6306
-6533
-6457
-5775
-4465
-2839
-1375
-308
463
1192
1994
2717
3119
3108
2859
2660
2684
2926
3226
3474
3633
3722
3770
3744
3566
3145
2406
1367
186
-917
-1791
-2424
-2896
-3246
-3374
-3152
-2549
-1696
-835
-189
87
118
105
231
578
1008
1352
1555
1855
2471
3328
4191
4785
4945
4709
4295
3801
3116
2196
1072
-157
-1262
-2017
-2351
-2413
-2381
-2302
-2108
-1704
-1139
-625
-307
-226
-298
-359
-300
-133
67
288
557
902
1395
1998
2518
2777
2712
2413
1992
1494
915
235
-476
-1103
-1526
-1699
-1677
-1525
-1352
-1168
-970
-786
-592
-504
-570
-727
-918
-1066
-1139
-1090
-882
-587
-277
-129
-372
-1115
-2257
-3467
-4441
-5044
-5427
-5845
-6268
-6375
-5799
-4500
-2894
-1448
-388
420
1233
2102
2861
3244
3169
2842
2536
2437
2535
2722
2887
2976
3062
3167
3246
3223
2958
2365
1451
370
-643
-1462
-2089
-2619
-3067
-3299
-3164
-2619
-1867
-1221
-826
-563
-184
419
1112
1643
1868
1910
2006
2332
2891
3481
3862
3925
3781
3593
3409
3187
2763
1997
983
-11
-768
-1269
-1627
-1957
-2254
-2378
-2219
-1810
-1302
-876
-618
-471
-311
-75
193
408
498
522
645
977
1438
1862
2115
2168
2098
1968
1793
1503
1046
442
-214
-781
-1170
-1393
-1545
-1649
-1667
-1555
-1302
-993
-730
-592
-552
-542
-558
-608
-664
-657
-550
-335
-118
-179
-728
-1778
-3048
-4104
-4734
-5046
-5317
-5721
-6070
-5914
-4998
-3530
-2010
-846
-77
553
1279
2092
2734
2954
2805
2534
2394
2506
2780
3038
3168
3181
3162
3182
3193
3047
2602
1797
741
-316
-1175
-1801
-2291
-2738
-3082
-3150
-2806
-2104
-1269
-607
-302
-223
-151
135
654
1160
1431
1441
1501
1931
2690
3502
4051
4184
4015
3767
3510
3113
2453
1496
363
-683
-1427
-1792
-1921
-2031
-2161
-2171
-1897
-1378
-844
-485
-344
-329
-290
-129
99
279
383
466
655
1048
1583
2083
2371
2381
2233
2042
1803
1437
902
243
-407
-913
-1206
-1293
-1278
-1253
-1238
-1198
-1047
-776
-491
-329
-359
-512
-663
-715
-641
-466
-291
-195
-260
-651
-1470
-2675
-3982
-4990
-5499
-5651
-5779
-6029
-6089
-5520
-4201
-2467
-902
139
777
1369
2085
2781
3179
3140
2817
2507
2408
2553
2821
3051
3167
3202
3208
3170
3013
2658
2010
1041
-102
-1170
-1970
-2480
-2826
-3104
-3241
-3052
-2453
-1566
-675
-96
106
131
211
527
994
1385
1516
1490
1680
2250
3036
3728
4082
4032
3741
3415
3059
2547
1763
719
-414
-1382
-1964
-2176
-2240
-2320
-2366
-2188
-1694
-1058
-527
-237
-154
-139
-69
103
290
414
484
588
850
1303
1843
2273
2443
2371
2171
1921
1595
1145
567
-68
-649
-1093
-1339
-1403
-1382
-1337
-1282
-1190
-1001
-715
-465
-373
-435
-543
-555
-466
-327
-219
-201
-310
-659
-1368
-2459
-3689
-4692
-5228
-5358
-5410
-5550
-5578
-5112
-3982
-2452
-1010
17
647
1175
1795
2410
2794
2835
2643
2445
2414
2567
2815
3048
3189
3238
3206
3113
2923
2572
1978
1101
51
-963
-1755
-2270
-2593
-2825
-2933
-2778
-2268
-1510
-775
-303
-139
-79
100
472
919
1255
1411
1518
1818
2394
3095
3683
3973
3922
3640
3274
2852
2291
1516
532
-494
-1315
-1788
-1959
-1998
-2016
-1969
-1742
-1306
-796
-387
-180
-144
-155
-110
13
143
224
283
408
692
1153
1664
2044
2206
2178
2024
1810
1513
1076
509
-130
-691
-1071
-1249
-1258
-1214
-1195
-1179
-1085
-899
-663
-504
-534
-731
-982
-1112
-1050
-869
-674
-551
-548
-714
-1123
-1885
-2953
-4056
-4871
-5267
-5417
-5572
-5709
-5532
-4742
-3357
-1767
-418
512
1173
1810
2458
2949
3130
3000
2702
2451
2383
2477
2646
2813
2922
2971
2956
2869
2671
2285
1636
725
-296
-1215
-1892
-2328
-2622
-2809
-2800
-2457
-1769
-938
-274
87
229
370
709
1203
1641
1827
1807
1878
2235
2817
3411
3762
3772
3554
3277
2974
2570
1957
1093
80
-861
-1496
-1783
-1872
-1921
-1966
-1875
-1519
-978
-463
-143
-35
-40
-18
91
221
303
327
385
595
1013
1558
2011
2231
2224
2077
1873
1611
1208
629
-60
-715
-1169
-1363
-1355
-1285
-1230
-1197
-1148
-1021
-859
-737
-739
-881
-1087
-1289
-1368
-1283
-1084
-872
-791
-1009
-1634
-2626
-3753
-4704
-5285
-5536
-5699
-5909
-6000
-5615
-4567
-3051
-1503
-289
567
1282
2018
2720
3184
3278
3056
2748
2572
2587
2738
2905
3005
3049
3077
3074
2976
2693
2162
1371
405
-567
-1379
-1981
-2415
-2730
-2883
-2750
-2251
-1465
-650
-52
248
420
678
1096
1587
1935
2033
2035
2205
2671
3294
3828
4089
4035
3791
3489
3131
2621
1884
911
-158
-1070
-1656
-1927
-2035
-2122
-2142
-1955
-1497
-898
-391
-101
-1
24
90
240
377
420
401
440
656
1070
1569
1951
2111
2065
1906
1679
1353
898
307
-334
-914
-1323
-1514
-1557
-1545
-1535
-1531
-1434
-1224
-982
-801
-779
-877
-975
-982
-880
-746
-642
-570
-515
-569
-914
-1727
-3015
-4454
-5600
-6238
-6463
-6550
-6634
-6507
-5844
-4519
-2773
-1075
222
1100
1765
2386
2956
3321
3377
3180
2901
2752
2837
3109
3442
3687
3771
3727
3601
3385
2994
2306
1293
85
-1073
-1982
-2592
-2975
-3213
-3261
-2994
-2367
-1504
-669
-58
321
616
1021
1541
2043
2365
2473
2534
2725
3118
3638
4081
4250
4095
3751
3353
2918
2362
1581
584
-461
-1303
-1816
-2081
-2221
-2299
-2273
-2043
-1597
-1048
-561
-236
-65
41
194
396
557
616
629
708
941
1334
1759
2047
2125
2023
1798
1501
1139
693
148
-459
-1017
-1414
-1629
-1705
-1676
-1605
-1512
-1380
-1214
-1031
-915
-887
-926
-1017
-1096
-1138
-1110
-1017
-900
-870
-1151
-1896
-3048
-4267
-5181
-5667
-5868
-6052
-6266
-6255
-5691
-4468
-2877
-1371
-222
612
1341
2095
2796
3244
3337
3168
2944
2861
2964
3182
3403
3524
3538
3480
3373
3197
2842
2209
1291
210
-806
-1601
-2172
-2597
-2911
-3021
-2806
-2225
-1399
-557
151
628
888
1056
1221
1462
1733
1938
2034
2092
2341
2884
3527
4006
4173
4034
3700
3286
2751
1980
985
-96
-1078
-1814
-2247
-2390
-2344
-2189
-1914
-1477
-877
-259
186
386
434
440
453
486
497
478
513
678
977
1370
1762
2016
2070
1945
1723
1448
1065
519
-151
-813
-1310
-1546
-1590
-1508
-1398
-1324
-1213
-1051
-843
-637
-558
-650
-876
-1090
-1172
-1123
-1014
-944
-1015
-1343
-2016
-3018
-4176
-5177
-5819
-6118
-6263
-6405
-6381
-5886
-4780
-3247
-1699
-446
472
1242
2025
2751
3237
3389
3282
3100
2995
3036
3163
3299
3394
3420
3396
3317
3126
2760
2155
1285
251
-758
-1601
-2221
-2666
-2965
-3066
-2875
-2343
-1548
-737
-133
226
451
756
1225
1762
2170
2332
2359
2482
2843
3357
3836
4068
3985
3706
3361
2969
2457
1737
790
-237
-1127
-1719
-2029
-2193
-2297
-2298
-2075
-1604
-1002
-460
-95
111
250
408
588
712
730
689
702
867
1194
1576
1863
1963
1922
1817
1668
1432
1023
446
-191
-746
-1091
-1243
-1308
-1369
-1439
-1444
-1310
-1075
-856
-766
-836
-959
-1023
-1009
-931
-828
-765
-719
-799
-1225
-2102
-3360
-4654
-5605
-6080
-6246
-6372
-6486
-6321
-5564
-4199
-2546
-1026
127
975
1702
2372
2912
3187
3157
2956
2757
2693
2800
3024
3253
3404
3460
3445
3372
3186
2775
2048
1023
-125
-1163
-1971
-2551
-2959
-3208
-3202
-2858
-2213
-1413
-672
-115
280
619
998
1391
1737
1980
2142
2344
2693
3177
3675
4033
4158
4061
3813
3456
2954
2245
1318
269
-731
-1506
-2004
-2288
-2429
-2430
-2236
-1819
-1256
-689
-263
-13
129
236
334
410
426
406
438
602
936
1365
1767
2047
2183
2209
2141
1940
1567
1015
380
-225
-690
-1007
-1209
-1334
-1417
-1417
-1322
-1161
-1017
-949
-951
-1019
-1110
-1165
-1166
-1103
-1013
-940
-1006
-1413
-2233
-3364
-4516
-5344
-5725
-5818
-5876
-5942
-5771
-5071
-3800
-2268
-870
173
918
1557
2172
2681
2936
2894
2695
2514
2470
2591
2792
2971
3073
3125
3150
3108
2927
2520
1834
908
-105
-1013
-1708
-2204
-2566
-2796
-2794
-2472
-1853
-1091
-357
248
670
951
1133
1279
1475
1694
1874
1953
2006
2212
2593
3029
3361
3472
3347
3068
2697
2199
1521
696
-164
-950
-1565
-1940
-2102
-2110
-1992
-1729
-1303
-758
-226
155
370
474
522
555
575
557
521
544
691
963
1314
1647
1841
1856
1732
1550
1316
998
573
79
-379
-711
-896
-964
-954
-924
-897
-858
-796
-714
-647
-640
-699
-825
-953
-1022
-1051
-1061
-1192
-1646
-2519
-3720
-4896
-5679
-5964
-5934
-5890
-5894
-5680
-4924
-3583
-1980
-580
372
999
1564
2186
2753
3045
2995
2748
2534
2523
2686
2895
3029
3038
2972
2885
2784
2579
2151
1425
457
-552
-1404
-2014
-2416
-2706
-2882
-2840
-2478
-1814
-1062
-415
49
406
792
1244
1680
1992
2128
2157
2225
2418
2741
3093
3315
3331
3170
2923
2652
2304
1773
1053
231
-543
-1131
-1529
-1805
-1990
-2056
-1937
-1611
-1143
-652
-251
26
232
410
573
697
726
686
671
765
990
1288
1558
1728
1791
1777
1695
1521
1227
825
371
-37
-346
-580
-755
-896
-988
-1008
-972
-896
-816
-757
-756
-857
-1017
-1139
-1177
-1133
-1059
-1012
-1054
-1316
-1898
-2830
-3921
-4840
-5387
-5597
-5675
-5732
-5639
-5132
-4104
-2722
-1319
-165
707
1414
2044
2559
2845
2863
2701
2491
2358
2345
2417
2529
2627
2683
2694
2655
2531
2247
1724
973
96
-739
-1429
-1957
-2355
-2630
-2705
-2486
-1973
-1351
-800
-371
39
569
1168
1679
1950
2023
2121
2376
2732
3052
3239
3277
3238
3165
3031
2791
2399
1840
1145
414
-218
-708
-1117
-1488
-1783
-1893
-1759
-1451
-1099
-777
-470
-162
150
442
654
741
721
669
679
797
980
1146
1255
1333
1431
1538
1573
1474
1221
868
507
178
-109
-376
-641
-877
-1056
-1141
-1128
-1078
-1015
-974
-944
-925
-949
-993
-1024
-1034
-1018
-986
-978
-1034
-1305
-1943
-2948
-4106
-5064
-5615
-5801
-5829
-5826
-5675
-5118
-4047
-2640
-1218
-56
778
1407
1947
2385
2647
2671
2496
2266
2114
2126
2269
2460
2615
2712
2776
2793
2713
2429
1866
1059
149
-681
-1338
-1842
-2226
-2472
-2504
-2238
-1686
-976
-259
339
752
1031
1250
1474
1720
1923
2028
2069
2169
2437
2825
3185
3400
3424
3288
3052
2698
2163
1443
614
-210
-900
-1386
-1677
-1804
-1809
-1673
-1374
-921
-399
37
305
432
484
508
509
461
372
305
356
551
852
1181
1432
1560
1584
1524
1390
1150
780
303
-196
-601
-860
-996
-1062
-1089
-1086
-1029
-939
-891
-921
-1036
-1166
-1272
-1365
-1450
-1550
-1596
-1526
-1295
-934
-697
-881
-1681
-2921
-4114
-4845
-5054
-5091
-5283
-5537
-5432
-4667
-3315
-1797
-502
462
1205
1861
2400
2705
2693
2397
1999
1666
1514
1542
1655
1768
1874
2035
2281
2492
2484
2153
1535
817
147
-423
-963
-1515
-2004
-2258
-2124
-1622
-903
-154
519
1139
1743
2295
2700
2859
2786
2586
2388
2263
2196
2141
2072
2013
1995
2010
1993
1843
1526
1072
556
61
-385
-793
-1163
-1458
-1591
-1499
-1200
-787
-364
12
330
599
798
900
874
725
531
365
286
315
407
533
686
852
994
1058
993
788
485
123
-264
-663
-1047
-1370
-1585
-1651
-1583
-1430
-1257
-1096
-940
-769
-608
-505
-506
-587
-713
-823
-880
-884
-865
-837
-849
-867
-878
-1004
-1329
-1987
-2922
-3945
-4800
-5306
-5427
-5211
-4696
-3901
-2913
-1795
-633
487
1466
2199
2610
2690
2518
2185
1768
1345
987
795
799
962
1197
1444
1687
1877
1946
1840
1522
1014
414
-172
-661
-1016
-1193
-1189
-988
-585
-31
618
1251
1790
2205
2488
2643
2640
2497
2261
1993
1769
1640
1603
1601
1605
1605
1569
1488
1325
1063
707
288
-122
-469
-733
-908
-990
-954
-793
-525
-187
168
490
737
898
960
925
806
624
432
261
158
144
200
287
364
417
435
388
258
29
-274
-616
-963
-1252
-1448
-1541
-1535
-1452
-1293
-1070
-827
-603
-459
-400
-403
-437
-528
-694
-914
-1132
-1281
-1356
-1360
-1319
-1231
-1111
-945
-748
-549
-479
-667
-1199
-1994
-2794
-3423
-3778
-4003
-4142
-4123
-3795
-3110
-2204
-1214
-293
533
1218
1732
2029
2094
1965
1673
1335
1031
838
770
776
836
973
1229
1539
1755
1786
1650
1432
1195
931
632
311
47
-88
-63
122
401
719
1047
1359
1636
1854
1974
1965
1845
1673
1516
1387
1280
1208
1190
1231
1309
1384
1402
1342
1206
1011
776
517
242
-29
-256
-420
-488
-450
-321
-131
78
285
454
561
591
548
441
298
145
3
-125
-211
-236
-212
-150
-100
-78
-91
-143
-242
-387
-571
-782
-1003
-1192
-1314
-1349
-1299
-1197
-1071
-966
-880
-830
-797
-780
-788
-846
-969
-1111
-1229
-1272
-1254
-1202
-1151
-1105
-1051
-975
-898
-823
-776
-736
-708
-698
-722
-828
-1007
-1298
-1595
-1845
-1951
-1940
-1881
-1788
-1645
-1360
-984
-538
-113
251
558
799
964
1028
1015
959
927
932
961
980
977
977
1019
1121
1244
1332
1318
1225
1101
988
908
831
751
677
654
709
816
935
1043
1125
1203
1282
1347
1374
1359
1329
1298
1293
1294
1278
1239
1185
1144
1106
1049
946
793
619
456
328
224
130
41
-35
-85
-112
-126
-150
-188
-216
-223
-215
-201
-203
-212
-218
-212
-202
-209
-252
-318
-362
-378
-372
-392
-452
-533
-623
-689
-731
-758
-760
-753
-720
-686
-662
-650
-657
-681
-748
-828
-913
-986
-1039
-1066
-1058
-1003
-903
-787
-660
-547
-434
-356
-334
-378
-478
-576
-674
-749
-823
-863
-863
-814
-745
-657
-535
-385
-227
-126
-102
-174
-287
-401
-496
-578
-674
-758
-805
-778
-683
-531
-348
-150
66
261
409
495
520
526
526
535
541
534
534
552
614
706
786
841
857
876
917
997
1096
1168
1204
1202
1202
1214
1225
1223
1198
1159
1110
1061
1016
958
886
816
768
747
740
736
734
743
760
770
757
710
644
576
509
444
360
269
174
93
48
22
13
-10
-37
-49
-47
-32
-26
-41
-79
-132
-192
-261
-359
-477
-591
-682
-749
-802
-862
-930
-992
-1028
-1041
-1052
-1065
-1089
-1113
-1128
-1131
-1134
-1156
-1179
-1190
-1164
-1113
-1074
-1049
-1037
-1001
-944
-871
-811
-781
-751
-715
-644
-556
-462
-364
-295
-223
-160
-87
-21
10
31
31
62
95
130
166
206
299
397
500
569
591
611
611
620
616
604
589
552
525
493
480
487
489
501
490
483
468
439
422
391
385
386
401
424
420
430
423
433
439
414
367
269
171
67
-23
-108
-203
-274
-328
-340
-329
-302
-238
-164
-69
24
106
183
243
310
363
405
440
461
493
521
560
608
659
716
761
798
816
809
779
712
623
504
371
236
103
-14
-113
-189
-242
-281
-307
-325
-338
-343
-346
-350
-369
-393
-410
-404
-369
-320
-266
-207
-156
-118
-101
-105
-125
-162
-215
-289
-383
-485
-588
-684
-767
-827
-855
-867
-864
-856
-831
-795
-760
-731
-726
-724
-728
-732
-739
-747
-737
-712
-663
-603
-521
-420
-306
-186
-81
4
61
87
75
31
-40
-126
-215
-295
-347
-368
-359
-331
-281
-204
-91
48
205
375
553
742
912
1057
1180
1294
1408
1513
1621
1725
1828
1914
1964
1976
1939
1855
1727
1554
1355
1136
904
671
443
241
75
-48
-135
-201
-256
-313
-374
-437
-501
-570
-644
-732
-820
-902
-963
-989
-982
-938
-870
-794
-722
-653
-584
-521
-471
-441
-440
-466
-514
-570
-626
-676
-707
-721
-715
-695
-664
-616
-551
-474
-387
-302
-217
-133
-54
29
111
189
260
326
381
422
451
470
484
497
508
506
488
462
435
415
400
387
372
347
321
291
266
243
219
191
155
129
111
100
85
61
35
8
-15
-35
-48
-50
-37
-17
11
40
69
93
121
150
164
147
84
-17
-134
-245
-336
-407
-453
-480
-495
-500
-507
-506
-496
-465
-422
-365
-302
-240
-174
-119
-60
-4
46
85
101
116
127
152
181
214
246
265
279
266
244
219
208
217
222
219
193
155
116
86
75
77
86
96
103
108
114
121
123
115
97
68
38
5
-18
-26
-22
-9
-5
-8
-16
-21
-20
-26
-36
-66
-99
-130
-155
-165
-174
-181
-187
-187
-180
-166
-150
-142
-135
-131
-123
-119
-116
-109
-100
-96
-97
-101
-103
-85
-57
-22
14
47
74
94
109
121
137
155
171
181
190
199
208
210
209
203
197
191
179
160
134
107
81
61
47
33
17
-7
-30
-45
-50
-46
-37
-27
-7
17
44
82
127
178
217
242
244
237
227
209
184
144
93
26
-55
-139
-227
-302
-365
-422
-466
-505
-535
-551
-548
-525
-488
-442
-390
-332
-274
-222
-178
-141
-98
-54
-3
47
89
129
165
208
251
295
337
364
381
382
383
388
394
403
400
392
369
335
287
228
159
74
-12
-96
-179
-258
-325
-375
-410
-425
-421
-400
-367
-323
-268
-211
-155
-112
-81
-63
-63
-77
-103
-138
-179
-225
-271
-314
-351
-377
-402
-420
-430
-433
-415
-376
-321
-248
-155
-44
83
212
337
465
588
707
806
883
937
961
965
944
899
838
758
677
592
507
427
351
279
206
130
61
7
-24
-40
-49
-56
-58
-55
-45
-31
-16
-5
-2
-9
-27
-45
-70
-99
-129
-165
-197
-224
-241
-254
-267
-280
-301
-336
-382
-429
-466
-497
-522
-542
-563
-576
-581
-582
-570
-548
-517
-477
-428
-373
-319
-267
-211
-155
-96
-42
10
60
107
150
185
214
231
233
231
225
221
219
216
210
207
208
212
216
210
195
168
135
95
53
11
-22
-55
-98
-149
-200
-244
-276
-289
-290
-286
-280
-271
-254
-223
-178
-121
-61
-3
53
113
179
248
315
370
409
433
447
459
474
490
503
503
490
466
443
422
408
400
388
375
364
352
342
328
313
296
282
266
239
201
150
88
6
-84
-173
-253
-317
-363
-386
-391
-380
-356
-320
-278
-233
-191
-158
-132
-111
-92
-77
-68
-66
-72
-90
-113
-132
-142
-143
-139
-128
-114
-99
-80
-61
-37
-5
28
58
77
75
57
19
-39
-108
-188
-269
-349
-421
-481
-529
-559
-573
-573
-557
-532
-498
-452
-398
-338
-276
-212
-148
-85
-20
46
117
190
260
323
372
413
442
455
450
423
380
326
269
214
158
107
60
15
-23
-53
-78
-93
-105
-111
-112
-109
-93
-72
-47
-20
4
25
45
64
79
90
90
81
68
55
47
44
47
58
79
104
129
153
175
195
213
226
241
255
268
278
286
289
289
285
272
257
238
214
185
150
112
72
34
4
-21
-42
-55
-64
-65
-58
-50
-47
-50
-56
-58
-51
-41
-35
-30
-30
-29
-29
-34
-46
-59
-72
-82
-95
-112
-129
-143
-151
-153
-153
-154
-160
-164
-163
-164
-163
-166
-171
-176
-179
-177
-177
-175
-166
-155
-143
-136
-132
-128
-126
-124
-125
-128
-134
-143
-146
-145
-138
-127
-114
-96
-75
-49
-19
11
36
58
83
108
134
159
182
200
216
230
240
242
234
216
188
155
121
85
48
13
-23
-59
-96
-128
-153
-172
-188
-198
-200
-192
-184
-172
-158
-140
-122
-107
-93
-74
-49
-25
-1
18
36
53
71
86
101
117
131
147
164
181
198
210
217
222
226
229
233
241
253
259
258
253
248
244
248
249
251
249
245
238
227
212
194
175
159
141
122
103
83
67
49
30
8
-20
-49
-71
-82
-87
-94
-107
-125
-143
-158
-170
-180
-189
-196
-205
-217
-229
-240
-251
-258
-258
-258
-254
-250
-245
-242
-237
-233
-227
-222
-219
-215
-216
-219
-216
-205
-187
-169
-157
-156
-160
-164
-164
-154
-137
-118
-98
-82
-70
-64
-58
-53
-48
-45
-43
-39
-30
-16
3
19
32
42
50
61
77
101
127
153
172
181
186
190
195
197
195
195
198
205
215
221
222
218
212
208
203
200
196
185
173
160
148
137
125
113
97
80
64
51
37
25
11
-5
-23
-39
-48
-49
-42
-36
-29
-26
-28
-32
-35
-33
-32
-30
-26
-18
-11
-1
8
14
16
21
28
40
57
72
88
99
108
109
105
104
105
106
107
106
104
100
97
91
78
61
45
33
27
26
26
19
7
-9
-28
-46
-65
-85
-106
-129
-147
-160
-171
-181
-196
-217
-242
-269
-294
-314
-328
-338
-347
-354
-358
-359
-356
-354
-348
-336
-317
-295
-273
-257
-240
-224
-205
-181
-157
-132
-102
-68
-33
-3
25
49
72
95
118
142
160
182
205
228
245
256
265
272
281
292
299
305
315
325
332
334
328
317
307
297
287
273
259
246
235
226
218
207
196
186
175
160
141
121
100
79
56
28
6
-14
-29
-41
-50
-58
-66
-74
-84
-92
-100
-110
-121
-135
-147
-156
-161
-166
-167
-166
-165
-170
-177
-184
-188
-189
-185
-180
-177
-173
-170
-168
-163
-152
-135
-119
-104
-93
-89
-87
-91
-93
-91
-91
-86
-79
-69
-59
-54
-47
-37
-22
-10
-4
-5
-7
-5
0
6
13
22
29
35
41
42
44
46
51
58
68
79
88
94
96
94
96
100
105
108
110
109
106
106
105
105
105
104
103
101
98
92
88
83
81
76
65
56
49
42
37
32
29
26
26
29
31
30
26
18
10
5
1
-2
-2
-5
-10
-16
-19
-16
-13
-13
-20
-30
-40
-45
-44
-45
-51
-58
-62
-62
-61
-60
-63
-71
-77
-85
-90
-90
-88
-86
-83
-80
-80
-80
-78
-72
-64
-60
-56
-57
-52
-46
-38
-30
-24
-21
-22
-20
-16
-9
3
15
23
22
20
22
27
28
25
17
11
14
25
33
41
47
51
54
53
57
59
65
72
73
67
58
49
42
38
37
34
29
29
29
26
20
13
9
7
6
4
0
0
3
3
-1
-6
-15
-18
-19
-19
-17
-13
-13
-16
-21
-23
-23
-23
-24
-28
-30
-31
-30
-27
-20
-15
-12
-10
-6
-1
4
6
6
7
9
4
-4
-14
-20
-19
-13
-10
-10
-10
-9
-4
-3
-2
-2
2
9
17
22
22
18
14
10
9
4
2
-1
-1
0
2
3
5
5
3
3
4
4
6
10
10
5
-8
-16
-17
-10
-1
4
5
5
6
10
13
16
14
9
4
2
5
7
8
9
7
7
9
10
12
13
11
3
-5
-12
-14
-12
-5
3
10
13
9
2
-5
-6
-4
-3
-5
-9
-13
-13
-11
-12
-15
-23
-31
-32
-25
-16
-10
-8
-11
-16
-20
-22
-26
-26
-22
-18
-14
-10
-8
-6
-4
-1
2
1
-2
-4
-2
3
9
16
21
18
9
0
-5
-4
2
6
5
7
5
6
8
12
16
21
23
27
30
29
25
21
19
18
18
14
11
8
8
12
17
22
22
20
15
10
3
3
3
4
8
6
3
0
1
3
4
5
5
4
1
0
-2
-4
-9
-13
-16
-15
-12
-10
-7
-5
-6
-8
-10
-13
-17
-22
-24
-25
-23
-22
-20
-22
-25
-29
-27
-22
-16
-11
-11
-12
-9
-5
-1
1
-2
-4
-1
6
11
13
12
11
11
14
17
18
15
14
10
8
4
2
0
2
4
4
0
-4
-5
-1
6
13
17
12
7
1
-5
-7
-8
-8
-3
-2
-2
-2
-5
-7
-9
-9
-6
-4
0
3
4
4
4
5
5
5
5
5
1
-6
-12
-15
-13
-7
1
6
4
-1
-2
-2
0
5
5
2
-4
-8
-9
-5
1
8
13
14
12
4
-2
-9
-10
-5
0
3
7
10
8
2
-7
-14
-17
-18
-13
-4
1
3
2
0
-2
-2
0
4
8
10
9
7
7
11
17
20
20
15
6
0
-4
-6
-3
0
1
0
-2
-1
4
11
18
21
20
15
15
14
14
12
9
4
0
0
0
1
0
-3
-5
-7
-8
-5
1
6
7
1
-11
-21
-26
-25
-21
-14
-7
-5
-8
-10
-12
-6
-2
2
6
9
8
3
-3
-5
-5
-6
-7
-6
-6
-7
-11
-13
-10
-5
-3
-5
-11
-15
-15
-14
-15
-17
-19
-20
-17
-12
-5
0
-2
-5
-9
-5
-2
2
2
1
0
-5
-8
-7
-1
6
8
7
4
2
0
0
2
5
10
13
9
2
-8
-9
-1
9
17
23
25
27
28
28
30
30
27
23
16
13
10
7
5
3
1
0
-2
-1
-2
-4
0
4
9
13
14
13
9
4
0
-3
0
2
3
8
11
12
10
8
4
3
-1
-8
-14
-20
-21
-19
-13
-8
-7
-10
-15
-20
-23
-22
-18
-14
-12
-11
-13
-14
-14
-13
-13
-11
-10
-11
-9
-9
-8
-9
-8
-4
0
2
1
-3
-8
-10
-10
-11
-13
-13
-12
-11
-7
-6
-4
-1
0
2
3
3
4
3
4
6
13
20
21
19
13
9
5
1
-2
-4
-6
0
8
14
15
11
5
-1
-3
1
7
13
16
19
21
20
22
21
16
13
13
14
16
16
17
17
15
12
5
-6
-14
-15
-11
-3
2
1
-3
-7
-8
-3
5
11
13
14
14
13
9
5
3
5
9
12
9
0
-6
-14
-16
-18
-17
-17
-19
-24
-24
-22
-16
-13
-13
-15
-14
-9
-1
6
11
12
9
5
1
-1
-1
-3
-4
-2
0
1
-1
-5
-12
-19
-23
-24
-22
-19
-16
-12
-10
-14
-15
-14
-11
-4
0
4
7
9
10
14
19
21
20
18
15
15
13
9
5
-1
-4
-7
-9
-9
-5
-3
-4
-8
-17
-22
-21
-14
-6
2
7
8
6
3
-1
3
7
12
13
11
7
1
0
4
10
14
10
3
-2
-4
0
2
6
7
6
3
-1
-4
-2
2
6
9
10
13
15
15
14
12
11
10
7
6
5
4
-1
-7
-10
-10
-10
-8
-4
-1
5
6
4
-2
-4
-1
2
8
7
2
-5
-9
-12
-12
-10
-6
-1
1
0
-2
-4
-4
-1
5
6
1
-2
-7
-6
-4
-4
-5
-8
-11
-13
-14
-9
-3
1
5
5
1
-4
-7
-9
-10
-6
-2
3
4
1
-5
-8
-10
-7
-6
-4
-3
-2
-1
2
5
7
6
3
1
-1
3
9
12
11
11
12
14
14
10
5
2
1
-1
-2
-3
-1
3
6
8
7
3
1
2
