-4
-2
3
7
8
1
-1
2
4
1
0
-4
-8
-1
7
7
4
-6
-7
0
1
0
-3
-5
0
4
3
2
-5
-4
-3
-1
3
1
0
4
3
1
-2
-5
0
5
9
11
7
3
4
5
5
4
2
7
12
11
12
5
-3
-3
0
2
1
-2
-5
-4
1
2
1
0
-6
-12
-11
-6
-5
-3
-7
-5
2
0
-2
-7
-13
-15
-13
-7
-2
-1
-4
-7
-7
0
2
-2
-3
-4
1
4
4
6
1
-3
-4
-1
5
9
4
-1
0
2
4
2
-4
0
4
7
5
0
0
1
6
10
12
8
1
0
7
11
7
3
-3
-3
2
-2
-4
-4
-3
-3
-4
-3
-3
-1
-2
-4
-2
0
5
3
2
2
4
5
3
4
2
2
3
2
3
4
-1
-6
-5
2
6
3
-3
-4
2
5
2
-2
0
8
8
-1
-9
-7
3
8
1
-8
-11
-9
1
4
-1
-11
-18
-13
-4
-2
-6
-14
-18
-10
4
10
4
-6
-9
-2
1
-1
-7
-8
-2
6
8
4
7
8
5
2
3
6
10
8
3
3
4
6
6
2
1
5
6
7
6
-1
-13
-15
-10
-3
-6
-10
-6
2
6
1
-5
-8
-5
0
-1
-1
0
1
9
14
7
-3
-7
1
11
13
3
-4
-2
2
4
6
8
6
6
6
11
15
7
5
8
5
-4
-7
-1
6
4
-5
-11
-7
2
2
-5
-11
-10
-5
-2
0
0
-9
-15
-11
3
15
10
0
-5
-2
4
7
-2
-12
-15
-8
-1
4
4
-6
-12
-6
4
7
0
-7
-5
-3
-2
3
2
-7
-14
-15
-10
3
4
-9
-17
-12
3
6
-1
-8
-11
-7
0
10
14
7
2
0
1
0
-3
-1
3
5
-1
-2
3
15
19
8
-2
-2
9
22
20
15
8
8
13
16
15
4
-8
-9
7
18
12
-1
-5
2
8
8
-2
-10
-9
-2
5
7
3
-7
-13
-5
5
6
-3
-4
3
6
9
8
-2
-17
-17
1
11
-2
-26
-27
-7
11
0
-27
-25
-4
10
0
-24
-28
-15
2
9
-6
-11
-10
-6
1
12
20
5
-8
-5
11
20
9
-3
-13
-11
-6
-1
0
-5
-2
-7
-7
-3
-3
-3
-9
-2
7
2
-7
-12
-1
10
8
-1
-2
0
-5
2
11
7
4
2
9
22
22
9
5
14
20
15
10
14
24
22
14
15
24
30
27
17
8
3
7
18
25
20
-6
-18
-2
16
18
-9
-23
-21
-21
-15
-9
2
-14
-40
-42
-28
-7
-14
-23
-21
-27
-24
-25
-7
0
-9
-11
-20
-22
-29
-18
-1
-8
-25
-32
-18
-17
-22
-14
-1
1
-17
-25
-17
-1
12
9
8
1
-2
9
21
32
25
16
14
15
19
18
24
23
19
19
12
11
10
15
21
12
-2
-12
-5
5
5
-2
-10
-9
-1
8
10
9
12
14
19
18
22
33
37
44
40
37
41
44
50
45
41
40
33
35
30
22
15
1
8
5
-7
-25
-39
-26
-29
-19
-21
-35
-43
-61
-44
-28
-9
-4
-27
-44
-66
-51
-21
-5
-6
-47
-69
-66
-37
-11
-23
-53
-86
-80
-51
-33
-39
-65
-70
-66
-53
-41
-36
-30
-34
-32
-27
-24
-10
3
20
28
15
11
18
37
51
52
47
35
35
41
45
49
40
30
29
32
38
35
33
32
30
27
21
24
36
47
52
50
47
54
69
85
88
82
74
70
74
79
74
64
54
55
56
55
55
48
46
43
46
45
37
36
30
27
10
-6
-19
-20
-8
-22
-34
-58
-64
-64
-72
-54
-51
-45
-62
-73
-61
-63
-40
-47
-59
-65
-77
-64
-91
-127
-162
-162
-108
-110
-153
-219
-222
-167
-130
-103
-127
-153
-154
-128
-58
-23
-10
-33
-53
-27
11
60
63
42
30
32
61
77
92
94
83
85
82
92
97
100
106
89
74
54
51
66
72
69
46
31
37
61
89
94
89
82
99
128
146
158
158
161
160
160
172
180
184
178
170
156
139
135
132
132
122
95
67
39
31
30
23
12
-11
-21
-30
-34
-28
-25
-23
-51
-71
-52
-24
-14
-51
-79
-109
-135
-127
-92
-54
-106
-188
-242
-219
-151
-124
-152
-231
-270
-255
-241
-283
-383
-440
-425
-385
-396
-493
-569
-561
-479
-414
-412
-435
-438
-376
-290
-212
-163
-141
-108
-74
-15
70
149
197
202
224
263
305
344
378
411
410
389
372
375
397
402
391
360
313
280
259
256
235
189
108
28
1
42
81
30
-64
-113
-65
1
40
45
27
32
67
133
191
222
253
286
326
355
361
366
379
410
410
364
306
277
270
250
202
147
98
65
46
29
3
-48
-92
-129
-145
-147
-157
-169
-192
-188
-179
-186
-185
-169
-122
-94
-84
-87
-79
-37
1
38
31
11
9
30
55
18
-61
-115
-118
-94
-139
-210
-276
-284
-242
-226
-252
-312
-308
-268
-246
-269
-304
-269
-200
-197
-372
-599
-625
-452
-260
-323
-579
-818
-868
-686
-479
-404
-537
-701
-717
-592
-401
-265
-197
-193
-196
-131
-17
147
284
375
409
410
444
510
630
741
793
770
702
681
704
761
791
749
662
552
489
464
455
422
355
287
227
191
171
166
159
138
120
105
99
111
121
109
82
80
16
-116
-194
-69
129
92
-113
-282
-227
-62
78
147
60
-62
-125
-49
109
178
147
60
16
36
60
105
137
148
99
38
25
47
93
106
94
50
-21
-69
-63
-2
26
-29
-119
-184
-194
-167
-149
-155
-214
-273
-285
-240
-195
-200
-219
-225
-185
-170
-182
-177
-147
-106
-122
-155
-223
-251
-198
-93
-58
-203
-335
-325
-138
-22
-95
-243
-316
-202
-73
-23
-63
-147
-235
-411
-537
-468
-277
-191
-407
-692
-841
-762
-549
-372
-314
-442
-591
-607
-430
-158
8
44
-13
-29
63
210
368
432
475
534
584
612
606
675
780
833
801
723
679
660
676
713
698
613
479
394
377
395
399
349
275
188
136
134
143
160
158
138
99
82
75
-17
-113
-101
58
92
-79
-237
-243
-123
-42
14
-5
-103
-176
-155
-19
88
101
38
-9
31
70
98
111
128
112
66
59
84
115
99
76
56
8
-43
-75
-58
-54
-87
-135
-189
-218
-236
-247
-266
-294
-319
-334
-334
-330
-315
-297
-299
-313
-333
-346
-316
-268
-221
-215
-229
-248
-282
-252
-167
-8
30
-81
-239
-283
-98
99
216
90
-124
-224
-115
172
301
233
41
-75
-5
147
322
320
229
75
-131
-341
-390
-132
35
-121
-551
-867
-908
-747
-501
-442
-596
-864
-973
-848
-630
-405
-327
-329
-346
-295
-120
86
328
468
507
509
557
703
874
1041
1120
1086
1008
971
1020
1093
1135
1105
981
830
723
699
685
609
479
316
190
127
113
101
47
-35
-119
-183
-203
-204
-193
-215
-293
-396
-473
-457
-365
-250
-223
-295
-383
-373
-230
-78
18
18
-33
-59
-20
117
233
262
207
132
113
130
177
188
163
113
24
-28
-55
-46
-46
-81
-126
-205
-251
-264
-244
-219
-252
-284
-324
-313
-297
-292
-253
-240
-190
-181
-166
-123
-73
-8
-16
-4
2
18
56
54
69
45
20
-19
-40
1
13
21
-30
-93
-160
-192
-152
-119
-90
-106
-104
-120
-99
-50
-4
37
5
10
-26
-112
-317
-477
-390
-249
-247
-527
-790
-876
-782
-590
-540
-604
-798
-902
-816
-635
-419
-359
-361
-388
-358
-195
2
243
392
465
504
545
672
821
992
1091
1085
1037
1008
1069
1144
1180
1152
1049
942
853
831
842
793
683
524
389
296
254
243
211
146
47
-49
-91
-80
-52
-79
-178
-325
-479
-505
-407
-266
-254
-394
-539
-586
-430
-214
-68
-88
-218
-273
-219
-54
109
199
191
105
61
75
164
255
285
243
133
77
89
152
192
155
53
-86
-155
-149
-125
-143
-217
-308
-400
-439
-413
-376
-368
-402
-433
-442
-429
-384
-345
-315
-305
-319
-290
-256
-173
-155
-162
-157
-142
-80
-85
-81
-108
-100
-34
34
74
-30
-167
-206
-107
44
87
41
-29
-67
-18
93
263
352
321
249
180
286
420
459
211
-158
-295
-205
-40
-89
-311
-629
-882
-900
-760
-630
-691
-884
-1060
-1107
-944
-709
-540
-523
-547
-488
-358
-139
104
323
434
463
516
632
828
1041
1206
1279
1267
1254
1290
1384
1487
1511
1440
1306
1188
1118
1081
1032
930
776
602
445
329
256
184
86
-72
-266
-464
-550
-510
-498
-630
-823
-886
-842
-797
-774
-731
-665
-630
-594
-518
-394
-274
-201
-126
-47
45
132
225
325
379
385
378
403
468
483
446
391
359
335
294
246
171
75
-32
-123
-186
-243
-319
-404
-481
-528
-546
-563
-576
-591
-572
-532
-508
-505
-516
-472
-412
-350
-302
-272
-224
-166
-88
-37
-9
16
32
47
58
103
146
132
90
56
57
58
89
155
153
104
45
64
110
184
304
367
289
149
133
165
8
-253
-340
-242
-208
-397
-669
-927
-1032
-949
-815
-810
-1015
-1204
-1264
-1140
-932
-814
-782
-794
-736
-603
-402
-137
62
185
259
387
589
810
1052
1233
1339
1380
1430
1538
1635
1706
1732
1697
1618
1516
1475
1456
1377
1235
1063
921
783
662
533
373
173
-39
-185
-299
-405
-565
-723
-804
-823
-829
-914
-988
-997
-909
-786
-703
-654
-630
-567
-449
-288
-117
-14
52
115
227
348
443
532
577
591
587
615
661
647
586
484
385
310
242
188
92
-30
-158
-284
-374
-449
-501
-554
-636
-713
-759
-756
-736
-747
-743
-736
-658
-580
-522
-492
-475
-395
-354
-265
-205
-109
-19
3
6
-5
33
76
151
252
230
68
-62
2
200
323
330
267
212
176
197
287
398
432
359
94
-331
-644
-530
-107
-6
-488
-1199
-1531
-1350
-1015
-889
-1112
-1459
-1665
-1649
-1453
-1236
-1073
-1022
-1017
-953
-829
-560
-200
142
327
381
488
707
1041
1404
1681
1794
1763
1774
1909
2121
2288
2313
2231
2065
1938
1884
1878
1815
1640
1403
1181
1001
827
638
446
240
11
-213
-411
-571
-730
-865
-978
-1040
-1089
-1165
-1226
-1206
-1100
-990
-942
-917
-869
-755
-573
-381
-217
-122
-49
62
222
398
504
564
599
624
647
664
698
693
646
556
457
368
277
196
107
-4
-161
-338
-462
-516
-534
-591
-705
-828
-900
-889
-842
-794
-802
-844
-843
-761
-631
-562
-538
-504
-378
-259
-219
-194
-134
-18
36
43
43
77
193
245
264
216
156
206
296
430
391
310
272
264
321
360
444
442
306
60
-275
-427
-371
-224
-232
-546
-942
-1295
-1350
-1209
-1060
-1057
-1265
-1470
-1607
-1557
-1327
-1051
-892
-935
-991
-900
-628
-225
120
333
412
485
678
971
1338
1627
1764
1785
1797
1907
2065
2210
2273
2208
2082
1943
1866
1842
1798
1684
1461
1194
962
787
654
494
318
65
-270
-550
-654
-651
-772
-982
-1176
-1277
-1308
-1290
-1205
-1129
-1081
-1073
-1066
-964
-779
-556
-391
-285
-198
-137
-14
174
377
485
498
518
581
684
786
850
831
732
624
539
491
438
351
209
29
-115
-222
-289
-342
-431
-565
-730
-823
-818
-762
-728
-751
-803
-848
-833
-708
-563
-481
-493
-528
-486
-364
-199
-88
-53
-52
-51
-5
88
182
234
218
198
208
239
321
418
439
356
196
206
276
389
392
299
189
-21
-174
-396
-522
-558
-510
-501
-809
-1243
-1553
-1459
-1154
-1083
-1252
-1583
-1716
-1621
-1393
-1139
-1052
-1016
-1045
-936
-665
-338
10
222
391
520
676
959
1249
1536
1720
1815
1886
1936
2084
2240
2338
2322
2220
2124
2042
1996
1944
1823
1621
1357
1144
984
881
723
412
103
-157
-265
-376
-485
-632
-899
-1156
-1289
-1198
-1099
-1115
-1184
-1239
-1191
-1096
-952
-818
-727
-641
-575
-448
-297
-119
22
115
219
307
401
487
587
658
662
667
669
669
630
570
499
381
262
166
94
6
-131
-277
-382
-457
-511
-595
-678
-730
-762
-735
-731
-745
-763
-729
-642
-591
-591
-593
-513
-358
-253
-232
-228
-157
-50
24
117
164
192
220
273
328
338
326
293
262
351
464
477
386
290
358
448
553
492
178
-297
-681
-637
-421
-318
-609
-1158
-1611
-1800
-1612
-1343
-1231
-1439
-1870
-2102
-1988
-1575
-1212
-1114
-1164
-1258
-1165
-860
-379
73
311
423
507
719
1080
1511
1885
2040
2050
2033
2131
2370
2600
2696
2586
2376
2210
2141
2166
2137
1978
1687
1353
1094
945
862
741
495
170
-109
-548
-1039
-1200
-747
-395
-877
-1713
-2114
-1757
-1217
-874
-916
-1270
-1561
-1521
-1027
-466
-188
-317
-571
-487
-138
288
588
766
772
563
478
681
1055
1251
1168
955
703
576
630
754
756
517
144
-185
-296
-221
-183
-293
-586
-888
-1077
-1073
-936
-853
-917
-1097
-1208
-1181
-1023
-831
-684
-616
-686
-748
-674
-425
-187
-91
-61
-46
-16
14
156
401
518
392
202
199
406
604
639
489
340
287
357
443
527
581
484
210
-227
-605
-757
-566
-314
-444
-1050
-1718
-1963
-1754
-1426
-1328
-1567
-1953
-2186
-2059
-1693
-1382
-1258
-1295
-1310
-1169
-854
-484
-119
200
425
564
731
1048
1477
1881
2146
2239
2252
2318
2497
2739
2885
2866
2693
2480
2377
2377
2358
2214
1943
1641
1387
1205
1066
907
674
390
64
-261
-581
-811
-827
-735
-842
-1342
-1856
-1942
-1526
-1097
-1095
-1446
-1748
-1659
-1257
-809
-574
-619
-744
-696
-386
0
242
325
341
384
447
560
737
912
975
876
722
651
681
745
711
543
282
42
-66
-77
-89
-224
-449
-661
-807
-829
-806
-785
-828
-950
-1032
-1017
-872
-739
-685
-700
-749
-695
-543
-359
-271
-256
-192
-80
48
100
149
242
334
404
385
355
406
524
702
654
457
305
367
644
767
779
578
184
-389
-886
-851
-420
-111
-502
-1436
-2236
-2413
-1929
-1354
-1207
-1689
-2440
-2752
-2435
-1742
-1246
-1180
-1388
-1606
-1494
-1001
-315
253
461
432
417
662
1209
1846
2329
2437
2296
2179
2341
2732
3073
3204
3043
2732
2490
2447
2563
2581
2362
1946
1505
1236
1123
1075
941
652
265
-119
-365
-557
-826
-1089
-1126
-1004
-1164
-1659
-2098
-2023
-1514
-1105
-1139
-1552
-1810
-1616
-1062
-538
-388
-556
-747
-615
-167
303
527
504
447
469
603
802
1002
1106
1036
879
739
712
768
811
752
532
243
13
-70
-36
-42
-207
-501
-754
-853
-843
-817
-866
-972
-1081
-1097
-989
-855
-781
-777
-750
-664
-573
-498
-331
-123
-1
-42
-88
49
265
417
435
436
471
460
493
581
720
740
632
597
648
766
704
296
-451
-1157
-1172
-570
-134
-648
-1879
-2786
-2773
-2023
-1425
-1538
-2254
-2948
-3019
-2536
-1887
-1532
-1567
-1737
-1786
-1506
-981
-341
212
473
516
556
880
1478
2125
2586
2697
2577
2499
2703
3143
3504
3573
3321
2963
2753
2756
2846
2780
2466
1992
1551
1303
1189
1079
861
528
150
-192
-400
-527
-735
-1102
-1426
-1478
-1407
-1507
-1784
-1940
-1854
-1660
-1487
-1411
-1396
-1370
-1231
-964
-677
-473
-385
-302
-101
182
414
555
680
803
884
950
1038
1113
1119
1071
1008
936
846
757
687
585
427
230
46
-82
-162
-282
-469
-664
-773
-833
-888
-938
-1018
-1082
-1114
-1051
-968
-916
-886
-853
-753
-643
-491
-363
-277
-220
-153
-14
127
198
215
263
395
547
614
641
643
690
700
713
824
952
767
24
-891
-1315
-873
-128
-58
-1069
-2528
-3247
-2771
-1723
-1205
-1771
-2854
-3511
-3256
-2430
-1742
-1542
-1761
-2042
-2052
-1633
-877
-99
395
489
407
503
983
1761
2493
2865
2798
2552
2545
2926
3484
3824
3717
3288
2874
2760
2915
3062
2933
2496
1941
1513
1334
1284
1169
890
458
-15
-424
-723
-918
-1004
-1016
-1147
-1535
-2009
-2172
-1882
-1477
-1316
-1513
-1783
-1833
-1529
-1016
-624
-499
-585
-604
-384
42
455
680
721
687
710
853
1095
1325
1383
1266
1090
989
998
1028
988
811
534
260
75
-24
-82
-202
-416
-664
-880
-971
-962
-958
-1028
-1165
-1242
-1240
-1178
-1089
-962
-805
-694
-686
-663
-492
-212
-11
-22
-84
-41
198
458
568
456
258
268
536
890
944
642
312
331
743
1019
651
-323
-1299
-1558
-993
-280
-353
-1458
-2788
-3268
-2676
-1789
-1488
-2023
-2892
-3371
-3120
-2414
-1803
-1612
-1750
-1929
-1868
-1462
-803
-92
405
583
574
672
1144
1903
2602
2958
2898
2706
2735
3118
3625
3891
3762
3373
3019
2895
2981
3045
2889
2493
1985
1566
1314
1174
1041
791
385
-91
-578
-963
-1138
-1016
-838
-1095
-1751
-2320
-2286
-1757
-1239
-1163
-1528
-1907
-1907
-1434
-808
-397
-375
-582
-628
-311
218
655
835
812
708
690
899
1241
1495
1473
1226
973
862
920
1015
982
765
426
117
-38
-37
-51
-219
-543
-868
-1056
-1066
-986
-950
-1049
-1224
-1349
-1317
-1130
-925
-789
-773
-788
-795
-677
-425
-118
59
28
-86
-81
173
451
602
591
509
427
488
786
1029
904
547
474
689
550
-295
-1406
-1731
-1021
-233
-520
-2003
-3392
-3579
-2632
-1641
-1618
-2510
-3504
-3722
-3076
-2217
-1737
-1767
-1992
-2096
-1855
-1224
-434
219
528
580
622
904
1537
2329
2965
3205
3075
2897
3008
3468
3962
4129
3888
3447
3131
3108
3259
3278
2962
2401
1864
1543
1405
1275
1027
644
189
-256
-671
-976
-1193
-1279
-1300
-1418
-1728
-2163
-2315
-2055
-1618
-1433
-1628
-1855
-1818
-1431
-905
-510
-385
-452
-425
-175
257
648
841
872
822
882
1044
1241
1413
1436
1323
1124
989
975
971
901
694
402
115
-96
-197
-265
-370
-615
-914
-1115
-1155
-1093
-1093
-1149
-1239
-1309
-1300
-1159
-935
-784
-784
-835
-680
-383
-133
-86
-78
19
153
338
525
668
621
597
694
837
772
552
563
842
1132
973
240
-775
-1504
-1429
-667
-147
-733
-2266
-3550
-3602
-2643
-1733
-1736
-2630
-3642
-3968
-3389
-2391
-1718
-1684
-2006
-2239
-2076
-1460
-569
258
634
566
457
733
1487
2406
3078
3280
3071
2843
2988
3519
4083
4273
4014
3533
3173
3129
3308
3392
3132
2557
1937
1524
1364
1290
1118
745
233
-241
-626
-815
-1055
-1382
-1658
-1714
-1673
-1976
-2341
-2396
-2026
-1628
-1544
-1637
-1738
-1599
-1246
-781
-410
-285
-259
-197
111
528
813
918
956
1050
1109
1180
1321
1483
1518
1333
1111
973
910
882
796
613
327
39
-182
-318
-382
-521
-773
-1031
-1186
-1213
-1162
-1122
-1109
-1133
-1181
-1152
-1021
-813
-649
-564
-550
-554
-428
-149
162
289
253
244
359
523
644
726
745
667
628
742
924
940
673
458
169
-467
-1377
-1834
-1192
-327
-550
-2181
-3842
-4033
-2836
-1576
-1588
-2853
-4133
-4308
-3349
-2242
-1776
-2008
-2372
-2404
-2032
-1312
-501
201
560
554
558
888
1644
2546
3201
3399
3171
2960
3140
3686
4250
4432
4162
3658
3282
3249
3444
3525
3213
2596
1960
1571
1465
1394
1172
755
226
-227
-563
-732
-998
-1381
-1604
-1520
-1410
-1867
-2553
-2722
-2056
-1249
-1163
-1707
-2168
-1951
-1217
-476
-157
-298
-525
-466
61
709
1051
988
808
851
1061
1311
1499
1600
1577
1365
1115
1001
1049
1100
992
694
318
5
-184
-242
-254
-394
-753
-1156
-1338
-1249
-1114
-1122
-1287
-1458
-1489
-1373
-1143
-998
-961
-958
-844
-620
-440
-320
-227
1
195
287
295
440
714
798
708
578
716
953
1009
930
862
887
471
-626
-1768
-1875
-776
77
-629
-2651
-4221
-4088
-2729
-1644
-1937
-3189
-4227
-4254
-3419
-2511
-2043
-2070
-2315
-2431
-2175
-1465
-510
300
665
634
601
952
1755
2736
3456
3642
3388
3173
3382
3969
4534
4685
4370
3823
3441
3434
3630
3669
3298
2637
2026
1668
1518
1381
1117
700
154
-351
-802
-1241
-1536
-1487
-1250
-1466
-2228
-2878
-2779
-2062
-1484
-1426
-1774
-2039
-1893
-1374
-707
-244
-141
-315
-379
-28
576
1076
1260
1234
1152
1098
1227
1523
1807
1807
1497
1159
1001
1049
1092
958
656
269
-83
-330
-419
-438
-584
-896
-1264
-1485
-1514
-1429
-1370
-1405
-1485
-1577
-1542
-1347
-1046
-816
-741
-740
-675
-484
-232
-24
111
260
403
451
431
546
832
1017
863
618
641
937
1162
1011
504
-265
-1049
-1427
-1135
-565
-662
-1745
-3112
-3716
-3256
-2426
-2085
-2599
-3515
-4083
-3879
-3121
-2445
-2195
-2305
-2439
-2336
-1901
-1169
-381
212
458
543
767
1278
2043
2813
3306
3397
3263
3304
3665
4161
4480
4444
4134
3768
3578
3616
3687
3565
3150
2573
2069
1759
1585
1399
1111
656
143
-399
-915
-1235
-1254
-1125
-1293
-1815
-2378
-2580
-2319
-1818
-1416
-1397
-1669
-1890
-1725
-1166
-493
-90
-132
-330
-297
111
668
1092
1253
1147
976
1000
1278
1618
1761
1604
1276
1000
929
985
1003
853
509
79
-279
-414
-435
-517
-745
-1090
-1379
-1523
-1476
-1380
-1377
-1497
-1604
-1575
-1407
-1207
-1060
-949
-877
-793
-666
-423
-84
149
102
-64
-1
371
778
871
728
577
597
789
964
1056
915
676
318
-304
-1081
-1551
-1177
-508
-622
-1918
-3457
-3921
-3168
-2092
-1843
-2628
-3675
-4113
-3616
-2710
-2034
-1912
-2168
-2343
-2190
-1635
-814
-2
515
619
591
823
1473
2344
3074
3422
3351
3152
3202
3635
4222
4513
4352
3900
3484
3362
3482
3592
3397
2864
2240
1769
1579
1509
1351
1003
460
-58
-686
-1294
-1590
-1256
-750
-1087
-2141
-3053
-2882
-1919
-1087
-976
-1584
-2149
-2134
-1391
-447
83
36
-401
-530
-115
643
1227
1376
1277
991
867
1061
1498
1879
1814
1407
942
740
872
1036
1008
673
186
-252
-475
-421
-346
-489
-874
-1289
-1478
-1431
-1259
-1156
-1194
-1354
-1522
-1491
-1234
-881
-632
-595
-705
-818
-721
-297
169
359
213
26
114
412
759
931
780
505
351
559
930
1049
775
19
-870
-1437
-1318
-684
-483
-1190
-2522
-3502
-3490
-2856
-2261
-2348
-2980
-3633
-3809
-3346
-2660
-2098
-1937
-2089
-2208
-2057
-1438
-604
118
484
521
609
951
1621
2407
2991
3242
3161
3087
3280
3704
4136
4291
4135
3760
3410
3299
3353
3380
3135
2646
2119
1707
1509
1361
1188
872
419
-211
-937
-1283
-1020
-517
-725
-1718
-2602
-2599
-1859
-1222
-1099
-1449
-1831
-1865
-1464
-805
-293
-118
-301
-450
-231
274
793
1076
1159
1041
858
892
1203
1602
1677
1367
957
727
774
890
862
594
183
-198
-429
-420
-329
-403
-719
-1099
-1298
-1279
-1132
-1043
-1081
-1208
-1320
-1305
-1113
-819
-608
-577
-638
-602
-413
-182
19
106
154
253
369
462
470
552
610
632
682
758
828
683
484
344
70
-527
-1303
-1571
-1122
-683
-1151
-2513
-3651
-3730
-2963
-2286
-2405
-3172
-3855
-3815
-3125
-2371
-1998
-2020
-2103
-1999
-1633
-1028
-363
206
531
663
817
1165
1776
2467
2996
3202
3115
3061
3270
3701
4077
4135
3907
3531
3253
3201
3252
3183
2807
2259
1763
1446
1294
1128
875
502
53
-423
-934
-1278
-1260
-961
-903
-1464
-2229
-2445
-1911
-1181
-894
-1161
-1578
-1662
-1227
-519
38
191
20
-130
47
542
1042
1259
1219
1089
1001
1048
1283
1548
1575
1300
885
610
559
631
611
368
-7
-371
-592
-638
-594
-624
-842
-1162
-1399
-1403
-1242
-1053
-995
-1084
-1186
-1138
-906
-609
-368
-322
-393
-410
-264
-45
87
170
311
422
446
295
272
492
761
824
525
255
222
479
727
631
-91
-1308
-2186
-1864
-708
-237
-1367
-3323
-4374
-3855
-2566
-1855
-2343
-3440
-4152
-3853
-2867
-1946
-1557
-1706
-1921
-1877
-1407
-612
192
774
949
905
951
1346
2110
2877
3326
3295
3000
2911
3243
3829
4181
4095
3685
3220
3003
3016
3125
2989
2505
1906
1420
1180
1045
815
478
-60
-614
-1035
-1120
-899
-925
-1220
-1693
-1922
-1791
-1501
-1137
-1025
-1069
-1187
-1169
-834
-396
11
121
72
94
251
595
928
1190
1217
1037
925
959
1169
1317
1272
1039
698
501
425
408
312
36
-303
-607
-731
-740
-770
-869
-1071
-1245
-1325
-1294
-1168
-1034
-925
-913
-942
-857
-612
-273
-109
-131
-190
-167
15
202
356
415
338
284
319
493
632
542
374
203
204
335
429
440
257
53
-100
-355
-925
-1675
-1851
-1315
-883
-1399
-2714
-3615
-3488
-2693
-2079
-2242
-2914
-3510
-3409
-2683
-1919
-1499
-1509
-1606
-1512
-1125
-449
253
761
920
915
1065
1462
2054
2589
2921
2983
2842
2793
2988
3353
3579
3479
3209
2901
2735
2714
2719
2576
2153
1620
1170
944
806
480
-13
-366
-455
-519
-864
-1281
-1384
-1188
-990
-1073
-1238
-1236
-1025
-686
-467
-353
-339
-336
-169
118
475
617
577
589
714
954
1085
1135
1107
1020
946
849
825
772
652
452
177
-21
-190
-344
-514
-666
-772
-915
-1024
-1081
-1058
-1015
-1027
-1017
-994
-931
-852
-753
-619
-517
-396
-273
-136
-39
24
120
173
197
152
175
247
224
192
160
209
171
11
-100
-161
-148
-145
-104
-89
-251
-472
-452
-240
-473
-1489
-2443
-2187
-1060
-636
-1732
-3265
-3736
-3003
-2005
-1692
-2167
-2885
-3183
-2735
-1964
-1367
-1159
-1198
-1213
-1055
-592
48
638
998
1139
1227
1382
1758
2311
2861
3133
3003
2781
2784
3117
3467
3487
3226
2837
2553
2438
2442
2438
2088
1462
914
767
823
597
101
-325
-432
-459
-614
-821
-889
-792
-683
-668
-727
-655
-428
-144
41
124
201
280
464
685
853
905
894
950
1001
1041
1035
986
917
815
694
534
406
290
145
-78
-343
-546
-677
-771
-893
-1002
-1105
-1191
-1250
-1255
-1191
-1127
-1065
-1029
-967
-901
-816
-666
-476
-303
-262
-307
-287
-105
176
321
203
-46
-161
-47
131
176
47
-131
-282
-318
-299
-307
-375
-522
-552
-510
-472
-533
-655
-565
-285
103
-126
-1211
-2412
-2369
-906
76
-657
-2604
-3740
-3319
-2124
-1222
-1391
-2193
-2993
-3044
-2285
-1382
-762
-797
-1146
-1320
-1003
-200
536
1038
1206
1137
1098
1305
1962
2743
3224
3165
2742
2547
2817
3349
3645
3459
3037
2596
2308
2217
2225
2180
1770
1099
561
363
406
289
45
-228
-486
-649
-723
-533
-298
-170
-221
-376
-312
-102
221
455
586
687
648
679
829
1116
1304
1214
1059
919
930
972
954
860
627
410
193
29
-82
-216
-392
-676
-910
-1037
-1085
-1116
-1201
-1278
-1341
-1350
-1284
-1169
-1023
-969
-981
-967
-852
-655
-466
-335
-286
-304
-272
-128
48
149
102
-7
-144
-169
-63
4
-91
-376
-615
-690
-652
-613
-700
-748
-784
-860
-971
-1085
-918
-755
-628
-607
-582
-360
-580
-1127
-1807
-1583
-566
-286
-1043
-2409
-2675
-2001
-1299
-1007
-1534
-2013
-2262
-1880
-1117
-757
-633
-899
-1024
-786
-291
389
599
685
780
961
1275
1518
1958
2289
2427
2446
2384
2574
2770
2962
2948
2581
2291
2080
2225
2250
1930
1543
1089
949
843
763
642
310
102
-52
-19
98
73
72
23
67
172
180
304
467
664
736
677
763
862
990
1058
1086
1079
990
961
929
906
798
618
423
250
158
11
-182
-401
-547
-634
-779
-897
-990
-1016
-1040
-1121
-1191
-1214
-1131
-1042
-1004
-982
-927
-812
-714
-670
-631
-515
-359
-301
-394
-506
-477
-334
-236
-262
-439
-603
-732
-686
-560
-599
-828
-1154
-1195
-1085
-937
-961
-1187
-1338
-1327
-1077
-890
-946
-1021
-1007
-756
-530
-406
-227
-304
-569
-1032
-959
-330
-2
-350
-1228
-1540
-1333
-979
-714
-762
-955
-1376
-1517
-1112
-535
-162
-345
-647
-656
-309
263
565
681
699
761
976
1237
1671
2003
2126
2145
2090
2179
2299
2464
2614
2483
2222
1868
1742
1877
1937
1787
1289
894
798
863
898
650
400
215
197
273
268
278
241
314
375
397
432
473
653
806
879
830
778
855
990
1099
1028
843
682
628
665
638
492
282
79
-61
-174
-311
-475
-657
-778
-868
-955
-1026
-1098
-1117
-1143
-1147
-1158
-1144
-1076
-1019
-953
-953
-937
-861
-776
-711
-695
-644
-596
-640
-708
-749
-717
-653
-640
-715
-903
-1061
-1100
-967
-822
-801
-1002
-1268
-1310
-1125
-829
-794
-889
-1058
-1105
-960
-620
-239
-111
-243
-374
-217
-95
-122
-312
-185
2
-185
-650
-1002
-750
-531
-533
-792
-1012
-1011
-995
-721
-588
-560
-668
-725
-519
-312
42
188
234
296
434
775
1000
1275
1470
1554
1646
1747
2038
2234
2269
2184
2093
2138
2186
2164
2046
1858
1712
1535
1350
1221
1112
1023
817
642
554
531
538
488
458
407
419
460
513
567
575
590
592
664
755
800
791
749
743
736
669
579
495
439
364
249
146
9
-128
-271
-398
-498
-624
-745
-882
-1011
-1109
-1171
-1191
-1203
-1238
-1290
-1340
-1336
-1240
-1179
-1182
-1202
-1156
-1030
-1017
-1026
-1014
-950
-869
-872
-815
-818
-866
-946
-978
-820
-725
-709
-822
-949
-923
-861
-705
-717
-841
-913
-900
-705
-616
-602
-686
-733
-572
-375
-187
-166
-202
-91
78
268
247
79
-31
-6
213
244
28
-309
-436
-178
140
184
-156
-460
-320
103
357
235
-61
-141
35
341
574
547
414
333
493
792
965
995
886
864
1013
1208
1361
1335
1287
1280
1315
1423
1486
1540
1475
1335
1261
1213
1242
1212
1121
999
864
806
787
810
802
714
601
534
568
633
633
545
433
397
415
432
411
358
286
203
153
130
98
22
-103
-200
-247
-290
-328
-396
-467
-544
-625
-665
-699
-730
-813
-933
-1006
-1034
-1011
-1018
-1057
-1094
-1165
-1192
-1165
-1049
-969
-1013
-1097
-1150
-1043
-924
-870
-933
-1006
-965
-885
-768
-713
-668
-686
-733
-689
-577
-404
-370
-430
-486
-479
-361
-334
-336
-406
-438
-377
-313
-220
-255
-286
-269
-151
18
72
76
27
57
166
317
471
461
341
162
129
275
438
488
293
88
31
206
413
430
323
158
162
208
293
358
350
340
236
185
172
285
458
525
484
358
401
595
804
907
850
796
812
940
1100
1148
1113
1018
957
971
1001
1031
982
899
833
776
740
683
650
622
551
493
417
377
362
333
305
231
175
107
66
52
21
8
-31
-75
-122
-148
-153
-192
-233
-283
-336
-378
-416
-447
-509
-582
-646
-701
-733
-767
-807
-838
-878
-909
-925
-944
-948
-958
-956
-939
-919
-879
-834
-796
-772
-771
-731
-687
-641
-593
-572
-535
-542
-501
-433
-379
-325
-295
-203
-217
-275
-328
-257
-85
-56
-124
-303
-324
-187
-37
33
-99
-193
-212
-95
87
154
132
16
41
183
326
372
275
241
259
359
403
385
367
323
369
391
480
519
483
440
396
508
566
529
383
255
280
315
331
242
142
109
116
180
224
232
222
203
223
254
296
354
370
368
343
331
379
437
522
539
482
429
418
485
527
516
452
381
369
384
423
422
385
328
261
240
239
246
203
114
44
-7
-4
2
-7
-41
-109
-139
-135
-103
-96
-134
-193
-232
-230
-224
-244
-317
-369
-378
-375
-372
-383
-400
-438
-474
-489
-479
-465
-477
-517
-560
-561
-540
-530
-554
-588
-590
-567
-545
-542
-541
-511
-475
-449
-441
-428
-408
-381
-337
-325
-319
-306
-280
-251
-244
-189
-116
-73
-92
-170
-158
-78
20
29
-66
-119
-113
-23
23
36
32
16
25
61
165
215
191
156
171
255
289
274
247
245
291
316
326
315
321
356
384
392
373
343
332
343
389
416
386
337
310
370
411
393
331
255
255
270
321
319
255
201
175
221
252
264
230
177
162
172
211
211
180
135
94
103
129
162
155
96
58
66
108
127
101
61
24
26
50
63
45
4
-24
-29
-25
-24
-48
-81
-102
-100
-102
-126
-157
-185
-198
-206
-215
-240
-260
-265
-244
-235
-248
-269
-289
-278
-250
-216
-218
-239
-243
-232
-213
-226
-260
-296
-307
-283
-259
-266
-296
-314
-270
-203
-173
-189
-221
-210
-167
-123
-118
-154
-187
-175
-120
-98
-118
-160
-170
-137
-93
-45
-29
-39
-73
-89
-43
20
58
44
3
-6
33
79
97
78
74
80
79
71
96
147
159
154
117
126
127
124
155
160
189
148
120
130
150
208
191
173
147
150
200
200
202
167
135
124
109
151
159
151
126
110
147
164
185
192
199
210
180
160
144
137
143
118
96
70
57
67
54
52
39
27
28
25
41
29
9
-13
-18
-7
-6
-8
-13
-20
-32
-40
-43
-32
-40
-45
-39
-23
-8
-32
-47
-60
-48
-24
-18
-15
-39
-50
-50
-66
-81
-106
-108
-96
-84
-81
-100
-113
-118
-100
-85
-91
-107
-130
-141
-137
-127
-106
-97
-98
-108
-119
-104
-81
-59
-70
-99
-118
-120
-101
-93
-95
-103
-114
-115
-116
-106
-109
-118
-107
-93
-71
-80
-101
-93
-60
-17
-17
-44
-68
-64
-25
-5
-2
-25
-52
-52
-23
28
62
74
62
51
62
95
121
124
110
105
121
119
105
88
100
130
140
119
70
54
71
109
120
97
72
72
97
103
104
106
114
101
56
25
17
45
60
62
72
43
22
10
39
107
112
98
33
5
32
53
82
54
28
4
5
31
36
36
10
8
12
17
24
11
15
15
8
-20
-55
-58
-59
-65
-91
-110
-93
-59
-35
-45
-60
-72
-80
-85
-81
-65
-52
-46
-48
-47
-42
-49
-51
-45
-25
1
-8
-22
-35
-24
17
35
42
22
0
-8
-9
18
35
34
-6
-49
-51
-27
3
14
2
-8
-21
-24
-6
9
20
20
23
22
2
-13
-20
2
29
34
6
-31
-47
-21
22
37
14
-33
-51
-27
7
18
-5
-45
-67
-53
-20
-6
-15
-32
-48
-45
-38
-27
-14
-13
-8
-17
-34
-42
-42
-22
-4
5
7
-11
-26
-32
-19
4
6
-11
-31
-21
8
23
10
-4
-5
-2
-9
-28
-38
-25
5
28
25
9
4
13
33
43
49
39
27
22
18
22
28
25
30
33
22
9
-13
-1
34
64
71
44
27
31
57
80
69
42
14
6
27
49
59
34
3
-3
22
63
89
92
73
55
51
57
61
63
61
52
24
-16
-36
-29
-1
14
-1
-28
-44
-19
25
57
56
24
-3
-11
0
2
-15
-43
-61
-66
-69
-69
-67
-61
-52
-57
-71
-84
-93
-77
-56
-47
-47
-67
-78
-84
-76
-56
-47
-44
-49
-59
-59
-46
-19
2
5
-8
-23
-26
-17
-9
-8
-17
-34
-49
-54
-47
-30
-6
15
33
34
26
25
25
39
54
61
62
46
18
-6
-16
-5
4
0
-8
-19
-20
-7
14
34
47
49
33
19
7
6
8
2
-3
-8
-10
2
16
23
30
31
29
15
4
19
50
76
72
47
27
20
29
40
43
43
47
54
52
42
29
23
21
25
36
28
13
-6
-18
-18
-13
-6
5
16
12
0
-21
-34
-31
-28
-29
-48
-62
-63
-51
-35
-22
-16
-10
-8
-7
7
25
39
37
22
13
5
-6
-17
-27
-38
-41
-35
-29
-31
-33
-26
-8
9
7
-2
-8
-6
-2
-2
-9
-14
-13
-11
-14
-17
-16
-13
-14
-14
-6
-2
-1
6
14
24
18
-8
-35
-45
-37
-17
-1
4
-1
-6
-9
-6
4
17
28
28
20
14
10
4
2
1
-8
-21
-36
-37
-25
-12
3
5
3
7
5
14
29
37
46
48
43
36
31
29
28
26
30
31
34
35
36
33
15
-10
-30
-36
-34
-30
-35
-46
-52
-53
-47
-35
-25
-20
-20
-20
-19
-9
4
10
10
-4
-23
-35
-25
-7
8
8
-6
-15
-14
0
15
24
24
18
6
3
6
11
14
15
10
1
-8
-10
-8
-2
16
31
36
29
23
29
38
46
41
23
3
-10
-4
19
41
44
24
-4
-23
-17
1
22
34
26
13
-7
-23
-26
-18
-1
5
-3
-23
-43
-56
-54
-39
-19
-2
1
-6
-8
-3
10
20
23
21
12
4
-4
-9
-16
-25
-22
-11
-4
0
-5
-13
-9
3
17
28
34
32
23
17
19
17
6
-3
-14
-23
-24
-25
-20
-16
-19
-30
-39
-31
-7
17
25
13
-5
-19
-19
-9
5
5
-14
-31
-35
-24
-12
-10
-16
-24
-20
-8
5
10
7
0
-2
3
11
13
13
5
-1
-9
-17
-17
-10
6
20
21
13
-3
-16
-14
9
31
42
39
23
6
-8
-15
-12
-1
15
24
20
4
-15
-24
-21
-3
14
20
19
19
19
19
16
16
18
19
18
18
16
12
12
15
14
13
10
3
1
8
14
20
20
19
18
17
16
13
9
2
0
1
-1
1
7
13
11
1
-16
-30
-29
-16
-2
4
-5
-16
-24
-34
-36
-39
-46
-52
-55
-52
-52
-50
-45
-38
-25
-8
2
4
4
8
20
31
32
25
12
-2
-7
-5
-5
-13
-24
-30
-32
-30
-23
-12
-4
5
11
7
-3
-14
-13
-4
3
5
9
14
17
18
12
5
-4
-5
1
9
16
19
20
23
29
39
42
33
19
7
-5
-11
-7
1
9
10
4
0
-6
-6
3
17
30
32
19
9
10
17
30
36
31
26
23
22
20
14
4
-6
-9
-4
-5
-7
-11
-15
-17
-20
-15
-8
-1
2
-2
-6
-12
-13
-11
-8
-9
-17
-24
-26
-25
-18
-17
-21
-26
-24
-14
-5
0
-2
-7
-11
-11
-9
-3
-2
-6
-16
-23
-25
-21
-9
8
20
20
11
1
-5
2
13
22
22
18
16
10
7
0
-4
-5
-4
3
4
1
0
0
5
7
7
6
2
0
-6
-20
-31
-33
-26
-17
-11
-9
-4
2
0
-6
-15
-16
-15
-7
5
10
11
7
4
6
10
12
10
12
13
19
22
19
16
14
9
7
8
14
21
22
21
19
15
10
5
3
5
4
4
8
15
23
23
16
9
4
1
0
0
3
3
0
0
0
4
5
2
-1
-3
-4
-1
3
5
4
2
5
7
8
3
-6
-17
-28
-31
-29
-23
-19
-17
-14
-16
-19
-21
-21
-16
-15
-18
-21
-19
-9
0
6
5
2
-5
-13
-18
-18
-19
-17
-18
-21
-20
-19
-15
-12
-10
-11
-14
-17
-20
-19
-10
0
9
19
22
19
9
0
-1
11
25
34
33
24
16
10
8
14
19
17
14
14
15
20
19
16
11
4
0
-2
1
5
8
10
12
13
13
12
8
0
-6
-2
5
12
17
15
12
4
0
3
12
22
21
11
-3
-12
-10
-4
-1
-2
-7
-13
-18
-17
-12
-6
-5
-13
-19
-21
-20
-12
-6
-1
-3
-8
-11
-11
-9
-4
-2
-3
-2
-1
3
8
15
16
15
9
3
-2
-5
-8
-7
-7
-12
-17
-21
-19
-9
3
13
11
10
12
15
20
17
15
13
4
2
-1
-2
1
2
4
2
-2
-3
-4
-5
-9
-12
-13
-15
-15
-13
-10
-10
-15
-16
-14
-10
-5
-2
-1
2
7
16
19
18
14
7
-1
-5
-6
-7
-7
-9
-7
2
6
3
-5
-8
-11
-8
-6
-9
-17
-26
-26
-25
-22
-16
-11
-6
-1
6
14
18
18
16
17
18
17
19
22
28
28
18
2
-11
-13
-3
9
14
13
14
10
9
9
8
6
2
1
2
5
4
-2
-6
-9
-5
0
5
7
8
11
12
12
12
11
9
8
11
12
9
4
-3
-2
2
3
-3
-12
-17
-15
-12
-12
-14
-16
-15
-11
-6
-6
-9
-11
-7
-1
5
6
1
-3
-6
-8
-10
-13
-13
-7
-1
3
2
-4
-11
-14
-13
-5
3
6
3
-4
-11
-16
-19
-19
-18
-14
-9
-9
-9
-9
-11
-8
-8
-9
-9
-7
-3
1
-1
-3
-8
-12
-12
-7
1
9
15
18
15
10
5
-1
-7
-10
-9
-5
1
8
9
6
0
-1
2
6
13
17
22
29
29
28
22
19
21
24
30
36
37
39
35
33
32
31
27
21
17
17
18
18
17
15
10
6
3
4
7
12
11
5
2
-2
-4
-6
-8
-9
-10
-12
-13
-12
-14
-20
-24
-23
-18
-15
-16
-18
-19
-19
-18
-20
-25
-28
-30
-32
-31
-32
-31
-31
-28
-24
-22
-21
-20
-17
-10
-7
-9
-16
-21
-25
-24
-22
-24
-24
-28
-26
-22
-16
-10
-8
-8
-5
-3
-2
-1
-1
0
2
3
4
2
1
-2
-2
2
8
16
21
23
27
31
33
32
31
31
29
28
29
31
30
27
24
22
22
20
16
15
13
15
19
19
18
16
13
11
12
9
5
-1
-4
-2
2
6
4
2
-1
3
6
7
6
2
0
3
2
2
3
5
8
9
7
2
-2
-4
-3
-2
0
-1
-7
-13
-17
-20
-19
-17
-16
-13
-11
-10
-9
-9
-9
-10
-13
-11
-10
-10
-10
-11
-12
-12
-9
-7
-6
-5
-2
3
6
4
2
4
8
13
15
11
5
0
-3
-5
-9
-10
-13
-15
-19
-24
-24
-23
-22
-26
-32
-41
-46
-45
-39
-35
-37
-45
-50
-46
-35
-24
-15
-12
-11
-6
1
5
9
14
20
24
29
34
36
37
39
44
50
59
66
69
68
68
66
65
64
66
68
65
57
46
38
33
29
29
33
35
35
28
18
8
1
-3
-7
-8
-10
-12
-18
-23
-30
-34
-34
-33
-31
-34
-37
-40
-40
-45
-53
-55
-54
-49
-42
-38
-37
-38
-38
-39
-40
-39
-41
-39
-36
-35
-32
-31
-30
-28
-29
-29
-29
-25
-18
-11
-8
-4
4
10
13
15
17
22
29
39
46
49
46
43
40
41
45
47
45
43
41
41
39
36
32
26
21
17
14
13
9
2
-7
-13
-16
-19
-20
-20
-22
-24
-26
-29
-32
-37
-39
-36
-32
-30
-30
-30
-26
-22
-15
-8
-1
2
2
0
0
4
9
14
12
8
5
6
11
18
22
23
23
25
27
31
31
26
24
21
19
21
21
21
19
16
14
11
10
11
14
20
18
12
7
5
4
5
6
9
8
5
1
-6
-11
-12
-15
-21
-24
-27
-31
-31
-29
-31
-34
-37
-36
-33
-33
-33
-33
-31
-28
-24
-23
-24
-26
-29
-29
-24
-20
-19
-20
-20
-21
-26
-27
-27
-20
-12
-8
-4
-3
0
1
2
6
10
12
15
20
21
20
19
21
22
25
28
27
28
31
35
39
42
45
47
48
50
54
53
53
58
63
68
71
73
73
72
69
65
61
58
54
46
43
37
33
26
21
17
10
5
1
-2
-7
-10
-15
-22
-27
-33
-41
-48
-52
-57
-64
-70
-74
-81
-83
-84
-85
-85
-86
-88
-91
-96
-99
-101
-100
-99
-97
-94
-90
-87
-81
-80
-80
-78
-77
-70
-58
-50
-42
-34
-27
-21
-17
-12
-8
-1
8
16
23
29
35
38
43
49
55
61
67
71
72
72
71
72
74
75
78
81
85
89
91
92
92
88
84
84
81
78
74
70
67
65
64
63
58
52
45
40
42
42
38
33
28
26
25
22
18
13
8
3
2
-5
-12
-20
-27
-28
-27
-28
-35
-42
-46
-48
-48
-49
-52
-57
-60
-61
-61
-64
-68
-72
-70
-63
-56
-54
-56
-58
-62
-63
-63
-58
-53
-46
-41
-37
-37
-39
-41
-37
-34
-30
-29
-30
-29
-26
-23
-20
-18
-17
-21
-20
-13
-5
-3
-4
-6
-7
-1
5
7
9
12
15
20
22
19
18
19
24
26
25
24
22
23
26
28
28
26
25
26
29
31
34
33
32
32
32
35
39
42
46
50
50
50
50
52
53
51
47
42
41
43
47
49
44
40
37
39
40
37
33
29
29
27
28
29
27
26
23
18
12
8
4
7
9
10
10
6
1
-2
-6
-7
-7
-8
-11
-15
-19
-22
-26
-34
-41
-47
-50
-52
-54
-58
-64
-69
-73
-76
-78
-79
-77
-77
-74
-72
-74
-77
-81
-82
-79
-76
-75
-76
-73
-71
-68
-65
-58
-51
-45
-40
-37
-33
-30
-23
-19
-14
-11
-8
-3
0
3
4
9
13
16
18
21
25
28
28
29
30
36
41
45
47
51
53
55
57
57
57
60
65
71
75
78
77
75
74
74
73
70
69
67
67
68
67
65
60
55
51
47
42
37
31
30
30
32
31
30
27
20
11
6
1
-2
-5
-6
-10
-14
-16
-17
-17
-21
-25
-31
-33
-32
-32
-33
-37
-38
