-1
0
-1
-1
-2
-1
0
0
1
2
1
1
0
-1
-1
0
3
4
4
4
3
2
2
2
2
1
2
1
1
1
2
2
3
3
2
2
1
2
4
4
5
3
1
-1
-3
-2
0
1
1
2
2
2
0
-1
-2
-2
-3
-3
-3
-4
-4
-3
-4
-5
-6
-8
-8
-8
-6
-6
-5
-5
-6
-6
-4
-5
-4
-3
-3
-2
-3
-2
-2
-1
-1
0
2
3
3
3
3
3
2
2
1
2
3
4
5
4
4
4
3
3
2
3
3
3
3
3
4
4
4
5
3
3
4
5
5
8
7
7
7
7
6
7
8
8
9
10
10
10
9
8
7
6
5
6
5
3
0
-3
-5
-5
-6
-8
-9
-10
-13
-13
-13
-13
-11
-13
-15
-16
-16
-16
-17
-18
-18
-19
-20
-20
-19
-17
-15
-14
-12
-12
-11
-9
-7
-4
-2
-1
-1
-1
-1
-1
0
1
0
1
1
2
3
3
3
4
6
6
9
9
11
11
11
10
10
10
10
12
14
14
15
15
15
14
17
18
19
21
22
23
24
27
28
31
32
33
33
33
31
29
28
28
26
26
24
22
18
16
13
10
6
3
-2
-6
-11
-15
-21
-25
-27
-32
-35
-37
-40
-42
-43
-42
-43
-46
-51
-56
-60
-62
-64
-65
-68
-70
-73
-71
-65
-56
-47
-42
-35
-27
-17
-6
3
10
14
17
20
22
26
28
27
26
22
20
19
21
21
21
23
22
22
22
21
22
20
17
14
11
9
8
8
8
8
9
11
18
24
31
38
43
49
53
59
62
64
67
67
66
66
64
62
61
58
55
51
48
45
44
40
37
33
28
23
16
11
7
2
-3
-9
-14
-20
-26
-30
-34
-39
-45
-48
-53
-59
-69
-83
-99
-112
-125
-135
-142
-148
-154
-158
-155
-146
-132
-119
-104
-90
-72
-54
-34
-13
4
18
29
38
47
56
63
68
72
73
76
78
80
82
83
82
82
79
73
67
58
48
37
23
8
-8
-25
-40
-52
-62
-69
-74
-78
-79
-77
-69
-56
-40
-24
-9
7
23
38
54
70
83
91
95
99
102
104
107
106
105
101
97
94
91
88
83
76
68
56
45
32
19
7
-5
-17
-30
-42
-53
-59
-60
-60
-55
-48
-35
-22
-6
11
28
45
58
70
76
79
78
73
61
48
31
10
-24
-66
-108
-147
-182
-212
-242
-273
-303
-323
-328
-319
-302
-286
-269
-249
-225
-190
-149
-107
-71
-41
-12
19
52
84
113
137
157
177
198
218
233
244
250
251
250
244
234
217
196
171
143
115
82
46
9
-30
-68
-106
-140
-168
-189
-206
-220
-224
-224
-212
-190
-160
-122
-84
-40
9
62
113
162
205
242
271
298
317
334
342
344
342
334
326
316
305
288
265
239
211
182
152
120
86
51
16
-19
-53
-84
-111
-133
-149
-158
-159
-151
-133
-106
-74
-41
-12
16
41
58
64
58
45
17
-33
-114
-220
-338
-454
-564
-668
-766
-860
-940
-998
-1020
-1001
-954
-893
-824
-747
-649
-536
-413
-294
-191
-100
-17
69
152
233
305
368
424
473
526
580
635
684
717
738
748
745
729
696
646
579
500
409
309
210
115
32
-42
-108
-159
-197
-217
-224
-226
-227
-229
-233
-250
-288
-330
-349
-330
-291
-235
-162
-75
21
128
261
422
585
718
817
899
962
1003
1015
989
934
857
777
693
611
539
471
405
342
294
265
236
209
181
157
128
79
19
-40
-90
-139
-189
-236
-275
-296
-299
-283
-251
-213
-170
-127
-84
-35
-1
6
-46
-166
-352
-593
-854
-1130
-1401
-1667
-1912
-2128
-2294
-2393
-2410
-2352
-2231
-2062
-1854
-1612
-1345
-1053
-761
-489
-255
-57
117
267
402
517
620
709
790
873
969
1076
1180
1278
1372
1450
1517
1562
1573
1544
1462
1330
1161
960
740
511
286
74
-126
-293
-418
-490
-517
-512
-489
-457
-420
-369
-314
-278
-269
-271
-259
-239
-203
-154
-65
43
163
305
483
699
905
1081
1237
1379
1497
1569
1586
1549
1459
1338
1181
1005
817
638
473
312
172
60
-21
-80
-123
-139
-137
-142
-164
-196
-216
-225
-239
-258
-280
-307
-327
-334
-309
-257
-184
-106
-36
45
126
199
241
259
247
158
-28
-320
-679
-1068
-1490
-1914
-2313
-2672
-2986
-3249
-3399
-3425
-3339
-3173
-2943
-2650
-2318
-1950
-1554
-1156
-779
-457
-179
68
279
467
627
784
931
1067
1209
1360
1529
1710
1889
2062
2202
2310
2370
2375
2329
2216
2043
1807
1521
1203
858
520
200
-86
-327
-522
-658
-739
-758
-734
-692
-640
-595
-574
-582
-594
-586
-562
-545
-509
-436
-302
-129
83
342
628
920
1186
1449
1699
1900
2039
2106
2101
2031
1905
1733
1507
1260
1026
792
571
371
212
86
-15
-92
-145
-175
-204
-243
-284
-324
-372
-432
-493
-545
-593
-626
-616
-571
-492
-389
-280
-166
-42
99
225
325
379
352
196
-87
-466
-902
-1380
-1892
-2399
-2873
-3292
-3645
-3878
-3959
-3906
-3755
-3511
-3186
-2805
-2391
-1949
-1503
-1085
-716
-400
-125
102
298
471
632
789
945
1121
1325
1548
1780
2025
2261
2468
2642
2771
2839
2834
2751
2586
2344
2035
1677
1283
879
489
133
-169
-410
-584
-695
-740
-746
-727
-689
-638
-609
-620
-649
-657
-650
-656
-667
-638
-541
-402
-225
1
294
613
929
1244
1557
1844
2062
2204
2262
2246
2174
2040
1841
1598
1351
1111
860
621
422
263
139
35
-33
-66
-86
-117
-163
-207
-258
-328
-411
-494
-556
-587
-586
-565
-524
-443
-335
-203
-60
93
231
329
361
306
170
-56
-376
-797
-1298
-1846
-2387
-2887
-3334
-3718
-4016
-4183
-4225
-4150
-3959
-3666
-3305
-2899
-2463
-2014
-1574
-1152
-762
-433
-153
87
306
511
703
893
1094
1317
1559
1815
2079
2340
2578
2789
2966
3080
3117
3073
2947
2741
2454
2115
1737
1337
936
555
210
-77
-305
-475
-589
-648
-671
-678
-668
-664
-705
-780
-832
-845
-850
-863
-862
-801
-684
-508
-275
27
366
684
1003
1331
1640
1891
2087
2215
2237
2182
2080
1915
1694
1457
1238
1013
787
600
444
323
234
171
135
102
47
-40
-134
-235
-349
-473
-582
-665
-712
-711
-676
-624
-530
-401
-263
-121
24
163
267
328
340
288
163
-36
-324
-703
-1172
-1710
-2261
-2749
-3180
-3571
-3885
-4095
-4185
-4155
-4003
-3748
-3420
-3042
-2636
-2231
-1821
-1412
-1034
-698
-398
-134
106
339
565
780
990
1220
1474
1749
2032
2309
2568
2807
3007
3137
3193
3173
3078
2911
2677
2386
2049
1676
1293
922
578
281
40
-151
-287
-387
-451
-503
-564
-631
-716
-834
-960
-1051
-1095
-1114
-1123
-1086
-976
-794
-566
-283
60
431
784
1118
1439
1707
1900
2022
2047
1985
1894
1774
1609
1413
1240
1105
976
861
780
727
691
647
600
542
450
306
123
-70
-269
-461
-622
-737
-790
-781
-725
-646
-566
-462
-354
-261
-179
-94
-8
54
79
64
2
-134
-366
-682
-1082
-1565
-2086
-2573
-2989
-3375
-3727
-3987
-4122
-4123
-4010
-3786
-3476
-3118
-2731
-2329
-1918
-1510
-1137
-801
-509
-257
-36
173
384
598
811
1029
1268
1542
1832
2123
2416
2707
2982
3195
3322
3363
3321
3196
2990
2724
2408
2055
1677
1289
915
578
298
74
-97
-230
-339
-433
-500
-572
-688
-857
-1020
-1122
-1185
-1249
-1309
-1308
-1221
-1080
-892
-629
-305
25
336
669
1021
1339
1591
1762
1852
1883
1877
1819
1706
1573
1459
1349
1250
1170
1112
1068
1003
920
842
760
621
415
177
-64
-287
-463
-587
-676
-732
-761
-780
-773
-724
-638
-541
-446
-355
-272
-214
-179
-151
-128
-117
-148
-253
-432
-683
-1016
-1425
-1852
-2253
-2626
-2988
-3327
-3604
-3781
-3836
-3779
-3620
-3382
-3101
-2787
-2436
-2057
-1678
-1311
-973
-679
-417
-177
54
295
532
748
955
1185
1452
1743
2047
2349
2633
2880
3085
3238
3323
3332
3251
3084
2854
2568
2252
1911
1557
1214
888
592
331
97
-117
-308
-461
-579
-691
-843
-1036
-1211
-1320
-1387
-1462
-1516
-1503
-1423
-1292
-1110
-844
-502
-146
206
587
979
1333
1616
1827
1969
2051
2091
2075
1988
1875
1764
1660
1558
1479
1419
1353
1239
1076
893
690
453
191
-40
-205
-319
-416
-523
-646
-783
-916
-1026
-1083
-1065
-976
-843
-699
-552
-411
-287
-190
-121
-61
2
35
-32
-232
-571
-1035
-1555
-2052
-2497
-2907
-3301
-3651
-3909
-4028
-4010
-3871
-3641
-3354
-3026
-2660
-2250
-1819
-1405
-1035
-726
-472
-254
-53
140
326
507
693
909
1173
1492
1840
2185
2526
2850
3130
3346
3488
3534
3482
3337
3116
2835
2502
2128
1721
1311
935
601
324
90
-132
-337
-490
-596
-701
-848
-1006
-1125
-1212
-1286
-1347
-1360
-1319
-1244
-1141
-950
-662
-362
-81
222
568
918
1244
1518
1723
1877
1997
2062
2051
2012
1963
1889
1798
1711
1635
1544
1404
1202
986
778
541
269
6
-202
-351
-465
-568
-668
-774
-881
-979
-1042
-1029
-939
-816
-694
-575
-471
-392
-338
-292
-229
-165
-133
-154
-236
-402
-690
-1086
-1522
-1958
-2403
-2841
-3239
-3575
-3831
-3971
-3986
-3904
-3749
-3525
-3230
-2866
-2446
-2005
-1577
-1177
-815
-498
-213
51
290
516
731
945
1177
1436
1723
2031
2343
2643
2926
3183
3395
3532
3575
3531
3411
3220
2961
2643
2279
1884
1474
1065
686
357
62
-207
-447
-630
-768
-926
-1130
-1348
-1498
-1570
-1620
-1675
-1690
-1627
-1502
-1332
-1085
-738
-361
0
358
736
1116
1450
1726
1938
2103
2227
2288
2267
2202
2136
2066
1984
1898
1815
1702
1526
1289
1019
747
470
189
-64
-253
-402
-549
-707
-877
-1040
-1171
-1265
-1307
-1266
-1148
-989
-820
-652
-484
-330
-208
-118
-47
19
80
83
-15
-245
-640
-1177
-1744
-2251
-2711
-3179
-3634
-4016
-4258
-4329
-4249
-4051
-3776
-3460
-3123
-2745
-2304
-1838
-1401
-1016
-688
-401
-140
122
374
602
813
1043
1342
1706
2086
2452
2806
3144
3452
3709
3900
4000
3987
3867
3657
3377
3041
2640
2174
1676
1189
754
386
75
-209
-481
-720
-929
-1131
-1336
-1526
-1689
-1822
-1916
-1953
-1932
-1853
-1715
-1519
-1241
-893
-510
-105
315
720
1097
1439
1731
1949
2103
2200
2239
2234
2205
2168
2113
2037
1942
1817
1657
1430
1150
855
563
290
61
-108
-245
-377
-538
-719
-920
-1103
-1218
-1260
-1235
-1167
-1063
-919
-733
-516
-289
-79
94
234
335
413
459
437
306
31
-397
-946
-1528
-2080
-2607
-3135
-3652
-4090
-4375
-4487
-4454
-4303
-4062
-3758
-3430
-3068
-2661
-2239
-1828
-1445
-1092
-769
-478
-208
49
293
541
819
1172
1588
2019
2438
2838
3218
3566
3860
4077
4194
4197
4088
3896
3626
3288
2888
2435
1961
1502
1081
719
411
132
-148
-417
-668
-906
-1121
-1326
-1529
-1726
-1893
-1989
-2012
-1960
-1849
-1674
-1410
-1075
-685
-253
209
679
1123
1532
1893
2172
2352
2441
2452
2429
2394
2362
2323
2266
2174
2030
1838
1602
1321
993
658
366
145
-2
-130
-292
-504
-761
-1045
-1328
-1552
-1663
-1656
-1577
-1456
-1300
-1108
-893
-685
-511
-374
-260
-167
-103
-61
-68
-176
-466
-971
-1632
-2302
-2868
-3346
-3807
-4263
-4639
-4862
-4898
-4777
-4528
-4191
-3787
-3326
-2813
-2264
-1706
-1182
-718
-326
-10
278
563
860
1142
1411
1711
2081
2517
2967
3384
3759
4106
4419
4656
4791
4808
4693
4460
4129
3711
3236
2710
2142
1543
960
437
-2
-385
-746
-1075
-1374
-1625
-1828
-1992
-2123
-2243
-2352
-2428
-2421
-2314
-2140
-1929
-1667
-1336
-970
-557
-93
375
820
1246
1647
2003
2317
2560
2714
2802
2856
2874
2864
2824
2722
2555
2339
2055
1683
1281
907
606
415
301
170
-41
-320
-664
-1019
-1316
-1520
-1616
-1615
-1535
-1404
-1226
-1017
-812
-613
-430
-297
-225
-168
-95
-44
-68
-208
-522
-1023
-1639
-2264
-2802
-3281
-3781
-4287
-4697
-4912
-4946
-4837
-4607
-4284
-3911
-3489
-2996
-2463
-1935
-1436
-992
-608
-273
34
333
648
949
1221
1520
1901
2344
2775
3172
3538
3884
4204
4464
4617
4653
4574
4373
4078
3713
3279
2775
2217
1645
1104
630
239
-84
-404
-731
-1068
-1377
-1621
-1807
-1947
-2084
-2190
-2249
-2251
-2179
-2037
-1831
-1564
-1232
-860
-436
23
471
871
1243
1598
1899
2129
2299
2416
2492
2549
2587
2587
2534
2425
2247
2006
1714
1375
1013
678
422
261
145
-15
-255
-566
-896
-1190
-1401
-1485
-1459
-1372
-1246
-1078
-873
-646
-414
-216
-60
57
143
215
292
353
326
144
-223
-775
-1437
-2066
-2618
-3149
-3696
-4212
-4594
-4779
-4766
-4614
-4369
-4056
-3702
-3300
-2839
-2340
-1853
-1412
-1019
-676
-369
-70
236
534
823
1121
1469
1887
2347
2781
3171
3539
3883
4186
4408
4528
4521
4376
4120
3788
3390
2927
2402
1837
1277
756
307
-63
-361
-659
-1031
-1411
-1690
-1860
-2016
-2208
-2404
-2524
-2535
-2474
-2358
-2165
-1895
-1603
-1279
-865
-397
51
467
850
1176
1492
1812
2032
2140
2234
2328
2362
2364
2368
2322
2211
2046
1840
1604
1337
1001
646
408
319
282
181
-24
-312
-585
-774
-891
-956
-932
-838
-732
-566
-294
34
359
660
901
1070
1173
1213
1179
1068
866
497
-64
-757
-1502
-2216
-2852
-3455
-4065
-4573
-4875
-4981
-4942
-4763
-4465
-4095
-3686
-3244
-2783
-2331
-1909
-1543
-1230
-967
-744
-523
-279
-48
178
469
865
1337
1835
2322
2765
3170
3558
3906
4145
4259
4243
4082
3792
3415
2972
2476
1941
1391
872
424
60
-257
-546
-818
-1101
-1347
-1518
-1639
-1764
-1912
-2027
-2074
-2044
-1953
-1820
-1626
-1380
-1090
-755
-352
91
505
884
1239
1560
1834
2048
2185
2267
2331
2386
2426
2445
2446
2403
2300
2148
1965
1753
1515
1269
1057
894
735
519
222
-134
-490
-785
-991
-1089
-1109
-1077
-991
-836
-613
-346
-96
86
213
307
380
434
465
421
235
-143
-711
-1399
-2093
-2689
-3229
-3780
-4343
-4810
-5080
-5124
-4994
-4758
-4439
-4054
-3608
-3096
-2538
-1997
-1510
-1093
-746
-447
-143
179
490
766
1024
1325
1731
2215
2703
3161
3591
4001
4370
4663
4829
4834
4677
4382
3981
3509
2977
2385
1747
1108
523
11
-428
-825
-1230
-1652
-2024
-2266
-2402
-2507
-2630
-2738
-2787
-2754
-2672
-2573
-2433
-2234
-1965
-1584
-1080
-498
133
790
1332
1612
1673
1697
1862
2215
2653
2997
3129
3082
2917
2687
2452
2224
1993
1732
1416
1063
744
533
443
410
351
201
-39
-308
-520
-658
-710
-669
-590
-492
-377
-221
-23
193
420
620
766
858
914
908
832
624
183
-496
-1250
-1914
-2489
-3061
-3688
-4273
-4681
-4853
-4841
-4721
-4497
-4204
-3873
-3480
-3000
-2503
-2049
-1653
-1318
-1038
-789
-524
-224
82
364
664
1050
1538
2033
2475
2874
3241
3583
3882
4108
4210
4176
4009
3731
3370
2957
2487
1960
1411
870
382
-22
-327
-636
-1048
-1494
-1841
-2023
-2146
-2287
-2437
-2524
-2504
-2416
-2296
-2093
-1810
-1563
-1307
-929
-453
-6
386
742
1057
1384
1712
1945
2080
2202
2311
2365
2397
2421
2382
2266
2069
1816
1574
1330
1010
667
446
356
296
233
145
0
-135
-195
-189
-109
59
241
361
468
590
733
874
1005
1078
1081
1058
973
781
435
-108
-846
-1645
-2346
-2922
-3455
-3993
-4489
-4836
-4953
-4871
-4653
-4330
-3927
-3505
-3052
-2516
-1957
-1469
-1067
-735
-459
-188
120
435
713
952
1192
1505
1921
2388
2798
3137
3444
3709
3920
4060
4081
3933
3624
3196
2701
2174
1612
1007
375
-216
-720
-1112
-1403
-1636
-1894
-2201
-2462
-2607
-2637
-2656
-2716
-2795
-2827
-2747
-2590
-2375
-2104
-1782
-1443
-1031
-502
40
518
944
1332
1659
1977
2283
2483
2568
2623
2684
2712
2724
2711
2629
2464
2251
2015
1757
1468
1145
873
712
615
506
346
119
-169
-435
-615
-722
-741
-628
-452
-276
-73
166
419
645
820
929
999
1046
1000
780
335
-328
-1111
-1833
-2418
-2958
-3542
-4073
-4395
-4471
-4362
-4129
-3791
-3390
-2982
-2561
-2080
-1571
-1117
-761
-477
-244
-18
259
577
848
1044
1237
1509
1897
2354
2786
3127
3408
3653
3813
3843
3746
3514
3125
2618
2077
1536
986
396
-222
-810
-1312
-1700
-1988
-2237
-2543
-2868
-3092
-3172
-3200
-3252
-3304
-3312
-3221
-3035
-2784
-2458
-2065
-1668
-1262
-730
-77
555
1108
1616
2072
2494
2899
3227
3422
3539
3632
3684
3685
3655
3584
3444
3243
3024
2811
2574
2233
1813
1431
1139
859
570
273
-55
-375
-588
-695
-761
-761
-704
-627
-539
-388
-187
40
284
493
652
757
803
727
426
-133
-911
-1742
-2486
-3174
-3898
-4614
-5159
-5475
-5565
-5468
-5238
-4937
-4605
-4249
-3850
-3380
-2882
-2420
-2025
-1703
-1441
-1166
-821
-473
-202
31
316
702
1196
1771
2366
2961
3560
4138
4628
4986
5178
5160
4948
4600
4157
3639
3043
2379
1693
1057
535
157
-125
-411
-774
-1135
-1392
-1551
-1691
-1873
-2076
-2243
-2317
-2311
-2239
-2092
-1877
-1610
-1271
-798
-229
327
826
1285
1705
2107
2474
2733
2854
2887
2885
2851
2802
2744
2667
2550
2402
2233
2037
1778
1442
1071
748
514
327
148
-66
-331
-599
-812
-957
-1030
-1015
-933
-837
-710
-514
-270
-24
145
226
264
286
240
26
-432
-1115
-1938
-2754
-3477
-4153
-4825
-5459
-5951
-6193
-6166
-5943
-5582
-5110
-4580
-4024
-3409
-2720
-2035
-1444
-991
-650
-358
-45
305
636
925
1205
1535
1973
2511
3073
3599
4075
4504
4874
5147
5288
5256
5035
4638
4122
3546
2922
2247
1536
843
226
-261
-635
-984
-1334
-1675
-1918
-2058
-2138
-2213
-2296
-2360
-2411
-2404
-2296
-2077
-1810
-1527
-1185
-731
-173
415
977
1493
1964
2396
2764
3051
3249
3359
3376
3315
3234
3144
3015
2811
2536
2234
1932
1604
1215
770
327
-43
-316
-491
-607
-742
-919
-1087
-1197
-1228
-1184
-1114
-1010
-860
-669
-488
-317
-152
5
155
252
278
164
-140
-705
-1496
-2350
-3116
-3767
-4379
-4976
-5525
-5854
-5882
-5669
-5299
-4822
-4275
-3693
-3067
-2390
-1705
-1086
-572
-184
110
371
653
962
1254
1496
1732
2079
2562
3098
3595
4021
4387
4701
4952
5085
5054
4840
4454
3933
3319
2665
1990
1294
597
-58
-611
-1027
-1305
-1551
-1860
-2194
-2447
-2552
-2602
-2664
-2754
-2820
-2792
-2661
-2433
-2139
-1782
-1407
-999
-480
130
729
1251
1698
2081
2425
2741
2975
3085
3103
3071
3021
2961
2902
2809
2660
2459
2229
2002
1766
1457
1065
711
459
296
166
-2
-257
-556
-806
-971
-1033
-984
-851
-690
-513
-294
-72
94
193
245
263
208
9
-373
-945
-1690
-2536
-3345
-4049
-4674
-5262
-5746
-6012
-6031
-5835
-5463
-4950
-4360
-3764
-3167
-2544
-1914
-1341
-873
-500
-208
44
294
582
891
1198
1546
1972
2480
3038
3597
4105
4543
4895
5133
5225
5150
4909
4505
3965
3349
2710
2048
1372
714
141
-307
-633
-900
-1190
-1497
-1744
-1874
-1937
-2004
-2081
-2133
-2133
-2100
-2010
-1820
-1562
-1306
-1051
-692
-211
293
762
1209
1621
1998
2346
2624
2785
2859
2874
2812
2696
2578
2453
2271
2034
1772
1533
1323
1072
750
443
206
15
-167
-344
-533
-738
-919
-1030
-1081
-1072
-997
-923
-854
-744
-581
-397
-235
-118
-62
-67
-140
-318
-684
-1255
-1962
-2708
-3400
-4005
-4557
-5072
-5479
-5680
-5639
-5395
-4998
-4481
-3900
-3301
-2683
-2011
-1314
-680
-178
200
490
742
1021
1317
1580
1821
2098
2451
2883
3363
3830
4233
4572
4846
5019
5065
4963
4689
4245
3675
3053
2404
1739
1049
362
-265
-779
-1154
-1391
-1568
-1839
-2169
-2419
-2498
-2478
-2478
-2530
-2606
-2596
-2476
-2270
-2007
-1639
-1231
-845
-372
212
815
1334
1778
2136
2425
2696
2892
2948
2890
2813
2719
2597
2486
2377
2226
2037
1833
1646
1488
1281
970
668
460
309
164
-19
-248
-515
-704
-791
-831
-806
-702
-564
-468
-332
-137
96
288
380
359
192
-114
-601
-1239
-1988
-2785
-3565
-4256
-4840
-5347
-5713
-5854
-5760
-5480
-5041
-4490
-3869
-3217
-2584
-1998
-1446
-938
-518
-204
31
232
437
681
961
1261
1601
2014
2480
2975
3471
3928
4312
4610
4781
4792
4652
4367
3937
3378
2747
2078
1415
771
167
-358
-779
-1113
-1397
-1610
-1763
-1877
-1962
-2001
-2011
-2011
-1996
-1952
-1892
-1798
-1640
-1431
-1176
-875
-503
-71
400
895
1382
1842
2240
2560
2803
2977
3076
3093
3037
2925
2759
2551
2325
2094
1851
1602
1338
1039
738
465
268
152
105
85
24
-95
-253
-406
-528
-585
-584
-556
-501
-423
-328
-250
-191
-141
-112
-142
-286
-597
-1089
-1705
-2379
-3051
-3689
-4276
-4822
-5288
-5603
-5710
-5604
-5306
-4848
-4306
-3721
-3107
-2460
-1809
-1202
-678
-247
108
401
658
894
1117
1332
1580
1891
2255
2652
3056
3439
3782
4070
4280
4397
4395
4251
3967
3560
3062
2503
1905
1291
686
113
-388
-807
-1177
-1503
-1769
-1946
-2054
-2136
-2198
-2220
-2190
-2104
-1974
-1790
-1544
-1268
-997
-701
-328
93
509
925
1335
1695
2005
2279
2489
2629
2726
2789
2798
2761
2708
2619
2489
2321
2128
1911
1655
1359
1024
699
415
181
16
-99
-224
-384
-524
-633
-703
-712
-652
-557
-458
-329
-209
-108
-18
59
89
44
-114
-440
-925
-1526
-2193
-2889
-3554
-4144
-4656
-5068
-5338
-5443
-5357
-5089
-4693
-4219
-3688
-3114
-2529
-1944
-1401
-929
-543
-231
28
260
511
787
1081
1408
1778
2184
2634
3118
3574
3958
4271
4485
4569
4519
4337
4021
3582
3064
2492
1883
1272
683
153
-289
-637
-941
-1254
-1568
-1846
-2043
-2185
-2320
-2456
-2564
-2608
-2575
-2434
-2171
-1795
-1384
-966
-499
29
574
1094
1590
2030
2388
2679
2896
3009
3033
3013
2942
2823
2697
2581
2445
2278
2093
1909
1706
1459
1160
829
532
302
136
1
-152
-362
-594
-787
-924
-979
-928
-814
-691
-558
-406
-268
-172
-86
-12
24
-20
-200
-544
-1043
-1630
-2275
-2939
-3590
-4204
-4755
-5193
-5458
-5534
-5417
-5139
-4731
-4243
-3701
-3124
-2523
-1905
-1329
-847
-444
-89
226
521
805
1079
1352
1654
2004
2400
2840
3294
3717
4077
4366
4568
4652
4610
4427
4096
3648
3127
2557
1945
1317
707
143
-342
-725
-1019
-1241
-1414
-1662
-1946
-2169
-2286
-2357
-2445
-2528
-2581
-2512
-2302
-2013
-1683
-1237
-722
-239
310
950
1547
2016
2414
2721
2918
3075
3171
3128
2984
2862
2747
2582
2428
2298
2151
2011
1863
1693
1513
1261
888
510
264
105
-60
-234
-444
-725
-965
-1061
-1071
-1006
-836
-644
-486
-315
-108
69
183
231
137
-136
-580
-1197
-1942
-2724
-3515
-4316
-5024
-5600
-6057
-6334
-6361
-6165
-5796
-5253
-4603
-3926
-3237
-2530
-1868
-1274
-735
-301
25
305
549
767
1025
1340
1689
2074
2520
3008
3518
4041
4516
4873
5123
5249
5196
4990
4661
4196
3638
3037
2402
1747
1099
499
-46
-487
-828
-1088
-1308
-1564
-1832
-2066
-2186
-2270
-2384
-2505
-2579
-2558
-2455
-2261
-1991
-1605
-1178
-730
-177
465
1097
1651
2143
2541
2837
3064
3186
3146
2994
2836
2663
2449
2267
2111
1934
1755
1608
1506
1425
1309
1109
904
778
699
605
451
239
-24
-252
-402
-525
-601
-576
-494
-426
-322
-170
-9
104
146
97
-110
-493
-1053
-1759
-2550
-3350
-4141
-4889
-5573
-6174
-6572
-6708
-6599
-6287
-5794
-5177
-4503
-3801
-3080
-2379
-1759
-1202
-730
-365
-53
253
540
808
1082
1379
1733
2176
2679
3190
3686
4154
4556
4876
5081
5115
4958
4639
4169
3558
2878
2165
1434
728
97
-430
-835
-1139
-1365
-1546
-1683
-1765
-1798
-1772
-1754
-1771
-1789
-1748
-1649
-1520
-1345
-1119
-828
-497
-94
365
849
1347
1807
2223
2587
2866
3033
3089
3032
2891
2712
2505
2268
2023
1806
1612
1421
1245
1095
910
679
432
190
5
-83
-55
59
198
294
316
282
224
160
114
122
184
273
394
498
534
520
457
288
-37
-535
-1180
-1931
-2720
-3483
-4201
-4868
-5464
-5931
-6194
-6237
-6091
-5776
-5314
-4763
-4164
-3521
-2849
-2188
-1591
-1081
-654
-299
3
287
546
783
1034
1334
1700
2118
2566
3013
3427
3800
4121
4352
4453
4408
4216
3883
3431
2894
2308
1683
1030
400
-164
-637
-1017
-1323
-1577
-1790
-1947
-2046
-2084
-2104
-2146
-2189
-2179
-2076
-1918
-1695
-1421
-1107
-734
-292
196
713
1281
1828
2296
2726
3123
3420
3592
3668
3641
3534
3382
3186
2947
2713
2512
2314
2113
1929
1732
1492
1207
892
574
282
14
-243
-446
-587
-706
-819
-894
-932
-940
-877
-749
-593
-410
-197
-22
101
203
261
217
12
-398
-987
-1688
-2446
-3194
-3912
-4585
-5190
-5683
-5981
-6062
-5964
-5700
-5291
-4794
-4247
-3645
-3011
-2393
-1828
-1340
-926
-567
-235
84
379
680
1000
1343
1750
2211
2699
3191
3656
4058
4390
4632
4747
4717
4544
4242
3809
3292
2741
2150
1531
932
384
-83
-441
-716
-968
-1212
-1415
-1549
-1635
-1703
-1795
-1907
-1992
-2015
-1974
-1872
-1687
-1444
-1153
-769
-291
242
784
1314
1795
2213
2570
2841
2984
2994
2922
2772
2565
2328
2079
1829
1600
1408
1254
1146
1045
905
735
551
343
114
-123
-359
-575
-740
-831
-871
-868
-824
-739
-614
-442
-243
-44
151
321
457
552
596
616
589
453
116
-428
-1087
-1769
-2414
-3021
-3618
-4198
-4676
-4985
-5107
-5064
-4885
-4596
-4215
-3781
-3303
-2774
-2243
-1762
-1351
-998
-680
-373
-68
237
523
811
1150
1546
1981
2424
2849
3241
3589
3888
4128
4276
4290
4167
3906
3534
3099
2613
2085
1515
943
417
-37
-407
-696
-936
-1134
-1295
-1486
-1724
-1934
-2072
-2193
-2322
-2432
-2483
-2429
-2252
-1996
-1683
-1229
-646
-77
490
1121
1715
2168
2537
2820
2973
3028
3000
2851
2613
2413
2231
2008
1821
1711
1623
1550
1486
1399
1317
1213
998
698
402
98
-239
-530
-712
-846
-932
-933
-901
-848
-696
-467
-251
-13
255
479
622
707
746
724
658
543
338
-16
-577
-1327
-2084
-2707
-3250
-3796
-4316
-4747
-5027
-5114
-5043
-4846
-4536
-4163
-3797
-3419
-2972
-2504
-2087
-1714
-1372
-1093
-819
-477
-120
215
573
986
1452
1954
2452
2916
3325
3671
3944
4125
4205
4166
3971
3660
3266
2816
2358
1878
1366
860
405
0
-357
-635
-858
-1061
-1231
-1344
-1449
-1595
-1721
-1802
-1836
-1801
-1702
-1544
-1315
-987
-585
-121
387
912
1427
1896
2322
2665
2906
3038
3049
2961
2817
2626
2389
2141
1905
1678
1465
1271
1089
908
738
569
370
158
-52
-295
-570
-831
-1058
-1245
-1368
-1423
-1401
-1304
-1152
-959
-735
-476
-208
49
268
433
522
546
514
411
273
113
-71
-263
-446
-601
-764
-1000
-1361
-1816
-2275
-2679
-3031
-3425
-3821
-4180
-4441
-4580
-4604
-4460
-4200
-3889
-3558
-3140
-2618
-2050
-1452
-862
-310
199
668
1130
1522
1836
2114
2366
2590
2757
2894
3014
3113
3171
3208
3238
3218
3173
3077
2919
2703
2422
2093
1684
1195
655
93
-458
-999
-1505
-1958
-2341
-2619
-2797
-2803
-2673
-2383
-1962
-1459
-842
-197
457
1051
1588
2066
2442
2738
2946
3105
3178
3181
3134
3028
2914
2759
2599
2425
2231
2043
1841
1620
1364
1105
821
503
162
-207
-554
-900
-1219
-1497
-1731
-1873
-1940
-1897
-1758
-1549
-1302
-1054
-809
-586
-345
-123
26
131
170
166
96
-24
-150
-321
-505
-712
-900
-1055
-1156
-1224
-1297
-1324
-1381
-1516
-1826
-2238
-2676
-3094
-3452
-3819
-4126
-4387
-4519
-4552
-4440
-4099
-3604
-3029
-2427
-1779
-1076
-370
313
919
1414
1802
2065
2264
2363
2421
2440
2451
2465
2444
2452
2489
2542
2581
2630
2683
2662
2573
2408
2178
1856
1430
913
314
-279
-828
-1304
-1654
-1922
-2155
-2360
-2416
-2299
-2007
-1521
-1016
-483
89
727
1316
1860
2435
2879
3146
3306
3432
3453
3414
3360
3231
3079
2947
2798
2622
2477
2374
2247
2094
1903
1618
1288
942
535
77
-342
-775
-1258
-1663
-1957
-2168
-2292
-2297
-2226
-2098
-1844
-1526
-1219
-915
-623
-410
-264
-143
-95
-133
-243
-423
-655
-835
-997
-1160
-1288
-1342
-1328
-1306
-1217
-1121
-1016
-884
-792
-774
-836
-895
-1008
-1213
-1463
-1850
-2307
-2829
-3293
-3652
-3881
-3919
-3888
-3721
-3472
-3091
-2625
-2127
-1601
-1140
-697
-296
65
403
630
767
832
875
895
901
1060
1332
1716
2149
2584
2923
3040
3070
3041
2977
2882
2754
2593
2299
1906
1440
953
513
121
-176
-418
-618
-775
-893
-885
-774
-554
-194
210
640
1068
1544
1980
2344
2691
2927
3038
3015
2969
2842
2647
2463
2251
2044
1880
1756
1645
1546
1457
1323
1148
959
718
438
135
-170
-501
-825
-1135
-1476
-1767
-1981
-2121
-2188
-2134
-1994
-1797
-1503
-1157
-820
-496
-183
51
206
312
351
279
148
-13
-229
-467
-728
-1001
-1255
-1463
-1606
-1723
-1762
-1772
-1784
-1781
-1787
-1787
-1814
-1831
-1902
-2005
-2074
-2128
-2162
-2143
-2066
-2030
-2075
-2128
-2132
-2101
-1985
-1844
-1672
-1519
-1373
-1227
-1070
-815
-554
-317
-138
48
210
342
481
602
717
816
899
975
1037
1095
1168
1253
1334
1396
1504
1626
1748
1868
2006
2121
2133
2106
2028
1911
1736
1518
1269
1018
780
521
294
98
25
49
222
461
764
1135
1485
1798
2066
2370
2556
2632
2646
2636
2546
2375
2145
1850
1562
1327
1163
1045
1017
1008
997
971
931
823
660
461
212
-47
-331
-659
-1040
-1363
-1588
-1735
-1797
-1811
-1804
-1778
-1693
-1573
-1411
-1183
-942
-776
-659
-570
-552
-618
-726
-854
-1045
-1254
-1474
-1657
-1793
-1885
-1960
-2007
-1980
-1924
-1806
-1652
-1449
-1280
-1180
-1191
-1328
-1413
-1416
-1291
-1120
-892
-665
-542
-478
-517
-605
-715
-724
-611
-369
-90
113
130
-49
-316
-634
-810
-934
-940
-951
-936
-879
-833
-663
-485
-187
112
428
690
908
1120
1298
1477
1616
1739
1805
1872
1904
1924
1877
1828
1747
1677
1642
1605
1582
1501
1447
1375
1315
1219
1089
939
774
643
539
459
378
269
159
73
26
29
64
151
257
394
554
693
822
938
1054
1141
1198
1227
1207
1163
1101
1025
928
811
691
577
487
401
313
216
117
32
-42
-103
-157
-203
-237
-260
-278
-316
-367
-437
-515
-575
-631
-692
-758
-814
-873
-924
-952
-977
-1006
-1040
-1057
-1084
-1129
-1164
-1189
-1211
-1227
-1235
-1262
-1304
-1356
-1411
-1483
-1546
-1602
-1640
-1625
-1561
-1486
-1421
-1350
-1290
-1208
-1101
-972
-860
-755
-658
-607
-547
-491
-438
-388
-331
-269
-228
-169
-115
-81
-51
-8
33
67
113
160
204
253
298
316
344
387
414
420
425
438
459
511
593
659
712
741
726
693
656
642
623
615
603
584
563
532
492
455
437
407
379
378
413
451
508
582
683
812
971
1147
1327
1517
1693
1852
1990
2131
2273
2420
2570
2698
2800
2876
2912
2878
2745
2414
1786
907
79
-320
-210
140
419
477
314
35
-246
-452
-575
-673
-781
-901
-1018
-1123
-1225
-1340
-1503
-1705
-1929
-2170
-2385
-2559
-2649
-2647
-2510
-2187
-1705
-1144
-696
-455
-455
-647
-910
-1157
-1243
-1176
-1000
-822
-689
-623
-633
-662
-720
-759
-789
-776
-759
-742
-725
-720
-719
-724
-719
-702
-646
-566
-440
-324
-203
-137
-97
-100
-142
-198
-282
-336
-424
-476
-520
-523
-480
-388
-277
-173
-70
18
94
158
215
217
178
66
-54
-172
-230
-215
-159
-38
103
294
482
682
860
1006
1130
1205
1255
1284
1308
1333
1363
1385
1385
1358
1339
1318
1311
1320
1344
1395
1448
1509
1527
1510
1454
1371
1277
1149
1000
829
699
624
589
568
533
493
456
420
401
388
389
397
397
394
359
295
196
82
-49
-202
-357
-504
-603
-637
-591
-497
-392
-315
-273
-271
-310
-389
-481
-559
-610
-610
-557
-467
-400
-396
-470
-617
-809
-1018
-1223
-1412
-1572
-1681
-1693
-1575
-1349
-1083
-831
-615
-467
-384
-349
-333
-292
-232
-164
-123
-140
-204
-299
-389
-450
-482
-488
-489
-508
-544
-599
-649
-693
-689
-636
-545
-443
-369
-313
-278
-247
-230
-219
-213
-213
-243
-287
-329
-355
-371
-394
-410
-422
-406
-390
-348
-276
-177
-66
37
135
195
236
254
251
234
209
175
138
117
119
140
181
246
329
442
557
641
705
739
756
761
778
811
841
877
922
986
1070
1175
1285
1379
1442
1466
1448
1406
1347
1270
1188
1106
1035
974
943
937
954
998
1066
1149
1198
1157
992
754
559
428
322
163
-137
-562
-833
-660
-264
-29
-3
-34
-15
56
149
203
161
19
-194
-412
-583
-680
-708
-686
-636
-576
-511
-453
-416
-407
-419
-447
-485
-519
-535
-543
-548
-556
-570
-578
-564
-532
-489
-450
-429
-427
-435
-440
-435
-416
-384
-345
-305
-277
-252
-230
-213
-200
-192
-190
-190
-191
-188
-175
-154
-132
-117
-106
-98
-92
-86
-79
-66
-53
-38
-25
-13
-6
1
4
6
4
3
1
-1
-1
1
2
3
5
5
6
5
2
1
-2
-4
-5
-8
-10
-14
-18
-23
-30
-39
-49
-61
-73
-85
-91
-95
-96
-94
-92
-89
-86
-83
-81
-82
-85
-91
-100
-111
-123
-132
-130
-114
-87
-64
-48
-36
-18
14
59
89
67
21
-6
-9
-4
-4
-11
-24
-31
-30
-18
1
20
36
44
47
45
44
42
40
37
35
35
36
38
41
45
48
47
45
46
45
43
41
36
33
30
27
26
25
23
21
20
18
15
13
13
11
10
9
8
7
8
7
6
6
3
2
1
0
0
-1
-2
-1
0
-1
2
3
5
6
7
7
8
7
8
8
7
7
6
7
6
7
7
8
10
11
13
14
15
14
15
14
15
15
16
16
16
18
19
20
22
23
23
22
21
20
18
17
16
14
15
13
13
12
12
13
13
13
12
10
8
7
6
5
4
0
-2
-4
-4
-2
0
0
0
0
1
1
1
1
-2
-3
-6
-7
-8
-8
-8
-6
-6
-5
-3
-2
-1
-1
-2
-1
-2
-1
-1
-1
-2
-2
-3
-3
-3
-3
-2
-4
-3
-3
-3
-3
-3
-4
-3
-2
-1
-1
-1
-2
-1
-1
-1
-1
0
-1
-2
-1
-1
-1
-1
0
-1
-1
-1
0
-1
1
1
1
1
1
2
1
1
2
1
1
0
1
0
1
1
1
1
3
2
3
3
3
4
4
4
4
4
3
5
4
5
5
5
5
5
5
4
4
4
4
3
3
3
3
3
2
2
2
2
2
2
2
2
2
1
1
1
1
1
1
1
1
1
1
0
0
1
1
1
0
0
1
1
1
1
1
1
1
0
1
1
1
1
1
0
1
0
0
0
1
0
1
0
1
1
1
1
1
1
1
1
1
1
0
1
1
0
1
1
1
1
2
0
1
0
0
1
0
1
1
0
1
1
1
0
1
0
1
0
1
1
1
1
1
1
0
1
0
1
1
0
1
1
1
1
1
1
0
1
0
1
0
0
0
0
1
1
0
1
1
1
1
1
1
1
1
1
1
0
0
1
1
1
1
0
1
0
1
0
1
0
0
0
1
1
1
1
0
1
1
2
0
0
0
0
0
1
0
1
1
1
1
1
1
1
1
1
0
1
1
1
0
0
0
0
0
0
1
1
0
0
0
1
0
1
1
0
0
1
1
0
1
1
2
1
1
1
1
0
0
0
0
1
0
2
0
0
1
0
0
0
1
0
1
1
0
1
0
0
0
1
0
0
1
0
0
0
1
1
0
0
0
1
1
1
0
1
1
0
0
1
1
1
0
0
1
0
0
0
0
1
1
1
0
2
0
0
1
0
0
1
1
1
1
0
0
1
1
1
0
1
1
0
1
0
0
0
0
1
1
1
0
0
1
0
1
0
0
0
0
0
0
1
1
1
0
0
1
0
1
1
0
0
0
0
1
0
0
1
0
0
1
0
0
1
0
0
1
1
1
0
0
0
1
0
-1
0
1
1
0
0
0
1
1
0
1
0
1
1
0
0
0
0
1
-1
0
1
0
0
0
1
1
0
-1
0
1
0
1
0
1
1
0
0
2
1
0
0
0
1
0
1
1
0
1
1
1
0
0
1
0
0
1
1
1
0
0
0
1
0
1
1
0
0
-1
0
0
0
1
1
1
0
1
1
0
0
0
0
1
0
0
1
0
0
1
1
1
1
0
1
1
0
0
1
0
1
1
0
1
1
0
0
1
0
0
1
0
0
0
0
1
1
0
0
0
1
0
0
0
0
1
0
2
1
0
1
1
0
0
1
0
0
0
1
1
0
0
0
0
0
