-1
0
-1
0
0
0
0
-2
-1
0
0
1
0
0
-1
1
1
0
1
-1
-1
-1
0
1
1
-1
-1
-1
-1
0
0
1
-1
0
0
0
0
-1
0
0
1
1
0
1
0
0
-1
-1
0
1
1
0
0
0
1
1
1
1
-1
1
1
0
0
0
0
0
0
0
-1
-1
0
0
0
0
0
-1
0
0
0
0
0
-1
-1
0
1
0
0
-1
-1
-1
-1
0
0
0
1
0
0
1
1
1
0
-1
-1
1
1
1
0
-1
-1
0
0
0
0
-1
0
0
1
2
1
0
0
0
1
2
0
0
-1
0
0
1
1
0
0
0
0
1
0
0
-1
-1
1
0
-1
-1
-1
-1
0
0
-2
-2
-1
-2
0
0
0
0
0
1
-1
0
0
0
0
0
-1
-1
1
0
0
0
0
1
0
0
0
-1
0
0
1
1
0
0
0
0
0
0
0
0
0
0
1
1
0
1
0
-1
0
1
-1
-1
0
0
-1
-1
0
0
0
0
0
0
1
1
0
0
0
-1
0
1
2
0
0
1
1
0
0
0
0
0
0
1
0
-1
0
0
0
-1
-1
-2
0
0
0
0
-2
-1
0
0
1
-1
0
0
0
0
0
1
0
0
0
1
-1
0
1
1
0
0
1
1
2
1
-1
-1
0
1
2
1
-1
-2
0
1
2
1
0
0
-1
1
1
1
1
0
0
0
1
1
1
1
1
0
1
1
0
-1
0
1
1
1
0
-1
-2
0
0
1
0
-1
-1
-1
0
-1
-1
-2
-2
-1
-1
-2
-2
-2
-3
-3
-2
-2
-2
-3
-3
-2
-3
-2
-2
-3
-3
-3
-4
-2
-2
-2
-4
-3
-1
-1
-1
1
0
0
3
3
4
6
6
7
9
10
10
10
11
13
14
15
14
13
14
14
14
14
12
10
9
8
8
7
5
2
-1
-2
-3
-3
-4
-5
-8
-10
-9
-9
-8
-8
-10
-11
-10
-8
-7
-7
-8
-10
-9
-9
-6
-5
-6
-7
-7
-6
-7
-8
-8
-9
-10
-10
-12
-10
-11
-12
-12
-13
-13
-14
-14
-14
-14
-15
-14
-13
-9
-8
-8
-8
-7
-4
1
3
3
2
4
7
11
13
12
13
15
17
22
22
22
23
25
27
31
34
37
37
37
40
44
46
45
45
48
49
50
49
50
51
53
52
48
42
37
32
26
23
16
4
-9
-24
-39
-49
-58
-69
-87
-106
-120
-128
-130
-135
-149
-165
-177
-174
-163
-155
-153
-157
-155
-143
-124
-104
-92
-82
-71
-52
-24
-1
13
18
25
38
50
59
63
62
60
57
55
52
47
38
26
17
12
11
9
2
-12
-21
-15
5
21
18
8
12
40
77
100
106
106
123
154
184
202
204
198
200
212
227
229
220
207
198
192
184
172
154
137
119
106
90
76
65
53
43
29
13
5
7
10
4
-8
-11
-5
11
14
4
-3
-5
1
6
-1
-10
-25
-38
-48
-62
-80
-104
-124
-140
-161
-180
-208
-230
-253
-286
-318
-342
-343
-344
-359
-384
-396
-384
-362
-341
-335
-331
-317
-291
-249
-209
-178
-159
-137
-100
-56
-13
20
37
53
70
94
117
135
146
143
134
130
135
140
130
117
108
106
104
96
93
91
89
90
97
114
133
146
151
159
177
201
228
254
271
284
301
325
346
350
344
340
349
359
355
337
310
294
279
266
248
227
200
169
151
137
123
99
71
49
37
37
37
14
-21
-42
-31
-8
-21
-67
-97
-91
-58
-65
-100
-138
-162
-152
-170
-194
-220
-242
-286
-394
-465
-447
-391
-409
-557
-696
-723
-636
-547
-567
-660
-731
-697
-580
-481
-449
-457
-446
-375
-278
-180
-100
-47
-3
38
99
176
246
300
322
328
340
365
404
420
405
373
347
337
330
312
275
216
160
128
124
122
71
-46
-143
-113
7
45
-80
-217
-196
-30
117
120
30
-13
67
225
342
369
323
283
326
426
506
508
459
426
404
399
410
416
386
302
213
162
165
185
159
64
-45
-96
-80
-35
-37
-97
-171
-204
-165
-108
-86
-115
-164
-164
-110
-48
-20
-41
-65
-66
-30
17
25
1
-39
-59
-56
-45
-42
-77
-134
-192
-215
-209
-202
-228
-334
-464
-526
-463
-393
-451
-600
-709
-685
-596
-538
-554
-613
-628
-576
-476
-391
-349
-323
-281
-199
-111
-35
36
107
167
202
238
294
359
403
412
398
391
411
439
434
383
324
297
302
290
238
172
117
86
65
24
-22
-55
-40
-22
-45
-66
-55
14
76
98
107
117
180
252
302
325
326
355
393
425
441
427
428
433
416
388
354
346
328
282
230
174
151
129
96
62
11
-22
-44
-45
-35
-55
-73
-92
-77
-51
-51
-41
-28
2
15
5
12
8
35
47
75
86
9
-53
-74
9
40
-48
-116
-181
-258
-472
-631
-513
-363
-422
-822
-1166
-1135
-899
-702
-807
-1045
-1173
-1119
-876
-691
-636
-667
-696
-591
-411
-216
-57
23
78
133
231
378
504
591
627
614
611
637
713
761
720
634
566
558
560
531
467
362
262
184
157
150
108
28
-113
-214
-204
-62
30
-84
-262
-310
-138
32
72
35
8
68
138
233
326
373
371
330
363
440
493
490
456
426
381
357
380
404
354
233
150
147
174
160
83
0
-59
-84
-96
-104
-95
-121
-164
-187
-176
-126
-94
-94
-115
-135
-109
-64
-30
-31
-63
-74
-35
15
-3
-103
-137
-54
25
10
-95
-155
-147
-118
-95
-126
-160
-178
-160
-124
-254
-529
-734
-579
-250
-246
-672
-1128
-1127
-785
-500
-542
-817
-1005
-957
-703
-455
-365
-412
-496
-465
-312
-95
92
174
177
165
227
390
559
662
679
646
619
647
747
841
816
697
585
555
583
590
541
423
269
126
57
63
108
86
-91
-302
-365
-229
-76
-84
-196
-288
-243
-104
32
125
134
115
129
217
366
458
462
428
423
458
494
532
539
485
397
338
345
373
346
243
130
55
26
8
-24
-77
-158
-243
-289
-273
-235
-242
-293
-344
-349
-286
-211
-145
-152
-183
-186
-140
-47
-17
-2
-7
-15
10
18
63
77
49
17
-29
2
26
24
6
-47
-9
-90
-356
-671
-693
-328
-151
-472
-1074
-1339
-1072
-689
-562
-810
-1120
-1215
-1046
-745
-565
-553
-650
-677
-544
-313
-72
94
150
134
160
302
521
695
772
763
713
717
815
962
1015
934
821
756
765
797
792
716
549
323
149
142
268
295
74
-255
-404
-296
-103
-52
-202
-356
-379
-251
-112
-22
19
-19
-15
70
241
377
412
417
395
420
481
561
618
575
499
428
435
495
503
424
271
155
110
105
92
22
-87
-202
-277
-279
-248
-239
-292
-387
-439
-400
-301
-217
-238
-319
-356
-266
-121
-77
-81
-117
-89
-47
1
76
95
101
12
-34
4
84
135
33
-55
-89
-18
23
-163
-491
-738
-611
-345
-371
-776
-1252
-1350
-1099
-834
-852
-1121
-1342
-1341
-1142
-919
-794
-775
-800
-771
-635
-398
-141
47
120
136
211
392
633
820
893
877
870
943
1079
1198
1214
1136
1042
996
1018
1049
1027
914
736
549
369
272
297
354
229
-114
-386
-382
-178
-64
-177
-405
-538
-444
-239
-73
-48
-126
-160
-64
152
336
394
386
386
443
535
650
731
714
633
550
559
625
648
573
412
284
223
206
181
98
-24
-175
-282
-312
-308
-325
-388
-484
-549
-536
-461
-389
-385
-420
-434
-374
-289
-235
-220
-200
-184
-163
-124
-69
-12
-4
-15
-18
34
75
54
13
21
77
77
33
20
38
-51
-361
-710
-792
-534
-329
-589
-1155
-1556
-1477
-1131
-921
-1072
-1440
-1649
-1527
-1206
-942
-872
-915
-927
-812
-579
-308
-75
55
100
160
311
558
817
995
1062
1066
1107
1227
1394
1504
1498
1422
1348
1329
1343
1356
1285
1114
906
701
580
507
467
362
180
-13
-210
-293
-293
-231
-251
-422
-568
-575
-398
-245
-228
-279
-301
-178
-17
118
208
250
290
344
443
555
635
667
660
629
611
627
652
624
536
422
337
299
275
208
87
-49
-153
-216
-236
-268
-339
-445
-517
-525
-491
-454
-469
-506
-541
-507
-452
-411
-383
-386
-358
-310
-262
-234
-208
-136
-54
-3
-34
-81
-61
57
161
199
167
110
108
131
194
74
-337
-856
-975
-507
-132
-432
-1317
-1950
-1776
-1159
-781
-1060
-1647
-1964
-1774
-1292
-961
-931
-1081
-1166
-1034
-776
-474
-182
-8
23
28
169
486
842
1100
1186
1154
1155
1301
1591
1802
1810
1677
1553
1556
1640
1697
1645
1438
1098
805
790
992
999
612
80
-170
-20
188
132
-219
-558
-614
-445
-254
-234
-351
-499
-522
-353
-143
-19
-16
-20
10
98
250
407
519
523
496
509
593
714
751
684
545
441
424
444
445
354
185
21
-73
-70
-75
-156
-302
-453
-533
-543
-524
-537
-593
-669
-701
-675
-616
-598
-614
-587
-523
-452
-429
-421
-367
-288
-189
-143
-151
-100
-20
101
123
70
35
66
239
344
337
250
135
60
-199
-523
-658
-489
-249
-462
-1037
-1583
-1665
-1307
-1010
-1042
-1444
-1831
-1848
-1556
-1185
-1052
-1115
-1214
-1203
-996
-691
-346
-103
-35
-7
112
404
764
1053
1217
1255
1293
1423
1659
1896
1976
1923
1815
1748
1768
1825
1819
1680
1443
1187
1019
906
842
738
587
300
-73
-274
-249
-145
-264
-542
-771
-811
-718
-647
-606
-640
-675
-678
-596
-408
-223
-111
-114
-78
33
192
381
506
551
511
497
576
706
768
700
611
558
563
587
547
440
288
135
30
4
-28
-141
-314
-470
-540
-548
-549
-601
-683
-736
-760
-738
-714
-669
-612
-584
-567
-522
-431
-341
-280
-246
-184
-50
97
159
121
86
169
387
523
453
298
236
356
431
201
-299
-663
-580
-245
-166
-609
-1276
-1629
-1474
-1102
-951
-1227
-1674
-1904
-1780
-1468
-1232
-1183
-1262
-1297
-1195
-953
-620
-322
-128
-66
-23
147
475
860
1142
1272
1283
1310
1483
1752
1972
2022
1921
1814
1795
1864
1915
1867
1645
1307
1031
997
1137
1073
658
148
-61
16
73
-76
-393
-631
-690
-625
-551
-578
-663
-744
-734
-610
-473
-401
-371
-300
-202
-96
29
170
292
342
374
442
538
633
659
639
591
556
556
543
532
478
355
214
103
51
-4
-93
-218
-358
-461
-518
-533
-563
-621
-678
-711
-698
-681
-655
-613
-552
-483
-479
-456
-380
-295
-234
-216
-150
-44
50
133
187
255
313
318
322
312
382
470
517
476
263
-58
-389
-505
-385
-235
-360
-857
-1383
-1601
-1431
-1135
-1084
-1377
-1800
-1982
-1830
-1511
-1290
-1296
-1396
-1415
-1249
-932
-594
-341
-199
-116
11
272
642
993
1232
1329
1355
1444
1654
1902
2057
2072
2000
1934
1929
1965
1978
1890
1705
1427
1110
926
986
1080
825
262
-217
-302
-122
-72
-316
-710
-957
-956
-821
-723
-743
-831
-954
-940
-764
-561
-412
-345
-291
-250
-149
61
304
473
481
430
454
604
803
885
806
671
615
636
685
690
579
375
189
106
99
69
-65
-269
-458
-574
-573
-555
-586
-675
-773
-810
-786
-722
-702
-680
-633
-542
-452
-414
-389
-356
-205
-11
116
106
64
155
335
460
449
381
356
431
521
532
462
340
107
-219
-472
-492
-325
-320
-664
-1193
-1554
-1549
-1305
-1133
-1281
-1633
-1903
-1885
-1638
-1389
-1295
-1320
-1337
-1273
-1062
-737
-407
-172
-81
-1
200
525
874
1144
1305
1376
1455
1606
1812
1988
2062
2035
1969
1917
1905
1918
1878
1722
1419
1097
938
1014
1042
723
211
-149
-159
-45
-119
-447
-803
-951
-887
-758
-715
-789
-909
-956
-851
-647
-503
-458
-420
-339
-212
-46
131
274
357
387
436
543
675
778
800
749
696
685
687
672
611
478
308
186
123
85
8
-137
-293
-414
-472
-494
-538
-616
-704
-733
-724
-702
-680
-682
-638
-576
-475
-390
-363
-335
-279
-144
-46
54
103
87
124
254
444
457
348
221
225
399
554
581
371
64
-213
-386
-420
-412
-411
-606
-974
-1359
-1544
-1454
-1285
-1271
-1495
-1756
-1877
-1776
-1535
-1326
-1250
-1300
-1323
-1178
-871
-530
-264
-95
9
138
374
700
1021
1257
1369
1435
1548
1728
1929
2064
2091
2027
1955
1928
1932
1940
1869
1699
1442
1127
910
864
919
757
314
-125
-346
-294
-224
-324
-602
-895
-1007
-964
-824
-739
-774
-891
-941
-797
-563
-361
-258
-210
-180
-100
105
339
511
569
561
595
691
818
882
845
759
686
651
639
617
528
365
196
80
13
-52
-157
-302
-455
-560
-620
-669
-719
-778
-803
-826
-815
-759
-723
-686
-641
-542
-452
-409
-315
-226
-178
-131
-30
84
138
163
203
263
326
375
340
317
351
445
467
324
114
-188
-468
-594
-528
-472
-630
-1021
-1463
-1685
-1616
-1388
-1307
-1507
-1862
-2078
-1947
-1618
-1316
-1242
-1356
-1386
-1240
-913
-501
-168
-2
55
173
441
817
1197
1456
1563
1596
1675
1875
2126
2284
2305
2216
2091
2039
2052
2069
1953
1658
1291
1101
1111
1086
828
351
-26
-157
-118
-169
-434
-727
-886
-834
-755
-796
-863
-904
-837
-705
-595
-519
-441
-318
-181
-62
36
166
335
486
581
617
653
738
839
893
858
798
739
705
690
622
502
351
215
109
12
-99
-234
-363
-489
-597
-691
-744
-781
-806
-835
-857
-874
-856
-801
-752
-693
-620
-516
-430
-395
-372
-288
-130
-7
35
5
12
149
293
369
298
235
269
398
492
410
243
111
42
-201
-598
-897
-836
-607
-663
-1112
-1709
-2006
-1880
-1534
-1339
-1541
-1966
-2247
-2116
-1682
-1289
-1187
-1285
-1345
-1190
-813
-370
-12
176
258
389
651
1024
1412
1706
1844
1851
1874
2039
2291
2490
2524
2394
2210
2091
2090
2101
1936
1604
1326
1231
1194
927
506
180
73
72
-91
-404
-706
-823
-780
-731
-791
-964
-1077
-1016
-776
-577
-529
-555
-502
-293
-85
107
245
352
462
559
679
789
890
942
939
924
905
903
896
845
731
565
405
301
225
102
-76
-268
-434
-547
-625
-697
-785
-903
-1014
-1079
-1056
-982
-974
-1014
-1033
-947
-795
-658
-557
-554
-533
-420
-218
-49
-8
-48
-25
188
377
366
203
146
343
561
596
454
307
256
177
-79
-600
-1012
-913
-562
-499
-1070
-1935
-2377
-2107
-1521
-1271
-1618
-2255
-2608
-2396
-1852
-1399
-1287
-1457
-1585
-1407
-984
-463
-5
230
294
380
618
1054
1555
1924
2069
2043
2021
2175
2513
2821
2893
2729
2450
2306
2295
2282
2152
1901
1621
1325
1130
868
563
323
150
24
-242
-566
-796
-835
-761
-773
-903
-1079
-1106
-939
-728
-587
-539
-531
-461
-254
9
224
377
471
557
649
771
910
1002
1046
1002
952
911
899
903
820
663
475
316
223
148
19
-193
-423
-598
-689
-750
-831
-932
-1024
-1041
-1058
-1071
-1097
-1070
-994
-942
-874
-847
-750
-589
-402
-302
-342
-311
-194
49
223
272
224
221
321
354
377
392
475
470
400
330
218
21
-406
-857
-1045
-853
-606
-821
-1503
-2175
-2349
-2052
-1686
-1627
-1960
-2392
-2568
-2353
-1904
-1488
-1341
-1427
-1489
-1295
-809
-240
161
341
390
514
843
1324
1791
2090
2198
2192
2230
2425
2705
2896
2893
2716
2510
2368
2285
2146
1951
1760
1604
1344
903
504
291
281
245
-32
-490
-887
-956
-806
-718
-821
-1062
-1202
-1127
-875
-620
-520
-528
-508
-392
-180
102
352
512
570
592
667
822
1032
1149
1121
998
890
883
926
933
829
586
321
176
130
86
-63
-313
-561
-725
-775
-813
-891
-1015
-1103
-1111
-1082
-1053
-1044
-1014
-968
-875
-758
-616
-497
-416
-356
-293
-202
-77
85
209
274
282
264
326
451
526
476
355
370
503
519
275
-189
-722
-1105
-1081
-702
-522
-1012
-1974
-2648
-2518
-1873
-1453
-1662
-2292
-2765
-2699
-2202
-1618
-1317
-1399
-1591
-1531
-1128
-552
0
359
465
485
648
1066
1617
2065
2290
2318
2258
2318
2586
2898
3037
2898
2608
2366
2300
2360
2266
1926
1439
1132
1074
977
628
104
-237
-295
-288
-500
-863
-1117
-1142
-1024
-960
-1012
-1101
-1096
-943
-719
-531
-449
-366
-194
36
254
386
506
662
816
902
953
1019
1091
1139
1115
1031
933
831
742
677
576
401
193
5
-134
-245
-389
-574
-717
-800
-885
-971
-1051
-1074
-1051
-1046
-1044
-1037
-946
-815
-681
-576
-505
-403
-313
-183
-41
5
15
142
352
458
350
239
359
611
701
542
382
345
421
260
-346
-1082
-1341
-879
-368
-579
-1655
-2731
-2878
-2164
-1388
-1372
-2123
-2909
-3049
-2477
-1679
-1244
-1363
-1673
-1724
-1358
-749
-128
289
416
426
520
865
1416
1957
2305
2369
2241
2188
2383
2744
3035
3036
2745
2391
2220
2273
2261
1978
1534
1254
1186
954
495
51
-125
-98
-192
-543
-1000
-1239
-1158
-933
-855
-1029
-1280
-1345
-1094
-690
-401
-378
-458
-387
-132
213
485
617
643
646
723
897
1101
1221
1189
1064
948
902
921
913
818
622
365
157
72
45
-60
-271
-522
-732
-817
-808
-799
-885
-1009
-1048
-998
-913
-882
-841
-751
-652
-539
-452
-350
-208
-75
-10
16
87
166
260
354
432
477
446
435
457
547
599
530
359
-127
-827
-1368
-1216
-511
-252
-1012
-2324
-3027
-2640
-1725
-1230
-1599
-2445
-3023
-2864
-2173
-1487
-1265
-1441
-1659
-1629
-1215
-575
50
422
469
426
560
983
1575
2096
2342
2286
2118
2133
2424
2809
2988
2840
2508
2216
2117
2151
2069
1757
1390
1162
1026
756
332
-13
-129
-154
-333
-731
-1121
-1251
-1074
-857
-866
-1091
-1301
-1203
-836
-460
-324
-406
-461
-320
24
383
582
619
601
671
860
1054
1169
1166
1066
962
909
916
926
867
703
474
278
142
51
-36
-178
-378
-566
-689
-730
-750
-827
-913
-951
-911
-855
-831
-867
-842
-692
-494
-348
-375
-464
-394
-107
205
265
78
-50
53
355
570
549
394
268
372
585
665
570
156
-524
-1250
-1456
-827
-133
-341
-1639
-2960
-3136
-2185
-1167
-1111
-2023
-2998
-3208
-2588
-1680
-1183
-1283
-1645
-1808
-1506
-880
-160
372
512
413
394
709
1310
1926
2321
2385
2205
2077
2237
2641
3010
3047
2759
2356
2120
2140
2182
2036
1643
1237
979
836
650
333
28
-197
-334
-520
-802
-1031
-1058
-903
-836
-952
-1152
-1172
-911
-585
-398
-398
-397
-269
-9
272
466
573
604
658
776
918
1024
1068
1053
985
919
853
793
759
684
522
313
138
24
-57
-176
-353
-528
-657
-733
-788
-830
-864
-894
-901
-914
-890
-852
-797
-651
-530
-471
-429
-370
-233
-82
28
51
27
65
151
243
340
403
350
230
148
294
508
537
342
-140
-747
-1290
-1358
-845
-382
-662
-1783
-2857
-2965
-2172
-1338
-1292
-2034
-2831
-2999
-2453
-1649
-1162
-1174
-1458
-1617
-1385
-803
-71
466
621
547
535
808
1358
1950
2338
2400
2220
2091
2239
2620
2950
2980
2716
2341
2105
2093
2101
1915
1551
1223
1056
833
482
165
-8
-90
-282
-589
-892
-1048
-1009
-904
-860
-930
-1071
-1108
-919
-591
-318
-259
-308
-246
-20
296
569
697
695
667
756
957
1152
1227
1127
980
909
906
898
814
667
485
295
118
0
-83
-214
-409
-597
-718
-741
-733
-779
-862
-941
-934
-895
-823
-764
-733
-684
-658
-531
-396
-299
-238
-197
-94
26
133
169
177
240
305
319
331
368
415
421
327
275
257
-29
-681
-1445
-1573
-932
-387
-754
-1999
-3039
-3054
-2224
-1404
-1410
-2187
-2987
-3153
-2558
-1727
-1251
-1272
-1566
-1700
-1411
-778
-31
487
640
598
621
921
1461
2054
2474
2549
2375
2237
2364
2729
3054
3093
2831
2428
2169
2133
2061
1831
1524
1344
1173
738
213
-93
-56
64
-132
-620
-1099
-1237
-997
-725
-687
-935
-1243
-1248
-889
-418
-184
-226
-268
-139
136
461
716
848
874
836
881
1033
1227
1340
1281
1131
976
874
829
813
748
543
249
8
-93
-124
-212
-425
-687
-873
-928
-912
-947
-1043
-1116
-1107
-1028
-918
-834
-827
-840
-742
-520
-279
-166
-207
-261
-186
26
224
300
266
194
211
265
316
382
412
439
419
313
150
-144
-712
-1376
-1610
-1161
-639
-875
-1974
-3084
-3220
-2462
-1693
-1635
-2305
-3038
-3182
-2696
-1972
-1453
-1358
-1521
-1613
-1382
-828
-105
480
703
722
782
1065
1598
2180
2588
2733
2617
2470
2556
2859
3163
3239
3031
2668
2353
2177
2135
2173
2027
1499
791
384
389
475
280
-218
-667
-899
-944
-898
-850
-858
-995
-1179
-1202
-939
-569
-386
-366
-329
-184
18
250
493
703
817
833
900
1058
1245
1344
1307
1223
1149
1090
1003
924
845
674
405
165
44
-47
-194
-416
-627
-774
-882
-957
-1018
-1065
-1103
-1154
-1166
-1116
-991
-859
-816
-832
-795
-651
-453
-288
-188
-138
-102
-20
134
276
306
235
209
302
384
408
397
420
419
286
57
-351
-936
-1448
-1446
-947
-704
-1306
-2458
-3189
-2945
-2166
-1690
-1914
-2582
-3094
-3047
-2498
-1818
-1416
-1409
-1590
-1607
-1263
-635
68
550
708
724
844
1217
1778
2337
2678
2713
2565
2501
2705
3054
3280
3224
2927
2571
2287
2119
2036
1987
1831
1406
824
358
191
209
137
-153
-604
-997
-1148
-1054
-875
-831
-996
-1217
-1258
-1015
-646
-402
-316
-273
-179
14
241
510
761
913
969
977
1049
1180
1301
1324
1231
1109
981
872
805
745
620
400
137
-69
-195
-295
-418
-570
-729
-879
-993
-1054
-1067
-1055
-1050
-1076
-1077
-983
-851
-742
-696
-622
-476
-313
-160
-78
-45
10
144
251
273
276
323
401
432
461
422
386
417
455
420
-34
-848
-1618
-1679
-892
-297
-797
-2240
-3379
-3281
-2300
-1473
-1564
-2409
-3200
-3279
-2661
-1836
-1350
-1346
-1592
-1719
-1424
-806
-80
478
688
684
714
987
1526
2158
2631
2756
2557
2347
2439
2801
3146
3188
2906
2497
2112
1968
2035
2065
1795
1170
668
463
404
327
51
-286
-612
-821
-871
-873
-846
-864
-963
-1026
-977
-824
-624
-447
-257
-128
-74
24
202
456
707
842
875
882
968
1111
1188
1184
1103
979
877
808
756
662
478
268
97
-43
-167
-311
-463
-590
-696
-772
-844
-900
-920
-936
-953
-962
-923
-792
-633
-554
-571
-589
-483
-250
-16
87
9
-111
-78
146
421
489
297
89
76
272
455
432
275
81
19
-25
-362
-999
-1544
-1388
-741
-532
-1283
-2486
-3038
-2557
-1720
-1390
-1812
-2496
-2824
-2614
-2028
-1464
-1225
-1288
-1438
-1367
-975
-389
186
527
608
620
767
1122
1617
2087
2369
2362
2193
2155
2378
2728
2917
2782
2466
2128
1910
1845
1834
1767
1476
1015
574
308
244
233
90
-239
-636
-884
-847
-704
-653
-781
-992
-1047
-902
-634
-405
-318
-291
-250
-97
150
384
576
670
690
722
794
937
1076
1098
1017
912
849
824
785
694
551
368
193
54
-31
-109
-256
-420
-562
-654
-685
-734
-804
-854
-863
-836
-793
-724
-620
-560
-558
-572
-501
-293
-98
-9
-103
-206
-131
75
258
274
187
137
195
262
262
196
176
230
254
168
-243
-904
-1448
-1369
-680
-324
-918
-2108
-2832
-2493
-1659
-1237
-1557
-2207
-2574
-2448
-2015
-1547
-1261
-1213
-1313
-1358
-1135
-664
-79
394
570
571
606
825
1255
1756
2109
2160
1995
1902
2084
2437
2677
2632
2360
2036
1781
1717
1798
1848
1607
1051
565
399
484
473
249
-83
-397
-575
-649
-613
-548
-566
-704
-853
-834
-637
-405
-281
-233
-203
-149
-38
141
373
545
613
598
593
693
842
925
895
822
747
669
619
575
514
374
190
63
-18
-82
-187
-311
-432
-519
-578
-655
-709
-725
-712
-704
-699
-694
-662
-592
-501
-425
-380
-343
-291
-187
-53
51
62
-15
-39
86
211
221
116
12
41
143
224
191
93
52
-108
-516
-1050
-1292
-950
-518
-648
-1445
-2241
-2337
-1836
-1359
-1371
-1767
-2146
-2243
-2006
-1588
-1249
-1151
-1198
-1217
-1039
-682
-274
93
320
441
545
702
968
1348
1710
1899
1874
1792
1834
2041
2297
2383
2256
2030
1798
1677
1711
1777
1589
1089
640
607
776
674
286
-98
-233
-196
-200
-336
-495
-533
-541
-548
-516
-455
-406
-368
-245
-92
-10
1
83
273
416
481
479
504
625
746
769
692
654
661
657
630
553
439
300
176
118
79
-36
-200
-333
-400
-424
-457
-539
-616
-636
-637
-645
-637
-606
-615
-608
-549
-485
-440
-392
-274
-146
-133
-189
-229
-128
74
156
67
-113
-130
17
129
125
31
-59
-67
1
58
-13
-377
-935
-1302
-1142
-674
-570
-1111
-1849
-2134
-1837
-1404
-1303
-1537
-1838
-1944
-1783
-1546
-1317
-1153
-1078
-1023
-942
-753
-465
-142
163
367
492
597
757
1059
1420
1684
1755
1689
1695
1852
2038
2146
2106
1954
1777
1620
1548
1524
1465
1283
975
715
574
507
451
335
164
-28
-188
-262
-241
-188
-197
-304
-433
-446
-316
-139
-26
14
23
34
125
289
470
587
583
538
544
640
734
749
680
584
518
466
430
378
294
170
31
-73
-149
-198
-267
-359
-461
-553
-612
-636
-619
-597
-616
-677
-726
-703
-616
-517
-451
-459
-473
-447
-314
-163
-109
-126
-163
-122
-112
-128
-110
-22
60
-38
-224
-318
-204
-34
-45
-237
-423
-364
-225
-358
-873
-1367
-1299
-833
-597
-1022
-1770
-2132
-1873
-1350
-1129
-1350
-1709
-1841
-1617
-1201
-856
-732
-771
-757
-579
-268
56
293
440
552
695
846
1022
1245
1483
1656
1660
1593
1581
1689
1862
1936
1865
1680
1510
1437
1413
1370
1217
969
746
630
587
519
371
206
75
2
-27
-39
-19
-10
-11
-22
-25
30
125
248
321
338
327
329
402
489
556
558
528
515
504
512
481
433
366
264
169
47
-42
-125
-213
-311
-432
-502
-549
-561
-582
-623
-649
-679
-682
-682
-658
-630
-597
-552
-530
-494
-441
-366
-312
-311
-322
-275
-172
-110
-123
-155
-137
-112
-109
-128
-145
-148
-174
-222
-300
-342
-341
-340
-354
-422
-476
-491
-424
-311
-233
-336
-677
-1061
-1153
-800
-454
-543
-1100
-1581
-1553
-1160
-774
-776
-1018
-1257
-1249
-985
-659
-372
-313
-361
-410
-313
-22
294
556
609
559
553
678
965
1244
1398
1357
1220
1186
1336
1556
1651
1553
1353
1202
1181
1222
1214
1114
927
744
632
598
582
507
412
293
214
179
175
195
207
205
164
146
172
220
291
328
359
365
356
367
400
449
454
419
348
285
280
277
248
186
73
-22
-91
-148
-201
-282
-355
-450
-525
-546
-564
-560
-606
-653
-653
-608
-530
-507
-507
-504
-467
-388
-313
-261
-250
-240
-201
-169
-159
-163
-162
-159
-179
-197
-238
-272
-304
-338
-338
-378
-430
-510
-538
-500
-502
-569
-704
-704
-586
-468
-449
-538
-568
-534
-373
-274
-388
-634
-727
-440
-170
-241
-645
-912
-777
-447
-275
-399
-575
-623
-479
-290
-155
-153
-205
-188
-77
104
205
268
311
363
451
539
643
717
803
859
897
932
956
1013
1047
1051
1014
965
939
918
898
831
741
658
588
551
515
459
394
360
346
340
332
321
327
332
340
348
358
382
399
407
407
409
418
407
393
385
375
345
277
213
167
135
103
37
-34
-109
-156
-176
-211
-258
-325
-374
-417
-430
-415
-420
-453
-495
-499
-465
-412
-389
-397
-406
-395
-369
-344
-330
-314
-299
-312
-321
-317
-288
-272
-283
-327
-382
-382
-354
-329
-376
-478
-570
-578
-481
-431
-500
-662
-715
-638
-508
-443
-480
-536
-557
-450
-316
-203
-170
-209
-179
-129
-98
-165
-221
-112
-37
-89
-286
-394
-304
-190
-119
-202
-303
-302
-225
-99
-59
-58
-44
-23
52
120
183
232
274
356
400
438
484
535
610
661
704
716
748
801
830
852
847
863
831
766
734
710
721
657
551
457
395
415
393
370
327
280
274
270
312
322
316
310
290
315
333
355
365
334
298
252
229
238
234
200
119
51
22
8
-8
-54
-114
-182
-224
-228
-234
-251
-299
-359
-408
-420
-404
-424
-463
-501
-503
-480
-443
-405
-406
-422
-428
-386
-322
-296
-303
-347
-348
-325
-293
-282
-312
-322
-359
-373
-381
-356
-347
-410
-446
-453
-398
-378
-415
-432
-416
-363
-357
-365
-325
-302
-278
-276
-227
-152
-148
-126
-125
-68
-14
-9
19
13
84
121
110
98
78
108
96
92
100
78
58
13
9
49
58
63
27
38
69
72
87
77
142
164
156
158
163
234
268
313
321
291
307
340
421
470
460
446
448
513
558
572
545
510
510
495
508
505
487
453
402
381
368
368
359
324
295
262
251
257
244
224
179
139
126
129
127
106
69
32
5
-12
-33
-59
-82
-101
-115
-120
-123
-140
-178
-208
-213
-209
-211
-239
-257
-278
-306
-328
-360
-364
-356
-360
-380
-416
-433
-436
-416
-417
-454
-491
-491
-453
-416
-408
-427
-439
-448
-414
-362
-318
-301
-316
-294
-255
-199
-178
-180
-184
-183
-140
-115
-99
-97
-100
-100
-101
-73
-51
-59
-65
-46
-4
9
-10
-6
9
58
78
71
86
102
133
125
129
123
109
127
159
204
183
141
125
158
248
292
296
255
216
237
257
303
297
265
236
201
230
224
240
232
211
217
199
224
232
257
256
237
227
220
250
266
253
214
181
175
190
199
186
161
140
145
166
179
167
134
105
99
102
101
83
59
36
11
-3
-7
-16
-33
-56
-79
-94
-113
-128
-139
-140
-148
-153
-150
-151
-144
-154
-160
-164
-159
-136
-134
-155
-195
-222
-218
-206
-203
-220
-244
-264
-259
-237
-227
-235
-264
-268
-251
-223
-215
-232
-247
-263
-246
-235
-219
-202
-211
-196
-182
-155
-129
-109
-99
-107
-98
-59
3
28
9
-19
-1
49
92
101
66
37
25
55
95
100
81
33
25
43
80
110
86
52
8
15
59
107
115
73
51
61
108
157
157
134
99
88
134
166
194
167
131
121
137
205
226
230
184
154
172
196
233
216
175
130
97
101
110
123
108
57
12
-5
24
50
50
17
-29
-25
2
35
27
-7
-30
-38
-7
6
11
-5
-24
-6
19
47
37
25
22
17
30
25
20
8
-16
-24
-32
-30
-37
-59
-80
-97
-97
-92
-100
-109
-123
-136
-130
-115
-106
-111
-127
-133
-123
-108
-95
-98
-106
-107
-97
-79
-71
-73
-77
-86
-80
-64
-51
-41
-52
-59
-52
-45
-38
-44
-44
-51
-60
-63
-65
-49
-46
-50
-58
-65
-47
-20
-3
-14
-32
-30
-2
34
43
17
-28
-53
-30
24
66
58
26
4
16
56
85
89
51
32
39
72
95
79
63
30
32
42
56
65
43
35
18
31
41
38
38
29
33
20
9
16
32
35
23
6
12
40
68
88
77
73
65
65
79
81
86
70
58
62
66
62
49
46
55
59
54
45
48
55
41
21
2
2
5
4
-7
-24
-34
-41
-31
-18
-11
-9
-18
-12
-1
-3
-17
-41
-42
-41
-32
-29
-42
-50
-65
-63
-60
-56
-54
-60
-54
-55
-49
-52
-62
-57
-51
-39
-39
-39
-37
-34
-39
-47
-45
-40
-29
-20
-13
-8
-8
1
8
19
20
16
13
10
13
14
8
1
-4
-6
-12
-15
-12
-10
-17
-22
-31
-31
-28
-24
-13
-13
-11
-12
-9
-7
-20
-33
-42
-30
-9
2
0
-11
-9
6
23
36
39
36
35
39
49
54
48
28
6
0
9
15
18
13
10
6
7
22
27
27
13
-5
-5
-4
5
-1
-13
-14
-13
0
11
22
23
2
-4
6
28
34
22
20
20
24
16
10
7
3
6
-9
-10
-7
1
4
-8
-12
-16
-6
2
7
4
-9
-13
0
11
8
-10
-18
4
42
72
62
39
25
27
43
42
33
17
4
11
23
35
28
11
4
9
22
22
8
-6
-13
-14
-16
-22
-28
-30
-29
-21
-14
-7
-15
-22
-22
-18
-5
-2
-8
-22
-34
-36
-29
-10
-5
-11
-23
-27
-20
-15
-11
-19
-26
-29
-26
-17
-13
-17
-26
-32
-31
-29
-29
-31
-27
-19
-13
-2
2
3
-1
0
6
14
14
6
-3
-14
-17
-21
-25
-26
-26
-20
-16
-12
-5
2
14
26
34
39
36
35
35
28
23
11
3
4
11
18
12
6
6
10
16
11
5
6
8
14
20
25
24
12
4
2
2
1
-11
-21
-24
-20
-19
-18
-14
-8
-2
4
12
20
23
18
12
9
5
6
5
5
0
-7
-4
5
19
15
3
-1
11
33
36
25
6
-3
3
11
14
5
-11
-21
-12
1
5
0
-14
-11
-6
2
12
12
11
6
7
13
13
9
-5
-11
-7
-3
-2
-4
-7
-3
-1
0
-2
-2
-4
-9
-12
-14
-7
-8
-9
-11
-9
-5
-5
1
2
-1
-11
-23
-20
-13
-6
-11
-20
-18
-17
-8
0
5
4
-5
-9
-8
-4
-3
-7
-9
-4
6
6
5
6
6
16
16
16
15
10
12
11
15
6
-12
-17
-17
-9
-3
-2
-5
-7
-8
-6
2
7
2
-1
3
8
8
2
-12
-21
-19
-11
-5
-3
-13
-18
-13
5
26
28
18
5
0
10
15
11
0
-11
-11
-10
-7
-4
-6
-8
-8
-4
3
9
13
13
9
10
2
-7
-13
-18
-20
-24
-23
-22
-15
-5
9
20
23
22
16
16
19
20
20
16
16
17
17
18
17
18
20
24
25
23
21
16
12
12
14
13
8
0
-14
-22
-17
-7
-5
-10
-17
-15
-8
2
6
1
-8
-13
-8
-1
1
-8
-16
-17
-12
-2
-2
-6
-12
-14
-9
-5
-3
-9
-18
-20
-15
-6
3
7
5
2
-2
0
3
-2
-5
-8
-4
5
7
0
-10
-11
-6
-1
5
8
4
-1
-3
-5
-5
-11
-16
-20
-20
-13
-8
-2
3
4
3
4
11
17
17
13
5
-1
-2
-1
-3
-5
-8
-7
-4
-1
-3
-3
2
8
12
13
11
7
-2
-8
-14
-17
-16
-12
-6
-2
0
2
5
8
10
9
10
12
12
16
17
17
12
6
4
6
5
6
1
-4
-3
0
5
4
0
-6
-9
-6
-2
-4
-9
-14
-12
-4
1
2
-2
-3
-1
4
5
4
3
0
3
7
14
18
18
18
16
18
23
20
19
16
12
8
6
2
-3
-9
-13
-9
-6
-1
-2
-4
-2
-2
1
-1
-3
-3
-3
-5
-10
-17
-17
-13
-11
-13
-18
-21
-19
-13
-4
2
0
-4
-8
-9
-5
-2
-5
-9
-16
-17
-17
-10
-2
-2
-5
-4
1
9
15
17
13
5
2
0
1
3
3
-1
-12
-17
-16
-7
-2
-4
-11
-16
-15
-11
-6
0
4
8
11
10
11
15
16
17
14
12
12
12
13
13
11
9
11
16
21
28
32
30
19
8
0
-6
-7
-7
-5
-7
-11
-18
-23
-27
-25
-23
-23
-20
-15
-7
-1
4
2
-5
-14
-22
-22
-17
-8
2
6
10
12
11
14
14
10
6
4
5
10
15
16
14
10
5
5
7
10
11
13
13
16
19
16
11
5
-1
-6
-9
-8
-10
-11
-9
-9
-4
1
4
2
0
-1
-1
0
-1
-5
-9
-14
-13
-8
-1
4
8
11
8
2
-4
-5
-2
-4
-4
-7
-9
-10
-12
-13
-15
-19
-22
-20
-17
-12
-9
-10
-11
-8
-7
-5
-3
-3
-5
-5
-2
3
10
14
12
13
15
19
20
21
19
19
16
12
8
2
-3
-6
-2
0
2
2
-4
-8
-11
-12
-12
-9
-7
-5
-4
-3
-4
-9
-16
-19
-19
-14
-6
-2
3
6
6
6
6
8
6
4
4
7
12
13
16
17
16
14
11
11
14
15
18
18
14
8
2
0
-4
-8
-10
-9
-5
3
9
12
8
1
-6
-9
-10
-8
-6
-7
-6
-7
-9
-6
-5
-3
0
3
5
6
4
3
3
2
2
-1
-7
-12
-15
-17
-16
-14
-15
-15
-12
-6
-3
-1
-1
-1
-2
-3
-5
-9
-7
-9
-10
-7
-1
7
15
18
15
10
9
10
13
17
13
8
3
0
0
-1
1
2
3
5
9
14
17
17
11
6
0
-4
-6
-3
-1
0
-1
-4
-8
-10
-11
-13
-14
-16
-18
-19
-16
-14
-12
-12
-14
-16
-16
-11
-7
-5
-1
0
0
-1
-1
0
2
5
8
9
10
11
10
10
9
5
0
-5
-6
-2
3
10
15
15
11
7
1
-3
-5
-1
3
6
5
2
-2
-2
4
7
12
11
13
11
11
10
9
9
8
10
12
14
17
16
12
5
1
-2
-1
1
3
3
-1
-7
-9
-10
-12
-15
-17
-16
-13
-12
-13
-13
-14
-14
-12
-6
-1
0
-3
-5
-4
1
8
10
10
11
9
9
5
3
1
-1
-3
-5
-7
-9
-11
-9
-5
-2
-3
-9
-11
-10
-8
-5
-8
-14
-17
-18
-17
-13
-10
-8
-7
-5
-1
4
7
8
7
7
7
5
2
0
0
0
5
7
9
9
9
7
9
12
15
15
14
14
13
9
5
2
-1
1
2
5
6
4
5
5
6
7
7
6
7
7
6
1
-5
-9
-12
-12
-11
-13
-14
-14
-8
0
7
9
9
8
6
8
10
8
7
7
6
6
2
-4
-5
-4
0
5
8
7
3
-2
-8
-9
-7
-3
-3
-4
-4
-7
-13
-16
-15
-14
-11
-8
-9
-9
-8
-6
-1
0
-5
-12
-17
-15
-8
-2
1
0
0
1
0
-3
-2
0
3
7
12
12
6
0
-3
3
5
5
3
3
5
10
13
11
7
3
2
1
0
-2
-2
0
2
7
7
8
7
8
11
11
5
-1
-4
-3
-2
2
2
-2
-8
-10
-5
2
5
2
-3
-8
-8
-7
-5
-7
-9
-9
-7
-3
-1
-2
-4
-4
-2
4
3
2
0
-2
-3
-8
-12
-13
-8
-3
-1
1
2
4
8
9
5
2
-1
1
4
7
8
6
7
10
14
14
12
9
8
9
10
11
13
13
10
6
1
2
2
0
-1
-3
-2
3
7
11
8
6
6
7
3
-6
-14
-21
-19
-15
-12
-8
-7
-6
-8
-10
-10
-7
-6
-6
-4
-5
-8
-11
-11
-9
-3
1
-3
-7
-11
-14
-13
-9
-3
-2
-3
-5
-7
-6
-5
-5
-5
-9
-12
-13
-7
-2
1
4
4
6
8
10
12
10
6
1
-3
-2
0
2
2
1
3
5
8
5
3
0
-3
-2
-3
-3
-1
0
1
5
5
3
3
3
3
5
10
14
19
17
13
10
12
15
19
20
18
18
16
12
10
7
7
14
16
12
9
6
5
1
-5
-11
-7
-1
2
1
-2
-5
-5
-5
-5
-6
-9
-12
-14
-16
-15
-11
-3
3
3
-3
-9
-11
-12
-15
-16
-20
-20
-15
-13
-14
-15
-13
-12
-8
-5
-7
-8
-10
-12
-11
-12
-13
-10
-9
-6
-5
-5
-3
-2
-3
-4
0
4
7
7
5
4
8
14
18
18
16
13
9
5
3
4
7
9
14
14
15
13
7
6
7
10
12
9
7
4
6
8
6
7
4
6
11
12
9
7
4
6
11
12
15
15
8
7
7
1
3
6
2
3
-2
-8
-6
-5
-2
0
1
2
4
5
2
-2
-2
-5
-7
-9
-9
-8
-11
-12
-12
-14
-16
-13
-11
-11
-11
-15
-19
-21
-25
-24
-24
-23
-19
-17
-17
-15
-20
-21
-18
-17
-11
-7
-5
-1
2
1
-1
-4
-5
-2
6
10
11
12
9
8
6
0
-2
1
4
11
16
15
14
12
7
6
7
9
14
17
18
17
13
11
14
15
15
15
14
13
11
7
6
8
10
13
15
14
10
7
3
2
4
3
5
9
11
12
7
0
-3
-3
-1
1
3
5
2
-3
-9
-13
-16
-15
-15
-13
-12
-10
-9
-8
-11
-14
-18
-15
-12
-8
-3
0
-2
-7
-6
-4
-6
-6
-8
-10
-6
-5
-6
-7
-11
-14
-10
-9
-7
-7
-9
-12
-16
-16
-15
-10
-6
-4
0
-3
-6
-5
-5
-3
-4
1
5
10
9
5
3
1
0
0
5
10
11
10
10
11
15
16
11
11
11
12
15
15
14
15
17
17
13
13
13
16
15
10
7
1
0
2
4
8
10
8
7
4
0
-3
-2
0
1
1
-2
-5
-10
-16
-17
-18
-19
-19
-13
-7
-2
-2
-3
-5
-9
-14
-12
-8
-3
1
0
-5
-4
-4
-1
-2
-5
-5
-4
-2
2
4
6
8
6
7
9
9
9
6
7
4
0
-3
-3
3
5
11
10
7
7
7
4
4
5
7
11
11
6
4
1
-6
-4
-3
-1
1
-1
-4
-2
-4
-7
-7
-11
-10
-5
-5
-8
-11
-13
-14
-12
-14
-11
-7
-6
-9
-11
-10
-10
-7
-5
-5
-6
-8
-7
-8
-8
-10
-12
-11
-5
4
9
8
3
0
0
0
0
2
6
10
10
6
5
2
3
7
6
7
10
14
17
13
8
4
1
0
0
1
0
2
3
5
3
1
1
2
4
1
-3
-9
-13
-10
-9
-8
-9
-9
-8
-9
-11
-13
-12
-7
-5
-5
-4
-2
-1
3
8
7
4
2
1
6
9
9
10
13
16
17
18
16
16
20
22
22
23
22
20
20
16
18
20
19
18
12
7
6
7
6
8
9
10
11
9
6
1
0
1
1
1
1
0
0
2
3
-1
-9
-15
-15
-15
-15
-16
-16
-16
-15
-16
-19
-22
-18
-16
-15
-15
-18
-19
-16
-13
-11
-10
-14
-16
-14
-13
-14
-15
-17
-17
-17
-16
-16
-16
-15
-17
-20
-21
-17
-14
-14
-14
-16
-17
-15
-13
-14
-15
-14
-11
-9
-5
-5
-5
-2
1
2
7
11
12
14
15
17
21
19
21
22
25
27
25
23
24
28
28
27
22
16
16
19
21
20
19
19
20
23
25
24
21
19
19
17
19
21
20
19
16
12
12
13
13
11
7
7
8
6
8
7
5
0
-2
-4
-6
-11
-15
-15
-11
-12
-14
-17
-20
-20
-19
-19
-18
-18
-18
-17
-19
-20
-17
-17
-18
-19
-20
-21
-17
-13
-15
-13
-12
-13
-12
-12
-14
-17
-19
-19
-19
-20
-20
-20
-22
-20
-16
-13
-8
-6
-8
-7
-4
-1
4
6
7
8
7
9
10
11
12
11
9
8
7
7
5
5
6
9
9
3
-2
-1
1
6
8
8
6
5
5
4
4
4
6
8
11
14
16
15
13
9
6
5
5
7
7
9
11
12
13
12
10
11
10
8
8
8
9
9
9
9
11
11
10
9
7
8
9
9
9
11
12
11
10
4
2
0
-3
-5
-7
-8
-8
-10
-11
-15
-16
-19
-21
-20
-19
-19
-18
-15
-13
-11
-10
-9
-10
-9
-7
-5
-1
2
4
2
-2
-4
-3
-1
2
4
3
2
0
-2
-1
-1
-2
-4
-2
-2
-3
-3
-4
-4
-3
-5
-9
-13
-13
-9
-9
-10
-8
-7
-4
0
2
3
6
8
10
9
9
7
7
5
3
1
-1
-2
0
-1
-1
-3
-5
-5
-3
-1
-2
-2
1
1
2
3
4
9
11
12
11
10
10
10
9
10
12
13
12
10
8
7
7
5
2
-1
-3
-3
-4
-4
-4
-6
-7
-9
-9
-8
-5
-5
-5
-5
-5
-5
-1
-1
-3
-4
-5
-6
-3
-2
0
0
-1
-1
-3
-4
-8
-9
-10
-10
-8
-6
-3
-3
-2
-4
-5
-5
-4
-5
-6
-5
0
4
8
11
10
10
10
11
12
12
13
11
11
9
8
