1
2
1
-1
-3
-3
-1
-1
-2
-3
-6
-6
-3
-1
-2
-4
-7
-5
-1
0
-2
-3
-4
-4
-2
-1
-1
-3
-4
-2
1
3
2
-1
-1
-1
0
1
1
0
0
2
4
4
2
0
0
2
3
5
5
5
4
4
7
7
5
3
1
2
3
4
2
-1
-3
-3
1
5
5
3
-2
-6
-5
-1
4
1
-4
-5
-1
4
6
2
-3
-4
-1
3
5
5
0
-4
-4
2
6
7
1
-3
-2
1
2
0
-1
-5
-8
-5
0
2
-3
-9
-9
-4
0
2
-2
-7
-6
-2
1
1
-1
-1
-2
-2
-1
-1
0
2
4
1
-2
-3
0
4
3
1
-6
-7
-2
2
2
-1
-5
-5
-3
0
-1
-2
-4
-4
-2
1
3
4
2
2
3
6
7
7
5
2
0
1
4
6
5
4
5
9
10
6
2
1
0
-1
-2
-2
-1
2
2
0
-2
-3
-1
-1
2
1
1
1
0
1
2
3
3
3
4
3
1
0
-1
-3
-4
-3
-1
1
1
-2
-3
-2
-1
-3
-9
-9
-5
-4
-4
-5
-5
-4
-5
-3
-1
-3
-7
-9
-6
1
2
-2
-6
-5
-1
3
0
0
3
2
2
2
4
4
0
1
5
4
-2
-4
1
5
2
-5
-7
-3
0
1
2
3
1
-3
-4
-4
-3
-1
1
1
2
1
4
7
10
7
3
3
7
8
6
4
4
5
3
1
1
2
3
3
0
-1
-1
-2
-2
-2
-2
-3
-4
-2
0
4
5
2
-1
-2
1
3
3
2
0
1
4
5
2
-2
-5
-3
-1
0
-1
-4
-5
-1
1
-2
-4
-1
1
-4
-11
-7
3
6
-4
-12
-10
0
5
1
-4
-6
-5
-1
-1
1
0
-3
-4
-3
-2
-1
0
1
-2
-6
-5
0
4
1
-4
-5
-1
0
-5
-7
-5
-2
-2
-4
-1
0
1
0
0
1
4
6
6
4
4
6
10
8
4
3
6
9
7
6
8
7
8
3
4
7
7
5
-1
-1
2
3
3
-2
-3
-3
-1
3
4
2
1
2
6
6
4
4
5
7
5
2
4
7
8
3
-4
-5
-4
0
3
-4
-11
-13
-8
-2
-5
-10
-12
-11
-11
-15
-13
-9
-5
-7
-18
-21
-15
-2
-1
-11
-19
-17
-6
-3
-7
-12
-12
-10
-9
-8
-5
-3
-1
-3
-2
-1
3
7
5
2
0
4
10
11
9
3
4
6
7
7
6
6
7
5
6
5
11
13
10
6
3
7
11
10
9
7
10
13
15
13
11
12
12
12
12
14
16
17
18
18
16
13
13
14
14
13
10
7
9
7
6
5
9
10
6
1
0
4
5
1
-4
-6
-5
0
2
1
0
0
-4
-11
-15
-12
-11
-18
-31
-40
-38
-31
-27
-34
-46
-50
-50
-46
-46
-46
-48
-53
-49
-43
-35
-27
-25
-22
-19
-14
-7
-1
5
7
9
9
10
14
19
21
19
19
22
21
21
21
21
22
22
21
19
16
13
9
9
11
12
10
9
9
12
16
18
20
20
20
20
20
20
20
24
26
26
27
28
30
34
35
33
30
28
27
27
26
26
27
29
31
32
32
33
33
30
24
16
1
-18
-35
-28
-2
26
45
49
46
42
39
49
61
66
52
27
22
32
39
21
-6
-24
-31
-42
-67
-100
-132
-152
-171
-198
-229
-249
-250
-249
-258
-269
-271
-258
-242
-229
-216
-199
-170
-138
-113
-94
-69
-34
4
40
67
93
119
150
176
190
197
200
205
213
213
209
201
195
190
179
167
150
128
99
63
38
29
32
19
-22
-54
-47
-12
-23
-80
-124
-99
-43
-29
-52
-70
-51
-10
18
39
50
60
75
93
122
138
145
150
159
169
165
165
170
176
167
142
126
121
119
109
83
64
43
19
-7
-29
-32
-41
-63
-92
-108
-98
-92
-96
-110
-117
-106
-93
-77
-72
-75
-81
-74
-52
-30
-25
-41
-55
-47
-29
-31
-54
-70
-68
-69
-85
-104
-114
-115
-113
-118
-113
-121
-139
-144
-116
-69
-74
-111
-129
-98
-39
-22
-26
-46
-54
-34
-8
25
20
-8
-35
-35
-2
10
4
-11
-21
-25
-41
-37
-29
-24
-33
-56
-53
-34
-12
-4
-14
-6
4
14
23
34
54
59
62
72
70
49
26
57
121
130
62
-9
10
88
122
90
38
22
39
65
87
88
75
57
52
73
96
118
128
134
133
124
131
158
183
176
144
127
137
156
162
151
140
125
112
105
101
98
87
70
53
36
31
28
25
9
-19
-38
-45
-33
-28
-39
-53
-70
-68
-66
-61
-66
-82
-77
-74
-75
-90
-97
-87
-85
-70
-62
-54
-58
-89
-143
-229
-264
-231
-209
-251
-350
-419
-449
-446
-410
-390
-409
-465
-501
-478
-420
-354
-317
-306
-299
-282
-232
-142
-24
58
68
64
111
211
308
366
396
395
394
411
449
486
493
475
441
410
399
398
392
358
302
245
201
176
161
137
103
64
36
14
2
-3
-7
-23
-41
-48
-82
-150
-201
-158
-75
-61
-141
-231
-235
-167
-67
-1
-10
-58
-86
-31
68
138
142
99
82
100
139
174
196
205
179
143
129
147
173
163
123
72
37
26
19
11
-14
-55
-96
-118
-116
-112
-119
-142
-162
-163
-153
-147
-145
-132
-123
-120
-123
-97
-61
-29
-19
-26
-40
-46
-4
43
56
16
-29
-49
-29
11
51
30
-51
-90
-44
61
93
20
-124
-258
-270
-176
-81
-129
-316
-500
-572
-486
-360
-323
-420
-568
-622
-562
-430
-319
-288
-315
-355
-323
-213
-60
81
147
162
169
230
352
479
579
612
597
586
612
682
748
764
729
658
602
584
593
581
519
423
325
258
220
196
163
105
25
-57
-109
-124
-120
-108
-159
-337
-558
-600
-357
-115
-163
-465
-673
-565
-268
-9
37
-89
-221
-220
-41
181
316
294
185
135
173
289
399
469
443
304
187
198
323
399
330
181
39
-21
-18
11
18
-45
-142
-239
-275
-253
-216
-201
-244
-310
-352
-344
-280
-199
-146
-173
-229
-204
-101
9
47
45
26
13
39
97
164
180
165
138
96
102
185
331
432
306
-72
-551
-708
-335
99
7
-735
-1429
-1528
-1140
-711
-695
-1036
-1489
-1682
-1467
-1100
-797
-755
-880
-987
-955
-677
-306
54
240
222
191
280
586
937
1190
1279
1189
1120
1173
1386
1598
1630
1517
1327
1206
1187
1224
1245
1124
886
642
491
436
382
297
162
4
-132
-226
-243
-216
-206
-255
-361
-446
-453
-369
-283
-347
-549
-644
-443
-141
-93
-282
-432
-371
-186
-9
85
63
-8
-29
42
169
274
294
246
202
206
231
275
347
365
271
129
88
168
237
222
132
33
-29
-40
-5
8
-24
-98
-181
-231
-240
-211
-191
-217
-269
-326
-324
-283
-231
-211
-252
-269
-257
-195
-141
-104
-75
-68
-75
-104
-100
-13
125
189
70
-94
-105
139
413
503
414
47
-492
-935
-678
79
359
-334
-1500
-1980
-1589
-893
-586
-958
-1587
-2054
-1950
-1436
-973
-801
-1010
-1218
-1235
-972
-495
-61
239
236
114
148
432
916
1286
1462
1411
1261
1288
1527
1872
2023
1912
1699
1495
1441
1489
1566
1520
1249
920
689
627
637
578
434
219
8
-146
-216
-198
-165
-202
-327
-479
-534
-460
-402
-462
-595
-565
-411
-351
-431
-512
-408
-265
-171
-134
-122
-63
-11
81
155
220
257
221
231
278
350
350
321
345
337
309
259
257
265
206
150
93
75
45
-14
-61
-127
-162
-199
-234
-261
-302
-312
-334
-353
-384
-406
-384
-352
-317
-330
-345
-317
-259
-194
-175
-166
-170
-158
-116
-82
-19
48
97
75
9
48
156
329
415
461
426
120
-364
-792
-613
-87
94
-495
-1501
-1959
-1732
-1169
-920
-1244
-1781
-2193
-2082
-1671
-1292
-1118
-1231
-1326
-1332
-1091
-658
-234
106
178
159
238
522
984
1363
1592
1588
1506
1552
1746
2035
2190
2167
2010
1817
1735
1749
1809
1749
1498
1196
956
855
808
724
577
366
157
-10
-101
-117
-131
-204
-345
-492
-561
-515
-439
-463
-590
-676
-605
-504
-503
-567
-592
-525
-441
-355
-295
-246
-189
-127
-44
43
130
170
189
240
303
347
356
383
400
385
346
313
307
299
274
233
187
148
95
42
-7
-47
-87
-136
-185
-227
-271
-290
-294
-313
-362
-413
-388
-356
-351
-390
-423
-410
-346
-235
-194
-262
-335
-282
-112
33
79
54
23
69
152
222
282
406
641
620
64
-818
-1220
-642
186
264
-759
-1964
-2375
-1899
-1113
-855
-1292
-2067
-2527
-2307
-1736
-1227
-1114
-1280
-1452
-1474
-1181
-688
-137
219
248
173
206
541
1064
1540
1796
1736
1596
1612
1877
2234
2410
2350
2108
1887
1828
1919
2020
1913
1605
1253
1029
967
946
873
691
425
164
-19
-89
-76
-66
-146
-322
-515
-601
-554
-481
-501
-648
-798
-841
-735
-548
-442
-514
-674
-698
-517
-263
-93
-74
-122
-134
-18
178
332
385
343
289
286
390
533
588
520
391
303
285
316
346
293
173
43
-31
-60
-94
-143
-227
-320
-412
-476
-483
-448
-439
-508
-588
-608
-554
-497
-476
-453
-422
-393
-378
-344
-254
-147
-94
-99
-69
2
80
118
233
388
414
306
197
365
653
837
601
-112
-883
-1138
-549
142
35
-1049
-2235
-2526
-1931
-1134
-986
-1596
-2347
-2644
-2260
-1636
-1207
-1176
-1380
-1458
-1329
-982
-517
-45
282
313
251
345
729
1294
1748
1949
1873
1743
1823
2139
2514
2659
2521
2261
2064
2050
2129
2146
1972
1630
1290
1067
991
955
855
652
375
111
-82
-166
-161
-157
-238
-422
-622
-711
-707
-684
-716
-745
-763
-873
-1015
-1016
-765
-517
-529
-718
-840
-707
-420
-142
-44
-132
-216
-180
43
292
423
392
282
272
347
437
477
478
448
351
262
245
297
321
255
130
-8
-94
-104
-64
-66
-172
-331
-433
-409
-322
-289
-356
-475
-534
-504
-423
-336
-305
-316
-320
-268
-164
-128
-126
-86
28
158
199
232
271
348
443
511
574
613
696
606
48
-790
-1175
-597
195
66
-1174
-2454
-2653
-1890
-1075
-1070
-1834
-2627
-2827
-2340
-1677
-1300
-1335
-1565
-1647
-1505
-1145
-650
-140
196
208
120
231
679
1279
1745
1930
1845
1744
1857
2213
2586
2720
2586
2331
2157
2161
2273
2330
2163
1788
1395
1171
1107
1055
920
688
408
146
-33
-101
-102
-119
-239
-445
-627
-698
-634
-550
-569
-805
-1136
-1253
-1001
-614
-565
-856
-1146
-1102
-768
-410
-199
-257
-414
-455
-265
62
264
304
217
163
237
401
584
641
575
430
333
379
485
530
436
286
175
116
110
111
93
21
-98
-237
-324
-318
-243
-225
-338
-487
-569
-519
-415
-377
-407
-492
-469
-363
-228
-93
-22
34
-20
-44
-3
155
422
576
550
334
215
410
785
1121
930
57
-1106
-1580
-756
379
423
-1046
-2713
-3127
-2240
-1105
-924
-1735
-2761
-3172
-2714
-1942
-1383
-1355
-1646
-1850
-1789
-1387
-814
-191
203
185
25
74
563
1265
1826
2048
1910
1733
1805
2218
2718
2934
2790
2445
2198
2188
2351
2477
2330
1936
1503
1261
1227
1231
1151
923
624
323
103
15
15
28
-90
-345
-614
-748
-681
-603
-657
-826
-986
-1044
-1105
-1103
-1020
-883
-830
-934
-975
-874
-626
-415
-349
-347
-345
-224
-47
173
360
405
384
378
479
583
611
604
578
563
526
496
500
489
439
303
161
67
36
47
11
-92
-260
-363
-356
-298
-291
-388
-500
-581
-599
-576
-522
-464
-461
-475
-467
-370
-258
-190
-130
-72
-9
56
186
363
445
399
360
503
788
952
665
-139
-1047
-1268
-516
361
158
-1314
-2739
-2884
-1860
-914
-1031
-1974
-2871
-2992
-2432
-1769
-1436
-1558
-1807
-1916
-1748
-1319
-790
-245
47
30
-73
80
645
1323
1799
1918
1800
1752
1964
2429
2843
2965
2772
2472
2336
2400
2570
2619
2406
2013
1622
1443
1423
1386
1222
945
658
410
243
178
165
100
-91
-367
-594
-681
-660
-649
-763
-1006
-1241
-1275
-1097
-932
-988
-1170
-1219
-1037
-753
-560
-512
-549
-529
-384
-159
37
133
176
217
301
411
503
581
616
601
548
527
571
622
619
542
442
343
270
198
116
22
-86
-180
-291
-373
-408
-407
-416
-512
-638
-720
-687
-586
-543
-561
-616
-599
-488
-368
-272
-262
-240
-191
-76
74
162
264
321
408
453
520
669
828
967
675
-147
-1165
-1400
-459
522
218
-1517
-3067
-3126
-1935
-800
-878
-1941
-3050
-3287
-2597
-1706
-1226
-1405
-1814
-2035
-1859
-1309
-653
-80
104
-51
-185
40
710
1443
1934
2024
1829
1711
1924
2483
3006
3152
2913
2543
2382
2503
2746
2825
2563
2090
1672
1532
1584
1595
1427
1083
708
404
222
182
194
129
-106
-440
-712
-807
-792
-812
-951
-1143
-1276
-1359
-1386
-1358
-1242
-1128
-1127
-1179
-1162
-990
-754
-558
-437
-390
-332
-215
-13
216
379
441
435
480
596
699
748
753
764
753
723
712
694
649
547
420
302
191
123
57
-26
-161
-327
-425
-446
-439
-499
-609
-705
-742
-747
-725
-693
-628
-566
-533
-456
-340
-165
-76
-43
-18
36
263
484
657
553
405
534
898
1196
650
-579
-1641
-1389
59
917
5
-2152
-3483
-2924
-1395
-477
-1089
-2446
-3393
-3262
-2356
-1590
-1352
-1687
-2108
-2234
-1967
-1317
-632
-133
-60
-301
-372
-10
799
1574
1964
1925
1666
1646
2022
2671
3139
3127
2783
2432
2399
2635
2895
2900
2529
2027
1687
1660
1762
1712
1457
1078
743
505
373
346
316
186
-114
-482
-777
-960
-980
-949
-967
-1149
-1388
-1505
-1497
-1350
-1181
-1035
-1033
-1102
-1070
-888
-586
-351
-255
-269
-226
-29
210
425
553
619
633
663
757
840
884
875
851
814
768
734
699
649
549
392
225
92
34
-39
-164
-341
-510
-596
-606
-590
-649
-764
-846
-842
-759
-719
-721
-720
-663
-538
-460
-399
-333
-201
-27
65
143
217
386
514
514
529
640
935
845
55
-1078
-1503
-591
522
412
-1231
-2919
-3145
-2043
-847
-845
-1925
-3073
-3369
-2682
-1833
-1402
-1600
-2063
-2299
-2169
-1633
-997
-461
-234
-360
-452
-227
417
1159
1663
1822
1693
1645
1906
2460
2989
3151
2965
2640
2506
2668
2945
3068
2818
2330
1914
1791
1901
1952
1789
1441
1056
761
590
514
455
317
52
-293
-613
-886
-1035
-1039
-986
-1025
-1277
-1566
-1736
-1615
-1292
-1038
-1007
-1189
-1280
-1146
-820
-457
-271
-235
-288
-215
9
293
575
683
677
633
700
859
991
1075
1037
939
823
765
799
798
726
519
267
79
6
21
-63
-254
-498
-666
-678
-662
-670
-779
-904
-973
-974
-872
-786
-738
-727
-724
-639
-514
-341
-169
-34
66
118
233
391
544
600
629
792
1011
843
-67
-1240
-1551
-512
751
550
-1307
-3142
-3309
-1934
-593
-623
-1886
-3177
-3464
-2703
-1711
-1252
-1528
-2098
-2394
-2188
-1575
-879
-364
-194
-336
-452
-202
473
1262
1794
1905
1722
1615
1879
2485
3066
3244
3006
2636
2486
2656
2964
3099
2850
2366
1963
1843
1948
1984
1794
1421
1019
723
559
503
476
342
6
-539
-1087
-1261
-975
-615
-719
-1342
-1956
-2061
-1656
-1140
-937
-1154
-1527
-1666
-1388
-854
-441
-376
-574
-699
-484
-39
381
601
584
459
396
562
890
1138
1141
942
767
755
875
968
909
709
464
274
194
193
175
32
-224
-495
-639
-626
-533
-522
-657
-858
-991
-923
-749
-596
-599
-691
-716
-643
-477
-317
-144
12
85
117
152
297
492
612
649
630
744
796
428
-413
-1194
-1037
-120
449
-278
-1897
-2934
-2654
-1543
-873
-1282
-2304
-3097
-3034
-2381
-1710
-1477
-1716
-2022
-2135
-1869
-1330
-747
-324
-263
-352
-292
124
813
1419
1772
1818
1751
1810
2114
2607
2974
3036
2822
2577
2558
2731
2924
2896
2609
2226
1944
1892
1917
1846
1606
1248
906
644
492
436
345
192
-140
-632
-1092
-1184
-814
-662
-1040
-1691
-1904
-1628
-1373
-1275
-1382
-1459
-1554
-1479
-1147
-822
-590
-615
-637
-502
-204
102
229
389
501
547
600
762
1030
1107
1040
943
940
1010
999
963
836
683
544
396
338
287
201
1
-234
-382
-477
-488
-537
-637
-753
-819
-776
-730
-720
-745
-732
-643
-566
-510
-469
-358
-201
-71
9
97
278
411
447
392
481
800
772
12
-1199
-1624
-636
623
535
-1282
-3022
-3092
-1744
-544
-738
-1953
-3096
-3210
-2425
-1609
-1324
-1655
-2046
-2194
-2001
-1502
-947
-426
-223
-330
-433
-218
464
1193
1664
1782
1644
1617
1877
2443
2945
3073
2858
2526
2435
2624
2932
3056
2781
2315
1953
1912
2035
2028
1804
1431
1078
808
631
546
452
286
27
-384
-831
-1177
-1197
-932
-787
-1046
-1686
-2108
-1981
-1477
-1088
-1170
-1492
-1768
-1656
-1221
-733
-440
-512
-652
-618
-280
183
489
600
541
507
597
841
1135
1255
1195
1036
943
984
1055
1085
982
796
578
388
309
292
258
86
-218
-492
-595
-524
-473
-576
-795
-975
-985
-841
-683
-636
-722
-779
-716
-585
-413
-269
-93
8
54
180
307
439
427
475
672
550
-164
-1232
-1468
-481
566
281
-1476
-2989
-2971
-1686
-558
-763
-1952
-3099
-3218
-2447
-1618
-1296
-1635
-2040
-2189
-1952
-1414
-859
-353
-211
-333
-379
-107
583
1283
1744
1827
1659
1627
1903
2489
2986
3096
2847
2508
2438
2639
2948
3027
2730
2281
1945
1935
2047
2025
1805
1426
1090
838
669
593
521
377
36
-456
-945
-1237
-1155
-828
-663
-1060
-1800
-2186
-1863
-1162
-830
-1082
-1566
-1785
-1494
-935
-474
-395
-606
-749
-580
-109
367
603
570
456
458
617
915
1185
1262
1117
910
856
949
1071
1053
856
591
356
238
206
204
124
-115
-424
-627
-635
-537
-514
-621
-805
-938
-949
-851
-683
-606
-637
-724
-727
-576
-385
-201
-102
-23
37
16
89
270
551
650
236
-581
-1361
-1257
-288
466
-79
-1757
-2934
-2639
-1390
-623
-1105
-2224
-3040
-2904
-2173
-1525
-1370
-1720
-2067
-2144
-1820
-1279
-789
-412
-313
-362
-349
-33
619
1235
1602
1647
1563
1620
1933
2475
2909
3009
2807
2561
2562
2778
3023
3033
2747
2355
2078
2063
2138
2082
1827
1466
1169
947
805
715
604
417
23
-519
-953
-983
-661
-501
-816
-1420
-1817
-1746
-1384
-1066
-1049
-1304
-1572
-1565
-1214
-761
-499
-545
-711
-683
-379
53
387
510
465
391
478
743
1042
1193
1123
969
876
903
986
1008
932
761
553
354
234
202
144
-1
-243
-464
-585
-593
-561
-631
-784
-927
-962
-884
-795
-743
-760
-788
-749
-620
-443
-332
-252
-190
-76
6
-29
16
253
716
834
33
-1325
-2086
-1170
509
1018
-540
-2894
-3723
-2496
-648
-108
-1290
-2936
-3682
-3069
-1921
-1216
-1342
-1961
-2384
-2367
-1861
-1126
-481
-147
-291
-543
-517
36
927
1626
1896
1712
1464
1570
2136
2896
3293
3150
2681
2377
2539
2986
3352
3256
2760
2231
2002
2142
2294
2205
1847
1396
1063
862
814
807
740
428
-151
-705
-935
-742
-525
-591
-996
-1500
-1759
-1666
-1285
-985
-1031
-1372
-1694
-1607
-1120
-563
-374
-578
-809
-768
-386
98
452
512
355
291
465
819
1085
1116
984
823
807
897
1006
1033
902
666
415
283
261
257
193
-10
-290
-529
-596
-519
-456
-551
-792
-975
-928
-690
-507
-573
-761
-849
-734
-483
-294
-230
-285
-263
-71
140
217
207
316
581
503
-310
-1464
-1852
-821
518
471
-1345
-3272
-3495
-2110
-696
-661
-1898
-3227
-3556
-2806
-1833
-1361
-1603
-2126
-2445
-2305
-1708
-993
-416
-236
-433
-596
-377
324
1151
1695
1839
1656
1519
1749
2378
3040
3293
3072
2653
2469
2686
3117
3367
3148
2623
2161
2065
2236
2325
2156
1767
1352
1041
862
821
786
647
289
-242
-668
-749
-553
-444
-721
-1260
-1650
-1609
-1281
-1106
-1242
-1525
-1610
-1408
-1093
-830
-734
-757
-788
-648
-345
-51
156
236
283
377
549
758
926
1029
1011
964
981
1058
1121
1080
963
828
706
583
438
305
178
55
-102
-306
-463
-527
-541
-611
-752
-892
-930
-862
-788
-760
-802
-844
-824
-676
-477
-360
-329
-319
-216
-53
69
118
173
372
574
286
-717
-1790
-1735
-439
643
22
-2018
-3544
-3212
-1608
-493
-900
-2299
-3421
-3405
-2499
-1533
-1216
-1608
-2160
-2375
-2047
-1364
-635
-171
-151
-360
-434
-69
692
1434
1847
1849
1647
1582
1918
2573
3116
3209
2873
2483
2414
2718
3112
3202
2856
2305
1943
1945
2110
2145
1909
1499
1124
867
750
706
677
491
24
-537
-895
-778
-541
-621
-1075
-1515
-1558
-1396
-1229
-1220
-1273
-1298
-1325
-1247
-1110
-884
-686
-586
-518
-436
-254
-57
177
402
502
509
539
708
907
1004
986
917
912
950
961
913
808
704
591
472
349
228
110
-44
-212
-375
-508
-562
-576
-603
-690
-831
-916
-885
-743
-615
-621
-717
-750
-582
-291
-95
-72
-104
-13
148
230
241
304
503
522
77
-721
-1284
-1011
-235
91
-698
-2089
-2822
-2400
-1414
-990
-1547
-2530
-3109
-2857
-2180
-1674
-1660
-1971
-2204
-2139
-1726
-1185
-716
-454
-423
-413
-240
208
790
1269
1548
1608
1622
1765
2113
2594
2921
2950
2742
2559
2603
2819
3007
2943
2622
2249
2055
2084
2129
2021
1724
1363
1060
852
731
642
503
271
-115
-585
-866
-827
-606
-658
-1078
-1516
-1643
-1400
-1153
-1094
-1234
-1439
-1502
-1328
-949
-658
-589
-697
-760
-558
-205
117
249
275
287
328
533
797
988
990
838
752
791
915
981
911
746
554
440
373
338
271
117
-85
-275
-352
-379
-401
-450
-551
-635
-722
-749
-656
-530
-453
-529
-635
-613
-439
-200
-108
-107
-102
5
162
250
262
265
397
579
535
22
-824
-1323
-946
-55
250
-715
-2252
-2994
-2399
-1268
-838
-1491
-2576
-3162
-2855
-2076
-1504
-1490
-1846
-2142
-2096
-1673
-1092
-580
-317
-325
-385
-249
232
885
1410
1663
1644
1577
1697
2104
2629
2925
2863
2584
2385
2439
2671
2863
2795
2475
2094
1874
1863
1891
1795
1526
1191
908
717
623
557
407
60
-415
-696
-658
-525
-641
-1094
-1481
-1535
-1286
-1088
-1200
-1445
-1572
-1379
-1066
-859
-809
-849
-830
-666
-352
-80
58
106
138
250
421
634
788
868
909
873
864
900
957
962
845
697
574
508
476
418
309
129
-49
-183
-261
-310
-378
-471
-572
-637
-693
-692
-632
-575
-544
-612
-668
-658
-514
-285
-183
-197
-245
-133
111
288
322
207
131
221
433
452
-22
-792
-1224
-807
-64
-26
-997
-2163
-2475
-1882
-1139
-1059
-1708
-2465
-2745
-2401
-1832
-1498
-1560
-1826
-1957
-1811
-1401
-916
-515
-312
-325
-298
-50
422
931
1308
1507
1555
1616
1814
2158
2514
2691
2652
2491
2402
2477
2639
2708
2553
2249
1968
1854
1863
1811
1629
1342
1066
838
659
525
379
224
-159
-675
-986
-814
-432
-542
-1140
-1709
-1681
-1216
-871
-864
-1141
-1375
-1372
-1082
-676
-453
-476
-663
-666
-356
41
274
289
296
323
408
574
759
904
872
744
654
687
807
853
789
618
445
311
214
177
132
25
-163
-352
-435
-438
-423
-458
-544
-628
-701
-737
-697
-612
-551
-538
-544
-532
-472
-358
-231
-140
-87
-25
82
211
233
168
125
220
414
512
313
-279
-923
-1114
-628
-53
-239
-1242
-2275
-2408
-1739
-1109
-1159
-1854
-2517
-2655
-2233
-1662
-1381
-1447
-1686
-1782
-1601
-1198
-712
-356
-192
-189
-141
120
577
1088
1414
1563
1596
1640
1848
2182
2524
2660
2564
2403
2345
2463
2621
2665
2506
2206
1937
1791
1770
1727
1571
1308
1020
804
603
461
292
20
-259
-441
-403
-460
-816
-1201
-1253
-906
-703
-918
-1303
-1471
-1254
-892
-632
-628
-754
-831
-738
-419
-89
101
64
17
146
350
570
674
710
686
590
555
585
674
720
639
485
337
257
205
153
93
-16
-160
-333
-432
-463
-497
-581
-727
-790
-770
-727
-711
-754
-767
-758
-715
-642
-565
-477
-409
-350
-285
-165
-40
42
91
142
206
257
294
278
263
280
365
400
84
-491
-921
-759
-263
-239
-929
-1864
-2222
-1876
-1398
-1301
-1714
-2220
-2444
-2270
-1878
-1575
-1468
-1534
-1566
-1449
-1166
-781
-425
-155
-20
101
320
646
1057
1432
1702
1802
1817
1914
2159
2488
2687
2685
2554
2446
2452
2514
2545
2431
2189
1927
1762
1687
1586
1400
1166
920
588
231
-1
34
133
-64
-528
-1000
-1129
-937
-665
-582
-819
-1157
-1314
-1106
-749
-516
-553
-777
-853
-680
-331
-81
-11
1
-22
70
259
480
627
654
644
597
598
624
650
619
505
365
213
134
94
89
28
-177
-352
-485
-561
-546
-549
-620
-736
-837
-871
-818
-745
-712
-746
-775
-739
-660
-557
-493
-411
-295
-224
-190
-172
-66
83
194
194
120
124
165
228
221
211
230
240
258
184
35
-267
-626
-716
-528
-386
-712
-1370
-1836
-1805
-1450
-1288
-1495
-1901
-2176
-2104
-1808
-1511
-1409
-1451
-1453
-1306
-1000
-663
-366
-148
-8
161
392
684
989
1263
1497
1668
1819
1970
2138
2317
2436
2480
2461
2426
2414
2411
2365
2231
2031
1823
1659
1550
1421
1235
924
509
215
165
287
165
-273
-705
-874
-726
-592
-599
-755
-964
-1050
-967
-716
-552
-532
-604
-641
-485
-250
-36
17
28
100
199
336
434
525
562
555
561
557
578
569
516
422
291
172
55
-21
-80
-162
-298
-461
-555
-572
-559
-597
-701
-798
-855
-849
-808
-770
-740
-753
-753
-703
-589
-469
-438
-426
-407
-332
-234
-177
-139
-100
-21
22
39
51
99
202
247
197
50
-38
14
166
300
254
39
-297
-594
-687
-530
-328
-453
-940
-1511
-1720
-1517
-1261
-1224
-1446
-1719
-1860
-1767
-1486
-1221
-1083
-1092
-1121
-1025
-771
-421
-110
114
230
346
541
808
1143
1435
1648
1740
1761
1843
1994
2187
2293
2271
2188
2088
2051
2031
1996
1867
1633
1372
1190
1116
966
701
427
279
181
-15
-267
-448
-483
-474
-523
-634
-722
-716
-624
-514
-443
-393
-372
-332
-208
-31
114
164
191
269
373
475
536
569
593
599
594
564
521
462
381
294
216
133
16
-110
-238
-336
-421
-521
-600
-650
-680
-732
-781
-804
-806
-790
-769
-749
-742
-725
-677
-592
-489
-418
-373
-347
-319
-267
-201
-131
-100
-123
-171
-198
-150
-70
-57
-94
-137
-133
-137
-222
-300
-292
-151
-86
-131
-213
-261
-165
-51
-10
-233
-623
-810
-608
-263
-311
-789
-1299
-1398
-1073
-786
-806
-1089
-1338
-1361
-1179
-910
-742
-678
-699
-690
-561
-322
-54
135
269
382
543
714
893
1129
1366
1555
1624
1622
1662
1787
1941
1999
1946
1815
1670
1578
1587
1576
1389
1089
843
756
678
509
287
103
11
-68
-163
-305
-365
-356
-328
-302
-336
-339
-336
-220
-66
23
55
44
140
281
431
497
477
482
512
594
630
620
544
427
348
270
199
89
-33
-141
-228
-281
-371
-473
-578
-665
-712
-758
-766
-772
-779
-783
-790
-768
-720
-650
-595
-553
-516
-507
-474
-389
-299
-258
-276
-313
-357
-344
-270
-199
-178
-234
-316
-376
-363
-293
-237
-269
-369
-442
-452
-445
-475
-485
-407
-341
-354
-422
-388
-267
-111
19
-70
-322
-585
-480
-95
123
-90
-636
-894
-707
-316
-158
-361
-653
-850
-749
-505
-275
-198
-315
-413
-370
-121
120
241
312
366
464
583
749
941
1099
1221
1265
1286
1322
1392
1469
1494
1513
1482
1375
1228
1123
1102
1053
923
722
532
423
341
255
130
7
-68
-110
-118
-151
-175
-164
-96
14
45
34
25
108
259
376
431
394
380
411
491
565
556
491
390
349
358
354
280
145
22
-78
-142
-215
-326
-458
-573
-651
-711
-758
-808
-845
-854
-834
-807
-786
-761
-718
-639
-571
-552
-540
-483
-389
-314
-273
-258
-254
-224
-155
-111
-172
-285
-338
-285
-237
-283
-456
-645
-642
-515
-380
-410
-555
-711
-798
-640
-443
-297
-402
-583
-568
-400
-106
48
109
28
-165
-238
-145
193
412
274
-140
-483
-391
-98
118
18
-244
-410
-436
-324
-250
-178
-148
-186
-224
-223
-91
68
231
346
363
330
336
497
728
894
934
892
874
910
1006
1112
1172
1162
1054
923
866
923
997
936
763
574
469
451
474
483
403
256
125
96
163
248
267
217
148
138
203
293
369
392
369
329
315
351
404
422
390
334
291
259
241
239
212
139
7
-121
-182
-196
-224
-294
-406
-516
-599
-640
-637
-630
-646
-698
-752
-763
-733
-687
-661
-642
-623
-630
-603
-537
-465
-445
-488
-503
-505
-490
-505
-546
-511
-457
-436
-507
-573
-553
-532
-534
-563
-493
-394
-421
-576
-684
-558
-304
-179
-243
-399
-461
-369
-202
-17
17
-59
-140
-136
43
236
306
216
92
102
198
286
261
107
-12
-13
113
224
205
54
-88
-40
140
299
256
76
-80
-51
148
315
330
193
84
93
253
439
503
437
370
438
584
709
739
698
670
708
792
848
849
813
770
735
731
755
768
749
702
621
553
543
570
576
525
444
372
325
322
316
276
233
189
167
154
127
91
27
-19
-44
-55
-63
-99
-135
-165
-172
-172
-188
-227
-262
-263
-273
-314
-374
-412
-432
-462
-499
-547
-577
-606
-648
-694
-734
-747
-750
-747
-756
-769
-764
-741
-692
-642
-642
-683
-711
-690
-628
-563
-526
-550
-576
-522
-404
-275
-253
-353
-436
-374
-205
-99
-137
-232
-282
-243
-142
-63
-53
-119
-169
-113
-5
66
48
-24
-41
14
97
135
125
117
121
151
210
279
304
300
274
285
356
436
499
474
410
355
384
492
573
556
427
319
297
379
490
530
479
369
324
374
472
537
494
397
322
338
412
465
461
395
340
320
361
422
442
422
366
321
309
331
352
337
300
242
212
220
239
240
203
134
67
42
50
60
41
-7
-70
-129
-162
-174
-169
-176
-207
-237
-265
-276
-279
-289
-305
-322
-328
-333
-353
-376
-394
-390
-386
-418
-456
-482
-470
-449
-443
-451
-485
-519
-534
-512
-479
-477
-492
-498
-479
-457
-435
-411
-371
-339
-337
-331
-317
-290
-259
-241
-199
-168
-153
-153
-149
-91
-24
24
15
5
21
55
74
73
101
115
126
123
106
96
73
73
93
117
124
94
92
133
187
206
163
149
183
251
293
261
214
182
232
302
316
277
210
203
240
300
334
315
279
249
283
342
376
369
326
293
274
274
268
261
245
208
165
128
122
137
155
170
164
135
98
86
112
137
119
72
28
31
61
75
56
26
9
6
10
8
12
20
23
6
-25
-49
-58
-59
-58
-62
-78
-101
-126
-139
-154
-167
-182
-198
-201
-199
-187
-189
-204
-220
-231
-222
-212
-219
-229
-238
-228
-198
-173
-168
-180
-183
-172
-150
-149
-173
-200
-197
-161
-132
-136
-171
-207
-208
-181
-153
-140
-138
-125
-111
-109
-111
-109
-95
-76
-64
-71
-85
-98
-90
-76
-57
-50
-60
-60
-36
13
47
46
29
24
49
81
111
119
119
126
135
142
145
156
169
183
183
165
146
149
175
192
191
171
146
133
147
183
197
170
110
69
79
121
162
156
122
77
58
86
136
163
149
114
82
73
78
95
113
111
84
48
36
50
65
64
45
15
-12
-20
-12
-13
-25
-46
-69
-76
-66
-54
-53
-56
-74
-85
-83
-78
-70
-76
-77
-67
-44
-12
2
-17
-51
-59
-25
17
31
5
-19
-18
7
23
4
-36
-79
-91
-84
-76
-79
-90
-99
-99
-92
-83
-69
-57
-58
-76
-95
-93
-76
-63
-77
-105
-114
-92
-63
-61
-86
-101
-85
-55
-35
-39
-44
-21
10
30
23
6
6
14
21
17
14
21
9
-23
-62
-74
-44
-4
8
-26
-65
-66
-20
40
57
40
15
6
20
33
63
99
111
95
52
22
30
77
134
149
113
55
20
37
84
115
104
63
30
23
32
42
44
34
20
-5
-32
-40
-27
-6
1
0
-12
-21
-20
-21
-9
14
34
32
14
-2
0
23
41
56
60
66
67
61
53
51
50
46
37
26
24
23
18
8
-1
-2
-3
0
2
7
10
1
-23
-50
-62
-57
-40
-23
-16
-23
-20
-8
8
7
-16
-34
-45
-35
-14
-5
-13
-35
-49
-51
-48
-50
-57
-54
-52
-60
-79
-97
-96
-71
-42
-35
-49
-64
-62
-42
-25
-27
-37
-45
-40
-34
-36
-37
-20
20
48
39
0
-26
-11
34
72
75
46
6
-13
-9
4
14
11
-2
-3
8
23
40
46
46
43
34
23
14
12
23
35
32
18
12
19
23
22
19
17
21
22
20
24
28
37
43
36
22
11
6
2
2
7
6
1
-8
-4
9
20
18
8
0
2
12
12
-1
-15
-22
-16
-15
-23
-19
-1
19
19
-6
-40
-49
-13
21
22
-5
-34
-29
0
15
-1
-31
-38
-17
12
20
4
-10
-10
0
4
-6
-16
-13
1
22
31
16
-4
-20
-21
-14
-14
-25
-31
-21
-7
-2
-11
-23
-26
-20
-12
-7
-3
5
24
45
54
44
30
26
29
25
4
-16
-13
11
36
29
-6
-36
-32
0
22
15
-9
-27
-14
1
5
-4
-20
-25
-26
-27
-24
-7
12
19
10
0
-2
4
17
25
27
27
23
13
7
6
3
0
-8
-13
-8
0
3
-8
-17
-12
-6
-1
0
1
7
4
-5
-14
-10
-4
-8
-8
-18
-24
-29
-25
-8
7
7
-12
-28
-24
-11
6
16
14
2
-12
-14
-6
10
21
11
-13
-35
-41
-27
-9
3
4
-3
-17
-29
-28
-12
11
22
21
14
13
13
17
21
21
19
13
8
5
6
12
20
31
38
35
22
11
10
20
29
34
30
19
4
-9
-11
3
23
30
15
-10
-19
-5
22
33
15
-16
-43
-45
-16
18
41
32
0
-32
-36
-11
16
24
4
-30
-55
-56
-31
-4
7
-5
-29
-42
-34
-14
0
-3
-23
-42
-47
-31
-8
8
8
-6
-18
-22
-17
-3
16
31
26
7
-6
-7
14
39
52
43
20
2
-2
15
39
50
36
8
-9
-4
11
18
15
5
-8
-23
-28
-21
-6
3
-7
-31
-47
-44
-28
-13
-6
-5
-8
-5
0
9
10
5
0
0
12
20
18
14
8
7
12
18
20
15
2
-10
-14
-9
2
10
7
-3
-12
-4
8
21
18
2
-18
-27
-17
1
12
13
5
-2
-6
-6
-7
-9
-12
-16
-19
-16
-7
9
24
31
22
5
-6
-2
15
31
35
22
1
-11
-3
15
23
9
-12
-23
-16
-3
3
-6
-22
-32
-34
-29
-16
-8
-11
-19
-31
-42
-48
-41
-29
-17
-11
-13
-19
-22
-16
-6
7
11
5
5
7
19
34
46
53
52
50
48
44
39
34
30
26
26
23
22
22
22
17
6
-7
-14
-7
8
14
8
-1
-11
-14
-11
-17
-25
-29
-26
-20
-17
-20
-23
-23
-14
-3
4
2
-6
-7
-2
8
16
9
-1
-5
-5
-3
-3
-5
-6
0
4
3
0
-7
-14
-15
-12
-14
-18
-19
-8
10
19
18
6
-1
7
28
42
35
18
1
-6
-2
-2
-4
-15
-29
-37
-32
-20
-9
-1
0
-1
-3
-9
-14
-14
-15
-17
-13
-9
-1
11
18
16
9
2
4
14
21
16
4
-9
-16
-11
0
5
1
-9
-20
-22
-17
-14
-8
-4
1
7
17
23
21
17
14
12
15
15
14
9
11
11
11
12
15
18
22
25
28
28
25
17
10
4
-1
0
1
-1
0
-1
-5
-7
-6
0
2
-5
-18
-26
-23
-17
-9
-8
-16
-26
-28
-21
-12
-14
-26
-38
-39
-27
-9
5
5
0
-1
5
21
35
32
21
11
11
15
20
20
15
8
1
-7
-11
-17
-19
-19
-19
-14
-11
-11
-13
-12
-9
-9
-9
-6
-2
0
-7
-17
-20
-15
-13
-14
-15
-18
-13
-5
0
4
7
14
20
24
19
13
11
10
10
6
-1
-3
8
21
29
26
18
14
22
30
31
24
13
7
7
11
19
25
23
16
9
4
2
4
7
7
0
-12
-20
-20
-15
-12
-15
-21
-29
-30
-24
-13
-6
-4
-10
-14
-15
-6
4
2
-10
-22
-30
-29
-17
-3
2
-1
-6
-3
12
24
32
32
25
17
10
4
-2
-6
-8
-9
-12
-11
-8
-1
4
7
4
-3
-12
-18
-18
-15
-15
-13
-18
-28
-36
-37
-26
-4
19
29
27
16
6
8
14
17
11
0
-11
-11
-4
1
1
-7
-13
-13
-9
0
9
16
23
25
24
24
27
33
40
40
32
22
17
15
21
29
37
37
22
2
-11
-14
-8
-3
-2
-11
-19
-19
-13
-5
1
2
1
0
-3
-8
-10
-11
-7
-4
-7
-9
-14
-18
-21
-26
-32
-31
-19
-1
16
17
0
-19
-29
-27
-19
-13
-10
-13
-15
-15
-15
-19
-22
-20
-16
-14
-7
0
4
6
10
11
11
7
4
2
-4
-9
-11
-8
-3
5
10
13
11
7
6
2
2
8
17
24
21
10
-3
-11
-6
7
16
19
17
6
-3
-10
-9
-2
7
11
9
1
-6
-5
-1
2
1
0
-4
-5
0
8
15
12
3
-2
-4
0
6
10
9
7
8
11
12
9
7
2
-5
-11
-12
-3
12
20
21
13
1
-6
-4
4
17
25
25
11
-2
-7
-1
3
0
-9
-18
-20
-17
-12
-11
-18
-27
-33
-28
-17
-3
4
2
-4
-2
2
6
4
-3
-12
-15
-5
10
21
21
11
8
10
14
21
26
23
17
8
-1
-5
-6
-3
-2
-2
-4
-4
-6
-4
0
2
-1
-13
-21
-26
-24
-20
-18
-19
-18
-22
-27
-27
-28
-26
-22
-19
-18
-17
-13
-9
-3
0
-1
-4
-5
-3
1
9
15
18
17
10
8
8
14
23
33
39
39
33
24
14
10
13
19
22
22
17
9
3
4
14
23
25
21
11
0
-3
3
15
21
18
7
-4
-6
-3
1
1
-5
-15
-25
-33
-37
-31
-23
-15
-10
-6
-3
-3
-3
-5
-11
-18
-25
-24
-9
9
18
14
6
-5
-6
-4
1
3
2
-2
-10
-17
-21
-25
-25
-21
-19
-16
-15
-15
-9
-3
4
10
13
15
15
11
7
3
8
18
28
32
29
18
7
3
6
11
10
6
-1
-7
-9
-3
1
4
1
-9
-17
-16
-6
8
15
16
9
2
-3
-5
-2
5
13
16
14
6
0
-4
-4
-1
1
0
-2
-11
-20
-25
-22
-16
-12
-14
-20
-26
-27
-21
-12
-6
0
4
6
5
7
9
9
7
5
5
8
13
15
14
13
6
1
-1
4
11
14
9
1
-5
-7
-3
1
5
9
6
-1
-5
-2
7
16
21
21
19
13
8
6
6
10
17
19
17
10
2
-1
-2
-2
-2
-6
-12
-16
-14
-8
-2
2
2
2
0
0
2
-2
-6
-7
-5
-1
3
1
-1
-4
-3
-2
-8
-13
-13
-11
-12
-14
-16
-20
-22
-26
-28
-27
-25
-20
-14
-14
-16
-22
-24
-20
-13
-7
-3
-2
-2
-5
-4
0
4
8
7
5
4
6
8
12
12
9
8
8
11
14
12
6
1
-1
3
8
12
13
10
8
9
12
15
15
13
11
11
10
9
3
-1
-2
0
9
19
24
18
8
-1
-6
-8
-2
3
5
5
3
1
0
1
4
7
7
8
7
2
1
2
2
5
7
10
13
15
17
17
15
11
9
10
12
12
9
3
1
-1
2
3
3
-1
-8
-12
-14
-13
-14
-16
-15
-18
-21
-25
-29
-26
-19
-14
-10
-10
-14
-18
-18
-18
-17
-14
-12
-6
3
