0
0
0
-1
0
0
0
0
0
1
1
0
0
-1
-1
0
0
0
0
-1
0
0
0
0
0
1
0
0
1
0
1
0
0
0
-1
0
0
-1
0
0
0
1
1
1
1
0
0
0
0
-1
0
-1
-1
0
-1
0
0
0
0
0
0
0
0
0
0
0
1
0
0
0
0
0
0
0
1
0
1
1
0
1
0
0
0
0
0
-1
1
0
0
0
0
0
0
0
0
-1
1
0
0
0
0
0
0
-1
0
0
0
0
0
0
-1
0
0
0
-1
0
0
0
0
1
1
0
0
0
0
0
0
0
0
0
1
0
0
-1
-1
-1
-1
0
-1
0
-1
0
-1
0
0
0
0
0
-1
0
-1
0
1
-1
0
1
0
0
0
1
0
0
1
0
-1
0
1
-1
0
0
0
1
0
0
1
0
-1
1
1
0
1
-1
0
0
1
0
0
0
1
0
0
1
0
0
0
0
1
0
0
0
0
1
0
-1
0
-1
0
1
0
1
-1
0
1
0
0
-1
0
-1
-1
0
0
0
0
0
0
0
0
0
0
-1
-1
0
0
0
0
-1
0
1
1
0
0
0
0
0
0
-1
0
-1
0
0
0
0
0
0
0
1
0
1
0
0
0
1
0
0
1
1
1
0
0
-1
0
1
0
0
0
0
1
0
0
0
0
1
0
0
0
0
0
1
1
0
0
0
1
1
0
0
-1
0
0
-1
0
0
0
1
1
1
0
0
0
-1
0
-1
0
0
0
1
0
0
0
0
-1
-1
-2
-1
-1
-1
-1
0
1
1
1
1
0
0
0
-1
-1
-1
-2
-1
-2
0
0
0
0
1
0
0
0
0
-1
-1
-1
0
0
0
1
1
1
1
0
0
0
-1
-1
0
0
0
1
1
1
2
3
2
1
0
0
-1
0
0
0
2
2
2
1
2
1
0
-1
-1
-1
0
-1
0
0
2
1
1
0
0
-1
-1
-1
0
1
0
1
0
1
1
2
1
0
0
-1
-1
-2
-2
-1
0
1
0
1
0
0
0
-1
-1
-2
-2
-2
-3
0
0
1
1
0
0
0
0
0
-1
0
0
-1
0
0
1
1
1
0
0
-1
-2
-2
-2
-1
-1
-1
0
1
1
1
0
0
0
0
0
0
0
0
1
1
2
2
2
1
1
1
0
-1
-1
-2
-1
-1
-1
0
1
1
1
1
1
0
0
0
0
-1
-1
0
1
1
2
2
2
0
0
-1
0
-1
0
-1
-1
0
0
1
1
1
0
1
0
-1
-2
-2
-2
-2
-1
0
0
1
2
1
1
1
1
1
-2
-1
-2
-1
-1
0
1
1
0
0
-1
-2
-2
-2
-2
-1
-1
1
2
1
2
1
2
2
2
1
0
0
-1
0
-1
0
0
1
0
0
0
0
-1
-1
-2
-2
-1
-1
1
1
2
2
2
1
0
-2
-1
-1
0
-1
0
2
1
1
0
1
0
-1
-1
-1
-1
-1
-2
-1
-1
0
0
0
0
-1
-1
-2
-2
-1
-1
0
0
1
1
1
1
1
1
0
0
-1
-2
-2
-1
-1
-1
-1
0
-1
-1
-1
-1
-2
-2
-1
-1
-1
0
1
2
2
3
3
2
2
1
2
2
1
2
0
0
0
0
0
0
0
-1
0
0
-1
-1
0
1
0
1
1
1
1
2
2
1
1
1
1
0
0
1
1
1
1
2
0
0
-1
-2
-2
-2
-1
-1
0
0
0
1
0
-1
-1
0
-1
-1
-1
0
-1
-1
-1
-1
0
0
0
1
-1
-1
-2
-3
-3
-1
0
0
0
-1
0
0
-2
-2
-4
-4
-3
-3
-1
0
1
1
2
1
1
1
1
0
1
-1
-1
0
0
0
0
1
1
1
1
1
1
0
0
0
0
0
1
2
3
3
3
3
2
3
2
1
1
0
1
2
3
3
4
3
3
2
0
1
1
1
0
1
1
2
1
1
0
1
0
0
0
0
-1
-2
-1
0
0
0
-2
-1
-1
-2
-2
-3
-4
-5
-4
-3
-3
-3
-3
-4
-5
-5
-6
-7
-6
-6
-5
-4
-4
-3
-2
-2
-1
-1
-2
-1
-1
-2
0
0
1
1
1
2
3
2
2
2
2
2
1
1
0
0
-1
-1
0
0
0
0
1
1
2
2
3
3
5
6
6
8
9
9
11
12
14
14
16
18
18
20
21
21
23
22
22
22
21
21
19
18
16
12
8
5
2
-3
-6
-11
-13
-15
-18
-20
-20
-21
-22
-23
-23
-24
-24
-23
-24
-23
-23
-22
-22
-21
-20
-18
-18
-17
-15
-13
-11
-9
-8
-6
-5
-4
-4
-3
-3
-3
-2
-2
-2
-2
-2
-4
-4
-3
-3
-1
0
1
4
5
8
10
11
13
15
17
19
20
22
21
21
21
21
21
20
21
21
22
24
26
26
27
28
28
32
34
38
42
44
47
49
53
56
59
61
65
67
68
67
68
65
61
55
47
40
31
21
10
-4
-20
-37
-55
-70
-84
-96
-106
-119
-131
-148
-165
-182
-197
-210
-223
-233
-242
-248
-252
-248
-236
-220
-202
-181
-157
-127
-94
-60
-25
6
36
61
86
108
128
145
157
163
165
163
159
155
149
143
138
131
122
107
89
68
45
21
-6
-32
-59
-84
-103
-115
-118
-119
-116
-107
-90
-66
-35
-2
33
70
109
147
183
215
240
260
274
284
287
287
284
277
274
270
267
262
258
252
246
237
224
208
184
152
120
83
49
17
-11
-33
-55
-77
-97
-121
-139
-155
-166
-175
-187
-192
-202
-214
-242
-287
-340
-413
-487
-565
-637
-698
-756
-798
-824
-827
-808
-774
-720
-649
-563
-463
-362
-254
-149
-45
52
135
210
267
310
342
364
380
388
393
401
407
419
435
455
474
487
495
494
482
457
417
367
303
230
148
59
-32
-132
-237
-344
-428
-484
-510
-503
-475
-421
-353
-263
-140
3
154
285
395
492
573
639
682
704
708
684
657
619
583
553
527
513
499
499
503
501
500
498
500
488
452
405
336
266
188
104
24
-65
-144
-211
-257
-282
-297
-292
-272
-245
-196
-146
-93
-67
-63
-68
-89
-119
-189
-307
-479
-696
-924
-1144
-1341
-1507
-1667
-1798
-1902
-1938
-1892
-1791
-1640
-1478
-1296
-1102
-896
-669
-441
-232
-59
71
185
276
364
444
516
584
633
691
755
830
915
1000
1087
1160
1208
1235
1234
1207
1145
1049
922
758
575
374
175
-17
-195
-352
-496
-635
-761
-855
-891
-872
-799
-686
-544
-389
-228
-47
152
367
567
734
868
977
1061
1131
1179
1203
1198
1171
1135
1101
1082
1075
1074
1066
1048
1018
976
923
861
790
706
593
452
298
136
-12
-145
-259
-355
-429
-464
-464
-416
-347
-261
-172
-96
-25
33
75
83
52
-30
-163
-363
-595
-867
-1172
-1515
-1869
-2194
-2479
-2694
-2846
-2917
-2926
-2872
-2764
-2594
-2371
-2117
-1849
-1582
-1319
-1062
-798
-554
-325
-129
54
224
390
562
738
920
1099
1276
1445
1609
1758
1893
1999
2062
2068
2018
1917
1763
1568
1334
1083
816
545
280
35
-176
-348
-474
-577
-675
-793
-922
-1024
-1053
-1013
-919
-799
-668
-515
-344
-112
166
477
762
997
1192
1367
1530
1665
1764
1817
1822
1782
1726
1645
1568
1489
1407
1310
1198
1092
976
858
738
628
516
385
236
81
-59
-185
-297
-393
-462
-504
-504
-469
-390
-291
-187
-85
-6
63
108
118
88
27
-64
-183
-366
-587
-881
-1240
-1658
-2108
-2535
-2919
-3225
-3486
-3680
-3799
-3830
-3779
-3623
-3382
-3074
-2747
-2416
-2072
-1707
-1313
-925
-544
-202
104
380
647
905
1152
1379
1595
1793
1976
2144
2299
2437
2539
2602
2611
2570
2478
2332
2129
1878
1592
1278
939
597
264
-42
-307
-533
-718
-896
-1074
-1272
-1422
-1471
-1436
-1340
-1215
-1035
-826
-583
-277
99
523
906
1212
1474
1708
1914
2063
2171
2225
2217
2177
2099
2004
1913
1840
1767
1660
1551
1448
1336
1216
1075
938
786
596
363
119
-91
-285
-467
-616
-732
-789
-801
-760
-670
-543
-392
-253
-140
-44
26
42
15
-55
-135
-258
-412
-628
-921
-1306
-1777
-2290
-2792
-3218
-3579
-3881
-4139
-4326
-4438
-4423
-4287
-4024
-3678
-3300
-2911
-2518
-2093
-1645
-1191
-761
-371
-31
279
581
890
1190
1474
1737
1975
2208
2426
2636
2826
2975
3067
3093
3059
2970
2808
2584
2311
1993
1639
1262
878
502
161
-140
-398
-622
-792
-966
-1175
-1426
-1584
-1600
-1544
-1432
-1306
-1088
-850
-572
-232
207
692
1097
1410
1708
1996
2229
2406
2530
2578
2538
2481
2358
2220
2101
2008
1894
1743
1619
1507
1383
1240
1079
932
775
560
286
25
-198
-431
-648
-821
-943
-1013
-1021
-979
-899
-773
-601
-436
-300
-162
-56
5
11
-28
-91
-179
-311
-554
-913
-1393
-1986
-2632
-3209
-3671
-4056
-4400
-4662
-4846
-4919
-4838
-4605
-4233
-3809
-3377
-2980
-2561
-2092
-1602
-1114
-667
-294
24
324
646
973
1307
1625
1911
2199
2481
2757
3024
3274
3477
3582
3604
3561
3435
3218
2910
2541
2120
1668
1209
754
331
-47
-376
-666
-899
-1100
-1318
-1546
-1697
-1731
-1686
-1590
-1470
-1274
-1021
-719
-384
10
455
856
1184
1495
1815
2084
2290
2439
2520
2555
2574
2545
2480
2402
2334
2234
2091
1955
1815
1659
1480
1287
1087
872
606
267
-66
-346
-602
-830
-1010
-1128
-1193
-1194
-1130
-1014
-843
-630
-418
-232
-69
47
77
41
-38
-151
-278
-416
-571
-747
-1010
-1421
-1982
-2584
-3105
-3536
-3894
-4209
-4487
-4733
-4886
-4893
-4740
-4447
-4072
-3707
-3342
-2944
-2487
-1958
-1404
-881
-440
-45
350
757
1170
1561
1900
2202
2491
2762
3008
3246
3458
3607
3680
3676
3615
3493
3310
3062
2746
2379
1969
1525
1071
629
220
-178
-546
-908
-1277
-1618
-1855
-1984
-2040
-2027
-1952
-1773
-1502
-1128
-697
-226
245
662
1044
1423
1788
2082
2292
2430
2496
2510
2512
2486
2455
2410
2365
2314
2254
2207
2141
2050
1914
1743
1537
1276
954
574
176
-220
-604
-949
-1234
-1443
-1597
-1670
-1634
-1498
-1279
-981
-665
-358
-112
71
153
151
84
-46
-211
-402
-572
-735
-879
-1145
-1609
-2237
-2847
-3315
-3621
-3878
-4172
-4468
-4712
-4833
-4815
-4616
-4302
-3946
-3645
-3356
-3005
-2539
-1981
-1416
-900
-451
-40
396
875
1352
1779
2147
2491
2818
3109
3351
3560
3736
3856
3902
3876
3790
3647
3435
3151
2817
2448
2055
1629
1180
739
316
-75
-469
-897
-1340
-1698
-1933
-2066
-2136
-2148
-2069
-1888
-1607
-1238
-788
-300
157
562
982
1406
1769
2048
2250
2367
2424
2471
2493
2481
2463
2450
2414
2362
2328
2287
2206
2080
1920
1735
1518
1220
819
376
-70
-528
-958
-1324
-1618
-1830
-1925
-1909
-1796
-1585
-1306
-1008
-726
-453
-232
-77
4
15
-56
-171
-292
-385
-456
-527
-702
-1076
-1626
-2219
-2705
-3062
-3372
-3756
-4153
-4478
-4688
-4777
-4711
-4501
-4228
-3960
-3671
-3304
-2839
-2306
-1769
-1265
-808
-378
60
543
1021
1444
1820
2186
2552
2892
3191
3459
3690
3878
4006
4054
4034
3948
3777
3528
3226
2879
2480
2044
1569
1084
599
130
-301
-746
-1215
-1649
-1949
-2119
-2205
-2257
-2237
-2100
-1841
-1499
-1103
-639
-165
247
625
1038
1431
1734
1970
2134
2235
2340
2431
2469
2492
2530
2575
2582
2585
2587
2541
2433
2259
2023
1766
1473
1084
631
178
-279
-751
-1183
-1541
-1796
-1923
-1928
-1842
-1684
-1454
-1200
-954
-685
-418
-208
-92
-51
-68
-110
-160
-226
-288
-331
-432
-725
-1286
-1979
-2580
-3002
-3333
-3737
-4209
-4609
-4849
-4950
-4925
-4724
-4417
-4116
-3824
-3479
-3032
-2504
-1938
-1397
-930
-533
-149
293
783
1223
1588
1944
2335
2713
3046
3357
3646
3911
4130
4272
4322
4297
4185
3963
3643
3281
2865
2399
1880
1349
826
327
-138
-623
-1122
-1578
-1924
-2149
-2271
-2331
-2329
-2251
-2063
-1767
-1389
-959
-539
-165
192
573
951
1293
1583
1803
1964
2104
2226
2321
2409
2503
2570
2611
2637
2626
2570
2477
2331
2138
1907
1609
1189
692
178
-333
-804
-1209
-1529
-1757
-1876
-1891
-1812
-1643
-1406
-1142
-868
-572
-270
-16
141
214
218
175
92
-3
-65
-93
-169
-450
-999
-1693
-2301
-2720
-3058
-3497
-4022
-4487
-4780
-4924
-4925
-4753
-4478
-4198
-3916
-3564
-3113
-2576
-2002
-1446
-967
-545
-118
363
862
1281
1622
1961
2346
2738
3084
3391
3668
3914
4113
4234
4280
4252
4125
3881
3550
3174
2743
2270
1742
1181
611
73
-450
-991
-1526
-1978
-2316
-2559
-2706
-2766
-2753
-2675
-2503
-2225
-1843
-1417
-1013
-631
-219
214
625
1002
1347
1639
1890
2133
2347
2546
2718
2869
2971
3042
3114
3158
3148
3063
2916
2705
2423
2027
1534
1016
505
8
-455
-860
-1186
-1412
-1524
-1527
-1468
-1348
-1193
-1031
-833
-575
-311
-99
39
98
102
93
89
76
53
19
-116
-498
-1146
-1891
-2510
-2933
-3318
-3825
-4383
-4814
-5042
-5101
-5004
-4731
-4368
-4005
-3648
-3229
-2719
-2163
-1614
-1113
-683
-317
47
465
887
1236
1539
1875
2274
2667
3021
3324
3602
3867
4084
4207
4223
4139
3939
3627
3243
2810
2320
1776
1200
611
23
-525
-1047
-1548
-1992
-2331
-2570
-2736
-2820
-2798
-2667
-2457
-2191
-1895
-1550
-1180
-823
-460
-60
335
676
1001
1321
1622
1916
2219
2507
2771
3025
3253
3408
3504
3553
3542
3463
3309
3069
2747
2355
1875
1336
816
345
-104
-511
-854
-1127
-1307
-1385
-1389
-1354
-1267
-1132
-961
-752
-530
-353
-270
-254
-281
-304
-301
-293
-272
-199
-142
-271
-694
-1347
-2032
-2589
-3033
-3513
-4089
-4659
-5084
-5322
-5372
-5239
-4949
-4570
-4144
-3656
-3081
-2419
-1721
-1080
-540
-103
283
683
1104
1479
1774
2043
2345
2677
3008
3313
3593
3856
4108
4308
4420
4438
4348
4124
3783
3355
2850
2268
1622
922
230
-419
-1029
-1604
-2143
-2600
-2939
-3149
-3257
-3272
-3189
-2995
-2732
-2408
-2032
-1626
-1213
-805
-411
-18
376
731
1038
1337
1647
1951
2249
2535
2816
3084
3337
3542
3687
3789
3843
3817
3690
3455
3108
2649
2090
1492
923
426
0
-377
-709
-997
-1236
-1405
-1458
-1390
-1228
-1012
-791
-599
-441
-320
-231
-164
-109
-87
-126
-194
-236
-259
-386
-759
-1417
-2184
-2821
-3282
-3734
-4283
-4865
-5329
-5619
-5735
-5650
-5393
-5043
-4688
-4306
-3840
-3280
-2679
-2079
-1545
-1112
-731
-308
174
641
1045
1419
1840
2325
2831
3294
3715
4109
4468
4759
4983
5110
5111
4973
4709
4347
3917
3434
2893
2308
1696
1095
505
-76
-644
-1176
-1639
-1990
-2245
-2422
-2523
-2550
-2493
-2347
-2110
-1838
-1574
-1343
-1077
-741
-365
5
332
642
963
1290
1600
1914
2221
2488
2699
2875
3022
3126
3189
3207
3141
2991
2749
2385
1901
1359
816
304
-147
-521
-813
-1046
-1254
-1435
-1556
-1576
-1495
-1341
-1132
-886
-642
-417
-218
-65
32
122
179
219
283
348
333
55
-594
-1489
-2321
-2914
-3359
-3898
-4591
-5226
-5608
-5741
-5679
-5437
-5068
-4671
-4274
-3789
-3173
-2500
-1855
-1299
-866
-535
-222
150
547
880
1138
1441
1877
2408
2932
3399
3831
4250
4639
4947
5135
5187
5077
4799
4394
3918
3384
2773
2080
1350
654
14
-580
-1129
-1624
-2007
-2289
-2516
-2704
-2819
-2846
-2811
-2714
-2534
-2262
-1958
-1631
-1265
-850
-408
24
421
793
1159
1510
1836
2142
2431
2713
2962
3158
3310
3421
3487
3484
3439
3363
3223
2965
2566
2033
1439
882
398
-15
-399
-784
-1143
-1428
-1609
-1647
-1568
-1413
-1215
-987
-757
-541
-364
-236
-129
-44
30
84
147
273
423
393
-6
-777
-1648
-2280
-2686
-3126
-3752
-4438
-4976
-5270
-5356
-5264
-5009
-4689
-4370
-4012
-3537
-2952
-2347
-1800
-1352
-1014
-701
-304
161
568
859
1129
1508
2001
2495
2913
3277
3636
3983
4271
4468
4559
4507
4292
3940
3519
3073
2562
1949
1262
552
-113
-722
-1306
-1877
-2384
-2758
-3016
-3181
-3252
-3232
-3125
-2936
-2665
-2297
-1854
-1418
-1021
-609
-138
344
787
1192
1565
1904
2263
2643
3003
3351
3683
3953
4149
4321
4461
4520
4468
4313
4055
3690
3182
2524
1770
1050
419
-125
-579
-960
-1278
-1499
-1634
-1677
-1607
-1461
-1298
-1136
-925
-688
-513
-424
-368
-334
-340
-396
-470
-447
-319
-338
-746
-1481
-2259
-2836
-3253
-3710
-4288
-4901
-5352
-5582
-5615
-5456
-5149
-4784
-4400
-3970
-3462
-2869
-2221
-1613
-1118
-722
-361
53
506
898
1179
1465
1885
2403
2907
3359
3773
4156
4505
4804
5012
5097
5038
4823
4475
4040
3562
3012
2370
1658
922
220
-437
-1079
-1683
-2206
-2644
-3012
-3288
-3461
-3530
-3500
-3374
-3127
-2745
-2296
-1862
-1434
-976
-495
-19
451
893
1277
1637
1978
2283
2581
2906
3203
3437
3642
3834
3978
4047
4027
3894
3652
3289
2776
2132
1443
755
96
-467
-904
-1224
-1433
-1565
-1664
-1684
-1592
-1423
-1215
-971
-726
-522
-372
-277
-229
-195
-145
-94
-28
90
208
132
-332
-1141
-1967
-2525
-2899
-3380
-4056
-4747
-5233
-5441
-5401
-5181
-4851
-4465
-4059
-3603
-3045
-2382
-1721
-1165
-746
-431
-130
248
676
1035
1290
1549
1948
2479
3011
3454
3837
4212
4576
4871
5064
5120
4997
4680
4221
3702
3156
2565
1896
1150
408
-286
-960
-1628
-2263
-2793
-3204
-3483
-3627
-3638
-3528
-3339
-3104
-2791
-2350
-1859
-1387
-946
-508
-81
300
646
946
1213
1459
1695
1917
2149
2428
2736
3066
3393
3718
4000
4156
4131
3958
3673
3261
2700
2014
1271
549
-76
-575
-965
-1268
-1471
-1593
-1637
-1574
-1429
-1196
-919
-638
-378
-189
-86
-76
-102
-117
-104
-68
-12
-44
-373
-1076
-1966
-2698
-3156
-3532
-4047
-4664
-5125
-5296
-5230
-5026
-4670
-4232
-3803
-3377
-2865
-2255
-1640
-1108
-711
-438
-239
8
356
722
989
1204
1524
2014
2560
3025
3415
3787
4160
4469
4658
4714
4622
4355
3934
3447
2954
2434
1828
1152
465
-196
-804
-1344
-1827
-2275
-2630
-2831
-2883
-2848
-2758
-2609
-2373
-1974
-1440
-884
-386
40
396
697
997
1278
1499
1662
1776
1839
1888
1983
2102
2252
2455
2695
2951
3225
3447
3535
3491
3327
3014
2537
1936
1247
537
-92
-616
-1059
-1412
-1657
-1785
-1768
-1603
-1348
-1076
-784
-485
-238
-55
53
69
-25
-217
-459
-670
-923
-1500
-2494
-3607
-4426
-4848
-5173
-5651
-6183
-6473
-6389
-6050
-5594
-4998
-4298
-3664
-3083
-2420
-1686
-1010
-453
-27
271
505
833
1303
1762
2081
2347
2770
3388
4028
4528
4920
5285
5594
5785
5829
5701
5385
4882
4221
3498
2804
2118
1360
570
-221
-979
-1626
-2149
-2609
-3053
-3415
-3639
-3729
-3707
-3611
-3476
-3261
-2925
-2504
-2019
-1503
-1036
-612
-152
332
760
1151
1518
1818
2106
2444
2779
3042
3295
3540
3744
3943
4159
4307
4310
4190
3929
3529
3027
2412
1697
999
394
-136
-557
-837
-1023
-1087
-1016
-888
-762
-625
-458
-309
-162
9
111
111
84
55
-46
-224
-637
-1512
-2704
-3820
-4598
-5116
-5652
-6338
-6935
-7170
-7029
-6713
-6265
-5662
-5016
-4431
-3827
-3115
-2371
-1729
-1253
-909
-619
-298
106
584
1025
1379
1762
2381
3151
3850
4406
4904
5365
5747
6004
6070
5917
5556
5008
4314
3589
2882
2147
1344
560
-177
-857
-1475
-2054
-2555
-2960
-3231
-3410
-3466
-3402
-3262
-3069
-2782
-2390
-1930
-1407
-918
-460
46
618
1125
1538
1960
2349
2679
2986
3285
3527
3737
3957
4124
4238
4352
4412
4331
4140
3871
3488
3004
2380
1613
830
119
-508
-999
-1319
-1517
-1657
-1676
-1538
-1301
-1027
-754
-522
-344
-124
60
116
60
-78
-270
-472
-798
-1532
-2695
-3932
-4821
-5373
-5914
-6608
-7268
-7578
-7505
-7225
-6814
-6199
-5484
-4846
-4255
-3571
-2790
-2063
-1467
-1014
-665
-323
124
690
1251
1704
2143
2793
3648
4473
5132
5693
6215
6640
6911
7017
6937
6648
6133
5414
4613
3824
3006
2087
1135
230
-654
-1468
-2152
-2676
-3074
-3400
-3639
-3760
-3705
-3537
-3350
-3087
-2659
-2115
-1543
-974
-450
40
505
913
1251
1603
1949
2225
2444
2687
2958
3181
3365
3478
3508
3536
3570
3510
3346
3116
2805
2390
1883
1313
668
-4
-626
-1147
-1501
-1682
-1753
-1732
-1588
-1358
-1102
-837
-584
-362
-158
19
85
35
-30
-96
-201
-450
-1104
-2271
-3606
-4631
-5246
-5790
-6534
-7322
-7783
-7747
-7392
-6906
-6268
-5465
-4683
-3976
-3205
-2317
-1473
-791
-278
98
430
834
1366
1891
2290
2645
3193
4007
4842
5474
5964
6450
6903
7217
7324
7222
6892
6328
5564
4708
3873
3053
2142
1153
242
-529
-1208
-1868
-2529
-3106
-3520
-3784
-3985
-4153
-4219
-4143
-3938
-3598
-3125
-2560
-1987
-1481
-985
-370
321
890
1312
1705
2099
2448
2739
2960
3107
3242
3378
3455
3499
3591
3672
3631
3496
3350
3169
2846
2343
1711
1078
484
-96
-616
-982
-1194
-1303
-1289
-1145
-896
-570
-251
-2
220
447
622
670
624
565
464
249
-363
-1544
-3060
-4411
-5293
-5958
-6754
-7721
-8471
-8686
-8459
-8078
-7584
-6874
-6076
-5371
-4683
-3873
-3040
-2342
-1836
-1476
-1195
-847
-338
256
777
1220
1811
2716
3779
4710
5450
6134
6792
7311
7597
7620
7390
6919
6219
5365
4510
3708
2860
1917
1034
271
-394
-960
-1450
-1879
-2296
-2633
-2889
-3071
-3180
-3215
-3196
-3063
-2743
-2325
-1857
-1334
-764
-159
523
1247
1889
2429
2951
3427
3781
4054
4257
4350
4363
4363
4314
4229
4127
3959
3718
3461
3206
2883
2459
1938
1299
606
-18
-597
-1137
-1544
-1791
-1923
-1896
-1713
-1490
-1271
-1023
-762
-556
-429
-352
-347
-370
-396
-499
-879
-1864
-3402
-4975
-6011
-6574
-7225
-8158
-9066
-9483
-9310
-8793
-8152
-7364
-6444
-5587
-4802
-3909
-2883
-1974
-1304
-821
-469
-150
318
935
1470
1830
2238
2975
4004
5015
5770
6357
6943
7494
7842
7916
7726
7264
6538
5620
4655
3747
2848
1834
777
-123
-742
-1155
-1561
-2071
-2633
-3059
-3265
-3344
-3440
-3568
-3638
-3597
-3440
-3124
-2595
-1946
-1314
-611
304
1296
2141
2818
3386
3860
4253
4553
4663
4566
4437
4362
4277
4174
4132
4089
3941
3730
3585
3518
3360
2961
2361
1724
1103
457
-201
-783
-1264
-1580
-1676
-1647
-1543
-1341
-1066
-818
-581
-281
-9
107
87
-10
-207
-623
-1507
-2931
-4591
-5983
-6936
-7724
-8599
-9456
-9949
-9887
-9402
-8708
-7825
-6775
-5742
-4842
-3990
-3128
-2339
-1708
-1284
-1056
-900
-621
-163
362
860
1397
2148
3188
4313
5260
6020
6717
7332
7725
7835
7675
7248
6545
5617
4558
3510
2526
1544
558
-276
-889
-1360
-1733
-2023
-2232
-2444
-2617
-2740
-2826
-2863
-2898
-2953
-2931
-2654
-2228
-1794
-1289
-636
109
876
1696
2465
3119
3704
4204
4540
4730
4834
4809
4672
4481
4284
4106
3951
3794
3611
3454
3309
3085
2796
2472
2044
1511
996
499
-24
-464
-773
-990
-1123
-1049
-844
-676
-506
-303
-58
180
374
431
373
224
-99
-870
-2208
-3824
-5322
-6417
-7323
-8302
-9329
-10036
-10189
-9871
-9280
-8542
-7615
-6573
-5547
-4600
-3651
-2709
-1926
-1408
-1081
-839
-581
-188
296
717
1097
1672
2548
3552
4462
5244
5958
6618
7144
7393
7317
6968
6367
5526
4507
3461
2471
1488
485
-444
-1124
-1556
-1882
-2186
-2431
-2600
-2756
-2865
-2937
-2991
-3007
-2957
-2841
-2611
-2184
-1662
-1116
-493
323
1239
2102
2882
3558
4145
4627
5002
5228
5321
5297
5145
4896
4605
4369
4194
4024
3814
3611
3471
3327
3054
2650
2201
1722
1214
690
177
-314
-759
-1102
-1343
-1469
-1416
-1266
-1117
-968
-757
-490
-293
-203
-206
-300
-628
-1441
-2791
-4390
-5793
-6825
-7702
-8669
-9651
-10268
-10267
-9796
-9106
-8260
-7230
-6135
-5073
-4027
-3000
-2066
-1319
-803
-526
-357
-117
261
677
1031
1416
2039
2964
4003
4911
5658
6352
7006
7512
7734
7625
7224
6580
5688
4619
3520
2474
1425
391
-519
-1163
-1560
-1889
-2207
-2500
-2656
-2735
-2820
-2904
-2970
-2966
-2913
-2784
-2561
-2119
-1539
-976
-361
434
1362
2205
2950
3622
4199
4640
4941
5055
4970
4814
4619
4339
4025
3782
3595
3391
3154
2945
2797
2646
2382
1996
1594
1183
677
111
-417
-886
-1257
-1477
-1559
-1553
-1429
-1196
-990
-791
-563
-326
-194
-172
-220
-536
-1369
-2752
-4335
-5703
-6705
-7603
-8591
-9524
-10089
-10094
-9638
-8913
-8008
-6921
-5753
-4629
-3537
-2435
-1435
-682
-181
128
322
527
844
1180
1447
1762
2346
3224
4187
5046
5768
6436
7056
7498
7640
7470
7013
6290
5334
4228
3109
2044
967
-95
-1010
-1612
-1959
-2259
-2524
-2710
-2734
-2682
-2657
-2678
-2726
-2701
-2615
-2495
-2324
-1940
-1435
-966
-425
339
1258
2049
2722
3367
3970
4456
4788
4938
4881
4734
4538
4262
3925
3626
3395
3145
2872
2668
2581
2506
2292
1972
1679
1383
970
488
47
-326
-623
-804
-868
-865
-779
-619
-468
-341
-157
63
165
95
-137
-638
-1669
-3158
-4700
-5971
-7001
-7999
-9010
-9888
-10357
-10270
-9740
-8992
-8091
-7010
-5843
-4730
-3658
-2588
-1650
-975
-525
-223
-14
214
540
905
1233
1645
2331
3262
4209
5020
5761
6464
7067
7470
7572
7337
6804
6038
5061
3931
2783
1673
570
-494
-1356
-1914
-2252
-2537
-2840
-3074
-3184
-3168
-3086
-3041
-3049
-3029
-2895
-2682
-2385
-1912
-1297
-690
-50
808
1787
2661
3399
4082
4686
5134
5445
5575
5485
5280
5074
4847
4563
4286
4045
3788
3497
3260
3129
3010
2758
2393
2027
1655
1214
741
324
-38
-360
-581
-665
-703
-675
-573
-489
-408
-270
-82
-22
-211
-665
-1507
-2822
-4387
-5790
-6929
-8000
-9146
-10214
-10893
-11025
-10690
-10068
-9248
-8235
-7072
-5856
-4643
-3461
-2379
-1525
-954
-550
-206
100
399
730
1070
1443
2001
2849
3829
4701
5467
6227
6947
7494
7748
7682
7300
6661
5794
4740
3576
2390
1202
25
-1003
-1741
-2184
-2487
-2847
-3301
-3661
-3775
-3676
-3525
-3444
-3415
-3269
-2918
-2438
-1915
-1306
-575
152
893
1779
2741
3511
4055
4555
5020
5381
5597
5633
5457
5220
5084
4984
4825
4630
4430
4181
3897
3658
3487
3271
2897
2380
1876
1421
938
421
-2
-273
-462
-529
-498
-422
-351
-235
-61
58
99
20
-293
-995
-2195
-3798
-5479
-6902
-8020
-9063
-10208
-11249
-11731
-11500
-10846
-10077
-9147
-7951
-6672
-5476
-4295
-3100
-2065
-1343
-866
-532
-257
50
422
801
1158
1642
2407
3430
4468
5337
6097
6854
7569
8045
8134
7827
7223
6384
5324
4104
2873
1681
483
-684
-1621
-2192
-2486
-2713
-3022
-3324
-3492
-3506
-3459
-3443
-3441
-3412
-3271
-3008
-2643
-2159
-1524
-810
-66
848
1933
2943
3718
4373
4981
5447
5728
5807
5680
5414
5143
4893
4614
4355
4154
3954
3716
3532
3444
3388
3227
2898
2487
2073
1622
1079
543
120
-194
-413
-473
-450
-427
-358
-252
-119
30
195
223
-31
-689
-1846
-3409
-5043
-6406
-7600
-8863
-10150
-11169
-11640
-11520
-11007
-10269
-9297
-8104
-6823
-5522
-4214
-2972
-1940
-1182
-655
-285
29
339
641
929
1258
1756
2516
3504
4501
5357
6170
7013
7766
8218
8309
8048
7454
6606
5557
4372
3101
1807
504
-712
-1681
-2312
-2678
-3013
-3314
-3526
-3594
-3574
-3566
-3559
-3568
-3523
-3409
-3182
-2887
-2444
-1845
-1212
-477
463
1535
2481
3300
4089
4802
5339
5666
5787
5681
5457
5210
4911
4582
4299
4076
3870
3658
3496
3392
3295
3107
2815
2502
2193
1775
1240
758
347
-4
-275
-411
-462
-474
-377
-233
-88
79
289
368
178
-314
-1245
-2639
-4269
-5779
-7071
-8313
-9606
-10751
-11440
-11583
-11297
-10710
-9820
-8689
-7454
-6177
-4870
-3614
-2505
-1615
-974
-528
-190
114
404
711
1065
1519
2181
3080
4088
5034
5916
6790
7605
8197
8456
8357
7939
7230
6243
5068
3815
2531
1231
-12
-1075
-1857
-2366
-2673
-2954
-3208
-3392
-3535
-3590
-3583
-3540
-3570
-3561
-3427
-3191
-2833
-2324
-1671
-999
-144
891
1900
2802
3651
4408
4952
5361
5612
5647
5485
5208
4882
4529
4238
3977
3737
3553
3393
3255
3165
3083
2881
2598
2305
1918
1436
949
517
65
-333
-533
-613
-608
-542
-428
-284
-92
163
359
396
204
-354
-1395
-2801
-4308
-5713
-6987
-8256
-9553
-10601
-11157
-11225
-10896
-10250
-9360
-8295
-7079
-5780
-4485
-3287
-2245
-1419
-849
-424
-80
191
451
710
997
1433
2135
3054
4008
4916
5801
6673
7441
7974
8177
8041
7606
6900
5963
4850
3622
2327
1043
-134
-1112
-1823
-2257
-2570
-2879
-3143
-3307
-3335
-3279
-3193
-3196
-3229
-3187
-3023
-2780
-2471
-2006
-1457
-823
-51
864
1789
2616
3369
4032
4618
5060
5304
5341
5212
5002
4746
4472
4151
3809
3509
3282
3116
2977
2873
2736
2488
2200
1925
1613
1209
757
331
-52
-316
-458
-509
-541
-506
-351
-124
138
380
593
690
639
411
-140
-1143
-2542
-4051
-5444
-6702
-7917
-9069
-9984
-10509
-10607
-10311
-9690
-8802
-7748
-6634
-5510
-4377
-3271
-2325
-1609
-1130
-809
-559
-307
0
321
681
1176
1888
2793
3756
4694
5593
6430
7130
7615
7832
7738
7349
6669
5743
4661
3514
2373
1224
139
-754
-1386
-1792
-2015
-2126
-2259
-2419
-2630
-2825
-2968
-3083
-3217
-3388
-3470
-3409
-3160
-2734
-2155
-1454
-594
434
1463
2415
3328
4147
4715
5058
5265
5276
5067
4742
4386
3994
3640
3381
3158
2955
2873
2900
2922
2904
2823
2653
2390
2022
1532
996
473
-51
-552
-927
-1122
-1217
-1201
-1050
-811
-495
-104
291
554
726
812
711
224
-753
-2083
-3537
-4870
-6086
-7274
-8419
-9346
-9889
-9975
-9666
-9083
-8245
-7196
-6081
-5011
-3962
-2939
-2072
-1455
-1043
-775
-582
-389
-171
48
321
788
1486
2358
3293
4199
5083
5941
6696
7239
7505
7469
7111
6467
5604
4590
3497
2393
1294
258
-587
-1163
-1507
-1700
-1832
-1895
-1885
-1848
-1941
-2212
-2490
-2715
-2882
-3029
-3095
-3081
-2901
-2472
-1900
-1183
-276
775
1719
2578
3479
4283
4781
5017
5107
4975
4686
4334
3886
3382
2984
2738
2539
2398
2386
2443
2465
2448
2391
2298
2134
1796
1272
724
222
-310
-839
-1245
-1511
-1648
-1588
-1373
-1114
-796
-389
9
310
536
683
693
536
129
-681
-1847
-3125
-4327
-5414
-6462
-7456
-8269
-8685
-8704
-8456
-7986
-7277
-6417
-5538
-4638
-3746
-2928
-2246
-1719
-1364
-1129
-929
-718
-490
-213
147
645
1329
2169
3048
3901
4757
5568
6252
6741
6995
6958
6655
6132
5418
4557
3627
2684
1732
850
137
-375
-720
-928
-1045
-1190
-1428
-1715
-1965
-2152
-2340
-2583
-2856
-3050
-3082
-2951
-2699
-2328
-1785
-1088
-285
569
1453
2278
2970
3517
3934
4213
4315
4243
4014
3701
3402
3153
2906
2658
2470
2380
2355
2362
2369
2325
2184
1938
1625
1239
780
237
-355
-901
-1323
-1611
-1781
-1821
-1737
-1509
-1146
-721
-320
17
319
559
699
715
615
407
135
-227
-857
-1816
-2928
-3923
-4708
-5385
-6068
-6702
-7124
-7264
-7170
-6933
-6556
-6028
-5446
-4885
-4321
-3733
-3171
-2673
-2262
-1905
-1531
-1117
-641
-130
390
971
1676
2476
3276
4002
4671
5286
5803
6170
6370
6365
6152
5774
5265
4669
4031
3367
2674
1981
1360
862
450
21
-458
-960
-1423
-1789
-2081
-2348
-2620
-2856
-2995
-2989
-2851
-2606
-2260
-1826
-1293
-656
51
747
1369
1921
2418
2848
3169
3372
3464
3467
3424
3379
3312
3219
3120
3022
2926
2819
2702
2539
2316
2016
1659
1248
772
232
-332
-858
-1315
-1663
-1910
-2062
-2138
-2115
-1959
-1687
-1340
-981
-630
-334
-89
114
245
266
191
40
-168
-415
-650
-863
-1027
-1161
-1416
-1904
-2563
-3171
-3675
-4118
-4613
-5163
-5648
-5998
-6195
-6303
-6251
-5972
-5562
-5102
-4559
-3873
-3119
-2344
-1566
-810
-77
606
1259
1853
2357
2823
3278
3702
4016
4245
4450
4648
4818
4910
4960
4934
4789
4552
4239
3862
3398
2880
2283
1607
889
164
-587
-1393
-2097
-2609
-2953
-3168
-3225
-3122
-2864
-2435
-1883
-1273
-610
111
797
1380
1907
2374
2714
2926
3061
3150
3173
3146
3077
2991
2940
2921
2902
2840
2746
2622
2432
2168
1821
1402
935
420
-152
-712
-1208
-1671
-2113
-2441
-2616
-2646
-2563
-2358
-2053
-1687
-1245
-796
-369
-6
333
578
719
778
763
717
606
458
277
112
-51
-202
-333
-427
-514
-589
-685
-756
-902
-1226
-1767
-2485
-3207
-3969
-4749
-5631
-6402
-6918
-7141
-7107
-6873
-6343
-5550
-4594
-3581
-2534
-1413
-320
616
1330
1883
2343
2612
2728
2721
2681
2654
2638
2671
2744
2888
3125
3417
3681
3846
3960
3961
3806
3499
3038
2482
1776
970
119
-684
-1440
-2194
-2893
-3439
-3663
-3608
-3316
-2825
-2178
-1410
-535
380
1250
2089
2880
3516
3911
4149
4284
4265
4053
3782
3499
3222
2973
2754
2592
2540
2578
2596
2565
2476
2333
2097
1744
1292
751
148
-510
-1201
-1854
-2394
-2833
-3187
-3371
-3342
-3144
-2810
-2359
-1842
-1268
-670
-114
329
671
935
1050
1013
862
662
381
60
-254
-556
-785
-962
-1079
-1169
-1175
-1128
-1094
-1083
-1130
-1215
-1366
-1559
-1790
-2049
-2267
-2533
-2894
-3370
-3798
-4175
-4463
-4623
-4678
-4586
-4378
-4044
-3683
-3211
-2620
-1938
-1315
-726
-153
379
811
1165
1445
1641
1798
1874
1951
2006
2108
2218
2374
2537
2699
2868
3016
3134
3178
3180
3124
2934
2625
2256
1838
1332
724
98
-483
-950
-1300
-1478
-1480
-1299
-970
-541
-46
531
1147
1713
2209
2605
2909
3075
3115
3025
2852
2615
2356
2090
1850
1695
1620
1588
1569
1577
1593
1601
1545
1416
1220
954
580
123
-372
-867
-1349
-1812
-2200
-2502
-2692
-2763
-2708
-2539
-2263
-1909
-1530
-1159
-798
-465
-186
1
115
165
132
39
-107
-254
-409
-562
-723
-843
-908
-939
-927
-911
-890
-876
-875
-898
-956
-1020
-1127
-1281
-1480
-1678
-1851
-1987
-2047
-2057
-1983
-1837
-1620
-1398
-1132
-866
-660
-539
-484
-484
-535
-593
-702
-808
-943
-1050
-1156
-1206
-1133
-955
-706
-418
-61
297
642
931
1151
1308
1439
1545
1617
1666
1709
1737
1704
1642
1548
1422
1264
1101
966
873
870
921
998
1108
1228
1333
1408
1469
1499
1480
1419
1326
1207
1081
972
871
780
729
714
716
747
805
876
958
1050
1126
1170
1184
1160
1092
992
891
769
627
458
267
63
-141
-312
-462
-588
-696
-794
-865
-913
-929
-949
-982
-1020
-1074
-1128
-1192
-1262
-1343
-1424
-1485
-1531
-1538
-1505
-1429
-1311
-1164
-987
-811
-650
-531
-451
-415
-422
-458
-513
-559
-597
-622
-648
-647
-616
-555
-474
-371
-251
-135
-33
44
117
160
188
192
186
167
137
104
70
38
2
-19
-35
-27
-11
28
72
132
199
261
323
372
428
469
494
480
446
399
339
254
166
65
-38
-146
-245
-318
-374
-381
-383
-377
-371
-343
-299
-258
-203
-159
-128
-121
-130
-147
-168
-194
-208
-222
-218
-201
-173
-125
-66
13
100
195
291
388
476
547
590
612
625
626
618
611
608
609
622
643
676
715
769
831
900
976
1045
1094
1123
1137
1133
1114
1074
1020
950
879
811
745
686
625
566
512
471
432
389
343
282
202
96
-32
-189
-365
-535
-690
-810
-889
-914
-905
-879
-855
-834
-837
-867
-904
-928
-913
-888
-873
-901
-947
-985
-980
-929
-849
-759
-684
-635
-631
-641
-675
-698
-713
-710
-702
-681
-642
-606
-558
-518
-460
-421
-389
-370
-349
-318
-287
-254
-218
-172
-127
-89
-52
-10
26
62
91
123
150
171
180
167
152
127
88
39
4
-7
-13
-19
-20
-19
-5
13
40
59
77
95
105
111
111
112
100
92
81
72
72
90
120
168
246
350
472
592
701
778
821
831
831
847
876
904
932
970
1035
1125
1237
1375
1512
1644
1745
1787
1742
1609
1411
1167
909
657
418
203
7
-149
-266
-347
-394
-418
-425
-420
-405
-373
-324
-259
-188
-130
-95
-96
-123
-163
-210
-263
-325
-395
-476
-555
-629
-698
-760
-814
-861
-902
-933
-946
-943
-923
-887
-837
-764
-679
-590
-508
-437
-381
-351
-354
-375
-407
-436
-452
-447
-429
-408
-389
-383
-401
-439
-507
-600
-707
-817
-910
-980
-1020
-1030
-1013
-968
-903
-809
-686
-542
-391
-231
-79
54
169
268
352
420
469
491
487
470
442
403
367
343
339
351
372
405
450
497
540
574
595
607
601
582
556
531
508
485
467
444
425
409
393
383
376
371
356
336
320
311
314
333
364
396
427
455
471
473
463
440
402
356
305
249
188
129
72
24
-16
-46
-68
-81
-84
-75
-58
-37
-17
1
13
20
25
25
26
24
19
12
3
-10
-26
-42
-58
-76
-93
-113
-133
-156
-179
-204
-229
-246
-241
-211
-170
-128
-93
-67
-50
-37
-27
-20
-14
-10
-10
-11
-13
-14
-13
-11
-11
-12
-13
-14
-15
-13
-11
-6
-1
3
8
12
15
16
16
15
11
6
0
-6
-14
-20
-26
-32
-37
-38
-40
-40
-39
-35
-33
-32
-32
-34
-36
-40
-45
-50
-56
-60
-63
-65
-66
-63
-60
-57
-52
-48
-44
-39
-37
-34
-31
-30
-29
-27
-26
-23
-21
-18
-18
-16
-18
-18
-20
-21
-22
-23
-23
-25
-25
-24
-22
-19
-17
-13
-10
-7
-4
-2
-1
0
1
0
-2
-3
-4
-4
-5
-5
-6
-6
-6
-6
-7
-6
-7
-7
-7
-7
-6
-6
-7
-7
-7
-7
-7
-7
-6
-7
-7
-7
-7
-7
-7
-7
-6
-7
-6
-6
-7
-7
-7
-7
-7
-7
-6
-6
-6
-8
-8
-10
-11
-13
-15
-15
-16
-16
-15
-15
-14
-13
-11
-8
-6
-3
-2
1
1
4
4
5
6
6
6
5
5
5
4
3
4
4
4
4
5
6
5
6
5
6
5
5
4
4
4
4
4
5
4
4
4
4
4
4
5
4
4
4
4
4
6
5
7
8
7
7
7
6
5
3
3
1
0
0
-1
-2
-2
-2
-3
-2
-3
-2
-2
-2
-1
0
0
0
-1
0
-1
-1
-1
-1
0
-1
-2
-2
-2
-3
-3
-4
-4
-3
-4
-4
-5
-5
-5
-5
-4
-3
-2
-2
-2
-1
-2
-1
-2
-1
-1
-1
-1
0
-2
-2
-1
-2
-3
-3
-4
-4
-5
-6
-6
-6
-5
-6
-5
-5
-4
-3
-3
-3
-2
-1
-1
0
-1
-1
0
0
0
-1
-1
-1
-1
0
0
-1
-1
0
-1
-1
0
0
0
0
0
0
1
0
0
0
0
0
0
1
-1
0
0
0
0
0
0
1
2
2
2
1
1
0
0
-1
-1
-2
-2
-3
-4
-4
-5
-6
-7
-8
-10
-9
-10
-12
-14
-15
-16
-17
-18
-18
-18
-18
-18
-18
-18
-18
-17
-17
-16
-16
-15
-14
-14
-13
-11
-9
-7
-6
-6
-8
-7
-8
-8
-8
-9
-9
-9
-10
-11
-11
-11
-11
-10
-9
-8
-6
-5
-2
0
4
7
11
13
16
18
20
22
23
24
24
23
22
21
20
17
16
13
11
7
5
2
0
-3
-6
-10
-12
-16
-17
-20
-22
-25
-27
-29
-32
-35
-38
-40
-42
-44
-47
-50
-52
-51
-50
-47
-44
-41
-36
-30
-21
-14
-4
4
10
12
12
9
3
-3
-12
-17
-21
-21
-17
-12
-2
8
15
23
30
37
45
52
59
68
78
89
96
102
109
119
133
150
168
182
191
194
194
191
188
187
186
186
185
179
175
169
162
154
146
139
126
108
88
71
61
59
60
64
68
74
76
80
88
98
109
119
123
120
112
101
89
79
64
46
19
-14
-54
-100
-142
-179
-213
-245
-280
-309
-331
-347
-360
-365
-362
-351
-335
-319
-300
-278
-253
-226
-201
-177
-150
-128
-106
-85
-67
-49
-31
-14
-5
-1
0
1
8
23
40
60
76
84
80
69
55
45
39
39
40
39
41
42
43
44
39
30
17
3
-9
-20
-30
-41
-53
-65
-77
-84
-83
-73
-58
-43
-31
-20
-12
-4
7
17
23
29
34
36
38
39
32
21
-2
-27
-48
-65
-76
-81
-84
-90
-100
-110
-115
-114
-109
-103
-92
-78
-61
-42
-24
-8
6
18
32
46
58
67
79
90
96
101
105
109
114
121
129
139
149
157
159
158
156
155
156
156
157
158
157
153
143
132
121
114
113
111
110
112
110
103
92
79
65
52
38
23
10
2
-6
-17
-30
-45
-61
-79
-97
-115
-131
-141
-145
-146
-147
-150
-156
-159
-161
-158
-154
-149
-143
-139
-137
-138
-139
-135
-126
-115
-103
-91
-81
-79
-79
-77
-68
-56
-42
-25
-10
6
20
31
37
43
47
56
66
77
91
103
106
98
85
64
39
18
-2
-16
-25
-36
-47
-59
-74
-85
-92
-92
-89
-83
-74
-64
-57
-52
-49
-47
-46
-43
-35
-22
-14
-13
-18
-24
-32
-34
-34
-29
-21
-12
-1
6
13
17
18
16
15
19
26
35
49
63
76
83
82
80
78
78
85
96
105
110
106
94
80
65
52
49
50
49
48
43
36
31
27
29
36
45
56
64
66
64
62
63
66
73
85
102
117
125
128
128
124
116
107
100
98
100
101
98
91
77
56
29
5
-10
-14
-15
-12
-11
-10
-15
-26
-39
-53
-64
-73
-81
-84
-84
-86
-92
-102
-110
-117
-122
-123
-121
-119
-121
-130
-140
-147
-150
-147
-142
-134
-126
-122
-124
-127
-133
-141
-149
-152
-149
-140
-133
-127
-122
-115
-107
-102
-98
-93
-88
-78
-68
-58
-51
-44
-36
-27
-18
-7
5
12
19
24
30
33
36
42
53
62
64
69
74
78
87
97
107
112
113
113
111
110
111
113
121
133
145
154
162
165
162
156
155
162
167
166
162
158
156
151
145
141
134
127
118
112
104
96
89
82
76
69
56
44
37
34
30
20
7
-11
-32
-48
-57
-62
-66
-71
-72
-71
-68
-68
-73
-80
-83
-88
-95
-101
-105
-100
-97
-94
-91
-92
-94
-96
-99
-101
-108
-116
-122
-122
-123
-119
-112
-106
-105
-102
-98
-97
-98
-102
-110
-115
-115
-112
-109
-101
-88
-79
-73
-73
-75
-78
-78
-69
-55
-36
-20
-7
-1
1
-1
-5
-5
-2
4
12
17
24
35
47
59
67
73
73
71
72
79
86
88
86
83
82
84
89
98
103
105
104
100
94
85
78
77
82
90
96
94
87
77
69
64
59
56
59
60
64
66
67
68
65
59
53
44
33
26
22
20
21
17
11
4
-3
-5
-8
-9
-12
-17
-25
-34
-42
-48
-50
-52
-50
-46
-43
-43
-45
-50
-51
-52
-53
-52
-50
-45
-40
-38
-39
-41
-44
-46
-48
-51
-53
-51
-49
-53
-54
-52
-48
-44
-43
-44
-45
-48
-51
-50
-46
-40
-31
-25
-24
-25
-24
-26
-26
-21
-14
-9
-4
-1
2
3
1
-4
-6
-4
1
8
15
21
26
27
27
27
27
27
23
18
13
11
14
17
22
24
24
26
22
24
27
30
34
40
44
46
47
47
43
40
41
44
48
50
47
42
38
35
33
32
30
30
31
29
26
24
20
14
11
10
9
6
2
1
0
-1
-3
-3
-6
-7
-9
-11
-14
-17
-18
-17
-15
-10
-9
-12
-19
-23
-25
-20
-16
-14
-13
-17
-23
-28
-30
-32
-32
-30
-26
-22
-22
-30
-36
-41
-40
-40
-38
-37
-37
-40
-40
-41
-45
-46
-46
-45
-41
-37
-34
-31
-24
-17
-14
-12
-10
-7
-3
2
7
10
13
15
16
16
15
11
9
10
16
24
32
36
38
38
38
40
38
36
32
26
25
24
29
34
34
35
33
31
28
22
19
18
19
20
18
15
7
2
1
-2
-3
-6
-8
-10
-7
-4
-2
0
3
5
6
5
5
4
3
4
4
1
-4
-8
-8
-4
2
2
-4
-10
-15
-19
-17
-14
-9
-6
-6
-6
-8
-10
-10
-8
-5
-5
-5
-5
-6
-6
-5
-4
-4
-5
-1
4
6
4
-1
-4
-7
-4
-1
-1
-3
-3
-4
-3
0
4
8
10
12
14
18
22
26
27
28
26
26
24
18
15
14
15
19
19
17
11
8
5
5
5
4
2
0
-3
-2
-1
-2
-3
-6
-10
-15
-19
-22
-27
-28
-28
-29
-33
-35
-38
-41
-43
-44
-46
-48
-46
-41
-38
-37
-35
-33
-29
-24
-19
-17
-16
-15
-13
-11
-7
-4
-1
5
8
12
17
20
21
19
18
16
19
21
21
22
24
24
23
21
17
15
15
13
14
13
11
9
8
8
8
8
7
8
5
3
0
-2
-3
1
4
7
4
-1
-2
3
11
16
15
11
7
6
8
12
15
18
18
18
21
26
28
29
26
21
15
9
5
6
12
17
19
17
14
10
9
12
13
13
10
2
-3
-9
-10
-9
-5
1
2
1
-1
-7
-12
-14
-11
-7
-7
-12
-17
-20
-21
-23
-23
-22
-20
-21
-24
-25
-27
-27
-22
-18
-16
-17
-20
-26
-29
-31
-31
-28
-23
-19
-16
-16
-16
