1
0
1
0
0
0
0
0
-1
0
0
0
0
0
-1
0
0
0
0
0
0
1
0
0
0
0
0
-1
0
0
0
0
0
0
0
0
-1
0
1
0
0
0
0
0
0
0
0
0
0
0
0
0
0
0
0
1
0
0
0
-1
0
0
0
1
0
0
0
-1
0
0
0
0
1
1
0
1
0
0
-1
0
-1
0
0
0
0
-1
0
0
0
0
0
0
0
0
0
0
0
0
0
0
0
0
0
0
0
0
0
0
0
0
0
0
0
1
0
0
0
1
0
0
0
0
0
0
0
0
1
1
0
0
1
0
0
0
0
1
1
0
0
-1
1
0
-1
-1
0
0
0
0
1
1
0
1
0
0
0
0
0
-1
0
-1
0
0
-1
0
0
0
-1
0
0
0
0
0
0
0
0
0
-1
0
0
0
0
-1
0
0
0
0
0
1
0
0
0
0
0
0
0
0
0
1
0
0
0
0
0
0
0
0
0
1
0
-1
0
0
0
0
0
0
0
0
0
0
1
0
1
1
1
0
0
0
0
0
0
0
0
0
0
0
0
-1
0
0
0
-1
0
-1
0
0
0
0
0
0
0
-1
1
0
1
0
0
0
0
1
1
0
-1
0
1
-1
0
0
0
0
0
0
0
0
0
0
0
0
0
1
-1
0
0
0
0
0
0
0
-1
0
-1
0
0
0
0
0
-1
0
1
0
0
0
1
0
0
0
0
0
0
0
-1
0
0
0
0
0
0
1
0
1
0
-1
-1
-1
0
0
0
0
0
0
0
-1
0
0
1
0
0
1
0
0
0
1
0
0
0
-1
0
0
0
0
0
0
0
0
0
0
0
0
0
0
0
0
0
0
0
0
0
0
1
0
1
0
0
0
1
0
0
-1
1
0
-1
0
0
-1
0
0
0
0
-1
0
0
0
0
1
0
0
0
1
0
0
1
-1
0
0
0
0
0
0
-1
0
1
0
0
0
1
-1
0
0
0
-1
0
0
0
-1
0
1
0
-1
0
0
-1
-1
0
0
0
0
-1
-1
-1
0
0
0
0
0
0
0
0
0
1
0
-1
0
1
0
1
0
0
0
-1
0
0
0
0
0
0
-1
1
0
0
0
0
1
0
0
0
-1
0
1
0
0
0
0
0
0
0
0
0
0
-1
1
-1
0
1
0
0
0
0
0
0
0
0
0
0
0
0
0
0
0
1
0
0
0
0
-1
1
0
-1
0
0
0
0
0
0
0
0
0
0
-1
0
0
0
-1
0
0
1
1
0
0
0
0
-1
0
1
0
-1
0
0
0
0
-1
0
0
0
0
0
-1
-1
0
0
0
0
1
0
0
0
0
-1
0
0
0
0
0
0
0
0
1
0
-1
0
0
-1
0
0
0
0
0
0
0
0
0
0
0
1
0
0
0
0
-1
-1
0
-1
0
0
0
-1
0
0
0
0
1
1
-1
0
0
-1
-1
0
0
-1
0
0
-1
0
0
-1
1
-1
0
0
-1
0
0
0
0
0
0
0
1
0
0
-1
1
1
0
0
0
0
0
0
0
0
0
1
0
0
0
0
0
0
-1
0
0
-1
0
0
1
0
0
1
0
0
0
1
0
0
0
0
0
0
1
-1
0
0
0
1
0
-1
0
0
0
0
0
-1
0
0
0
0
1
0
0
1
0
0
0
1
0
0
0
0
0
1
1
0
1
0
1
0
0
1
0
0
0
0
-1
0
0
-1
-1
0
-1
0
0
0
1
1
0
0
0
-1
1
0
0
0
0
0
0
0
-1
-1
0
0
0
0
0
-1
-1
-1
-1
-1
-1
-1
-1
0
1
1
0
0
0
1
0
1
1
1
1
2
2
2
2
1
1
1
0
0
-1
-1
0
-1
-1
-1
-3
-3
-2
-2
-3
-2
-2
0
0
1
1
3
2
3
1
0
0
-1
-2
-3
-5
-6
-6
-7
-7
-9
-10
-11
-12
-11
-10
-9
-9
-7
-8
-6
-6
-6
-4
-5
-4
-5
-5
-4
-4
-5
-5
-5
-6
-4
-5
-4
-5
-5
-5
-4
-3
-4
-3
-3
-2
0
-1
1
2
3
3
4
3
2
3
3
3
2
2
1
1
3
4
4
5
6
8
8
8
8
8
9
8
8
7
8
10
11
11
9
5
2
-2
-6
-10
-14
-17
-21
-25
-27
-29
-32
-36
-41
-46
-53
-57
-64
-62
-54
-46
-37
-29
-17
-3
7
12
15
19
23
25
26
29
34
41
41
36
27
17
8
0
-10
-19
-25
-27
-24
-15
-3
8
16
25
39
52
62
70
78
88
101
110
117
120
120
117
107
95
84
76
70
63
54
49
46
47
49
48
46
45
45
46
49
51
51
51
52
56
57
54
46
41
42
42
37
25
14
6
-5
-19
-31
-34
-35
-36
-38
-37
-34
-33
-28
-17
-6
-8
-20
-32
-41
-55
-78
-104
-127
-143
-160
-180
-199
-207
-206
-203
-222
-276
-353
-404
-401
-344
-277
-230
-186
-121
-37
30
61
73
84
88
74
56
59
90
123
136
126
106
88
68
43
6
-34
-68
-79
-63
-31
5
36
58
75
88
97
107
114
115
114
119
139
166
182
178
165
150
131
107
73
40
19
11
15
22
29
37
42
41
36
27
16
7
6
17
31
42
54
71
89
94
81
60
42
29
18
6
0
3
15
31
44
47
46
39
35
33
33
37
41
46
51
51
41
30
21
15
-3
-31
-57
-64
-51
-37
-24
-14
11
34
40
19
-19
-49
-77
-102
-128
-136
-119
-88
-63
-60
-74
-127
-304
-677
-1157
-1469
-1379
-967
-566
-413
-382
-231
81
335
359
231
101
32
-1
19
155
396
630
728
662
500
338
224
107
-84
-335
-514
-491
-284
-34
126
183
199
197
167
107
66
66
91
133
232
422
646
793
785
661
520
399
282
144
3
-90
-95
-20
76
122
90
11
-52
-89
-123
-167
-191
-148
-42
83
179
248
306
338
316
225
110
27
-25
-66
-108
-131
-123
-95
-61
-39
-45
-94
-169
-225
-229
-193
-155
-133
-106
-48
30
90
108
83
50
25
14
13
20
39
70
105
122
99
38
-43
-123
-192
-261
-309
-300
-215
-100
-31
-27
-19
46
121
127
53
-19
-39
-20
16
58
83
53
-19
-61
-36
23
23
-141
-583
-1282
-1968
-2263
-2059
-1656
-1385
-1248
-990
-510
10
340
426
383
301
235
245
379
633
924
1155
1254
1208
1066
887
671
369
-28
-406
-599
-553
-360
-170
-41
51
141
201
197
151
116
116
149
248
455
747
1022
1170
1170
1077
951
803
610
368
122
-56
-118
-75
6
56
55
20
-34
-85
-135
-192
-248
-263
-201
-77
64
201
316
381
367
283
164
44
-72
-177
-250
-278
-267
-228
-170
-116
-113
-170
-252
-316
-348
-356
-346
-325
-278
-197
-86
14
63
52
2
-60
-118
-159
-179
-177
-153
-112
-64
-29
-18
-36
-75
-136
-206
-263
-307
-328
-314
-260
-191
-142
-113
-87
-58
-42
-35
-10
24
37
25
29
74
140
192
212
206
182
155
122
77
27
18
77
150
97
-239
-894
-1638
-2084
-2024
-1651
-1327
-1165
-956
-528
2
400
582
620
579
503
471
561
771
1035
1272
1407
1386
1230
1032
834
577
196
-235
-550
-634
-522
-332
-168
-60
5
59
100
116
107
97
120
210
395
663
939
1120
1163
1100
973
790
557
294
32
-187
-306
-290
-185
-85
-56
-102
-182
-269
-348
-415
-466
-476
-420
-288
-95
113
291
396
410
350
252
142
23
-104
-220
-282
-279
-230
-170
-127
-128
-182
-262
-339
-390
-416
-419
-396
-340
-249
-128
7
111
152
124
62
15
6
21
32
37
30
21
18
2
-42
-120
-216
-324
-441
-561
-639
-570
-336
-50
133
176
204
290
372
331
169
-21
-166
-217
-167
-28
150
299
413
479
458
346
248
273
288
-36
-928
-2115
-2941
-2952
-2362
-1797
-1566
-1452
-1081
-461
117
438
496
434
367
412
625
950
1312
1649
1896
1959
1796
1519
1233
923
493
-35
-482
-682
-625
-444
-271
-174
-137
-118
-96
-67
-59
-62
-29
103
369
745
1138
1418
1529
1490
1367
1209
1007
739
412
85
-134
-182
-105
-31
-56
-163
-288
-393
-490
-582
-652
-668
-595
-416
-153
118
329
451
489
465
390
281
146
2
-117
-193
-237
-274
-306
-322
-340
-386
-475
-560
-598
-585
-550
-510
-456
-376
-267
-133
-8
60
64
31
10
21
36
45
54
76
107
117
84
4
-110
-233
-329
-381
-388
-376
-363
-344
-301
-230
-160
-112
-70
-21
35
103
176
222
182
49
-114
-183
-128
-19
56
90
141
199
235
255
319
375
282
16
-259
-325
-245
-354
-789
-1249
-1355
-1164
-1094
-1315
-1530
-1372
-895
-412
-109
52
200
381
597
806
905
842
753
863
1135
1306
1227
1035
939
906
766
473
149
-90
-220
-251
-241
-234
-237
-191
-40
134
201
160
153
245
386
529
662
771
836
872
916
933
835
616
371
182
72
2
-86
-205
-299
-303
-224
-168
-220
-326
-377
-360
-325
-294
-235
-129
0
133
267
371
381
303
201
107
-1
-141
-278
-355
-364
-348
-345
-371
-424
-464
-478
-494
-524
-554
-549
-500
-417
-313
-205
-114
-37
49
129
152
106
31
-21
-34
-40
-54
-69
-85
-102
-109
-110
-123
-160
-199
-210
-166
-91
-38
-34
-62
-75
-45
17
77
94
50
-20
-50
-26
15
44
83
177
285
333
307
248
175
96
83
162
277
326
319
384
505
357
-346
-1339
-1983
-1991
-1773
-1853
-2082
-1892
-1173
-431
-65
86
310
533
531
411
484
780
1052
1175
1271
1454
1626
1635
1464
1186
832
410
-9
-318
-427
-338
-196
-143
-187
-203
-101
32
37
-95
-210
-180
9
294
608
879
1039
1091
1105
1108
1022
800
509
253
82
-27
-97
-128
-139
-160
-204
-280
-403
-534
-620
-642
-630
-601
-515
-341
-126
45
137
177
191
176
117
35
-43
-121
-191
-229
-224
-195
-194
-255
-351
-423
-461
-484
-519
-552
-534
-442
-311
-185
-81
-14
18
34
42
48
50
43
39
63
98
125
132
111
71
20
-41
-114
-180
-216
-191
-130
-93
-92
-90
-79
-68
-73
-89
-97
-80
-55
-24
26
98
190
288
358
377
368
351
340
341
344
354
372
380
406
487
604
652
537
202
-333
-1010
-1727
-2301
-2586
-2594
-2453
-2222
-1833
-1248
-582
-35
301
480
577
645
723
832
981
1183
1422
1654
1826
1885
1806
1580
1231
801
355
-33
-316
-470
-512
-492
-457
-415
-364
-335
-366
-432
-434
-346
-195
10
286
614
922
1148
1267
1294
1230
1074
847
603
385
217
118
75
50
0
-93
-238
-416
-598
-753
-873
-952
-949
-834
-623
-377
-149
42
186
265
275
240
180
99
19
-32
-41
-33
-35
-52
-82
-137
-233
-361
-499
-622
-711
-740
-701
-606
-485
-353
-224
-112
-35
7
21
23
39
79
131
182
233
274
291
274
221
142
49
-40
-104
-141
-160
-163
-138
-85
-34
-17
-32
-55
-79
-99
-93
-57
-25
-18
4
97
256
391
430
397
356
343
349
345
314
258
207
196
240
326
425
539
635
654
491
23
-758
-1629
-2233
-2353
-2128
-1898
-1798
-1628
-1184
-576
-95
77
2
-114
-105
80
370
656
892
1144
1437
1674
1747
1604
1292
923
577
289
64
-108
-212
-210
-116
-30
-26
-114
-249
-368
-430
-434
-377
-252
-41
264
598
860
1013
1065
1045
974
856
685
481
304
211
224
274
268
161
-6
-168
-306
-443
-588
-704
-744
-680
-515
-317
-145
-13
84
158
204
204
141
36
-54
-79
-43
2
24
18
-12
-65
-152
-275
-414
-540
-641
-696
-697
-661
-584
-465
-320
-190
-103
-64
-52
-41
-15
19
51
90
147
214
265
272
219
118
5
-86
-143
-168
-177
-174
-149
-103
-58
-41
-68
-120
-169
-200
-211
-206
-173
-104
-9
91
172
237
307
375
405
378
327
288
267
238
195
186
237
311
351
385
462
578
659
619
381
-92
-749
-1418
-1883
-2062
-2050
-1964
-1814
-1533
-1111
-656
-305
-115
-44
-5
86
249
451
680
936
1206
1460
1647
1707
1613
1383
1073
750
462
223
35
-80
-116
-93
-66
-83
-153
-259
-377
-475
-518
-479
-354
-146
120
400
656
849
963
1003
966
858
695
525
398
327
285
232
150
54
-25
-103
-234
-427
-629
-773
-825
-779
-658
-497
-323
-148
23
171
255
263
204
126
64
26
9
11
22
27
22
-6
-80
-207
-364
-509
-617
-689
-721
-714
-660
-556
-418
-277
-169
-101
-66
-37
0
39
81
133
187
233
256
251
214
160
107
52
-13
-89
-152
-180
-170
-141
-111
-93
-81
-77
-92
-119
-144
-151
-127
-56
46
152
235
283
315
337
322
266
211
167
116
62
47
112
204
249
288
404
547
588
498
330
87
-263
-706
-1117
-1357
-1417
-1396
-1359
-1293
-1147
-923
-685
-504
-401
-331
-229
-63
135
331
544
780
991
1148
1243
1258
1183
1027
833
649
495
376
282
206
148
104
63
-7
-109
-212
-292
-329
-316
-258
-143
16
188
360
524
646
698
685
636
577
512
449
388
340
302
262
202
107
-22
-169
-317
-439
-521
-554
-537
-475
-377
-254
-125
-21
43
76
90
83
64
45
38
42
54
61
49
12
-46
-121
-206
-303
-414
-522
-600
-621
-601
-564
-507
-433
-355
-274
-201
-149
-115
-80
-29
39
112
169
187
179
169
164
138
72
-16
-84
-109
-94
-73
-72
-81
-99
-116
-122
-122
-137
-164
-170
-138
-92
-50
-13
32
99
181
242
246
223
235
283
325
322
270
211
193
213
236
251
276
308
296
177
-54
-339
-613
-863
-1093
-1279
-1362
-1334
-1233
-1070
-842
-600
-398
-243
-118
-7
110
251
407
575
746
900
1035
1131
1158
1113
1017
896
759
605
458
335
236
166
117
63
-14
-104
-183
-237
-259
-249
-214
-144
-31
111
258
392
498
570
597
587
548
489
429
369
307
252
201
136
37
-91
-219
-315
-368
-397
-426
-440
-415
-342
-249
-163
-94
-40
-3
19
29
40
53
62
64
57
44
14
-37
-101
-160
-209
-261
-322
-388
-440
-467
-466
-454
-441
-425
-397
-356
-302
-242
-189
-140
-87
-18
58
114
136
127
103
84
66
36
1
-28
-34
-21
4
22
10
-34
-91
-139
-164
-170
-159
-142
-129
-117
-89
-34
30
68
91
130
188
238
253
251
257
257
236
211
200
204
235
308
383
395
309
139
-87
-357
-652
-919
-1091
-1152
-1132
-1068
-966
-823
-660
-501
-357
-232
-133
-48
66
228
430
639
820
962
1066
1120
1115
1043
916
757
602
478
380
293
214
137
68
-3
-82
-165
-245
-304
-322
-295
-223
-114
15
155
287
402
479
523
541
532
505
463
410
349
275
198
121
44
-43
-136
-219
-287
-346
-391
-409
-392
-354
-315
-269
-212
-153
-96
-39
12
51
72
76
72
69
66
52
21
-18
-54
-98
-154
-218
-280
-334
-375
-403
-424
-436
-437
-431
-415
-376
-316
-247
-168
-82
-2
57
105
147
180
185
158
117
83
67
59
46
27
8
-11
-34
-60
-95
-138
-176
-196
-200
-189
-158
-117
-73
-29
7
34
67
118
179
220
234
219
196
184
188
190
173
145
125
136
177
202
196
159
84
-57
-274
-521
-740
-899
-996
-1037
-1025
-954
-816
-633
-444
-281
-160
-61
44
170
308
447
586
707
814
908
978
997
950
848
720
592
474
370
276
184
106
41
-12
-69
-134
-194
-234
-236
-210
-162
-92
0
110
233
347
431
482
508
512
501
468
409
324
220
120
44
-5
-48
-100
-149
-188
-223
-259
-289
-309
-318
-300
-254
-190
-135
-98
-65
-26
23
54
55
36
19
9
1
-14
-47
-89
-131
-175
-221
-275
-334
-389
-437
-462
-455
-432
-409
-383
-342
-281
-214
-145
-89
-41
7
55
95
124
131
117
93
69
54
34
-3
-46
-72
-74
-68
-74
-98
-139
-178
-184
-144
-77
-22
-4
4
35
92
152
197
219
221
224
238
261
272
231
156
104
95
96
78
73
112
192
255
247
159
2
-205
-430
-632
-784
-881
-928
-908
-797
-619
-438
-298
-210
-147
-72
15
84
149
246
382
537
677
778
825
809
742
644
531
419
323
249
195
159
131
97
54
6
-48
-93
-122
-148
-161
-136
-64
40
149
246
332
397
433
432
397
337
254
161
78
36
42
61
65
49
26
-2
-43
-110
-187
-249
-274
-264
-228
-170
-107
-53
-9
22
45
50
25
-5
-19
-9
8
14
10
0
-23
-66
-124
-190
-261
-321
-361
-379
-372
-347
-312
-276
-241
-204
-172
-149
-132
-108
-71
-29
12
43
64
79
88
82
52
14
-13
-33
-60
-82
-89
-83
-79
-84
-100
-128
-159
-181
-178
-149
-110
-74
-40
12
81
148
177
171
166
169
161
136
113
110
124
145
161
169
173
167
140
60
-79
-246
-395
-531
-671
-798
-870
-867
-808
-713
-584
-439
-300
-177
-59
62
179
288
400
518
634
725
785
819
822
787
727
652
562
460
359
279
214
145
75
12
-33
-72
-111
-139
-144
-122
-74
-4
77
148
210
270
327
373
398
398
374
327
260
184
115
65
38
21
1
-20
-50
-86
-132
-184
-229
-262
-280
-280
-253
-202
-143
-91
-51
-19
2
9
11
3
-12
-29
-36
-25
-22
-41
-77
-121
-165
-215
-267
-305
-329
-337
-329
-318
-301
-276
-235
-189
-153
-124
-93
-60
-24
10
37
53
56
50
40
27
6
-27
-65
-90
-97
-96
-109
-138
-166
-165
-131
-87
-54
-39
-31
-1
54
110
140
137
128
134
150
160
163
164
160
157
165
174
160
108
42
7
14
29
-3
-101
-238
-383
-516
-643
-758
-839
-855
-806
-705
-566
-399
-225
-72
55
167
269
348
409
471
542
617
678
716
726
708
660
582
487
389
289
196
119
58
17
-6
-19
-32
-44
-46
-36
-27
-8
37
112
200
279
342
390
424
439
424
375
298
202
103
25
-24
-43
-49
-46
-48
-58
-78
-110
-147
-184
-205
-205
-196
-173
-134
-78
-24
15
38
42
27
-2
-26
-38
-43
-50
-57
-69
-86
-120
-164
-213
-259
-295
-321
-335
-333
-315
-288
-257
-220
-178
-139
-111
-86
-64
-43
-30
-22
-11
1
9
9
5
-4
-20
-40
-58
-64
-63
-70
-84
-101
-125
-155
-164
-133
-84
-56
-54
-38
16
88
145
169
169
156
147
166
195
192
130
39
-15
-15
-1
-9
-17
4
56
94
71
-32
-213
-430
-632
-779
-866
-891
-840
-715
-532
-320
-126
18
105
152
194
239
288
345
420
522
632
723
768
760
695
589
467
347
237
146
92
77
91
112
117
97
63
28
4
-2
18
65
135
221
309
383
426
434
411
360
284
198
110
34
-19
-43
-37
-16
2
2
-21
-56
-91
-127
-163
-191
-196
-170
-122
-68
-23
6
14
5
-15
-38
-66
-97
-116
-120
-109
-99
-107
-132
-162
-193
-224
-261
-300
-326
-325
-302
-264
-229
-206
-189
-172
-150
-129
-112
-92
-69
-42
-16
9
26
34
24
2
-26
-63
-105
-137
-147
-138
-125
-117
-108
-91
-69
-56
-49
-28
12
61
103
127
137
138
141
151
156
141
105
62
33
26
29
29
28
30
35
45
61
84
98
77
-2
-132
-284
-425
-541
-633
-694
-701
-649
-550
-425
-288
-157
-53
26
93
168
243
304
360
426
506
571
604
602
575
528
464
388
313
245
187
145
109
79
58
46
39
34
38
46
51
58
84
142
217
283
325
349
356
332
275
203
135
73
17
-23
-33
-14
17
34
32
23
3
-31
-75
-109
-122
-116
-100
-76
-47
-21
-8
-6
-13
-27
-50
-76
-101
-117
-124
-124
-123
-130
-150
-176
-207
-237
-259
-270
-275
-273
-263
-243
-221
-201
-177
-147
-117
-91
-69
-44
-20
-4
5
12
17
11
-12
-47
-79
-99
-113
-137
-175
-200
-187
-146
-102
-70
-32
26
88
134
153
149
129
106
94
80
53
23
8
10
6
-21
-53
-64
-52
-36
-20
-2
20
46
82
112
100
14
-123
-255
-356
-435
-500
-527
-496
-425
-342
-253
-153
-57
4
32
64
119
181
235
285
353
434
498
519
503
469
428
377
319
259
205
165
139
126
121
114
101
77
54
38
34
38
52
86
139
192
230
242
236
220
190
148
102
60
28
9
17
51
86
102
96
85
67
34
-4
-35
-55
-70
-79
-73
-60
-47
-38
-38
-40
-48
-63
-79
-87
-93
-97
-101
-106
-112
-119
-126
-141
-164
-188
-199
-205
-207
-204
-189
-168
-148
-127
-103
-84
-75
-71
-67
-57
-51
-48
-48
-53
-66
-81
-94
-102
-111
-121
-133
-149
-152
-134
-97
-55
-16
27
68
97
97
80
55
29
2
-16
-28
-42
-45
-23
3
2
-33
-69
-80
-69
-57
-48
-29
7
50
89
105
74
-22
-165
-317
-447
-537
-575
-554
-485
-393
-289
-177
-69
9
57
86
113
141
176
232
308
385
446
484
500
489
448
389
322
259
209
179
171
177
186
191
189
182
169
154
140
130
135
161
198
237
265
276
265
237
195
147
102
66
42
37
54
80
104
113
106
89
65
31
-11
-48
-72
-80
-73
-66
-58
-52
-53
-65
-82
-105
-124
-139
-144
-137
-129
-125
-126
-131
-137
-152
-174
-206
-235
-251
-252
-236
-210
-184
-161
-143
-127
-114
-106
-99
-94
-86
-72
-56
-49
-57
-67
-77
-95
-116
-135
-153
-178
-197
-183
-131
-63
-12
19
50
83
106
106
83
52
19
-9
-24
-31
-40
-56
-70
-65
-52
-37
-31
-29
-30
-37
-35
-19
3
23
42
55
40
-42
-174
-309
-402
-447
-456
-427
-367
-279
-174
-69
17
73
99
108
121
152
199
249
294
341
391
425
427
391
333
270
216
176
149
138
150
184
220
240
233
205
172
146
136
141
151
165
185
210
227
221
196
165
134
103
76
58
51
60
81
102
118
123
117
97
62
18
-22
-49
-57
-53
-44
-36
-30
-31
-37
-46
-53
-61
-68
-79
-96
-112
-124
-133
-141
-154
-170
-186
-198
-204
-203
-193
-170
-140
-108
-86
-71
-64
-61
-66
-78
-94
-107
-113
-115
-119
-121
-121
-121
-119
-120
-125
-133
-136
-128
-112
-82
-44
-16
-3
-5
-2
9
17
1
-29
-49
-58
-62
-79
-92
-96
-86
-81
-84
-93
-101
-111
-118
-107
-79
-51
-35
-13
23
46
20
-78
-206
-316
-367
-364
-338
-295
-239
-156
-67
6
52
75
90
96
106
132
174
221
267
309
342
349
324
283
249
225
202
175
154
161
186
222
249
253
241
220
209
202
191
172
156
160
178
194
198
194
184
175
170
171
170
161
156
160
166
163
147
124
100
76
53
32
9
-11
-24
-27
-31
-39
-48
-53
-49
-50
-53
-61
-68
-77
-88
-100
-113
-125
-132
-128
-120
-116
-122
-132
-138
-139
-135
-130
-120
-112
-110
-115
-120
-129
-141
-159
-172
-180
-183
-177
-156
-129
-110
-109
-119
-124
-125
-136
-156
-175
-182
-170
-145
-116
-100
-102
-108
-117
-131
-143
-142
-127
-110
-96
-92
-95
-102
-109
-107
-106
-108
-107
-94
-65
-27
-1
12
18
18
15
5
2
-1
-9
-26
-43
-51
-54
-56
-59
-53
-42
-27
-9
26
75
120
150
164
177
194
216
238
250
249
244
241
237
229
226
229
231
224
210
200
199
201
191
171
150
131
119
122
133
137
130
122
129
147
167
180
187
189
182
172
159
143
127
108
92
81
69
57
49
46
42
29
16
4
-4
-4
0
5
2
-5
-13
-20
-29
-45
-61
-76
-91
-106
-120
-126
-129
-127
-122
-106
-98
-103
-119
-141
-169
-197
-220
-231
-230
-223
-210
-197
-185
-177
-170
-166
-171
-181
-187
-183
-179
-178
-180
-171
-157
-150
-150
-153
-157
-173
-187
-193
-182
-163
-147
-130
-117
-103
-96
-91
-87
-83
-90
-97
-99
-88
-66
-45
-26
-16
-11
-7
6
28
53
80
96
106
109
117
126
129
128
127
126
121
117
123
141
156
151
130
113
103
95
88
79
76
71
68
71
84
102
115
119
119
125
138
153
172
190
204
208
202
197
197
193
179
161
151
153
163
168
173
181
184
185
182
174
154
126
97
76
66
59
56
60
68
73
65
49
33
26
21
13
-5
-25
-43
-53
-55
-53
-52
-57
-67
-76
-83
-99
-120
-135
-141
-144
-152
-164
-173
-171
-169
-171
-180
-190
-201
-210
-212
-203
-188
-177
-172
-166
-166
-180
-206
-227
-224
-207
-194
-192
-189
-178
-165
-155
-149
-149
-153
-161
-163
-154
-137
-119
-99
-76
-60
-58
-61
-52
-31
-7
7
13
20
36
50
55
49
39
31
29
33
46
64
72
76
80
90
99
104
114
132
152
159
155
143
129
112
101
103
113
124
132
136
133
129
120
114
113
112
105
91
84
85
100
114
115
105
84
67
53
49
59
73
85
94
103
105
96
82
71
67
72
76
83
88
91
88
76
62
51
45
44
40
33
22
17
10
11
12
13
14
13
11
8
3
-1
-3
-1
-2
-7
-11
-15
-20
-28
-37
-47
-57
-65
-70
-76
-85
-96
-106
-113
-113
-113
-113
-118
-124
-124
-115
-106
-102
-105
-113
-122
-131
-134
-137
-142
-148
-151
-152
-150
-150
-142
-128
-119
-124
-137
-149
-150
-142
-131
-123
-114
-108
-104
-92
-72
-50
-39
-36
-30
-21
-19
-25
-28
-18
-7
-5
-5
8
34
55
61
56
54
57
66
75
81
85
86
93
99
104
103
101
105
119
135
142
138
129
120
109
105
112
130
146
147
140
128
117
107
98
93
92
84
72
68
76
90
97
95
88
80
73
63
51
40
34
31
29
28
32
31
19
3
-6
-11
-15
-20
-23
-25
-28
-34
-33
-21
-6
1
-4
-15
-22
-27
-26
-22
-19
-23
-32
-44
-48
-48
-48
-47
-46
-49
-50
-53
-53
-49
-45
-44
-42
-40
-36
-32
-33
-36
-38
-39
-43
-46
-44
-41
-44
-52
-55
-52
-42
-40
-41
-40
-41
-41
-43
-40
-33
-33
-40
-51
-58
-62
-65
-70
-70
-68
-65
-58
-46
-32
-26
-30
-42
-51
-59
-69
-69
-53
-27
-4
7
7
6
5
-6
-18
-23
-20
-13
-8
-4
3
10
20
33
46
52
52
49
46
41
31
19
5
1
6
18
31
42
53
62
63
61
63
69
75
76
70
61
49
39
32
27
22
23
35
46
57
62
63
61
58
54
54
56
58
55
46
37
31
32
36
37
38
36
33
26
24
27
33
37
42
45
42
27
7
-10
-18
-19
-13
-1
6
8
11
11
8
5
-2
-8
-13
-15
-15
-19
-23
-26
-25
-25
-28
-30
-28
-28
-28
-29
-30
-32
-33
-30
-25
-22
-27
-41
-55
-70
-83
-91
-92
-86
-69
-48
-29
-15
-11
-12
-20
-27
-29
-31
-36
-46
-54
-62
-63
-62
-60
-54
-50
-49
-47
-40
-26
-11
-2
0
-6
-15
-20
-23
-22
-20
-17
-16
-13
-9
-7
-3
3
8
12
15
16
15
13
9
3
-6
-10
-8
-5
3
9
13
18
26
36
45
44
34
21
11
5
9
16
24
29
29
28
28
31
38
46
51
53
56
56
57
59
60
58
52
46
43
43
42
41
39
35
32
30
36
47
57
63
64
58
45
28
15
7
3
-1
-4
-4
1
7
15
21
24
23
18
10
7
0
-8
-19
-34
-47
-52
-50
-39
-27
-13
-3
1
-1
-4
-8
-11
-13
-18
-21
-24
-28
-33
-42
-53
-64
-70
-65
-51
-36
-22
-14
-10
-7
-8
-10
-16
-24
-31
-39
-45
-48
-48
-43
-38
-34
-31
-29
-24
-22
-19
-14
-7
-2
-1
-7
-17
-27
-39
-44
-46
-44
-38
-29
-18
-7
2
5
6
6
3
0
3
10
17
18
11
4
-1
-1
2
11
19
23
19
11
3
1
0
6
15
20
24
25
26
28
27
24
20
19
20
27
35
40
39
36
32
28
19
8
-1
-4
-1
8
22
38
52
52
46
37
27
16
14
15
17
22
24
30
33
33
33
34
37
40
38
32
23
14
5
-3
-6
-6
-4
-1
-1
-2
-4
-7
-11
-14
-19
-22
-21
-22
-23
-26
-28
-27
-27
-28
-29
-28
-27
-29
-32
-35
-34
-34
-34
-32
-30
-28
-25
-24
-26
-27
-29
-27
-25
-22
-21
-18
-18
-19
-20
-20
-16
-12
-6
1
9
14
13
9
4
0
-3
-4
-3
-1
0
-2
0
5
15
21
20
17
14
8
1
-2
0
4
9
11
10
11
9
5
4
4
5
7
8
9
7
3
-1
-1
2
6
9
11
11
10
6
2
2
3
4
4
3
1
1
0
-1
-4
-7
-9
-7
-3
1
4
6
2
-3
-10
-11
-11
-7
-4
-3
-1
2
5
10
13
17
23
28
32
31
27
18
9
0
-7
-11
-10
-5
-1
3
6
7
7
7
7
8
13
17
17
12
7
3
-3
-3
2
8
12
13
8
-2
-10
-18
-20
-17
-12
-5
-1
3
5
6
5
4
1
-4
-11
-16
-16
-13
-10
-6
-7
-7
-6
-3
-2
-7
-13
-19
-20
-18
-15
-12
-7
-3
2
3
3
1
-3
-5
-7
-11
-14
-17
-18
-17
-12
-5
2
4
4
0
-4
-11
-14
-19
-21
-22
-18
-9
2
10
17
21
24
22
19
17
17
18
17
17
16
12
9
4
0
-2
-2
-1
-1
-2
0
1
3
6
6
5
1
-3
-6
-8
-7
-2
3
8
9
7
3
-2
-4
-3
-2
-5
-8
-12
-13
-11
-3
5
12
14
12
13
12
11
8
6
2
-2
-5
-7
-7
-8
-5
0
8
14
18
16
9
1
-6
-8
-9
-9
-6
-4
0
2
0
-2
-3
0
7
14
18
18
12
1
-9
-15
-17
-14
-5
1
7
8
6
1
-4
-5
-2
2
2
1
2
3
10
18
24
22
15
6
-3
-7
-9
-9
-9
-11
-11
-8
-1
3
6
5
3
-1
-5
-11
-18
-23
-24
-21
-19
-13
-9
-6
-2
1
2
2
-2
-4
-7
-9
-10
-8
-7
-6
-2
3
6
5
3
-2
-5
-8
-9
-5
-2
1
1
3
2
3
2
2
3
5
8
11
12
7
4
1
0
2
3
5
6
10
13
14
15
13
8
6
4
4
3
0
-6
-10
-13
-11
-9
-7
-9
-9
-8
-6
-6
-5
-6
-6
-4
1
8
13
14
13
14
16
19
21
19
12
7
1
-4
-7
-6
-1
4
10
12
10
4
-3
-9
-12
-10
-5
-1
4
3
-2
-7
-13
-15
-14
-8
-1
6
10
11
7
4
3
1
-1
-2
-2
-3
-5
-2
0
1
-1
-3
-2
1
5
6
5
3
1
0
0
0
3
6
7
7
5
3
-3
-8
-11
-10
-9
-8
-9
-12
-13
-13
-13
-11
-7
-3
-2
-3
-5
-7
-9
-6
-1
4
5
5
1
-1
-3
-4
-5
-6
-5
-3
-1
0
0
-2
-5
-4
-6
-6
-4
-1
4
8
10
12
12
12
10
9
6
2
1
0
0
0
0
-3
-4
-5
-7
-8
-4
0
2
3
4
6
6
6
5
3
0
-4
-6
-5
-5
-2
0
3
7
8
7
4
1
1
3
3
3
3
3
5
7
7
7
7
7
8
10
8
5
3
1
1
2
2
0
-3
-6
-5
-3
-2
0
2
2
3
5
7
9
7
4
3
1
-3
-5
-8
-5
2
5
7
7
8
7
5
4
3
2
0
-3
-5
-6
-7
-8
-6
-2
1
1
1
-2
-5
-8
-11
-13
-14
-14
-12
-12
-12
-12
-9
-7
-4
-2
-1
-2
-3
-3
-5
-5
-6
-6
-8
-10
-12
-15
-15
-15
-10
-4
0
4
6
8
7
5
2
-1
-4
-7
-7
-5
-2
-1
-1
-2
-1
1
2
2
1
-1
-3
-2
1
3
2
1
2
2
5
9
10
11
11
9
8
5
4
3
4
10
17
21
21
15
10
5
5
7
9
9
8
7
7
6
4
3
3
7
11
15
19
21
21
20
17
13
10
9
7
3
-3
-5
-9
-10
-6
-3
1
3
2
0
-4
-5
-6
-8
-8
-6
-4
-3
-2
-5
-9
-13
-16
-19
-19
-21
-20
-20
-19
-19
-16
-14
-12
-12
-13
-12
-12
-15
-18
-20
-21
-20
-14
-7
-1
0
-1
-4
-8
-11
-11
-11
-10
-9
-4
1
4
5
2
-2
-5
-6
-3
0
3
5
7
7
10
11
13
13
12
12
11
10
9
8
8
11
17
21
23
21
18
12
10
9
11
14
18
22
22
23
19
14
9
7
7
7
7
5
3
-1
-4
-5
-5
-2
2
5
7
8
8
6
1
-7
-10
-10
-5
-2
0
-1
-2
-5
-6
-9
-12
-14
-14
-13
-10
-11
-13
-16
-19
-18
-13
-6
-5
-7
-11
-13
-15
-12
-9
-7
-4
-2
-2
-4
-10
-13
-16
-16
-16
-12
-10
-6
-5
-4
-2
0
3
5
5
7
9
10
9
7
4
3
6
7
11
10
11
11
9
9
9
11
13
15
15
13
11
9
6
6
9
12
14
15
15
12
9
5
1
-2
-3
-2
-1
-1
1
1
2
1
0
2
1
2
2
3
3
3
1
1
2
2
1
-1
-6
-12
-18
-21
-24
-23
-22
-20
-19
-17
-16
-16
-14
-13
-11
-8
-5
-3
-3
-4
-2
-3
-3
-6
-7
-6
-3
-1
0
-2
-4
-5
-6
-6
-6
-5
-3
-2
-3
-4
-4
-3
-1
2
4
8
8
8
7
3
2
2
3
5
9
13
17
14
10
8
6
7
7
6
7
7
8
8
8
11
14
18
19
21
21
21
20
20
17
13
11
8
7
6
6
5
3
2
1
1
4
8
10
11
11
6
0
-5
