-3
-1
-1
1
2
2
0
0
-2
0
4
6
8
7
5
1
-2
-2
-3
-1
1
4
6
6
4
3
3
3
4
5
6
5
4
1
-3
-5
-5
-3
0
2
0
0
-3
-5
-5
-6
-4
-2
-1
0
2
1
-1
-5
-6
-5
-2
1
2
2
0
-2
-4
-2
-1
0
2
1
1
0
-1
-1
-1
-4
-5
-6
-5
-4
-4
-1
0
1
2
2
2
5
4
2
0
-2
0
3
4
3
0
-2
-1
0
0
2
2
2
0
-2
-4
-5
-6
-4
0
3
4
3
1
1
2
2
3
3
1
-1
-3
-5
-5
-2
2
6
8
7
4
-2
-3
-3
-1
3
6
5
1
-3
-8
-8
-4
1
4
6
3
2
0
-2
-2
-2
0
0
1
1
0
1
0
0
-2
-1
-1
-1
0
2
0
-1
-1
0
1
1
0
-3
-3
-4
-3
-3
-2
-3
-1
1
2
3
2
1
-2
-5
-4
-3
-2
0
1
1
1
0
0
0
0
1
0
0
1
1
1
1
0
1
0
1
2
4
3
4
2
0
-2
-1
0
2
3
2
1
0
1
1
2
2
3
2
4
3
2
0
-3
-2
-2
0
3
2
1
-2
-4
-6
-6
-5
-4
-2
0
-1
0
-1
-2
-3
-4
-4
-2
-1
0
2
1
-1
-5
-6
-3
1
4
2
1
2
3
3
3
1
-1
-1
0
2
3
3
3
1
-3
-3
-2
1
3
5
7
5
3
0
-3
-4
-4
-3
-2
-2
-3
-2
-1
1
1
0
0
3
5
5
4
0
-1
0
1
1
2
1
2
1
1
-1
-1
-3
-2
-2
-1
1
2
2
2
1
1
2
0
-1
-3
-3
-2
0
2
0
-1
-2
0
-1
1
0
0
1
0
-1
-3
-3
-1
0
1
0
0
-1
0
-3
-4
-5
-5
-4
-3
-2
-1
1
1
1
0
-2
0
3
4
4
3
2
1
1
0
-2
-4
-4
-4
-3
0
2
0
-1
-3
-3
-2
1
3
3
3
4
5
4
3
1
0
1
2
1
1
0
0
-2
-3
-4
-3
-2
0
2
3
3
3
4
4
5
1
1
-1
-3
-3
-2
0
2
2
0
-1
1
3
5
5
4
1
1
-1
-1
-1
-1
-1
0
-2
-3
-3
-1
0
-1
-2
-3
-5
-6
-5
-5
-4
-1
1
-1
-2
-3
-2
0
0
0
-2
-4
-5
-4
-1
1
0
0
-3
-2
0
2
3
2
-2
-5
-5
-4
-2
1
1
-1
-3
-3
-2
0
3
4
5
4
2
1
0
1
4
7
9
10
11
12
11
9
8
6
5
4
6
9
11
12
13
13
12
11
9
6
2
1
-4
-8
-10
-13
-15
-14
-11
-8
-6
-6
-7
-7
-8
-10
-11
-10
-11
-13
-14
-16
-14
-10
-6
-5
-7
-9
-9
-8
-6
-8
-8
-11
-11
-11
-9
-7
-6
-6
-7
-8
-9
-9
-9
-9
-8
-8
-8
-6
-1
4
10
14
16
18
19
20
23
23
23
25
26
28
31
33
35
32
31
31
34
37
38
38
36
34
31
29
25
22
16
7
0
-7
-11
-14
-18
-22
-25
-26
-21
-16
-11
-9
-12
-16
-21
-30
-42
-57
-71
-79
-82
-81
-78
-73
-60
-43
-22
-4
10
17
23
26
25
15
0
-15
-23
-27
-29
-34
-39
-40
-32
-18
-4
8
16
20
25
27
26
24
19
13
9
7
8
10
13
17
22
29
36
42
48
52
57
59
59
58
57
58
61
64
66
66
64
61
59
54
46
37
25
14
1
-10
-18
-23
-28
-30
-29
-25
-16
-6
-1
2
2
1
-5
-22
-57
-102
-144
-167
-171
-166
-164
-159
-141
-101
-53
-12
16
36
57
71
74
60
38
15
-2
-16
-23
-26
-26
-22
-11
6
25
39
46
44
41
37
31
20
3
-10
-14
-9
5
19
32
45
57
71
82
85
77
59
30
-4
-33
-50
-55
-54
-55
-52
-39
-14
12
29
37
42
47
46
33
9
-13
-23
-26
-27
-33
-41
-39
-24
-5
15
25
31
33
31
27
23
19
13
4
-5
-11
-9
0
10
18
25
33
37
37
33
26
19
11
0
-15
-33
-46
-50
-47
-42
-39
-37
-31
-20
-10
-2
1
1
-3
-7
-12
-15
-15
-15
-14
-12
-6
2
12
21
28
36
39
37
28
16
5
-2
-9
-19
-32
-44
-49
-48
-43
-39
-33
-31
-28
-26
-22
-16
-11
-10
-14
-17
-15
-11
-3
7
18
25
29
27
19
10
2
-7
-18
-34
-50
-60
-62
-60
-57
-52
-43
-25
-5
17
36
52
66
74
76
74
71
70
66
58
48
45
46
48
51
53
59
65
73
75
74
70
67
67
62
51
32
15
5
3
2
-3
-11
-19
-21
-19
-12
-8
-5
-4
1
11
23
33
39
43
49
44
5
-81
-189
-266
-285
-272
-273
-301
-316
-275
-184
-88
-27
11
53
103
137
131
96
64
49
41
26
2
-19
-24
-10
21
53
75
78
72
61
52
42
29
8
-15
-37
-49
-47
-27
3
27
44
63
94
125
139
127
102
81
68
54
29
-3
-27
-33
-26
-16
-9
-3
8
23
37
35
0
-71
-151
-204
-215
-208
-205
-203
-175
-100
1
93
154
193
223
246
244
206
145
81
26
-13
-45
-68
-76
-68
-43
-6
38
76
95
96
84
72
61
42
10
-27
-54
-58
-45
-30
-21
-12
4
27
44
46
31
9
-13
-27
-39
-53
-63
-58
-35
0
33
59
76
90
95
72
17
-62
-149
-225
-290
-336
-356
-345
-307
-253
-188
-109
-18
71
134
166
171
159
130
86
39
3
-15
-22
-21
-7
23
66
112
150
171
173
153
117
72
23
-29
-80
-125
-152
-154
-135
-99
-52
0
51
94
122
136
137
126
101
69
38
21
11
1
-5
-6
-6
-25
-73
-136
-171
-160
-126
-118
-142
-159
-121
-28
64
121
148
179
223
247
229
179
132
99
70
32
-13
-39
-41
-28
-3
31
63
83
81
71
70
83
86
54
1
-41
-47
-26
-15
-24
-41
-37
-12
14
22
10
6
23
55
85
99
102
98
84
35
-73
-235
-407
-523
-568
-577
-585
-592
-562
-462
-310
-145
-6
102
184
241
272
273
253
219
179
140
108
88
83
92
120
157
190
204
182
132
65
-5
-71
-134
-193
-244
-279
-286
-247
-165
-63
34
115
198
287
366
408
401
360
310
266
225
186
151
127
115
112
110
105
96
72
2
-153
-395
-631
-766
-769
-715
-673
-610
-452
-168
160
434
624
761
870
901
813
626
418
251
115
-2
-99
-152
-147
-106
-41
50
145
210
191
96
-25
-119
-181
-256
-352
-427
-424
-326
-177
-24
107
226
333
404
421
384
311
218
104
0
-67
-84
-73
-62
-37
24
121
207
234
180
41
-186
-500
-860
-1177
-1389
-1495
-1539
-1522
-1401
-1149
-788
-394
-22
301
559
725
784
759
679
564
427
289
184
131
120
146
209
310
413
472
462
389
273
117
-72
-270
-453
-596
-685
-696
-614
-444
-212
37
275
497
690
830
893
866
766
625
476
337
220
142
99
90
105
143
200
225
156
-58
-357
-605
-738
-786
-855
-941
-941
-753
-386
13
349
610
857
1084
1213
1189
1028
807
569
322
86
-102
-200
-221
-189
-100
43
194
281
266
184
88
3
-115
-305
-534
-699
-719
-597
-411
-228
-58
117
306
472
579
601
534
402
242
100
-9
-95
-163
-197
-153
-43
96
206
260
257
180
-17
-410
-965
-1545
-1973
-2177
-2244
-2272
-2258
-2072
-1643
-1032
-393
144
542
820
988
1052
1013
890
716
526
363
262
234
272
364
502
657
773
798
716
554
329
50
-271
-582
-837
-1005
-1069
-1015
-824
-507
-112
294
650
938
1160
1308
1350
1262
1075
848
642
482
366
301
288
314
377
453
530
563
523
375
76
-387
-940
-1367
-1548
-1493
-1398
-1344
-1188
-773
-79
618
1112
1364
1501
1611
1598
1389
1013
612
270
-13
-219
-309
-272
-136
7
149
298
420
425
234
-85
-407
-630
-777
-951
-1132
-1217
-1082
-737
-316
66
352
585
779
892
896
773
552
285
31
-149
-221
-212
-162
-105
-3
137
260
315
277
191
92
-43
-285
-717
-1311
-1942
-2429
-2628
-2582
-2418
-2268
-2096
-1767
-1231
-570
0
352
509
568
607
630
600
519
431
401
448
579
771
959
1100
1179
1207
1161
1008
730
363
-21
-378
-687
-912
-1018
-1002
-877
-658
-340
57
470
810
1017
1112
1143
1127
1061
928
753
595
510
509
583
693
785
843
872
875
841
730
525
235
-93
-469
-929
-1451
-1851
-1942
-1693
-1297
-1009
-806
-510
37
694
1183
1365
1311
1216
1130
981
750
512
336
214
129
110
171
274
320
252
149
70
-19
-216
-540
-882
-1103
-1135
-1080
-1038
-989
-836
-532
-136
218
452
586
662
682
645
570
454
295
113
-29
-57
46
204
302
317
304
310
327
271
102
-124
-305
-363
-332
-274
-308
-503
-849
-1268
-1607
-1802
-1902
-2067
-2359
-2654
-2747
-2523
-2056
-1514
-1029
-623
-223
226
718
1182
1493
1609
1589
1531
1503
1471
1391
1250
1103
998
930
867
761
606
407
183
-55
-291
-510
-717
-902
-1019
-1017
-870
-618
-326
-42
238
535
848
1147
1376
1493
1513
1474
1430
1388
1320
1205
1039
880
757
661
555
417
249
62
-176
-520
-998
-1521
-1880
-1965
-1803
-1583
-1398
-1179
-797
-234
364
860
1177
1352
1415
1368
1235
1073
920
746
535
347
259
275
308
272
183
106
46
-82
-335
-687
-1031
-1272
-1403
-1476
-1504
-1439
-1229
-894
-503
-113
229
509
695
788
822
809
736
591
404
245
178
188
211
210
202
225
266
286
245
152
32
-104
-238
-359
-444
-465
-443
-416
-424
-484
-625
-866
-1202
-1589
-1946
-2211
-2390
-2525
-2626
-2647
-2502
-2137
-1586
-969
-399
84
513
924
1308
1599
1736
1736
1655
1570
1521
1491
1442
1361
1273
1195
1126
1035
889
682
429
136
-173
-468
-720
-903
-1007
-1026
-942
-745
-448
-84
299
661
977
1244
1456
1596
1653
1634
1565
1480
1389
1269
1119
946
769
578
319
-56
-503
-863
-1036
-1053
-1077
-1207
-1343
-1318
-1080
-742
-424
-170
64
307
524
665
745
798
801
729
626
577
606
631
578
472
397
372
325
168
-92
-385
-637
-821
-982
-1145
-1279
-1329
-1276
-1148
-954
-716
-456
-206
16
222
422
593
688
691
640
585
550
524
477
408
341
303
288
293
324
377
440
469
402
221
-26
-275
-505
-784
-1150
-1609
-2097
-2561
-2957
-3230
-3363
-3362
-3272
-3101
-2835
-2448
-1936
-1331
-720
-159
322
736
1118
1468
1769
1984
2103
2143
2160
2182
2188
2125
1980
1775
1537
1274
968
612
225
-155
-506
-801
-1028
-1165
-1198
-1141
-997
-762
-453
-103
252
588
897
1172
1410
1605
1752
1847
1892
1885
1842
1772
1658
1496
1252
900
426
-95
-509
-730
-813
-908
-1084
-1238
-1200
-961
-690
-537
-498
-445
-288
-76
76
153
210
292
405
544
720
896
1015
1032
970
904
852
746
514
166
-195
-487
-695
-884
-1106
-1305
-1402
-1374
-1260
-1114
-965
-810
-661
-531
-397
-231
-44
113
219
310
430
583
699
737
710
672
651
639
590
492
369
254
195
189
223
219
118
-108
-401
-675
-885
-1072
-1320
-1675
-2118
-2588
-3043
-3422
-3654
-3677
-3536
-3314
-3051
-2691
-2156
-1447
-643
138
804
1295
1633
1901
2166
2399
2525
2503
2382
2265
2205
2167
2073
1887
1639
1368
1090
791
459
92
-303
-699
-1038
-1266
-1368
-1349
-1223
-991
-652
-239
215
667
1082
1429
1680
1844
1956
2026
2037
1955
1776
1530
1235
909
589
339
195
101
-34
-243
-453
-565
-569
-558
-635
-783
-913
-944
-865
-731
-581
-417
-229
-9
245
529
799
976
1024
975
908
856
779
625
392
153
-29
-143
-247
-380
-534
-678
-789
-856
-902
-941
-980
-1008
-997
-908
-734
-518
-302
-118
54
229
387
496
535
528
496
454
410
363
340
370
460
567
634
610
460
196
-117
-410
-652
-891
-1200
-1615
-2129
-2653
-3114
-3480
-3744
-3898
-3931
-3834
-3595
-3207
-2669
-2010
-1298
-590
89
717
1274
1731
2083
2346
2537
2668
2723
2692
2607
2497
2372
2217
2013
1760
1455
1096
690
280
-108
-475
-821
-1122
-1334
-1423
-1384
-1220
-947
-583
-167
264
680
1056
1380
1646
1861
2011
2091
2099
2012
1820
1530
1184
857
628
513
443
320
126
-61
-151
-160
-187
-307
-505
-684
-775
-783
-748
-703
-629
-496
-293
-22
290
581
791
904
947
955
933
861
701
471
227
25
-119
-235
-355
-486
-608
-697
-762
-813
-854
-886
-902
-900
-865
-785
-673
-549
-411
-242
-40
163
315
380
368
330
296
271
249
240
277
373
520
666
736
681
483
204
-75
-309
-537
-876
-1377
-1979
-2566
-3071
-3542
-4009
-4399
-4596
-4514
-4193
-3733
-3193
-2586
-1887
-1105
-286
485
1122
1588
1932
2237
2542
2798
2929
2950
2919
2895
2871
2810
2669
2429
2110
1703
1219
700
181
-319
-792
-1213
-1535
-1715
-1738
-1606
-1345
-1004
-615
-195
243
693
1115
1461
1710
1883
2011
2109
2154
2098
1894
1568
1233
1020
956
929
791
516
252
141
163
144
-47
-372
-676
-851
-912
-930
-930
-894
-806
-645
-380
-20
355
631
760
797
840
916
940
838
619
379
202
98
7
-122
-280
-423
-536
-624
-671
-712
-778
-878
-987
-1025
-962
-831
-701
-618
-552
-458
-304
-114
56
168
224
257
308
401
522
614
628
579
513
481
464
385
198
-93
-438
-752
-1033
-1319
-1642
-2079
-2663
-3344
-3992
-4432
-4573
-4480
-4266
-3998
-3626
-3067
-2299
-1380
-439
386
1039
1543
1949
2310
2635
2869
2974
2969
2910
2871
2875
2865
2784
2600
2307
1948
1548
1127
665
133
-455
-1021
-1459
-1710
-1781
-1716
-1557
-1317
-979
-529
0
534
994
1335
1575
1768
1943
2078
2137
2067
1869
1599
1335
1172
1130
1126
1050
848
607
446
384
325
134
-210
-612
-925
-1080
-1115
-1086
-1026
-935
-773
-513
-146
267
603
787
834
837
861
873
801
618
371
156
36
-10
-50
-130
-251
-386
-502
-597
-691
-805
-963
-1128
-1222
-1198
-1061
-887
-743
-626
-503
-326
-107
79
183
201
173
161
176
220
272
321
359
384
418
467
514
505
363
107
-191
-452
-674
-961
-1394
-1976
-2656
-3346
-3974
-4444
-4679
-4674
-4478
-4166
-3739
-3146
-2372
-1471
-549
280
946
1447
1833
2177
2522
2822
3003
3053
3039
3039
3091
3134
3095
2937
2669
2325
1906
1423
881
269
-378
-989
-1480
-1782
-1902
-1880
-1743
-1501
-1149
-703
-205
295
748
1126
1402
1610
1783
1914
1985
1944
1799
1621
1483
1451
1489
1498
1414
1204
962
793
674
522
228
-209
-664
-1023
-1241
-1375
-1469
-1506
-1451
-1280
-994
-625
-220
152
435
626
751
851
908
881
769
612
491
438
400
330
196
28
-131
-270
-397
-528
-683
-863
-1053
-1199
-1247
-1201
-1111
-1017
-934
-827
-654
-423
-188
-3
107
156
182
217
290
390
486
546
550
546
566
578
532
385
160
-75
-296
-496
-725
-1011
-1354
-1806
-2403
-3119
-3848
-4413
-4696
-4702
-4517
-4243
-3904
-3426
-2700
-1721
-635
341
1057
1541
1941
2376
2836
3183
3303
3219
3066
3000
3063
3162
3165
2992
2665
2280
1886
1468
980
388
-278
-933
-1485
-1857
-2033
-2043
-1925
-1711
-1392
-945
-380
239
806
1244
1556
1790
1998
2191
2331
2372
2281
2060
1752
1446
1231
1132
1058
888
599
282
70
-6
-79
-305
-698
-1125
-1404
-1471
-1408
-1315
-1237
-1132
-916
-569
-113
352
691
864
924
964
1043
1116
1091
921
668
438
302
235
143
-30
-271
-515
-711
-851
-949
-1061
-1222
-1388
-1478
-1434
-1275
-1085
-929
-793
-619
-380
-113
124
274
349
394
427
454
481
526
601
674
733
764
766
755
657
439
132
-209
-483
-690
-947
-1385
-2076
-2952
-3873
-4670
-5204
-5458
-5465
-5298
-5014
-4567
-3869
-2855
-1583
-263
844
1596
2081
2508
2994
3489
3809
3829
3626
3407
3360
3480
3602
3546
3251
2821
2379
1954
1479
850
51
-816
-1606
-2193
-2539
-2668
-2628
-2443
-2109
-1611
-962
-218
521
1149
1615
1945
2211
2452
2665
2730
2523
2077
1608
1434
1614
1896
1952
1619
1171
944
954
972
701
79
-689
-1383
-1865
-2127
-2191
-2129
-2062
-1977
-1698
-1096
-277
461
869
966
1015
1175
1334
1350
1133
779
501
400
455
561
601
515
289
25
-144
-239
-391
-732
-1245
-1722
-1962
-1945
-1810
-1666
-1537
-1348
-1024
-591
-119
280
527
623
600
567
601
650
642
530
371
329
467
677
771
658
427
251
200
210
85
-357
-1136
-2184
-3339
-4433
-5374
-6091
-6517
-6616
-6383
-5868
-5103
-4075
-2775
-1295
132
1252
1986
2455
2849
3266
3623
3764
3659
3457
3382
3547
3847
4056
4022
3756
3378
2970
2481
1789
843
-266
-1340
-2213
-2822
-3168
-3280
-3176
-2843
-2289
-1556
-708
159
939
1545
1967
2235
2352
2312
2120
1874
1732
1786
2007
2236
2362
2397
2413
2465
2441
2210
1717
991
147
-707
-1485
-2090
-2479
-2674
-2700
-2549
-2159
-1545
-828
-170
306
605
805
945
989
907
738
556
450
460
575
753
917
1001
990
902
761
525
123
-429
-1046
-1593
-1966
-2174
-2261
-2259
-2151
-1896
-1496
-1013
-553
-217
-19
78
146
220
271
253
155
83
153
392
724
998
1154
1214
1230
1228
1109
814
392
-85
-533
-1005
-1656
-2592
-3810
-5109
-6165
-6724
-6716
-6341
-5912
-5547
-5085
-4189
-2709
-908
692
1701
2172
2484
2994
3721
4360
4591
4376
3991
3821
4011
4365
4534
4299
3733
3052
2418
1828
1134
242
-816
-1886
-2763
-3301
-3459
-3324
-3039
-2680
-2228
-1584
-707
287
1173
1771
2080
2235
2417
2633
2699
2510
2123
1829
1858
2143
2455
2541
2373
2137
1922
1722
1426
901
146
-779
-1695
-2398
-2742
-2772
-2680
-2570
-2375
-1905
-1117
-223
503
895
1036
1108
1178
1212
1138
943
676
446
367
469
686
856
841
647
385
154
-84
-432
-930
-1507
-2001
-2296
-2367
-2266
-2065
-1810
-1507
-1132
-668
-169
262
534
639
642
646
673
689
673
621
622
675
783
903
928
845
645
374
118
-128
-423
-918
-1759
-2933
-4297
-5543
-6388
-6740
-6670
-6395
-6073
-5611
-4754
-3346
-1546
208
1501
2211
2610
3054
3658
4238
4472
4237
3753
3406
3442
3761
4046
4037
3681
3176
2716
2293
1768
967
-116
-1304
-2372
-3131
-3523
-3601
-3464
-3183
-2731
-2047
-1126
-65
926
1668
2102
2329
2508
2640
2593
2257
1743
1399
1432
1774
2147
2303
2311
2329
2384
2383
2130
1557
740
-201
-1106
-1848
-2303
-2506
-2606
-2609
-2388
-1802
-937
-72
551
884
1090
1257
1339
1290
1058
708
382
200
224
397
628
784
776
677
559
427
209
-217
-816
-1445
-1956
-2272
-2427
-2428
-2311
-2095
-1744
-1280
-736
-195
235
492
578
577
559
531
470
356
256
256
382
558
670
706
672
625
593
519
337
-51
-724
-1690
-2903
-4232
-5496
-6488
-7046
-7131
-6817
-6244
-5481
-4489
-3192
-1596
82
1531
2498
2958
3153
3361
3684
3979
4020
3778
3462
3365
3592
3977
4237
4174
3782
3204
2565
1875
1059
41
-1126
-2256
-3117
-3586
-3685
-3487
-3076
-2501
-1774
-918
25
903
1506
1731
1634
1490
1511
1708
1943
2050
2125
2356
2800
3366
3796
3920
3705
3173
2435
1584
724
-132
-1037
-1948
-2702
-3072
-2974
-2564
-2054
-1588
-1146
-647
-125
336
597
591
401
144
-21
-20
112
300
473
642
899
1243
1550
1643
1422
949
362
-217
-753
-1267
-1756
-2184
-2479
-2568
-2419
-2087
-1691
-1329
-1036
-744
-413
-96
118
168
104
35
32
122
262
415
563
680
791
927
1043
1094
1004
736
393
66
-261
-731
-1518
-2668
-4020
-5279
-6170
-6571
-6536
-6234
-5823
-5321
-4607
-3506
-2015
-365
1069
1982
2407
2627
2945
3459
3955
4145
3956
3606
3453
3673
4098
4363
4210
3669
2981
2358
1789
1121
215
-900
-1995
-2819
-3230
-3255
-3052
-2743
-2362
-1842
-1128
-257
632
1329
1721
1791
1641
1431
1298
1390
1660
1976
2280
2520
2843
3327
3767
3946
3703
3057
2211
1321
444
-454
-1331
-2082
-2637
-2893
-2765
-2279
-1646
-1062
-592
-211
210
617
815
748
463
121
-93
-116
15
215
442
688
921
1146
1348
1414
1234
768
96
-618
-1220
-1676
-2040
-2300
-2409
-2344
-2090
-1690
-1236
-794
-440
-177
-27
27
35
-22
-97
-154
-159
-63
113
334
534
694
852
928
913
795
557
184
-419
-1339
-2657
-4212
-5675
-6783
-7333
-7347
-7062
-6620
-6056
-5212
-3876
-2118
-261
1217
2062
2431
2657
3030
3560
3944
3967
3688
3410
3460
3886
4432
4758
4684
4282
3731
3154
2509
1635
488
-825
-2085
-3046
-3578
-3692
-3516
-3174
-2686
-2034
-1166
-165
684
1152
1188
1075
1161
1526
2000
2293
2391
2573
3036
3737
4382
4691
4591
4178
3582
2851
2022
1120
104
-995
-2020
-2702
-2883
-2685
-2348
-2050
-1752
-1312
-738
-171
204
296
178
-5
-113
-98
18
192
375
557
809
1170
1560
1789
1716
1366
856
323
-190
-742
-1342
-1937
-2419
-2666
-2631
-2378
-2043
-1752
-1530
-1352
-1142
-861
-589
-407
-348
-362
-341
-218
12
283
508
682
821
941
1031
1019
898
666
352
-35
-585
-1353
-2378
-3634
-4932
-6051
-6774
-6986
-6801
-6389
-5872
-5232
-4278
-2913
-1277
327
1510
2158
2503
2880
3455
4064
4409
4339
4036
3879
4060
4475
4814
4791
4382
3761
3117
2499
1784
854
-312
-1550
-2585
-3254
-3516
-3457
-3217
-2856
-2378
-1717
-866
75
884
1261
1178
896
859
1327
2054
2674
2949
3065
3468
4189
4919
5270
4986
4211
3221
2224
1288
365
-581
-1603
-2586
-3202
-3219
-2734
-2119
-1678
-1429
-1183
-726
-178
201
283
77
-195
-289
-134
197
560
861
1096
1346
1706
2097
2285
2078
1488
703
-43
-647
-1183
-1728
-2234
-2629
-2817
-2707
-2364
-1943
-1589
-1388
-1292
-1194
-1007
-750
-557
-460
-419
-328
-64
303
632
818
877
900
960
1088
1170
1048
605
-266
-1582
-3263
-5058
-6612
-7676
-8141
-8189
-8053
-7755
-7135
-5916
-4034
-1870
4
1199
1820
2324
3034
3892
4509
4588
4253
3925
3999
4516
5149
5537
5526
5252
4907
4538
4024
3155
1865
298
-1295
-2651
-3629
-4198
-4416
-4372
-4098
-3570
-2719
-1588
-537
120
303
326
680
1411
2272
2852
3070
3374
3988
4845
5680
6126
6110
5671
4913
3948
2877
1845
737
-567
-1889
-2875
-3272
-3203
-2976
-2827
-2713
-2367
-1792
-1184
-687
-431
-382
-383
-321
-125
185
557
899
1171
1518
2028
2592
2972
2949
2537
1907
1232
544
-210
-986
-1789
-2546
-3104
-3389
-3353
-3102
-2797
-2523
-2308
-2024
-1620
-1164
-772
-606
-581
-563
-424
-120
216
537
771
898
1064
1269
1501
1677
1601
1227
514
-545
-1940
-3685
-5553
-7213
-8353
-8789
-8686
-8274
-7672
-6835
-5538
-3726
-1621
303
1616
2326
2717
3147
3754
4314
4576
4492
4295
4345
4767
5415
5951
6099
5849
5308
4591
3745
2687
1345
-226
-1838
-3244
-4249
-4746
-4788
-4515
-4032
-3404
-2572
-1598
-741
-198
14
259
848
1703
2553
3099
3482
4047
4849
5730
6362
6538
6292
5696
4827
3727
2561
1435
217
-1094
-2299
-3090
-3320
-3194
-2986
-2837
-2639
-2243
-1728
-1245
-895
-726
-658
-597
-475
-230
141
594
1040
1479
1995
2587
3092
3277
3035
2482
1807
1109
369
-445
-1302
-2133
-2812
-3220
-3336
-3219
-2993
-2796
-2610
-2358
-1956
-1472
-1128
-992
-1020
-1021
-847
-601
-334
-80
188
557
941
1298
1603
1796
1809
1452
597
-754
-2484
-4314
-5934
-7134
-7844
-8183
-8259
-8005
-7260
-5918
-4146
-2291
-652
601
1507
2185
2764
3284
3638
3772
3719
3658
3830
4272
4859
5387
5700
5769
5597
5190
4547
3627
2400
902
-691
-2121
-3200
-3883
-4237
-4302
-4075
-3540
-2808
-2093
-1522
-1065
-530
169
947
1648
2155
2581
3139
3849
4626
5311
5756
5911
5772
5379
4760
3992
3099
1998
727
-498
-1449
-2061
-2442
-2702
-2851
-2812
-2564
-2216
-1856
-1540
-1320
-1180
-1069
-925
-736
-495
-210
109
496
1000
1587
2130
2512
2676
2663
2514
2204
1707
1048
289
-539
-1371
-2064
-2542
-2813
-2925
-2935
-2852
-2663
-2359
-1986
-1649
-1411
-1293
-1217
-1117
-984
-833
-717
-582
-386
-34
506
1053
1464
1655
1619
1422
1004
242
-984
-2637
-4381
-5867
-6816
-7173
-7149
-6926
-6519
-5811
-4686
-3195
-1579
-138
932
1590
1924
2169
2474
2828
3123
3239
3260
3392
3784
4416
5062
5463
5493
5130
4509
3773
2909
1844
546
-862
-2128
-3026
-3467
-3550
-3412
-3133
-2705
-2138
-1574
-1130
-852
-602
-165
463
1165
1749
2188
2707
3410
4248
5031
5538
5696
5493
4997
4284
3446
2567
1586
467
-655
-1527
-2005
-2185
-2214
-2191
-2096
-1861
-1550
-1273
-1092
-1028
-1045
-1055
-996
-848
-617
-298
61
469
980
1596
2199
2608
2731
2579
2241
1800
1276
658
-28
-744
-1423
-1957
-2281
-2417
-2418
-2357
-2284
-2173
-2012
-1778
-1546
-1401
-1317
-1271
-1204
-1090
-963
-835
-688
-502
-249
112
581
1055
1356
1350
944
166
-936
-2312
-3789
-5138
-6099
-6603
-6767
-6641
-6222
-5421
-4198
-2745
-1279
-11
933
1597
2043
2357
2570
2655
2637
2574
2602
2840
3275
3803
4311
4715
4927
4866
4525
3915
3069
2017
775
-533
-1727
-2665
-3291
-3632
-3733
-3610
-3250
-2621
-1767
-790
145
890
1434
1883
2347
2802
3145
3330
3412
3498
3644
3802
3898
3863
3660
3302
2823
2274
1670
978
194
-636
-1396
-1958
-2283
-2416
-2440
-2380
-2192
-1884
-1470
-1025
-643
-359
-181
-75
33
187
392
606
805
1014
1242
1483
1672
1736
1632
1350
945
462
-55
-564
-1093
-1612
-2080
-2440
-2589
-2533
-2336
-2083
-1848
-1597
-1323
-1046
-809
-696
-701
-795
-877
-873
-780
-585
-349
-119
130
412
736
1048
1201
1057
488
-513
-1791
-3149
-4337
-5187
-5692
-5925
-5950
-5707
-5045
-3911
-2483
-1086
42
838
1419
1920
2334
2573
2570
2397
2232
2224
2452
2863
3307
3702
3998
4185
4251
4108
3695
2979
2002
854
-317
-1347
-2146
-2701
-3028
-3160
-3042
-2622
-1922
-1048
-197
503
1023
1434
1828
2179
2428
2530
2508
2488
2548
2707
2902
3037
3062
2939
2685
2347
1942
1460
849
113
-655
-1317
-1762
-1999
-2100
-2112
-2043
-1860
-1542
-1139
-741
-421
-217
-103
-20
75
186
292
389
493
649
880
1137
1347
1437
1386
1213
942
609
209
-250
-732
-1213
-1621
-1914
-2062
-2055
-1937
-1740
-1515
-1264
-996
-761
-586
-514
-539
-615
-718
-825
-917
-933
-829
-656
-440
-215
30
344
669
882
840
444
-310
-1356
-2493
-3531
-4352
-4903
-5238
-5374
-5225
-4704
-3781
-2579
-1318
-215
595
1146
1540
1838
2058
2135
2027
1830
1705
1798
2148
2646
3132
3488
3706
3797
3741
3502
3016
2260
1287
219
-780
-1599
-2182
-2530
-2645
-2494
-2072
-1429
-664
99
775
1317
1714
1988
2144
2195
2166
2095
2025
2013
2100
2274
2472
2622
2671
2602
2413
2097
1665
1115
477
-194
-843
-1389
-1776
-1982
-2023
-1943
-1769
-1502
-1163
-792
-456
-210
-65
-3
16
35
84
180
314
475
648
813
964
1083
1128
1065
880
588
229
-181
-624
-1074
-1481
-1791
-1970
-1999
-1880
-1652
-1388
-1153
-977
-854
-744
-650
-592
-601
-676
-760
-791
-753
-661
-535
-392
-246
-81
63
119
50
-129
-387
-798
-1439
-2369
-3430
-4261
-4649
-4618
-4386
-4157
-3876
-3349
-2464
-1330
-214
678
1239
1520
1671
1806
1950
2042
2024
1931
1895
2047
2365
2738
3050
3194
3169
3023
2771
2416
1927
1283
536
-176
-702
-1017
-1156
-1181
-1110
-908
-549
-57
483
970
1339
1545
1637
1694
1759
1831
1868
1858
1838
1862
1949
2058
2106
2041
1861
1592
1274
929
543
117
-331
-760
-1111
-1344
-1456
-1459
-1387
-1263
-1093
-885
-646
-417
-236
-110
-32
18
68
129
208
313
428
524
597
643
646
588
457
244
-33
-331
-623
-891
-1120
-1323
-1508
-1639
-1665
-1561
-1373
-1183
-1069
-1044
-1038
-991
-933
-887
-889
-957
-998
-959
-861
-698
-534
-389
-239
-90
83
269
434
443
81
-743
-1883
-2942
-3576
-3743
-3731
-3903
-4164
-4142
-3564
-2427
-1155
-176
409
721
986
1300
1616
1808
1764
1519
1251
1202
1478
1952
2395
2650
2763
2868
2984
3063
2940
2497
1819
1055
385
-88
-409
-677
-908
-1011
-894
-540
-34
473
856
1088
1225
1347
1476
1590
1631
1563
1446
1392
1478
1687
1903
2010
1987
1866
1714
1557
1344
1015
542
-5
-511
-882
-1092
-1207
-1274
-1300
-1257
-1110
-866
-576
-333
-202
-174
-186
-165
-92
-4
65
113
164
253
375
495
563
531
408
226
22
-167
-371
-602
-850
-1085
-1260
-1356
-1366
-1346
-1344
-1367
-1419
-1450
-1441
-1416
-1375
-1328
-1273
-1188
-1071
-921
-758
-589
-406
-212
-32
125
270
377
373
137
-449
-1310
-2201
-2892
-3245
-3368
-3461
-3554
-3530
-3196
-2506
-1621
-765
-99
364
706
993
1247
1432
1506
1462
1388
1419
1611
1941
2296
2577
2783
2926
3025
3053
2932
2608
2083
1444
814
279
-141
-471
-722
-870
-875
-727
-448
-111
205
448
624
754
874
1001
1114
1197
1248
1304
1415
1588
1783
1924
1955
1875
1719
1520
1280
979
607
170
-272
-650
-922
-1074
-1140
-1162
-1144
-1081
-953
-781
-626
-528
-486
-454
-388
-274
-152
-53
26
107
243
438
612
688
639
506
365
237
93
-103
-349
-583
-780
-937
-1086
-1264
-1485
-1725
-1884
-1889
-1736
-1488
-1285
-1177
-1084
-919
-662
-380
-193
-174
-315
-540
-735
-762
-530
-129
248
452
489
464
395
176
-308
-1016
-1743
-2337
-2791
-3131
-3342
-3339
-3055
-2529
-1855
-1120
-378
282
784
1126
1337
1463
1502
1440
1309
1191
1189
1325
1565
1873
2173
2413
2575
2643
2592
2405
2083
1644
1123
599
133
-219
-435
-537
-537
-425
-211
59
326
547
693
777
820
843
858
874
902
947
1022
1131
1263
1386
1451
1425
1310
1125
891
610
282
-70
-419
-720
-947
-1082
-1129
-1109
-1035
-922
-776
-606
-442
-319
-255
-244
-251
-243
-215
-168
-118
-78
-34
23
95
170
229
251
217
112
-44
-218
-372
-499
-625
-760
-911
-1046
-1140
-1173
-1150
-1105
-1046
-984
-925
-842
-730
-595
-482
-418
-387
-369
-326
-270
-230
-215
-213
-199
-173
-147
-133
-130
-109
-93
-153
-341
-647
-986
-1272
-1455
-1555
-1621
-1636
-1565
-1378
-1066
-669
-267
95
401
642
827
957
1018
1010
954
891
853
853
888
941
993
1047
1106
1158
1179
1145
1037
883
711
533
358
190
49
-27
-28
30
137
274
421
570
711
827
914
957
957
926
879
834
792
760
744
727
702
682
658
618
553
454
317
163
6
-145
-272
-375
-454
-496
-488
-432
-341
-234
-127
-28
60
127
164
163
128
52
-49
-146
-212
-242
-258
-285
-317
-322
-279
-231
-231
-293
-406
-530
-634
-722
-800
-860
-900
-915
-897
-841
-753
-647
-545
-469
-417
-388
-373
-368
-386
-418
-449
-479
-494
-490
-465
-408
-342
-283
-256
-264
-292
-326
-361
-393
-412
-419
-423
-419
-405
-368
-321
-292
-293
-295
-270
-216
-167
-146
-142
-116
-57
32
129
225
326
425
519
600
664
698
693
648
597
573
575
584
578
554
542
569
624
683
722
746
771
798
799
757
676
575
481
415
382
385
400
407
406
407
429
457
466
445
403
357
311
260
199
144
103
73
57
54
64
76
80
72
54
37
13
-26
-79
-131
-173
-201
-218
-223
-219
-205
-180
-155
-155
-181
-230
-279
-312
-333
-364
-414
-471
-525
-548
-538
-507
-473
-451
-434
-412
-385
-366
-366
-390
-436
-489
-543
-591
-623
-628
-598
-531
-443
-365
-319
-304
-296
-276
-249
-234
-251
-284
-308
-323
-330
-329
-315
-285
-227
-153
-75
-1
62
102
123
133
141
143
124
80
34
28
70
143
217
275
322
362
394
411
419
425
421
403
378
348
322
301
292
295
310
335
348
341
329
312
299
285
270
252
239
234
240
250
254
248
216
166
123
94
81
86
98
121
154
193
240
276
303
312
301
273
238
193
132
53
-31
-99
-133
-132
-111
-79
-39
4
52
91
116
126
123
110
93
71
43
5
-37
-71
-92
-100
-100
-100
-97
-97
-106
-123
-142
-157
-168
-186
-206
-230
-255
-275
-291
-311
-329
-338
-345
-352
-360
-369
-381
-391
-388
-370
-352
-345
-355
-363
-365
-359
-347
-332
-310
-280
-249
-219
-193
-165
-135
-113
-106
-101
-83
-42
17
67
87
82
73
74
91
112
129
131
120
100
70
37
17
6
14
36
63
85
96
109
124
138
151
154
153
154
162
175
183
188
186
184
186
188
192
184
154
98
38
-11
-36
-42
-39
-22
11
56
109
164
213
252
276
292
302
309
300
282
267
261
271
288
305
319
333
346
350
346
328
303
279
255
237
213
190
164
146
138
137
133
115
76
26
-26
-69
-110
-144
-174
-201
-225
-248
-273
-297
-314
-314
-301
-281
-271
-284
-314
-353
-392
-423
-446
-461
-461
-447
-423
-396
-371
-353
-350
-351
-352
-340
-323
-309
-307
-316
-324
-324
-314
-300
-284
-265
-239
-200
-157
-112
-62
-19
10
19
14
-2
-19
-18
-1
31
73
120
169
220
268
315
360
404
446
478
492
484
457
423
387
357
345
356
396
450
497
517
503
463
415
371
337
301
258
205
144
71
-2
-64
-116
-143
-153
-158
-168
-183
-198
-210
-216
-219
-218
-213
-206
-197
-180
-157
-122
-86
-56
-43
-48
-65
-91
-131
-194
-281
-376
-453
-500
-509
-489
-449
-396
-331
-249
-150
-45
60
165
252
312
345
355
346
330
310
282
245
203
168
139
122
119
126
140
147
146
138
127
114
91
58
19
-21
-52
-64
-63
-55
-46
-43
-45
-47
-51
-56
-64
-70
-72
-74
-78
-80
-80
-70
-47
-20
11
38
58
69
78
88
95
92
75
52
31
29
36
41
46
51
60
68
68
56
29
0
-23
-41
-50
-55
-57
-59
-62
-70
-81
-88
-90
-85
-77
-73
-78
-98
-129
-163
-200
-232
-263
-283
-295
-304
-315
-318
-308
-285
-253
-224
-195
-169
-146
-127
-114
-104
-93
-83
-72
-60
-45
-30
-15
2
26
52
77
92
100
110
126
155
191
240
294
346
390
422
448
473
494
510
516
509
490
466
435
396
360
333
316
301
276
238
190
144
98
48
-5
-61
-108
-140
-159
-174
-197
-225
-255
-285
-309
-324
-336
-344
-347
-345
-339
-332
-320
-310
-296
-281
-258
-226
-186
-145
-113
-82
-52
-19
19
54
85
106
117
121
121
123
130
139
150
164
176
187
194
200
202
196
177
149
118
87
55
21
-17
-53
-82
-100
-103
-96
-84
-73
-65
-58
-48
-42
-39
-42
-55
-77
-101
-125
-149
-168
-182
-195
-205
-211
-213
-211
-203
-191
-179
-164
-147
-131
-117
-99
-79
-56
-35
-12
7
27
49
68
79
76
66
47
31
20
6
-10
-26
-38
-37
-27
-15
-5
1
7
17
36
59
82
103
122
136
142
142
136
130
126
123
119
113
109
97
73
50
34
30
45
85
150
245
365
495
619
722
795
831
821
762
650
490
298
80
-146
-360
-546
-696
-801
-864
-883
-866
-823
-760
-680
-586
-486
-388
-296
-214
-143
-83
-39
-6
18
37
55
69
83
101
117
136
153
169
185
200
212
224
239
259
283
315
352
392
432
464
478
464
412
319
190
39
-116
-266
-398
-500
-563
-588
-577
-534
-470
-391
-306
-227
-159
-102
-59
-27
-5
4
7
1
-9
-23
-36
-49
-59
-63
-68
-71
-67
-60
-45
-24
0
25
46
62
70
78
85
92
98
103
107
105
96
85
72
63
57
51
52
58
62
66
62
52
38
29
23
18
15
12
11
12
18
28
41
60
82
106
129
143
145
136
122
107
89
66
43
23
5
-14
-29
-40
-42
-30
-11
8
24
39
48
50
42
30
16
0
-17
-34
-50
-62
-72
-80
-86
-87
-90
-90
-89
-90
-92
-101
-113
-126
-135
-139
-139
-134
-124
-110
-89
-71
-52
-33
-22
-14
-9
-8
-2
3
8
12
13
15
17
23
33
42
52
61
69
77
84
96
104
107
102
92
80
72
65
61
56
54
56
61
69
73
73
58
34
4
-23
-47
-66
-78
-81
-80
-73
-65
-55
-44
-36
-31
-31
-31
-31
-33
-34
-37
-35
-28
-18
-8
-1
7
16
27
32
33
26
11
-7
-21
-31
-37
-39
-43
-51
-60
-67
-72
-73
-71
-69
-67
-59
-45
-30
-16
-3
8
13
18
25
37
54
70
83
91
94
94
90
84
74
63
54
44
35
29
25
19
15
8
-4
-11
-11
-8
-6
-7
-11
-17
-25
-31
-35
-36
-32
-25
-15
-5
4
13
19
27
35
43
50
53
48
40
31
24
22
20
22
22
23
26
28
35
43
48
56
62
68
71
75
78
79
80
83
86
84
79
73
62
46
29
9
-11
-31
-50
-69
-85
-102
-119
-138
-153
-162
-165
-164
-168
-176
-189
-199
-205
-207
-201
-194
-187
-178
-168
-154
-136
-122
-111
-107
-104
-96
-88
-73
-54
-39
-25
-15
-3
11
31
51
71
88
102
112
119
126
137
155
179
202
223
241
254
262
266
269
269
265
257
248
227
196
153
101
57
24
2
-12
-28
-49
-71
-87
-98
-101
-102
-103
-104
-107
-111
-117
-118
-116
-108
-98
-84
-71
-58
-43
-28
-13
0
9
12
10
4
-4
-12
-21
-32
-41
-48
-50
-48
-46
-50
-57
-62
-60
-47
-34
-20
-9
-2
5
11
23
33
43
50
53
52
51
51
55
60
69
74
72
62
47
31
20
12
2
-14
-36
-59
-80
-91
-95
-95
-93
-91
-87
-80
-70
-57
-40
-18
6
28
48
67
83
96
101
98
89
75
64
53
41
36
30
30
33
35
35
27
18
8
-7
-22
-39
-52
-61
-66
-67
-65
-65
-68
-72
-74
-76
-78
-76
-71
-64
-56
-50
-43
-34
-26
-13
1
10
18
25
32
39
39
31
24
19
23
27
32
34
29
24
21
21
27
36
50
62
71
75
79
84
89
92
88
77
61
50
41
35
29
19
7
-1
-6
-11
-18
-27
-39
-45
-52
-61
-72
-83
-90
-98
-104
-109
-111
-109
-104
-97
-89
-80
-70
-62
-52
-40
-29
-14
-1
14
27
38
49
56
59
60
62
68
71
74
76
77
75
70
65
59
54
50
48
49
51
53
51
45
35
23
15
10
9
9
7
5
0
-8
-17
-23
-21
-16
-12
-13
-19
-25
-30
-30
-28
-24
-22
-26
-32
-40
-48
-48
-45
-39
-35
-33
-31
-37
-44
-48
-50
-47
-45
-45
-47
-47
-40
-32
-26
-24
-28
-33
-38
-39
-36
-30
-24
-15
-7
0
8
13
17
21
26
35
44
50
49
45
41
38
37
39
43
42
38
32
24
21
22
21
17
13
11
14
16
17
15
12
11
16
22
32
36
40
46
51
56
59
59
56
50
44
38
37
33
31
29
28
29
30
28
27
24
23
22
15
2
-9
-17
-22
-25
-26
-28
-29
-33
-34
-38
-46
-54
-64
-67
-65
-61
-54
-50
-50
-48
-47
-46
-49
-49
-52
-54
-57
-60
-63
-63
-62
-61
-58
-55
-49
-45
-45
-44
-41
-33
-26
-22
-22
-23
-21
-18
-12
-4
0
0
-2
-1
5
14
23
32
33
34
34
34
37
40
44
46
51
56
60
62
64
63
64
63
63
62
62
61
60
56
51
45
38
35
32
30
30
27
25
20
15
9
6
8
11
14
16
16
13
10
6
1
-5
-7
-7
-7
-6
-8
-10
-11
-12
-13
-16
-20
-22
-25
-27
-30
-32
-31
-32
-35
-38
-40
-40
-34
-31
-29
-29
-27
-23
-18
-12
-6
-4
-5
-9
-19
-28
-32
-32
-28
-23
-17
-14
-14
-18
-21
-22
-21
-20
-21
-22
-19
-13
-8
-2
1
5
8
12
14
18
18
15
10
4
2
4
13
23
28
28
27
26
26
22
18
14
12
11
13
19
23
24
22
13
5
0
1
8
18
27
35
38
34
31
28
27
27
25
22
