-1
-1
-2
-2
-3
-2
-2
-1
-1
0
1
2
2
0
-1
-1
0
2
2
2
1
0
-1
-1
0
2
2
2
1
0
-1
1
0
1
1
1
0
1
0
1
3
4
4
4
4
2
1
1
2
2
3
3
2
3
2
1
0
2
1
3
2
1
1
-1
0
-1
-1
0
-1
-2
-2
-2
-2
-1
-3
-2
-1
-1
-1
-2
-3
-4
-4
-4
-3
-2
-3
-2
-2
-2
-2
-2
-3
-4
0
0
1
0
-2
-3
-3
-1
0
-1
0
-1
-3
-4
-3
-2
0
2
2
1
-1
-1
1
2
2
1
-1
0
1
3
3
4
3
2
0
1
1
2
2
2
3
2
3
0
1
2
2
2
1
0
1
1
3
3
3
3
2
1
1
0
2
2
3
3
2
1
0
-1
-1
-1
0
-2
-2
-2
-2
-2
-1
-1
-2
-3
-2
-2
-3
-3
-2
-2
-1
-2
0
0
0
0
0
-1
-1
-2
-1
-2
-2
-1
-1
-1
-1
0
1
3
4
3
3
1
0
-1
0
-2
-1
0
0
0
-1
-1
-1
-2
-2
-1
0
-1
-2
-3
-2
-2
-2
-1
0
0
0
-2
-3
-4
-5
-5
-3
-1
2
3
3
1
1
0
-1
0
1
2
2
2
2
2
2
2
3
2
1
-1
-1
-1
-1
2
2
2
2
2
2
2
2
2
2
3
1
2
1
1
0
0
1
1
1
2
2
0
0
-1
-1
0
0
-1
0
1
1
0
-1
-2
-2
-2
-2
-1
-1
0
1
-1
-2
-2
-2
-1
0
1
1
0
-1
-3
-2
-1
0
0
-1
-3
-3
-4
-4
-3
-2
-1
0
-1
-1
0
0
1
0
0
0
0
0
0
0
1
1
1
1
1
-1
-2
-2
0
1
2
3
4
3
1
-1
-1
1
2
3
2
0
-1
-2
-1
-1
0
1
0
0
0
0
1
1
0
0
0
-1
-1
-2
-3
-3
-3
-1
0
1
1
1
1
0
1
1
1
2
2
2
2
1
2
4
4
3
2
1
-1
-1
-2
-1
0
-1
-1
0
-1
0
1
1
1
1
-1
-1
-1
-1
-1
0
0
0
0
0
1
2
1
1
0
1
1
1
2
2
2
0
0
-2
-3
-4
-4
-6
-5
-5
-5
-5
-4
-2
0
0
1
1
1
1
1
0
-1
0
2
1
1
1
0
0
-1
0
0
0
0
0
0
0
1
1
2
2
1
-1
-2
-2
-3
-3
-4
-4
-3
-4
-3
-4
-2
-1
2
3
6
5
3
4
1
2
2
3
4
3
0
-1
-3
-3
0
3
4
4
6
5
4
4
4
4
3
4
5
5
3
1
-1
-2
-2
-3
-2
-1
0
0
-1
0
0
2
4
5
3
3
2
0
1
1
0
-1
-2
-3
-4
-4
-3
-2
-2
-2
-3
-4
-4
-4
-5
-5
-5
-6
-7
-8
-8
-10
-9
-10
-9
-8
-7
-6
-5
-2
0
1
3
2
2
1
2
2
1
0
-1
-2
-1
-1
1
1
2
2
3
4
5
6
5
6
4
3
3
4
6
7
7
9
9
11
12
15
16
19
22
24
26
28
30
31
32
31
31
28
25
23
21
20
17
14
9
5
1
-3
-4
-5
-4
-6
-6
-8
-9
-9
-11
-11
-11
-13
-15
-19
-20
-21
-20
-20
-21
-20
-20
-19
-19
-18
-18
-20
-24
-26
-30
-32
-36
-42
-46
-51
-57
-60
-61
-60
-60
-58
-57
-56
-54
-51
-48
-44
-42
-37
-36
-33
-29
-23
-15
-6
2
11
19
28
36
45
53
62
69
75
78
80
81
82
83
82
82
84
84
85
86
89
92
94
98
101
103
103
102
100
95
90
85
80
74
67
60
54
49
41
31
20
7
-4
-15
-25
-35
-43
-54
-63
-74
-90
-113
-148
-190
-232
-268
-301
-331
-351
-364
-368
-363
-343
-307
-265
-223
-181
-137
-88
-39
8
49
84
109
131
148
163
174
187
201
211
221
232
244
258
266
268
264
254
235
206
171
131
85
34
-24
-83
-138
-186
-226
-255
-274
-281
-276
-261
-240
-209
-169
-125
-83
-40
0
34
64
91
117
138
151
160
169
179
189
201
213
224
232
239
243
242
238
227
212
190
169
144
114
84
57
33
16
6
3
6
10
13
20
28
38
49
60
72
77
76
67
57
40
13
-31
-101
-185
-272
-352
-428
-496
-555
-600
-627
-642
-632
-596
-540
-480
-418
-353
-286
-216
-146
-79
-21
28
67
102
136
168
200
237
271
299
325
352
379
402
414
419
412
394
362
324
277
221
154
82
12
-50
-106
-152
-190
-220
-243
-256
-255
-249
-237
-221
-202
-187
-173
-158
-137
-112
-86
-60
-32
3
33
67
109
160
204
240
270
293
309
321
328
324
310
290
264
233
204
178
151
128
109
90
79
74
69
70
69
63
55
49
47
44
41
34
28
25
30
37
51
69
83
95
99
98
73
28
-47
-144
-247
-355
-460
-565
-657
-735
-793
-820
-818
-788
-731
-652
-567
-479
-380
-275
-177
-90
-18
44
93
133
170
205
237
260
284
309
342
379
424
464
493
510
517
513
493
460
411
344
266
174
82
-3
-79
-148
-206
-249
-280
-299
-303
-293
-274
-255
-237
-216
-196
-176
-160
-146
-131
-109
-88
-67
-33
7
49
98
152
207
261
312
353
386
412
422
412
389
361
325
288
245
201
157
118
82
54
38
26
15
4
1
1
2
4
5
6
12
15
19
25
39
55
76
103
128
157
189
220
231
213
161
69
-63
-214
-362
-506
-657
-810
-946
-1042
-1088
-1097
-1071
-1000
-898
-792
-677
-544
-398
-260
-140
-35
46
104
148
190
227
257
285
322
364
403
451
516
588
649
694
725
738
731
697
643
564
460
336
203
76
-39
-143
-228
-292
-339
-363
-371
-378
-389
-383
-358
-343
-337
-333
-319
-306
-291
-276
-238
-176
-125
-78
1
99
178
260
355
435
498
555
587
588
587
580
544
491
436
371
300
233
179
138
106
69
31
13
9
0
-12
-16
-24
-34
-41
-39
-28
-9
13
35
66
106
146
181
228
273
289
266
212
112
-40
-227
-415
-592
-766
-951
-1127
-1249
-1299
-1310
-1299
-1234
-1114
-987
-861
-710
-537
-375
-237
-113
-10
62
112
162
211
248
284
333
395
456
519
601
697
783
846
893
923
931
906
848
763
648
504
346
192
51
-82
-200
-292
-361
-407
-418
-399
-409
-454
-490
-490
-489
-501
-510
-509
-483
-436
-382
-310
-185
-49
54
175
338
475
569
673
767
818
850
856
811
755
719
663
583
517
453
385
333
288
248
219
182
123
82
76
55
9
-33
-67
-103
-124
-123
-114
-85
-41
3
55
134
219
282
327
343
320
237
88
-145
-440
-727
-982
-1242
-1513
-1757
-1935
-2034
-2052
-2005
-1901
-1727
-1515
-1304
-1084
-835
-588
-368
-183
-41
65
152
219
267
314
371
451
560
677
782
903
1062
1222
1341
1428
1491
1513
1481
1402
1277
1105
893
654
409
179
-26
-196
-345
-456
-530
-548
-542
-580
-659
-708
-702
-716
-739
-756
-749
-717
-669
-612
-497
-293
-121
14
228
482
664
818
1008
1143
1229
1315
1339
1280
1228
1189
1087
968
880
787
682
590
515
466
429
360
266
221
197
140
66
10
-44
-92
-117
-128
-121
-90
-41
6
67
155
237
290
315
311
250
122
-92
-415
-806
-1175
-1506
-1852
-2205
-2521
-2753
-2866
-2874
-2805
-2662
-2433
-2161
-1887
-1592
-1272
-957
-672
-426
-234
-85
42
151
238
318
406
531
693
851
998
1173
1393
1609
1782
1914
2008
2039
2007
1919
1771
1564
1310
1020
713
420
164
-59
-254
-395
-493
-526
-531
-604
-735
-817
-807
-830
-880
-917
-921
-885
-832
-787
-687
-453
-252
-127
113
451
685
851
1105
1305
1415
1527
1584
1523
1473
1474
1384
1246
1163
1073
938
822
739
685
665
599
486
439
439
375
268
204
140
57
-11
-72
-121
-121
-101
-109
-100
-19
69
113
156
203
187
83
-109
-426
-861
-1308
-1715
-2122
-2525
-2909
-3242
-3447
-3484
-3428
-3323
-3096
-2760
-2418
-2081
-1699
-1300
-939
-638
-394
-190
-21
102
200
305
407
517
689
895
1071
1258
1509
1781
2014
2204
2350
2432
2450
2396
2259
2051
1788
1468
1108
760
456
177
-79
-279
-429
-522
-576
-657
-782
-868
-875
-887
-933
-974
-985
-959
-919
-887
-801
-608
-414
-272
-49
262
525
737
976
1190
1353
1516
1621
1618
1609
1627
1576
1460
1367
1291
1195
1086
997
947
919
866
780
723
681
595
475
352
230
109
0
-97
-178
-210
-207
-202
-183
-120
-43
-5
8
12
-17
-107
-267
-548
-980
-1461
-1898
-2288
-2674
-3053
-3400
-3635
-3682
-3617
-3518
-3324
-3003
-2651
-2320
-1944
-1524
-1141
-823
-558
-327
-131
32
177
306
416
538
723
952
1163
1363
1609
1891
2158
2375
2530
2616
2634
2577
2444
2248
2004
1707
1352
992
666
370
99
-133
-319
-466
-527
-578
-706
-861
-919
-934
-1006
-1074
-1140
-1165
-1136
-1083
-1030
-867
-607
-443
-268
60
394
593
823
1084
1228
1356
1512
1555
1503
1521
1532
1443
1374
1338
1266
1186
1145
1117
1113
1112
1029
927
887
826
681
518
373
201
32
-96
-211
-296
-319
-317
-312
-243
-113
-29
-9
13
19
-49
-187
-401
-753
-1193
-1638
-2069
-2471
-2826
-3169
-3481
-3630
-3598
-3515
-3370
-3097
-2754
-2410
-2043
-1638
-1242
-886
-599
-370
-166
8
133
252
380
490
627
844
1085
1293
1516
1785
2048
2293
2498
2626
2684
2690
2625
2467
2249
1980
1635
1250
896
586
301
50
-153
-324
-448
-511
-606
-757
-869
-908
-971
-1071
-1162
-1264
-1325
-1324
-1319
-1289
-1134
-942
-832
-630
-291
4
221
504
774
946
1151
1335
1387
1401
1477
1468
1370
1337
1306
1226
1166
1159
1157
1179
1203
1157
1124
1143
1112
992
856
694
480
291
144
-12
-144
-196
-239
-266
-213
-116
-62
-41
-8
-41
-142
-277
-505
-879
-1315
-1721
-2127
-2491
-2812
-3152
-3446
-3545
-3479
-3387
-3223
-2932
-2592
-2242
-1852
-1440
-1062
-726
-452
-228
-26
140
264
377
483
560
680
885
1094
1279
1493
1744
1994
2236
2443
2565
2620
2627
2549
2373
2152
1878
1525
1146
794
470
165
-94
-306
-497
-633
-712
-806
-948
-1071
-1147
-1227
-1315
-1376
-1430
-1455
-1410
-1342
-1255
-1080
-859
-683
-477
-170
127
364
619
860
1035
1212
1381
1466
1510
1573
1588
1540
1511
1482
1415
1358
1323
1284
1262
1236
1149
1056
1006
925
776
621
451
248
62
-82
-195
-254
-256
-250
-242
-196
-125
-75
-53
-64
-143
-292
-533
-867
-1249
-1620
-1973
-2326
-2665
-2953
-3147
-3236
-3217
-3116
-2955
-2721
-2412
-2056
-1687
-1310
-951
-633
-361
-142
32
186
320
414
499
607
737
893
1079
1282
1494
1734
1981
2181
2327
2423
2459
2428
2332
2168
1932
1644
1311
954
599
278
-16
-275
-500
-663
-796
-985
-1188
-1317
-1361
-1435
-1523
-1601
-1665
-1636
-1568
-1525
-1442
-1222
-1027
-895
-632
-285
-17
219
547
814
1018
1266
1468
1555
1657
1821
1886
1897
1920
1922
1898
1858
1813
1760
1729
1635
1481
1383
1294
1132
940
778
582
368
207
74
-46
-86
-66
-84
-109
-78
-48
-78
-127
-195
-322
-504
-767
-1130
-1550
-1937
-2314
-2694
-3017
-3299
-3543
-3651
-3576
-3444
-3285
-3027
-2692
-2340
-1974
-1579
-1200
-849
-557
-339
-141
53
207
332
480
629
782
996
1235
1436
1637
1881
2124
2330
2501
2609
2631
2589
2492
2319
2080
1804
1477
1115
759
449
162
-99
-315
-579
-871
-1093
-1211
-1302
-1405
-1461
-1527
-1540
-1469
-1389
-1349
-1225
-1021
-904
-756
-493
-247
-106
114
407
612
813
1041
1210
1324
1511
1689
1768
1829
1865
1866
1854
1852
1825
1785
1738
1604
1450
1330
1163
905
644
432
216
24
-120
-246
-345
-366
-319
-294
-268
-212
-187
-215
-268
-317
-442
-662
-951
-1314
-1706
-2069
-2389
-2719
-3022
-3236
-3345
-3320
-3191
-3006
-2791
-2509
-2180
-1859
-1523
-1199
-905
-659
-449
-278
-126
33
141
239
369
524
709
945
1206
1432
1674
1953
2201
2392
2534
2621
2615
2540
2407
2198
1924
1596
1242
875
530
215
-79
-356
-631
-866
-1034
-1127
-1190
-1256
-1290
-1293
-1242
-1159
-1053
-943
-806
-645
-510
-364
-183
5
142
311
543
752
922
1095
1269
1398
1535
1684
1772
1799
1806
1796
1739
1676
1615
1531
1404
1262
1135
1010
873
693
490
278
66
-142
-302
-383
-411
-375
-302
-234
-193
-152
-138
-199
-281
-367
-502
-747
-1084
-1462
-1844
-2184
-2498
-2805
-3086
-3274
-3359
-3348
-3233
-3051
-2815
-2516
-2161
-1781
-1397
-1005
-642
-334
-94
103
275
425
537
624
736
882
1048
1226
1401
1576
1753
1938
2093
2199
2264
2290
2263
2172
2026
1811
1514
1155
771
401
62
-216
-443
-635
-854
-1109
-1304
-1406
-1474
-1572
-1627
-1651
-1624
-1496
-1356
-1251
-1082
-805
-605
-415
-88
228
411
622
930
1136
1298
1495
1634
1688
1795
1930
1957
1951
1956
1938
1898
1852
1777
1692
1592
1407
1209
1068
886
585
278
18
-245
-460
-563
-614
-642
-567
-421
-305
-204
-54
55
78
59
0
-173
-485
-861
-1292
-1733
-2141
-2522
-2898
-3224
-3433
-3536
-3503
-3351
-3128
-2855
-2523
-2140
-1741
-1323
-937
-597
-300
-54
145
328
510
633
735
882
1052
1199
1362
1538
1677
1859
2147
2453
2680
2806
2816
2682
2472
2238
1981
1696
1399
1103
793
496
212
-27
-315
-681
-971
-1118
-1196
-1327
-1414
-1493
-1543
-1481
-1400
-1387
-1325
-1118
-1015
-964
-749
-476
-356
-233
56
276
458
703
918
1020
1197
1454
1569
1630
1699
1751
1752
1749
1728
1663
1610
1465
1271
1151
1024
735
374
105
-163
-381
-442
-413
-403
-348
-233
-217
-224
-169
-134
-184
-278
-406
-662
-1016
-1423
-1871
-2303
-2693
-3064
-3409
-3628
-3734
-3748
-3619
-3366
-3048
-2716
-2323
-1883
-1449
-1029
-657
-337
-72
156
323
484
660
791
920
1112
1353
1587
1855
2179
2481
2771
3071
3330
3478
3549
3560
3444
3234
2959
2607
2162
1693
1225
755
315
-74
-424
-824
-1200
-1463
-1594
-1678
-1774
-1839
-1890
-1847
-1750
-1676
-1613
-1456
-1281
-1190
-1033
-770
-535
-399
-190
59
269
500
732
911
1065
1297
1496
1606
1680
1722
1739
1721
1680
1598
1522
1400
1187
1007
909
759
506
253
30
-210
-388
-448
-444
-386
-260
-111
-21
73
165
178
124
33
-98
-392
-839
-1392
-1954
-2438
-2862
-3258
-3648
-3924
-4075
-4073
-3915
-3677
-3384
-3027
-2577
-2116
-1643
-1151
-711
-346
-67
150
314
486
639
722
821
1004
1258
1527
1823
2133
2427
2753
3081
3343
3504
3591
3590
3475
3273
2989
2616
2135
1587
1027
507
61
-338
-691
-1019
-1376
-1661
-1795
-1827
-1892
-1938
-1909
-1875
-1752
-1562
-1407
-1282
-1018
-760
-629
-390
-43
188
312
619
917
1075
1281
1508
1643
1770
2020
2142
2140
2159
2163
2114
2070
2050
1933
1808
1627
1338
1056
809
462
23
-269
-481
-703
-821
-813
-795
-745
-594
-457
-373
-246
-95
-33
-60
-140
-370
-814
-1362
-1916
-2496
-3106
-3722
-4316
-4789
-5018
-5036
-4927
-4702
-4343
-3885
-3239
-2398
-1655
-1142
-813
-619
-517
-423
-271
-63
220
525
791
1079
1456
1887
2375
2967
3528
3933
4209
4386
4417
4335
4235
4068
3804
3503
3140
2635
2043
1494
992
487
11
-487
-1009
-1423
-1635
-1707
-1734
-1720
-1694
-1601
-1417
-1228
-1109
-959
-747
-607
-502
-327
-105
21
133
324
512
687
866
1024
1133
1281
1455
1559
1594
1606
1599
1561
1511
1412
1281
1131
925
682
510
347
72
-281
-610
-892
-1142
-1283
-1344
-1346
-1244
-1071
-922
-833
-717
-626
-584
-561
-577
-693
-954
-1320
-1790
-2261
-2654
-3019
-3412
-3762
-3937
-3975
-3875
-3640
-3301
-2922
-2517
-2052
-1575
-1100
-706
-398
-147
50
217
378
581
751
889
1088
1372
1702
2039
2409
2762
3125
3516
3864
4114
4260
4323
4250
4066
3809
3466
3028
2523
2006
1483
995
548
140
-229
-616
-1021
-1338
-1487
-1611
-1771
-1857
-1886
-1866
-1755
-1612
-1557
-1440
-1174
-1008
-898
-635
-330
-233
-107
170
345
446
608
764
828
1023
1290
1415
1501
1638
1750
1798
1873
1864
1775
1657
1420
1102
846
597
170
-253
-532
-783
-997
-1069
-1073
-1086
-1002
-862
-789
-755
-702
-699
-799
-949
-1221
-1674
-2220
-2741
-3176
-3492
-3652
-3694
-3652
-3532
-3412
-3329
-3216
-2981
-2642
-2207
-1628
-924
-207
416
925
1281
1487
1586
1610
1593
1553
1516
1525
1644
1808
1921
2051
2276
2575
2906
3293
3652
3854
3904
3825
3605
3269
2866
2358
1753
1142
564
22
-470
-888
-1350
-1785
-2064
-2209
-2302
-2383
-2416
-2462
-2389
-2212
-2083
-2006
-1832
-1595
-1486
-1336
-1084
-864
-738
-526
-231
-7
253
516
730
924
1215
1501
1675
1837
1948
2032
2078
2104
2051
1987
1931
1761
1580
1430
1247
915
575
301
20
-169
-243
-224
-181
-47
141
270
370
430
446
377
259
49
-320
-824
-1393
-1934
-2456
-2934
-3392
-3793
-4029
-4097
-4025
-3847
-3523
-3117
-2705
-2258
-1783
-1320
-915
-581
-331
-163
-59
-25
-15
-17
-32
14
215
547
903
1311
1792
2289
2776
3252
3646
3888
4020
4031
3894
3634
3285
2829
2264
1662
1080
551
113
-253
-583
-930
-1311
-1629
-1851
-1976
-2101
-2188
-2172
-2082
-1903
-1739
-1631
-1573
-1441
-1278
-1131
-894
-594
-309
-97
215
540
834
1129
1387
1625
1827
2073
2209
2267
2306
2322
2307
2214
2102
1927
1779
1603
1388
1193
993
748
462
289
196
139
134
182
237
276
375
445
436
402
279
-25
-538
-1174
-1897
-2577
-3087
-3490
-3883
-4298
-4661
-4914
-4991
-4886
-4685
-4370
-3915
-3369
-2836
-2279
-1662
-1085
-590
-178
168
423
616
761
834
895
965
1079
1254
1484
1727
1995
2352
2711
3011
3247
3439
3538
3519
3422
3216
2909
2516
2050
1537
1020
577
148
-231
-580
-955
-1264
-1447
-1501
-1551
-1549
-1513
-1465
-1314
-1126
-994
-918
-734
-595
-529
-384
-182
-49
16
214
416
598
789
976
1129
1277
1505
1678
1812
1898
1953
1984
1977
1939
1838
1765
1616
1418
1255
1124
942
685
504
329
165
15
-55
-61
-32
93
236
380
440
469
388
157
-150
-579
-1142
-1829
-2438
-2991
-3557
-4113
-4594
-4876
-4951
-4846
-4677
-4393
-3967
-3501
-3039
-2538
-1998
-1552
-1178
-837
-515
-201
86
310
434
497
523
619
836
1090
1346
1682
2123
2553
2940
3301
3583
3761
3822
3749
3524
3194
2780
2264
1691
1123
602
115
-331
-716
-1091
-1422
-1629
-1704
-1733
-1764
-1739
-1731
-1663
-1513
-1368
-1288
-1156
-947
-854
-719
-474
-252
-139
84
398
576
796
1078
1302
1427
1668
1912
1997
2072
2121
2129
2079
2058
1964
1822
1707
1507
1295
1119
937
625
327
117
-116
-277
-323
-276
-207
-10
257
419
517
557
537
403
219
-62
-513
-1061
-1634
-2187
-2804
-3476
-4176
-4778
-5108
-5163
-5000
-4655
-4104
-3460
-2805
-2091
-1330
-590
53
582
970
1228
1412
1510
1534
1526
1515
1529
1621
1772
1907
2099
2404
2723
2993
3236
3415
3458
3423
3313
3091
2775
2390
1901
1296
688
120
-409
-878
-1297
-1701
-2073
-2321
-2440
-2475
-2469
-2440
-2408
-2345
-2199
-2065
-1977
-1860
-1693
-1571
-1442
-1180
-929
-764
-538
-198
75
312
617
879
1055
1268
1531
1677
1741
1788
1771
1716
1666
1610
1501
1396
1250
1061
933
814
615
404
306
210
112
102
151
192
286
482
635
712
744
725
574
284
-134
-696
-1318
-1907
-2437
-2975
-3487
-3874
-4060
-4058
-3938
-3697
-3314
-2794
-2239
-1695
-1136
-580
-98
294
644
925
1143
1334
1480
1548
1585
1662
1776
1930
2116
2311
2536
2814
3044
3138
3138
3059
2848
2506
2092
1601
1041
468
-79
-588
-1009
-1325
-1580
-1763
-1951
-2101
-2118
-2012
-1887
-1793
-1635
-1528
-1398
-1163
-953
-849
-719
-525
-513
-496
-291
-83
-3
197
560
806
1055
1365
1633
1816
2067
2326
2438
2536
2568
2530
2445
2362
2199
1999
1826
1515
1190
963
732
366
50
-122
-332
-508
-570
-583
-638
-596
-459
-389
-347
-303
-310
-452
-720
-1126
-1727
-2384
-2976
-3535
-4097
-4609
-4990
-5219
-5227
-5080
-4824
-4438
-3899
-3264
-2656
-2016
-1368
-782
-297
93
404
625
813
908
966
1052
1152
1303
1528
1831
2105
2440
2887
3291
3591
3847
4066
4118
4053
3889
3575
3134
2607
2033
1381
776
226
-275
-726
-1177
-1546
-1789
-1876
-1947
-1954
-1880
-1816
-1689
-1496
-1289
-1163
-953
-734
-626
-459
-162
105
234
486
811
1076
1337
1643
1917
2100
2338
2525
2619
2663
2669
2625
2525
2421
2242
2062
1851
1571
1310
1126
939
648
406
226
59
-69
-119
-160
-242
-254
-199
-150
-136
-131
-181
-359
-680
-1178
-1837
-2577
-3285
-3944
-4582
-5200
-5704
-5972
-6013
-5912
-5699
-5312
-4751
-4101
-3445
-2743
-2003
-1339
-787
-338
23
284
485
633
722
796
905
1083
1320
1591
1867
2214
2653
3084
3446
3751
3996
4104
4078
3939
3664
3265
2759
2153
1489
859
287
-242
-706
-1090
-1399
-1666
-1867
-1979
-1962
-1866
-1759
-1631
-1504
-1338
-1142
-932
-732
-508
-237
-26
190
484
800
1043
1314
1643
1900
2141
2391
2565
2609
2660
2711
2644
2532
2406
2260
2054
1865
1664
1442
1257
1031
804
625
481
278
114
61
21
4
36
87
54
60
92
55
-40
-191
-410
-835
-1377
-2024
-2697
-3325
-3933
-4523
-5100
-5481
-5655
-5619
-5474
-5222
-4810
-4278
-3630
-2984
-2296
-1637
-1040
-526
-108
263
525
757
909
1008
1096
1230
1457
1673
1934
2217
2556
2917
3260
3538
3682
3781
3784
3669
3411
3060
2619
2049
1433
802
213
-328
-799
-1201
-1546
-1845
-2077
-2199
-2225
-2203
-2143
-2026
-1886
-1723
-1537
-1339
-1164
-934
-696
-480
-254
31
340
581
858
1159
1454
1699
1942
2175
2342
2475
2553
2602
2575
2537
2487
2406
2280
2105
1952
1755
1549
1358
1226
1079
887
732
602
520
434
383
363
358
378
361
351
300
208
64
-191
-596
-1214
-1918
-2614
-3251
-3860
-4485
-5060
-5483
-5637
-5603
-5457
-5183
-4734
-4151
-3567
-2947
-2298
-1646
-1080
-625
-230
89
347
511
630
713
811
984
1210
1482
1731
2013
2372
2767
3127
3390
3594
3703
3702
3556
3295
2941
2480
1933
1310
707
156
-335
-768
-1126
-1394
-1625
-1810
-1936
-1954
-1904
-1847
-1786
-1731
-1633
-1486
-1287
-1108
-932
-683
-401
-156
97
441
779
1068
1353
1645
1899
2086
2239
2329
2384
2416
2404
2352
2261
2154
2045
1933
1780
1621
1494
1371
1217
1078
987
875
730
593
496
440
396
349
320
322
335
305
248
144
-59
-334
-738
-1303
-1978
-2618
-3210
-3820
-4403
-4941
-5349
-5553
-5517
-5369
-5138
-4748
-4227
-3639
-3036
-2377
-1727
-1133
-624
-220
133
416
651
803
916
1023
1159
1367
1582
1817
2069
2383
2714
3015
3264
3417
3495
3466
3340
3087
2728
2303
1792
1217
615
81
-409
-855
-1230
-1519
-1743
-1908
-1985
-2011
-1978
-1893
-1766
-1624
-1437
-1209
-982
-730
-458
-193
73
369
660
937
1223
1514
1743
1942
2140
2269
2337
2370
2379
2329
2266
2198
2094
1986
1875
1752
1607
1479
1351
1212
1092
974
849
728
641
542
479
469
467
430
396
402
374
341
286
154
-78
-382
-805
-1417
-2095
-2727
-3332
-3955
-4536
-5030
-5394
-5560
-5526
-5362
-5093
-4675
-4147
-3574
-2963
-2329
-1714
-1150
-663
-279
39
315
524
675
808
944
1119
1352
1608
1841
2111
2455
2792
3069
3283
3425
3455
3393
3242
2968
2597
2159
1651
1077
500
-13
-470
-872
-1202
-1440
-1631
-1795
-1904
-1936
-1911
-1867
-1767
-1674
-1583
-1424
-1195
-979
-784
-478
-154
121
410
783
1119
1366
1652
1923
2128
2273
2415
2473
2450
2424
2378
2296
2166
2047
1926
1820
1693
1553
1454
1359
1233
1090
1010
919
764
651
597
542
490
489
475
434
416
386
296
164
3
-285
-741
-1311
-1954
-2574
-3147
-3728
-4350
-4871
-5185
-5351
-5386
-5253
-4957
-4560
-4064
-3485
-2867
-2251
-1660
-1113
-638
-247
62
323
525
635
701
820
1020
1235
1444
1684
1956
2254
2563
2847
3056
3186
3251
3207
3030
2749
2400
1962
1431
870
327
-167
-606
-987
-1298
-1527
-1735
-1901
-1970
-1947
-1895
-1804
-1674
-1587
-1458
-1245
-1018
-861
-634
-328
-88
153
478
842
1109
1395
1691
1923
2126
2313
2450
2480
2515
2504
2440
2329
2168
2017
1883
1777
1612
1482
1394
1266
1117
1031
997
900
812
773
733
690
692
714
656
599
569
504
373
204
19
-320
-812
-1429
-2085
-2705
-3280
-3834
-4428
-4931
-5268
-5408
-5397
-5260
-4963
-4567
-4057
-3507
-2901
-2272
-1672
-1128
-664
-246
67
353
602
765
883
1050
1297
1512
1740
1988
2258
2555
2864
3145
3293
3372
3381
3286
3069
2755
2380
1904
1361
785
238
-257
-695
-1080
-1400
-1634
-1835
-1977
-2031
-2017
-1975
-1897
-1780
-1672
-1544
-1347
-1125
-940
-709
-406
-125
118
430
782
1087
1367
1658
1915
2096
2253
2369
2425
2420
2373
2298
2183
2038
1867
1739
1605
1442
1298
1209
1113
971
888
839
767
685
651
632
584
599
629
640
601
571
522
422
307
103
-197
-645
-1195
-1852
-2506
-3091
-3673
-4227
-4731
-5084
-5311
-5341
-5208
-4977
-4615
-4145
-3581
-3017
-2412
-1830
-1312
-847
-454
-115
150
416
619
789
992
1226
1480
1739
2047
2338
2639
2952
3231
3417
3495
3508
3405
3209
2905
2505
2022
1489
936
374
-120
-551
-926
-1242
-1501
-1720
-1852
-1878
-1855
-1837
-1772
-1664
-1565
-1432
-1291
-1119
-931
-678
-442
-201
111
434
733
1029
1389
1662
1903
2135
2298
2390
2455
2511
2415
2296
2173
2023
1838
1667
1523
1345
1233
1111
995
917
882
820
737
734
707
674
667
693
681
660
674
619
519
403
254
-3
-328
-719
-1250
-1875
-2497
-3070
-3651
-4190
-4637
-4990
-5211
-5254
-5156
-4962
-4637
-4204
-3724
-3217
-2648
-2088
-1574
-1095
-666
-290
47
354
592
813
1053
1293
1559
1862
2152
2400
2680
2964
3177
3328
3417
3394
3243
3032
2731
2326
1866
1373
842
308
-161
-590
-972
-1284
-1550
-1776
-1902
-1952
-1973
-1948
-1860
-1760
-1661
-1476
-1273
-1087
-849
-535
-276
-22
349
706
962
1240
1611
1875
2059
2269
2428
2460
2462
2500
2428
2299
2181
2040
1856
1695
1567
1408
1294
1186
1056
961
915
842
737
748
750
704
681
736
738
672
682
639
523
370
233
5
-343
-766
-1318
-1947
-2601
-3200
-3782
-4316
-4775
-5142
-5343
-5387
-5301
-5110
-4765
-4321
-3841
-3296
-2702
-2125
-1607
-1116
-686
-329
11
320
576
806
1066
1337
1611
1926
2235
2516
2805
3103
3331
3476
3562
3534
3382
3142
2824
2396
1896
1370
809
257
-247
-687
-1054
-1358
-1621
-1857
-1982
-2020
-2036
-2002
-1920
-1830
-1744
-1541
-1315
-1122
-877
-553
-265
-7
386
770
1076
1381
1742
2021
2208
2422
2542
2574
2567
2564
2462
2305
2164
1958
1769
1602
1462
1297
1202
1123
976
894
850
789
694
698
715
666
682
718
734
704
727
700
591
502
369
160
-144
-517
-1059
-1704
-2328
-2959
-3576
-4144
-4615
-5037
-5310
-5366
-5319
-5155
-4841
-4388
-3912
-3378
-2769
-2201
-1671
-1181
-730
-351
-2
316
556
794
1030
1282
1570
1902
2208
2472
2781
3071
3301
3467
3581
3570
3422
3208
2884
2465
1978
1453
876
296
-202
-653
-1044
-1366
-1603
-1780
-1905
-1956
-1965
-1929
-1862
-1768
-1669
-1548
-1372
-1174
-972
-756
-476
-170
130
457
810
1158
1467
1768
2031
2232
2375
2447
2464
2407
2315
2177
2013
1823
1603
1406
1221
1049
881
777
716
647
591
559
557
536
547
567
589
612
639
675
686
685
654
619
552
442
259
6
-378
-894
-1447
-2010
-2576
-3147
-3656
-4142
-4558
-4818
-4886
-4825
-4691
-4418
-4040
-3591
-3127
-2610
-2082
-1595
-1151
-745
-345
-8
294
558
803
1042
1289
1585
1872
2156
2421
2693
2948
3149
3297
3344
3296
3144
2927
2624
2236
1793
1297
782
276
-170
-571
-926
-1220
-1464
-1630
-1726
-1816
-1880
-1871
-1792
-1745
-1676
-1556
-1451
-1304
-1075
-801
-589
-280
102
412
701
1076
1474
1690
1901
2114
2247
2276
2279
2243
2078
1932
1778
1600
1394
1217
1060
894
779
647
573
539
500
423
390
435
411
377
399
466
492
521
607
648
650
653
662
616
510
384
178
-172
-655
-1178
-1703
-2276
-2849
-3366
-3824
-4229
-4496
-4564
-4532
-4428
-4201
-3824
-3398
-2957
-2443
-1915
-1432
-1024
-634
-280
11
275
518
750
960
1219
1497
1758
2014
2277
2555
2793
3009
3155
3217
3187
3067
2870
2562
2191
1750
1273
766
270
-171
-573
-916
-1215
-1421
-1581
-1695
-1757
-1775
-1766
-1740
-1656
-1579
-1496
-1377
-1207
-1033
-848
-597
-313
-21
283
621
950
1257
1536
1766
1951
2073
2144
2134
2072
1963
1810
1638
1450
1257
1063
909
761
611
499
436
385
318
287
265
229
206
218
240
247
298
379
454
537
625
703
737
763
756
685
561
341
19
-425
-920
-1446
-1997
-2536
-3068
-3538
-3917
-4148
-4270
-4269
-4139
-3906
-3571
-3185
-2735
-2275
-1808
-1375
-997
-645
-330
-37
200
431
647
854
1104
1377
1662
1917
2196
2472
2717
2918
3061
3135
3097
2978
2757
2461
2098
1677
1223
740
274
-168
-545
-865
-1120
-1312
-1459
-1572
-1656
-1672
-1663
-1641
-1608
-1561
-1502
-1406
-1264
-1116
-936
-703
-422
-145
169
521
852
1154
1436
1700
1885
2019
2084
2064
1979
1855
1708
1519
1332
1142
962
805
663
529
405
329
258
206
182
179
154
115
99
90
89
110
176
241
312
397
496
586
656
727
754
738
663
531
306
-58
-529
-1061
-1591
-2125
-2647
-3134
-3548
-3836
-4002
-4030
-3958
-3768
-3482
-3124
-2710
-2269
-1809
-1392
-1014
-671
-353
-75
159
385
571
744
943
1195
1467
1733
2008
2278
2538
2760
2937
3025
3024
2935
2745
2478
2129
1738
1300
837
373
-61
-426
-747
-1006
-1202
-1358
-1473
-1533
-1533
-1526
-1506
-1475
-1440
-1378
-1287
-1174
-1070
-914
-713
-486
-218
85
413
720
1040
1332
1576
1776
1918
1988
1977
1936
1829
1680
1498
1301
1102
914
767
608
469
350
260
184
130
101
49
13
-16
-29
-44
-39
-29
-32
9
77
169
247
351
446
526
610
683
713
675
617
464
211
-138
-555
-1031
-1537
-2023
-2523
-2978
-3355
-3609
-3769
-3819
-3756
-3611
-3354
-3031
-2655
-2259
-1830
-1419
-1062
-723
-420
-150
76
300
505
714
959
1221
1484
1740
2017
2271
2514
2721
2859
2925
2904
2808
2604
2335
2003
1615
1192
761
353
-29
-363
-649
-891
-1114
-1304
-1433
-1506
-1543
-1555
-1539
-1521
-1473
-1359
-1216
-1078
-904
-667
-413
-148
166
492
787
1062
1326
1549
1724
1859
1929
1939
1913
1852
1744
1592
1416
1217
1037
873
704
545
425
304
170
74
2
-85
-180
-243
-279
-308
-307
-281
-242
-179
-86
18
122
228
331
429
506
565
597
607
580
510
417
289
118
-151
-513
-931
-1384
-1812
-2250
-2674
-3070
-3372
-3553
-3639
-3630
-3539
-3346
-3092
-2763
-2403
-2021
-1625
-1239
-866
-520
-185
116
382
619
847
1083
1329
1593
1831
2046
2240
2423
2572
2656
2679
2625
2522
2345
2111
1827
1493
1123
718
328
-37
-376
-737
-1063
-1291
-1442
-1561
-1619
-1603
-1581
-1478
-1283
-1077
-923
-685
-373
-138
78
382
683
864
1071
1309
1487
1604
1717
1781
1765
1773
1765
1688
1562
1425
1255
1072
906
691
479
293
82
-149
-301
-392
-521
-633
-658
-647
-642
-585
-475
-379
-247
-73
89
224
369
517
616
679
698
697
646
562
448
319
205
54
-106
-255
-379
-508
-632
-815
-1118
-1480
-1821
-2147
-2491
-2806
-3085
-3334
-3492
-3500
-3430
-3297
-3012
-2615
-2201
-1754
-1235
-705
-241
195
618
985
1275
1501
1665
1770
1848
1905
1947
1964
1941
1917
1928
1922
1868
1793
1693
1532
1312
1072
806
481
99
-315
-724
-1066
-1349
-1576
-1729
-1778
-1726
-1573
-1313
-1017
-670
-261
168
538
878
1225
1483
1639
1749
1819
1802
1740
1666
1570
1476
1416
1352
1247
1160
1097
1014
907
791
641
444
239
12
-234
-449
-632
-806
-948
-1018
-1032
-1007
-917
-763
-579
-358
-114
108
316
530
701
799
842
846
793
693
571
422
255
81
-79
-247
-392
-500
-590
-675
-767
-830
-891
-947
-1022
-1165
-1408
-1778
-2174
-2573
-2874
-3086
-3222
-3259
-3198
-2970
-2661
-2211
-1697
-1126
-562
-21
478
862
1194
1424
1563
1599
1573
1481
1338
1223
1130
1085
1078
1110
1138
1162
1224
1259
1256
1189
1055
839
558
256
-76
-403
-718
-991
-1186
-1280
-1274
-1165
-952
-655
-296
101
506
891
1219
1493
1689
1795
1819
1767
1668
1529
1382
1231
1087
951
842
780
746
736
721
687
625
536
419
260
71
-134
-340
-537
-699
-823
-907
-935
-897
-796
-643
-453
-254
-44
150
323
460
558
597
586
535
439
317
153
5
-153
-283
-393
-484
-548
-604
-623
-647
-652
-695
-738
-792
-863
-933
-1005
-1070
-1151
-1197
-1198
-1154
-1060
-958
-847
-776
-698
-628
-590
-539
-532
-517
-533
-525
-538
-544
-502
-465
-411
-352
-243
-156
-59
56
169
267
333
394
402
398
375
341
308
273
258
255
278
312
339
387
429
473
508
547
590
606
624
623
625
607
594
574
551
536
532
552
572
616
655
690
714
737
756
751
746
728
686
626
556
469
371
286
215
154
107
71
43
22
15
15
12
18
15
6
-6
-20
-41
-65
-85
-107
-134
-153
-164
-177
-188
-192
-196
-196
-195
-195
-209
-237
-269
-306
-338
-386
-421
-456
-481
-513
-542
-561
-580
-594
-622
-624
-646
-644
-639
-619
-620
-601
-565
-557
-545
-554
-531
-559
-554
-550
-556
-556
-531
-498
-509
-463
-408
-339
-287
-183
-74
-5
53
102
152
169
204
214
213
199
190
183
190
205
229
264
297
322
343
392
433
467
487
514
517
502
499
499
496
486
493
496
504
510
523
533
535
547
556
562
563
558
539
510
476
438
392
348
304
259
210
167
135
108
94
89
91
91
85
75
70
65
49
33
21
2
-24
-41
-48
-70
-95
-106
-112
-123
-132
-139
-155
-172
-189
-207
-230
-258
-286
-314
-347
-383
-410
-427
-440
-455
-455
-454
-449
-458
-458
-460
-475
-472
-473
-469
-473
-456
-445
-434
-415
-398
-378
-364
-331
-307
-280
-247
-214
-182
-156
-126
-115
-107
-102
-101
-112
-118
-120
-113
-97
-73
-47
-24
7
35
56
72
92
93
90
88
101
115
128
155
180
204
224
265
302
342
379
412
433
443
454
455
453
442
436
429
424
411
400
401
400
394
389
395
390
379
372
362
343
321
301
276
253
239
226
205
190
180
176
176
180
181
173
156
131
102
74
48
13
-31
-77
-118
-146
-161
-168
-177
-183
-191
-199
-206
-213
-225
-245
-274
-309
-337
-367
-387
-404
-412
-422
-425
-416
-413
-402
-383
-358
-350
-334
-317
-307
-306
-293
-288
-298
-304
-311
-318
-327
-311
-303
-288
-261
-230
-204
-174
-130
-108
-86
-66
-58
-64
-62
-59
-64
-62
-44
-28
-13
16
42
59
75
104
117
141
167
183
181
178
178
165
156
151
148
136
135
134
136
146
162
180
195
221
241
256
266
281
282
282
277
268
258
246
237
227
226
227
232
233
241
251
260
262
263
258
248
238
218
196
172
146
115
84
64
48
40
37
34
29
27
31
32
31
27
18
-1
-21
-39
-61
-77
-93
-105
-113
-116
-114
-110
-105
-99
-98
-96
-98
-100
-101
-106
-112
-123
-131
-140
-146
-146
-148
-146
-143
-136
-129
-119
-109
-102
-97
-92
-89
-89
-88
-87
-89
-89
-87
-85
-82
-75
-68
-62
-54
-44
-37
-30
-26
-21
-20
-18
-16
-16
-16
-13
-11
-8
-3
0
3
4
7
8
11
13
14
12
12
12
11
10
9
7
6
5
4
3
2
2
0
0
-1
-2
-4
-3
-5
-5
-6
-7
-8
-8
-8
-8
-8
-9
-10
-10
-11
-12
-13
-15
-15
-16
-15
-17
-16
-15
-13
-12
-9
-8
-5
-3
-2
0
0
0
0
0
-1
-1
-2
-2
-1
0
2
3
4
6
7
9
10
10
10
9
8
8
7
7
6
7
5
5
5
6
7
7
8
9
7
8
7
7
6
6
5
4
4
4
3
3
3
2
2
2
2
2
2
1
1
1
0
0
0
1
0
0
0
1
1
0
0
1
0
1
0
0
2
1
1
1
2
2
2
2
3
3
2
2
3
2
2
2
2
3
3
3
3
3
4
4
5
5
5
4
5
5
4
4
4
4
4
4
4
4
5
4
5
4
4
4
4
4
4
3
3
3
3
2
2
1
2
0
1
1
1
1
1
1
0
1
1
1
1
0
-1
0
-1
-1
-2
-1
-2
0
-1
0
-1
-1
-1
-1
-1
-1
-2
-2
-2
-1
-2
-2
-1
-2
-2
-1
-2
-2
-1
-1
-1
-1
-1
-1
-1
-1
-2
-1
-1
-1
-2
-1
0
0
0
-1
0
0
0
0
0
0
0
0
0
-1
1
0
0
1
0
0
0
1
1
0
1
1
1
1
0
1
1
1
0
0
1
0
1
0
0
1
0
2
1
1
1
0
1
1
1
1
0
1
1
0
1
1
0
1
1
1
0
0
0
1
0
0
1
1
1
0
1
1
0
-1
0
0
0
-1
0
1
1
0
1
0
0
0
0
0
1
0
-1
0
0
0
0
0
0
0
-1
0
-1
1
0
0
0
-1
0
0
-1
-1
-1
0
-1
1
0
1
2
2
2
2
1
2
2
2
3
3
2
2
1
1
0
1
1
2
1
3
3
1
1
2
2
2
2
2
2
1
2
1
2
2
2
2
2
2
2
1
2
2
2
1
1
1
1
1
1
1
1
0
0
0
0
0
0
0
0
0
-1
-1
0
0
1
0
1
0
1
1
0
0
-1
-1
-1
-1
-1
0
0
1
1
3
3
3
3
2
1
2
2
4
4
5
5
5
4
4
4
6
6
6
7
7
8
8
8
8
8
6
5
4
4
3
4
3
2
3
4
5
6
8
8
6
4
3
0
-3
-7
-12
-15
-16
-16
-15
-15
-17
-19
-24
-27
-27
-23
-18
-13
-8
-6
-9
-13
-14
-16
-18
-17
-18
-17
-17
-18
-19
-19
-18
-19
-18
-16
-16
-18
-21
-23
-24
-23
-18
-17
-17
-20
-23
-24
-21
-19
-16
-14
-13
-14
-17
-16
-16
-11
-5
-1
0
-2
-4
-2
1
7
12
15
17
14
10
6
2
0
-1
1
6
13
18
20
19
17
19
25
30
34
35
38
39
40
40
38
36
33
34
33
33
34
34
34
35
40
42
45
49
51
49
46
38
31
27
26
25
27
26
24
21
16
10
3
-1
-3
-2
1
2
6
8
7
3
0
-2
-3
-2
-1
-4
-9
-14
-18
-20
-21
-24
-24
-22
-18
-18
-19
-21
-25
-26
-28
-26
-26
-28
-34
-40
-44
-46
-44
-39
-33
-27
-24
-23
-25
-28
-28
-29
-30
-29
-26
-25
-25
-26
-28
-30
-30
-27
-23
-20
-19
-19
-22
-24
-22
-19
-15
-11
-8
-9
-11
-12
-10
-8
-4
-2
1
5
8
11
14
15
15
13
12
13
15
17
19
20
21
19
19
19
21
25
29
33
37
39
41
38
33
31
30
28
30
33
35
35
33
31
28
29
29
32
32
33
32
32
32
31
27
22
19
19
20
20
20
19
17
16
15
13
11
7
3
0
-3
-7
-9
-11
-11
-12
-14
-18
-23
-28
-34
-37
-40
-41
-41
-41
-40
-39
-38
-38
-40
-42
-44
-46
-45
-40
-34
-28
-24
-25
-28
-30
-33
-35
-34
-32
-28
-23
-19
-15
-10
-6
-2
0
0
0
-1
0
2
2
5
6
8
8
9
10
11
13
14
12
10
7
5
7
12
15
17
17
17
16
17
18
19
19
18
20
20
21
21
22
21
19
18
16
15
17
18
19
17
13
12
12
14
15
16
15
12
10
6
6
6
7
8
7
5
1
-4
-5
-5
-4
-1
-1
-2
-4
-6
-5
-6
-4
-3
-3
-4
-7
-9
-11
-13
-13
-15
-16
-17
-17
-15
-14
-14
-12
-11
-10
-9
-6
-2
1
2
0
-2
-3
-4
-1
-1
0
2
0
1
2
4
6
7
8
8
7
6
6
6
6
2
-1
-4
-4
-4
-5
-6
-7
-10
-11
-11
-10
-9
-8
-6
-6
-6
-7
-8
-3
-2
-1
-2
-4
-6
-5
-4
-4
-3
0
1
2
2
3
5
7
5
5
5
6
7
7
7
6
5
2
2
1
3
3
3
2
