0
0
0
0
1
0
0
0
0
0
-1
1
1
0
0
0
0
1
0
0
0
0
0
0
0
0
0
0
0
0
1
0
0
0
0
0
0
1
0
0
0
0
0
0
0
0
0
0
1
0
-1
0
0
0
0
-1
0
0
0
0
0
0
-1
0
0
-1
0
0
0
-1
1
0
0
0
0
-1
0
0
0
0
0
0
0
0
-1
0
-1
0
0
0
0
0
0
0
0
0
1
0
0
0
0
0
0
0
0
0
0
0
1
0
0
0
0
0
0
0
0
0
-1
0
0
1
0
0
0
0
0
0
0
1
0
0
0
0
0
0
-1
0
1
0
0
0
0
0
0
0
0
-1
0
0
0
0
0
0
0
0
1
0
-1
0
1
0
0
-1
0
0
0
0
-1
0
0
0
0
1
0
0
0
0
0
0
0
0
-1
0
0
0
0
0
0
0
0
0
1
0
0
0
0
0
1
0
0
1
0
1
-1
0
0
0
0
0
0
0
0
-1
0
-1
-1
0
0
0
0
0
0
0
0
0
0
-1
0
-1
0
0
0
0
0
0
-1
0
0
0
0
0
0
0
0
0
0
0
0
0
0
0
0
0
1
1
0
0
0
0
0
0
0
1
1
0
1
0
0
0
-1
0
-1
-1
0
-1
-1
-2
-2
-3
-2
-3
-3
-3
-3
-3
-3
-3
-3
-2
-1
0
0
0
0
0
0
1
1
1
0
2
1
1
0
1
1
0
0
0
0
-1
0
0
0
0
0
1
0
0
0
1
0
1
0
0
0
0
-1
-1
-1
-1
-2
-1
-2
-3
-2
-2
-2
-2
-2
-1
0
1
2
3
5
5
5
6
5
5
3
1
-1
-4
-6
-8
-11
-11
-14
-15
-15
-15
-16
-15
-16
-16
-16
-16
-17
-17
-18
-18
-16
-17
-14
-13
-11
-9
-8
-6
-4
-3
-3
-4
-5
-6
-7
-7
-8
-7
-6
-6
-4
-1
2
5
7
9
10
11
13
16
21
28
35
42
43
44
44
43
42
40
36
29
21
16
10
7
3
0
-3
-6
-9
-9
-10
-9
-10
-11
-12
-12
-11
-12
-12
-14
-16
-20
-24
-27
-30
-34
-39
-42
-45
-45
-41
-35
-30
-24
-19
-12
-4
5
12
17
22
24
27
31
35
37
39
39
40
39
35
30
24
15
6
-9
-27
-44
-59
-65
-65
-64
-57
-46
-29
-9
17
45
69
92
114
133
148
158
163
163
163
163
161
161
162
165
168
171
172
172
165
156
143
126
108
91
74
58
47
40
39
46
59
73
79
86
93
94
87
76
60
31
-6
-38
-69
-93
-110
-126
-149
-199
-274
-376
-487
-575
-627
-649
-664
-670
-668
-653
-603
-513
-394
-284
-196
-125
-61
13
91
167
222
250
266
273
282
301
319
330
325
311
290
261
229
195
153
102
41
-22
-86
-139
-176
-197
-211
-218
-210
-191
-154
-104
-43
15
63
103
133
142
134
115
89
49
13
1
8
29
64
120
177
227
274
312
335
334
311
259
184
109
39
-29
-83
-116
-131
-137
-122
-84
-37
10
60
105
138
153
155
143
123
103
83
64
56
61
75
91
113
140
163
181
195
208
210
199
171
139
100
51
12
-40
-108
-223
-385
-558
-708
-796
-840
-864
-875
-890
-887
-847
-743
-586
-440
-327
-254
-189
-101
10
138
236
298
335
361
398
442
488
519
522
506
473
433
387
332
265
183
96
-3
-105
-192
-257
-296
-323
-337
-333
-314
-273
-218
-148
-77
-17
34
63
82
100
98
72
39
50
88
137
205
284
365
418
469
521
547
547
508
434
332
221
116
-2
-97
-161
-206
-237
-236
-191
-133
-67
7
76
129
164
182
190
189
177
155
127
115
126
147
167
184
219
263
307
356
402
426
411
376
339
284
232
160
36
-169
-456
-777
-1092
-1319
-1424
-1476
-1499
-1506
-1465
-1368
-1212
-953
-675
-450
-295
-188
-68
61
215
354
429
476
502
539
584
641
713
753
773
776
751
704
623
519
379
206
28
-146
-306
-449
-552
-612
-648
-648
-609
-527
-423
-305
-173
-50
68
179
272
322
320
303
279
252
216
192
205
232
272
332
428
519
579
616
618
595
523
421
283
124
-16
-156
-277
-362
-401
-406
-399
-335
-231
-123
-11
100
208
280
319
326
293
257
209
157
116
101
123
147
181
225
275
332
383
433
467
471
445
391
342
292
234
179
106
-23
-239
-557
-921
-1266
-1500
-1617
-1699
-1749
-1777
-1756
-1663
-1483
-1177
-862
-607
-418
-274
-96
110
335
526
624
688
719
757
812
863
913
915
896
866
812
755
676
574
428
239
54
-140
-329
-495
-615
-698
-762
-781
-755
-681
-572
-434
-278
-151
-61
-8
27
68
106
140
189
257
347
438
538
667
789
912
1005
1055
1060
992
872
699
508
317
102
-105
-292
-436
-525
-568
-546
-486
-397
-283
-165
-43
74
165
223
250
267
270
252
233
229
240
274
331
407
504
595
680
752
810
857
854
801
701
547
344
100
-168
-482
-894
-1386
-1850
-2188
-2370
-2461
-2479
-2411
-2290
-2108
-1872
-1545
-1156
-799
-501
-270
-56
175
398
599
733
827
900
963
1049
1133
1207
1265
1297
1295
1238
1144
1017
840
607
339
62
-219
-494
-736
-924
-1047
-1119
-1130
-1083
-976
-811
-610
-409
-264
-187
-130
-43
80
189
286
388
483
591
733
909
1083
1214
1316
1374
1380
1342
1239
1071
853
607
338
53
-200
-401
-557
-655
-689
-661
-596
-495
-352
-187
-19
127
230
304
355
401
438
454
467
488
525
569
633
728
813
887
955
1011
1042
1018
947
835
667
455
190
-124
-518
-1049
-1707
-2376
-2859
-3133
-3327
-3455
-3482
-3378
-3173
-2875
-2421
-1887
-1378
-944
-595
-257
92
449
769
978
1107
1197
1285
1404
1519
1625
1721
1801
1843
1812
1734
1622
1449
1183
833
453
59
-361
-765
-1089
-1335
-1517
-1622
-1641
-1564
-1405
-1176
-929
-751
-614
-456
-249
-28
163
365
539
693
884
1110
1375
1609
1802
1943
2024
2060
2018
1889
1679
1412
1105
742
362
10
-302
-558
-736
-821
-841
-816
-735
-583
-384
-173
34
221
376
501
602
661
691
730
791
864
956
1087
1225
1332
1417
1483
1514
1489
1420
1326
1180
976
678
272
-277
-1100
-2180
-3292
-4118
-4599
-4988
-5305
-5455
-5381
-5089
-4666
-4002
-3186
-2406
-1727
-1182
-631
-68
461
932
1211
1383
1510
1630
1812
1967
2122
2299
2483
2651
2715
2720
2689
2545
2242
1788
1262
683
30
-628
-1195
-1662
-2032
-2295
-2438
-2432
-2282
-2006
-1683
-1425
-1200
-943
-646
-350
-76
200
483
754
1056
1424
1809
2164
2438
2682
2889
3004
3029
2910
2666
2348
1945
1487
974
470
14
-414
-732
-932
-1033
-1048
-993
-827
-590
-324
-31
239
483
680
804
873
897
926
987
1072
1193
1361
1551
1718
1858
1974
2058
2054
1969
1829
1600
1261
769
99
-832
-2122
-3565
-4815
-5671
-6261
-6789
-7138
-7194
-6925
-6405
-5676
-4709
-3711
-2820
-2074
-1403
-702
-38
542
960
1215
1417
1600
1851
2143
2402
2693
3020
3362
3610
3725
3774
3705
3449
2979
2366
1671
863
-9
-827
-1535
-2120
-2570
-2869
-2983
-2897
-2632
-2303
-2068
-1914
-1678
-1303
-907
-585
-259
92
445
842
1312
1856
2371
2818
3194
3515
3772
3879
3798
3562
3242
2842
2295
1651
1016
454
-30
-437
-707
-866
-949
-954
-851
-620
-337
-65
167
352
514
655
733
740
754
834
972
1132
1353
1638
1901
2144
2361
2518
2571
2477
2289
2018
1619
1086
337
-728
-2174
-3836
-5314
-6383
-7138
-7762
-8203
-8327
-8057
-7475
-6666
-5639
-4573
-3596
-2780
-2072
-1338
-662
-76
379
687
972
1250
1602
2030
2429
2886
3407
3931
4349
4572
4679
4643
4391
3935
3297
2527
1624
628
-323
-1158
-1855
-2396
-2792
-2996
-2972
-2787
-2538
-2381
-2275
-2071
-1773
-1450
-1176
-924
-610
-257
191
756
1377
2056
2679
3254
3817
4277
4571
4611
4442
4159
3710
3110
2402
1680
1047
453
-37
-385
-648
-791
-835
-724
-461
-167
110
303
443
574
628
610
525
444
453
526
706
970
1274
1649
2034
2417
2723
2845
2837
2671
2401
2028
1438
668
-372
-1773
-3479
-5212
-6485
-7279
-7923
-8452
-8712
-8535
-7994
-7272
-6314
-5249
-4289
-3457
-2778
-2122
-1479
-925
-413
-38
265
653
1108
1670
2242
2792
3442
4111
4723
5128
5280
5323
5172
4773
4168
3388
2515
1519
494
-374
-1099
-1679
-2118
-2433
-2558
-2526
-2400
-2290
-2306
-2282
-2133
-1983
-1915
-1853
-1660
-1371
-1012
-478
235
1042
1825
2569
3322
4005
4515
4789
4818
4673
4349
3822
3106
2316
1604
963
403
9
-204
-299
-343
-289
-88
169
378
500
567
599
552
411
197
-28
-150
-161
-70
161
511
944
1402
1851
2288
2608
2775
2798
2664
2411
1958
1267
340
-980
-2666
-4416
-5835
-6764
-7482
-8076
-8371
-8300
-7834
-7164
-6336
-5357
-4481
-3714
-3034
-2417
-1782
-1276
-874
-558
-343
0
477
1079
1761
2402
3133
3921
4633
5198
5503
5638
5608
5292
4781
4087
3244
2293
1246
307
-472
-1138
-1640
-2026
-2256
-2305
-2314
-2352
-2469
-2560
-2511
-2487
-2488
-2413
-2270
-2042
-1730
-1230
-487
333
1182
2033
2863
3647
4223
4583
4725
4630
4380
3911
3271
2614
1956
1345
815
428
238
121
84
148
291
499
628
664
651
550
391
151
-143
-383
-550
-616
-554
-339
40
482
999
1576
2113
2583
2871
2977
2932
2697
2293
1681
845
-303
-1896
-3711
-5284
-6303
-6955
-7582
-8039
-8126
-7810
-7209
-6460
-5527
-4605
-3845
-3204
-2660
-2114
-1626
-1250
-933
-722
-430
51
670
1402
2097
2823
3672
4504
5207
5648
5861
5936
5749
5314
4688
3881
2948
1886
861
30
-681
-1244
-1685
-2013
-2153
-2230
-2369
-2588
-2786
-2821
-2858
-2990
-2993
-2866
-2657
-2317
-1834
-1094
-210
665
1576
2455
3305
4018
4434
4646
4612
4390
4028
3406
2771
2224
1661
1188
833
669
626
573
631
753
892
994
912
773
589
304
-6
-376
-692
-860
-946
-897
-704
-335
205
725
1282
1875
2363
2719
2854
2802
2639
2281
1770
1043
-139
-1786
-3631
-5112
-5985
-6637
-7303
-7809
-7931
-7593
-7016
-6264
-5277
-4374
-3664
-3074
-2561
-2001
-1542
-1227
-969
-821
-557
-90
502
1190
1810
2520
3432
4314
5069
5566
5839
5982
5824
5431
4868
4089
3162
2082
1046
225
-490
-1071
-1529
-1890
-2057
-2171
-2331
-2525
-2752
-2876
-2969
-3092
-3077
-2989
-2828
-2486
-2003
-1273
-419
401
1288
2159
2982
3707
4169
4433
4458
4256
3939
3411
2846
2357
1839
1442
1160
1003
972
905
931
1043
1115
1168
1068
858
626
277
-88
-477
-873
-1098
-1187
-1108
-848
-509
8
632
1273
1947
2473
2834
3028
3006
2866
2503
1888
958
-539
-2394
-4182
-5485
-6253
-6973
-7697
-8098
-8031
-7497
-6749
-5868
-4896
-4095
-3436
-2856
-2331
-1813
-1447
-1230
-1091
-991
-690
-161
467
1141
1821
2679
3718
4678
5423
5898
6174
6277
6076
5620
4950
4043
2985
1848
814
10
-675
-1241
-1667
-1941
-2006
-2030
-2158
-2369
-2594
-2738
-2893
-3078
-3137
-3111
-3003
-2734
-2254
-1495
-607
247
1173
2157
3128
3944
4470
4752
4771
4564
4193
3622
3003
2425
1834
1356
1054
919
894
862
907
1047
1189
1266
1185
997
735
363
-55
-488
-909
-1224
-1392
-1388
-1174
-784
-251
372
1022
1657
2213
2615
2838
2875
2739
2397
1774
860
-454
-2160
-3910
-5306
-6201
-6874
-7554
-8000
-7992
-7544
-6818
-5987
-5054
-4184
-3504
-2913
-2402
-1941
-1595
-1426
-1317
-1227
-1004
-525
110
826
1571
2407
3424
4426
5235
5793
6092
6214
6086
5665
5049
4210
3198
2114
1067
219
-462
-1032
-1450
-1752
-1974
-2167
-2357
-2493
-2628
-2791
-2897
-2953
-2964
-2880
-2662
-2279
-1714
-1005
-176
716
1580
2427
3215
3883
4351
4555
4571
4374
3976
3523
3018
2503
2058
1700
1472
1344
1289
1317
1348
1389
1424
1369
1228
952
592
212
-231
-645
-967
-1207
-1304
-1242
-953
-484
43
638
1234
1760
2157
2384
2500
2466
2248
1883
1293
382
-975
-2687
-4305
-5482
-6254
-6942
-7639
-8063
-8023
-7564
-6902
-6147
-5303
-4554
-3961
-3405
-2833
-2288
-1883
-1613
-1412
-1237
-904
-340
341
1042
1739
2588
3611
4557
5288
5795
6097
6204
6049
5659
5068
4261
3296
2274
1315
526
-131
-700
-1170
-1537
-1835
-2110
-2358
-2512
-2644
-2846
-3043
-3149
-3129
-2981
-2742
-2361
-1751
-999
-159
725
1609
2517
3316
3952
4399
4598
4630
4433
4038
3614
3157
2711
2298
1937
1759
1686
1643
1658
1656
1668
1629
1479
1275
955
562
141
-347
-765
-1095
-1331
-1394
-1330
-1052
-568
-25
586
1197
1745
2195
2438
2559
2542
2306
1890
1244
293
-1054
-2750
-4376
-5586
-6436
-7160
-7868
-8304
-8267
-7835
-7170
-6395
-5565
-4782
-4125
-3540
-2972
-2468
-2095
-1837
-1628
-1397
-1024
-448
261
986
1726
2616
3666
4669
5449
5969
6274
6384
6242
5849
5230
4401
3412
2359
1390
582
-89
-648
-1105
-1440
-1687
-1944
-2215
-2443
-2612
-2783
-2991
-3152
-3210
-3157
-2954
-2599
-2020
-1214
-322
601
1540
2476
3363
4082
4547
4755
4761
4584
4208
3715
3226
2756
2324
1998
1822
1794
1811
1829
1869
1914
1904
1782
1540
1191
755
249
-287
-803
-1223
-1499
-1605
-1512
-1210
-721
-103
547
1181
1793
2260
2523
2590
2445
2181
1821
1268
428
-845
-2469
-4115
-5455
-6334
-7032
-7744
-8251
-8389
-8088
-7478
-6805
-6051
-5306
-4701
-4138
-3591
-3039
-2575
-2288
-2016
-1712
-1300
-656
99
883
1689
2558
3609
4673
5517
6110
6430
6554
6475
6136
5604
4858
3926
2930
1947
1109
427
-187
-702
-1118
-1437
-1709
-2053
-2401
-2652
-2879
-3132
-3383
-3533
-3521
-3379
-3060
-2508
-1734
-798
172
1158
2199
3210
4049
4654
4984
5093
5014
4719
4260
3736
3249
2801
2396
2157
2080
2055
2055
2075
2123
2144
2034
1780
1411
972
463
-135
-712
-1189
-1541
-1708
-1676
-1460
-1044
-485
127
729
1298
1820
2215
2429
2453
2290
1952
1386
519
-690
-2199
-3828
-5311
-6416
-7223
-7927
-8472
-8648
-8371
-7778
-7065
-6294
-5505
-4791
-4172
-3613
-3079
-2618
-2309
-2055
-1767
-1410
-901
-224
566
1399
2276
3282
4355
5305
6021
6483
6723
6738
6460
5924
5177
4268
3265
2244
1326
544
-142
-720
-1189
-1615
-2032
-2413
-2690
-2894
-3122
-3332
-3438
-3455
-3379
-3168
-2775
-2200
-1482
-667
247
1211
2147
3026
3798
4401
4756
4891
4840
4577
4216
3876
3505
3117
2814
2610
2462
2354
2308
2288
2242
2146
1946
1651
1267
764
203
-336
-828
-1188
-1377
-1438
-1394
-1208
-822
-321
230
829
1350
1711
1923
2041
2085
2000
1728
1202
285
-1090
-2752
-4342
-5539
-6425
-7272
-8094
-8617
-8623
-8180
-7523
-6787
-5980
-5180
-4470
-3826
-3182
-2586
-2154
-1853
-1574
-1299
-939
-421
197
832
1522
2406
3465
4473
5258
5816
6210
6449
6450
6171
5638
4863
3913
2911
1961
1118
346
-360
-1013
-1622
-2138
-2499
-2710
-2903
-3137
-3324
-3349
-3259
-3145
-2965
-2623
-2114
-1494
-792
-10
827
1624
2390
3139
3757
4181
4390
4412
4301
4112
3900
3615
3265
2977
2768
2605
2484
2381
2286
2155
1958
1732
1457
1071
584
85
-352
-721
-1002
-1159
-1214
-1211
-1079
-779
-388
88
623
1152
1621
1963
2177
2236
2142
1921
1470
692
-497
-2065
-3693
-5044
-6031
-6836
-7627
-8242
-8452
-8184
-7570
-6837
-5999
-5100
-4329
-3683
-3062
-2456
-1978
-1682
-1461
-1252
-989
-568
-16
584
1215
1963
2915
3948
4829
5483
5958
6270
6356
6176
5746
5073
4189
3197
2194
1275
480
-217
-879
-1534
-2128
-2549
-2756
-2893
-3061
-3224
-3259
-3159
-3007
-2816
-2535
-2127
-1626
-1022
-302
493
1262
1955
2641
3293
3793
4083
4173
4111
3981
3847
3663
3412
3155
2941
2730
2535
2396
2266
2099
1850
1542
1235
861
410
-38
-390
-615
-809
-970
-1076
-1159
-1127
-952
-690
-324
120
552
949
1265
1531
1734
1797
1806
1692
1335
528
-822
-2370
-3759
-4828
-5687
-6577
-7437
-7957
-7990
-7589
-6977
-6256
-5415
-4594
-3834
-3086
-2367
-1734
-1316
-1086
-938
-802
-548
-160
250
651
1173
1922
2842
3719
4430
5019
5484
5800
5902
5759
5369
4706
3839
2889
1958
1119
355
-371
-1030
-1594
-2078
-2458
-2697
-2803
-2842
-2896
-2915
-2854
-2700
-2471
-2216
-1871
-1407
-858
-242
432
1110
1791
2448
2997
3423
3718
3880
3863
3709
3558
3403
3218
3022
2813
2613
2436
2256
2070
1885
1652
1354
1005
650
330
47
-184
-406
-643
-833
-967
-1044
-1012
-855
-568
-191
225
637
985
1310
1612
1824
1940
1898
1636
1053
-8
-1446
-2941
-4172
-5100
-5988
-6886
-7546
-7762
-7510
-6966
-6277
-5468
-4638
-3873
-3173
-2508
-1895
-1423
-1131
-957
-856
-731
-471
-125
244
677
1281
2103
3001
3805
4476
5025
5456
5701
5685
5428
4928
4196
3315
2379
1494
689
-68
-778
-1439
-2023
-2436
-2634
-2735
-2848
-2947
-2901
-2735
-2543
-2341
-2086
-1740
-1348
-910
-382
231
807
1327
1894
2474
2950
3265
3455
3529
3531
3536
3490
3338
3152
2975
2770
2554
2370
2194
1956
1606
1201
834
542
258
-1
-172
-318
-502
-676
-785
-823
-764
-604
-394
-170
79
333
545
755
1005
1239
1389
1479
1479
1278
667
-393
-1672
-2897
-3898
-4791
-5719
-6599
-7197
-7345
-7089
-6632
-6037
-5285
-4494
-3753
-3040
-2301
-1631
-1177
-897
-715
-598
-426
-162
118
382
744
1330
2105
2875
3542
4151
4706
5153
5394
5418
5215
4737
4044
3230
2376
1561
784
15
-689
-1278
-1782
-2209
-2499
-2612
-2630
-2675
-2692
-2602
-2404
-2165
-1958
-1703
-1320
-862
-389
136
703
1301
1869
2369
2794
3117
3359
3458
3430
3402
3375
3276
3103
2913
2765
2629
2448
2225
1970
1671
1320
932
596
375
195
19
-141
-318
-504
-694
-853
-893
-813
-661
-477
-287
-41
237
497
759
980
1133
1225
1200
972
402
-576
-1776
-2953
-3945
-4810
-5675
-6452
-6951
-7084
-6862
-6395
-5791
-5076
-4340
-3632
-2926
-2217
-1583
-1129
-853
-677
-544
-380
-137
135
412
764
1284
1978
2723
3401
4014
4554
4966
5204
5240
5063
4640
3996
3235
2435
1644
879
135
-545
-1136
-1656
-2087
-2357
-2456
-2478
-2522
-2565
-2512
-2353
-2145
-1928
-1664
-1309
-892
-449
61
629
1194
1730
2219
2653
3007
3275
3421
3433
3406
3376
3287
3124
2951
2797
2639
2461
2246
1997
1698
1372
1074
863
712
524
285
19
-248
-467
-634
-761
-819
-761
-592
-367
-112
189
503
756
951
1078
1154
1174
1014
571
-237
-1388
-2627
-3706
-4564
-5350
-6156
-6811
-7111
-7017
-6643
-6121
-5489
-4752
-4025
-3357
-2690
-2049
-1521
-1184
-986
-817
-633
-391
-92
220
574
1065
1745
2536
3272
3889
4433
4891
5213
5332
5225
4905
4369
3654
2865
2087
1345
612
-118
-771
-1353
-1870
-2244
-2457
-2546
-2608
-2662
-2637
-2541
-2387
-2185
-1939
-1588
-1168
-719
-192
379
921
1460
1993
2457
2811
3096
3312
3380
3369
3375
3333
3226
3112
2987
2836
2664
2480
2281
2037
1733
1383
1027
699
385
110
-86
-255
-415
-495
-549
-601
-581
-454
-272
-73
182
439
628
768
896
971
961
856
583
-12
-1005
-2210
-3309
-4179
-4935
-5724
-6461
-6951
-7075
-6840
-6392
-5829
-5184
-4491
-3817
-3175
-2534
-1928
-1465
-1170
-935
-704
-442
-112
240
593
1007
1592
2333
3074
3714
4250
4722
5086
5269
5256
5046
4618
3983
3252
2507
1775
1050
332
-343
-950
-1462
-1895
-2222
-2432
-2571
-2674
-2709
-2638
-2526
-2383
-2203
-1935
-1552
-1106
-611
-60
538
1123
1691
2229
2679
3009
3244
3398
3438
3418
3362
3246
3087
2935
2810
2672
2515
2337
2119
1829
1496
1175
914
722
535
353
145
-113
-370
-560
-658
-661
-548
-347
-120
107
352
566
722
846
924
932
854
628
131
-755
-1949
-3144
-4118
-4918
-5693
-6456
-7025
-7247
-7124
-6725
-6141
-5458
-4720
-4000
-3322
-2671
-2076
-1587
-1246
-1037
-845
-592
-265
96
450
868
1430
2155
2947
3666
4270
4805
5250
5527
5586
5402
4990
4358
3568
2752
1969
1220
492
-208
-783
-1210
-1552
-1878
-2197
-2407
-2511
-2597
-2693
-2756
-2743
-2656
-2507
-2243
-1810
-1260
-666
-40
707
1543
2284
2870
3349
3716
3935
4014
3945
3760
3539
3321
3089
2869
2731
2616
2453
2274
2080
1851
1569
1246
971
805
665
433
114
-219
-544
-819
-943
-907
-779
-578
-351
-156
79
388
684
879
978
1021
975
724
79
-1016
-2323
-3517
-4488
-5323
-6154
-6958
-7474
-7523
-7214
-6708
-6035
-5229
-4441
-3732
-3025
-2305
-1673
-1224
-966
-830
-677
-444
-129
193
508
945
1588
2401
3201
3895
4519
5054
5448
5668
5675
5417
4892
4155
3302
2437
1620
844
55
-667
-1202
-1555
-1860
-2207
-2504
-2660
-2674
-2640
-2618
-2578
-2483
-2323
-2076
-1714
-1252
-726
-201
362
1042
1767
2400
2874
3240
3516
3677
3713
3620
3463
3296
3122
2926
2744
2575
2357
2105
1854
1619
1386
1104
784
517
347
209
13
-209
-406
-614
-759
-762
-648
-453
-233
-28
195
449
704
900
1016
1107
1130
994
573
-257
-1411
-2629
-3688
-4561
-5353
-6151
-6818
-7140
-7057
-6696
-6185
-5530
-4784
-4070
-3397
-2689
-1978
-1402
-1041
-836
-660
-465
-221
77
385
746
1239
1900
2657
3360
3966
4510
4969
5272
5382
5284
4956
4397
3671
2874
2063
1282
512
-246
-880
-1364
-1742
-2061
-2302
-2425
-2490
-2540
-2553
-2494
-2387
-2255
-2102
-1853
-1474
-1034
-549
-15
597
1252
1886
2445
2900
3261
3529
3669
3648
3551
3395
3149
2857
2585
2367
2159
1933
1724
1531
1328
1072
748
434
186
-11
-170
-303
-422
-535
-631
-689
-687
-588
-392
-180
26
259
487
674
833
970
1051
1062
959
615
-106
-1142
-2238
-3218
-4071
-4875
-5643
-6218
-6489
-6464
-6188
-5710
-5104
-4441
-3784
-3128
-2468
-1847
-1305
-925
-695
-515
-329
-102
148
410
719
1158
1741
2379
2983
3534
4042
4465
4753
4865
4770
4492
4014
3374
2673
1953
1222
481
-219
-791
-1223
-1542
-1809
-2061
-2251
-2358
-2409
-2446
-2463
-2427
-2336
-2182
-1941
-1597
-1156
-652
-115
496
1193
1864
2407
2852
3217
3462
3566
3546
3419
3199
2939
2675
2399
2163
1973
1785
1606
1446
1282
1082
834
578
374
230
80
-135
-377
-601
-815
-949
-929
-807
-634
-385
-79
251
570
864
1113
1277
1388
1443
1370
1075
435
-556
-1684
-2713
-3602
-4421
-5213
-5871
-6241
-6301
-6090
-5675
-5100
-4449
-3821
-3197
-2552
-1960
-1499
-1180
-981
-853
-707
-496
-247
3
307
741
1322
1997
2662
3260
3789
4248
4593
4776
4764
4528
4069
3436
2722
2001
1297
609
-67
-643
-1062
-1310
-1468
-1657
-1885
-2074
-2123
-2105
-2118
-2165
-2181
-2115
-1953
-1692
-1341
-877
-372
190
865
1591
2257
2768
3155
3451
3630
3659
3516
3217
2865
2560
2285
2051
1842
1642
1461
1308
1218
1156
1027
763
429
143
-54
-234
-439
-644
-857
-1031
-1100
-1052
-878
-623
-325
-12
278
562
828
1017
1128
1202
1248
1223
1009
461
-413
-1456
-2431
-3232
-3963
-4685
-5329
-5749
-5882
-5774
-5447
-4937
-4377
-3846
-3304
-2730
-2166
-1672
-1297
-1047
-896
-748
-539
-291
-33
275
705
1268
1897
2508
3069
3562
3969
4286
4474
4490
4301
3916
3383
2767
2142
1525
887
249
-305
-728
-1026
-1243
-1426
-1586
-1716
-1823
-1924
-2018
-2075
-2078
-2029
-1905
-1679
-1338
-888
-380
171
818
1526
2159
2669
3090
3389
3506
3488
3373
3148
2848
2551
2266
1996
1783
1606
1443
1318
1236
1140
1000
800
532
264
10
-259
-526
-756
-977
-1201
-1328
-1285
-1131
-883
-535
-153
213
549
841
1047
1160
1204
1191
1108
922
504
-238
-1184
-2129
-2934
-3634
-4321
-4951
-5384
-5568
-5543
-5330
-4921
-4409
-3928
-3456
-2949
-2455
-2017
-1646
-1362
-1169
-1003
-784
-518
-251
45
426
929
1531
2149
2732
3264
3699
4027
4245
4312
4191
3888
3439
2887
2294
1712
1133
543
8
-415
-733
-984
-1214
-1428
-1585
-1671
-1735
-1828
-1929
-1969
-1931
-1816
-1642
-1371
-985
-540
-43
564
1243
1867
2392
2836
3193
3415
3484
3404
3209
2967
2717
2464
2223
2008
1805
1630
1493
1391
1306
1172
957
694
437
183
-107
-383
-617
-822
-997
-1108
-1128
-1066
-923
-699
-402
-77
236
509
712
859
975
1040
999
883
760
564
128
-619
-1510
-2315
-2981
-3612
-4251
-4810
-5182
-5340
-5341
-5198
-4902
-4513
-4093
-3668
-3219
-2741
-2294
-1924
-1617
-1339
-1046
-711
-361
-8
364
811
1360
1931
2455
2935
3375
3745
4008
4150
4166
4031
3726
3293
2795
2268
1725
1160
599
91
-376
-820
-1233
-1575
-1822
-2015
-2158
-2235
-2236
-2170
-2034
-1830
-1529
-1128
-693
-220
278
810
1347
1839
2265
2622
2893
3069
3143
3122
3069
2963
2821
2685
2564
2440
2277
2093
1916
1744
1542
1280
945
575
211
-137
-431
-662
-836
-952
-1022
-1040
-984
-847
-647
-415
-151
127
366
552
712
833
896
882
791
653
485
325
190
-18
-444
-1141
-1955
-2692
-3318
-3945
-4589
-5164
-5611
-5895
-6057
-6030
-5754
-5340
-4884
-4387
-3779
-3101
-2450
-1839
-1231
-638
-97
414
879
1309
1716
2132
2580
2978
3295
3579
3840
4042
4157
4196
4141
3941
3579
3137
2636
2081
1493
846
167
-516
-1159
-1745
-2258
-2644
-2890
-2988
-2960
-2763
-2441
-2023
-1515
-940
-283
377
1008
1594
2139
2612
2968
3208
3352
3429
3435
3405
3321
3184
3033
2855
2668
2473
2281
2056
1785
1483
1170
821
428
10
-426
-840
-1216
-1533
-1749
-1857
-1857
-1754
-1532
-1195
-788
-341
91
488
831
1107
1301
1411
1456
1414
1277
1055
787
466
173
-117
-337
-504
-795
-1367
-2233
-3123
-3902
-4592
-5314
-5979
-6520
-6900
-7127
-7197
-6943
-6406
-5768
-5127
-4384
-3498
-2566
-1641
-727
163
939
1600
2159
2589
2944
3267
3581
3864
4037
4146
4255
4347
4364
4318
4229
4022
3655
3169
2660
2080
1430
712
-68
-833
-1556
-2263
-2944
-3478
-3740
-3740
-3545
-3157
-2576
-1834
-1005
-107
838
1822
2720
3424
3965
4361
4579
4559
4388
4140
3825
3469
3120
2797
2536
2369
2237
2108
1994
1868
1653
1340
959
499
-38
-640
-1261
-1823
-2269
-2624
-2872
-2921
-2752
-2434
-1980
-1382
-716
-72
524
1076
1532
1875
2054
2056
1899
1639
1281
849
408
-11
-381
-678
-896
-1033
-1034
-1088
-1434
-2162
-2996
-3832
-4648
-5516
-6361
-7045
-7661
-8075
-8341
-8210
-7658
-6862
-5962
-4944
-3699
-2409
-1131
90
1219
2193
2917
3452
3760
3931
4038
4059
4045
3975
3896
3862
3906
3946
3989
4067
4018
3801
3417
2989
2492
1789
959
-20
-1020
-1992
-2863
-3641
-4249
-4516
-4480
-4124
-3513
-2648
-1571
-442
738
1899
3001
3975
4656
5055
5244
5221
4899
4425
3915
3420
2962
2588
2353
2188
2126
2135
2137
2123
2092
1924
1569
1132
588
-39
-707
-1404
-2036
-2518
-2812
-2961
-2904
-2569
-2079
-1484
-755
63
824
1480
2057
2468
2738
2823
2719
2429
2027
1553
1017
490
-20
-470
-862
-1136
-1328
-1428
-1372
-1361
-1563
-2174
-3068
-4126
-5232
-6220
-7212
-7961
-8584
-8993
-9188
-9069
-8382
-7379
-6183
-4969
-3635
-2225
-877
385
1472
2390
2976
3233
3306
3227
3088
2895
2771
2701
2644
2664
2770
2927
3069
3277
3404
3352
3111
2724
2288
1688
928
52
-948
-1999
-3051
-3784
-4112
-4113
-3778
-3195
-2255
-1210
-13
1235
2472
3713
4709
5463
5875
6073
5984
5630
5125
4528
3925
3333
2838
2480
2315
2294
2310
2350
2395
2397
2255
2009
1649
1162
587
-94
-801
-1455
-2011
-2460
-2775
-2829
-2663
-2332
-1829
-1195
-486
197
837
1354
1763
2052
2150
2087
1857
1532
1113
606
87
-398
-816
-1177
-1511
-1769
-1914
-1988
-2052
-2066
-1993
-2039
-2315
-2932
-3744
-4639
-5519
-6309
-6978
-7449
-7752
-7857
-7748
-7277
-6436
-5342
-4168
-2994
-1806
-629
426
1343
2095
2661
2955
3040
2980
2810
2612
2416
2320
2248
2245
2320
2432
2566
2686
2831
2878
2760
2486
2099
1606
930
119
-769
-1622
-2353
-2879
-3129
-3121
-2884
-2433
-1741
-839
203
1325
2408
3383
4194
4793
5132
5216
5116
4843
4444
3954
3438
2961
2561
2285
2118
2059
2056
2056
2040
2003
1908
1691
1353
907
388
-158
-705
-1223
-1674
-2005
-2205
-2273
-2180
-1951
-1613
-1179
-693
-185
286
699
1024
1245
1374
1373
1250
1019
730
417
90
-215
-535
-843
-1144
-1381
-1572
-1722
-1810
-1903
-1935
-1957
-1939
-1945
-1962
-2032
-2261
-2703
-3300
-3922
-4466
-4859
-5129
-5240
-5255
-5143
-4937
-4499
-3826
-3006
-2175
-1419
-636
57
691
1158
1511
1773
1873
1863
1754
1650
1536
1457
1448
1486
1549
1607
1688
1796
1927
2062
2096
1978
1686
1271
744
141
-425
-945
-1316
-1560
-1632
-1504
-1202
-721
-118
656
1479
2225
2856
3393
3821
4041
4094
3991
3737
3416
3072
2741
2449
2222
2062
1978
1975
2001
2008
1975
1900
1754
1543
1266
876
434
2
-420
-837
-1185
-1434
-1604
-1671
-1631
-1492
-1287
-1017
-700
-382
-79
154
303
388
422
405
321
188
3
-224
-427
-617
-797
-957
-1092
-1207
-1340
-1451
-1578
-1701
-1823
-1942
-2050
-2186
-2264
-2324
-2329
-2276
-2205
-2084
-2011
-1970
-2086
-2237
-2393
-2540
-2621
-2679
-2631
-2615
-2544
-2422
-2170
-1822
-1437
-1068
-734
-362
0
329
615
852
978
1056
1055
1057
1008
1000
1013
1034
1082
1102
1161
1173
1220
1245
1262
1233
1121
1025
934
871
810
780
777
771
809
894
1034
1200
1389
1613
1806
1984
2134
2229
2280
2281
2267
2201
2120
2038
1974
1924
1846
1771
1685
1604
1502
1391
1278
1139
972
791
613
413
205
18
-153
-291
-399
-477
-537
-580
-586
-573
-542
-511
-478
-450
-449
-451
-469
-487
-516
-569
-622
-691
-773
-859
-952
-1011
-1062
-1100
-1152
-1200
-1257
-1327
-1390
-1477
-1549
-1638
-1705
-1792
-1842
-1891
-1914
-1905
-1878
-1810
-1720
-1574
-1427
-1253
-1092
-926
-787
-662
-572
-552
-575
-651
-737
-844
-970
-1072
-1195
-1256
-1263
-1196
-1039
-877
-682
-495
-255
-30
178
391
562
687
735
751
747
695
650
617
621
639
676
774
923
1104
1308
1525
1714
1853
1949
2030
2070
2054
1979
1868
1714
1539
1368
1217
1080
983
936
932
948
986
1066
1152
1229
1271
1271
1231
1160
1073
987
884
767
640
517
412
316
246
201
188
207
238
266
273
256
220
168
102
6
-100
-202
-298
-395
-490
-572
-650
-719
-771
-792
-811
-838
-863
-886
-902
-936
-974
-1015
-1066
-1116
-1174
-1214
-1258
-1287
-1303
-1322
-1324
-1338
-1323
-1291
-1240
-1168
-1114
-1034
-962
-875
-788
-688
-592
-520
-455
-421
-393
-385
-385
-390
-397
-393
-379
-356
-296
-223
-155
-104
-71
-65
-73
-84
-99
-137
-218
-311
-394
-458
-517
-566
-574
-543
-497
-410
-293
-138
0
135
273
401
505
581
672
753
825
862
896
934
972
1019
1057
1106
1160
1206
1261
1313
1356
1382
1390
1387
1358
1321
1268
1205
1133
1071
1019
951
889
836
805
794
797
823
859
890
905
906
896
874
836
798
768
731
682
618
542
452
342
230
117
18
-71
-172
-271
-380
-488
-596
-689
-766
-831
-893
-959
-1019
-1065
-1090
-1118
-1144
-1177
-1213
-1258
-1288
-1295
-1283
-1252
-1223
-1197
-1190
-1170
-1161
-1134
-1107
-1080
-1057
-1047
-1022
-995
-951
-916
-881
-858
-833
-817
-798
-768
-729
-699
-679
-658
-635
-591
-542
-473
-407
-334
-270
-194
-123
-56
19
81
151
213
279
321
358
384
403
428
445
461
462
470
473
485
511
549
605
666
745
813
878
933
969
1007
1035
1061
1073
1078
1079
1071
1068
1067
1072
1085
1096
1111
1117
1125
1118
1107
1081
1036
979
913
845
769
700
626
550
476
398
328
268
225
188
138
82
19
-45
-102
-149
-184
-217
-250
-292
-331
-378
-410
-437
-460
-478
-502
-515
-522
-523
-537
-556
-572
-601
-628
-659
-682
-700
-721
-748
-779
-812
-847
-878
-901
-906
-901
-885
-862
-839
-815
-794
-771
-749
-717
-683
-651
-618
-590
-563
-537
-509
-483
-455
-420
-384
-355
-327
-296
-263
-231
-192
-140
-84
-23
29
78
123
170
216
250
279
295
301
311
319
332
347
363
382
403
425
445
464
481
496
496
488
475
471
465
456
440
424
404
379
351
328
308
289
278
269
264
252
236
223
213
200
186
174
167
161
150
134
114
94
71
51
33
19
7
0
-5
-10
-13
-12
-9
-6
-3
-4
-4
-6
-9
-10
-10
-9
-8
-8
-8
-7
-8
-8
-12
-13
-13
-14
-14
-13
-13
-15
-17
-20
-22
-23
-24
-24
-24
-24
-25
-26
-25
-25
-24
-22
-20
-17
-14
-11
-8
-5
-2
0
2
5
6
7
8
10
11
12
12
12
12
11
11
11
10
9
7
5
1
-1
-6
-10
-13
-16
-20
-23
-25
-27
-28
-28
-28
-27
-28
-30
-32
-33
-34
-37
-39
-42
-44
-46
-46
-45
-43
-41
-40
-37
-34
-32
-28
-25
-22
-19
-16
-14
-12
-11
-10
-9
-9
-7
-5
-4
-2
-1
-2
-1
0
1
3
4
5
6
6
5
6
5
5
5
4
4
4
3
3
2
1
1
1
0
-1
-1
-1
-1
-2
-3
-4
-3
-3
-5
-4
-6
-5
-6
-7
-7
-7
-8
-8
-10
-10
-10
-11
-11
-11
-12
-13
-14
-15
-14
-14
-14
-13
-14
-13
-13
-14
-13
-11
-11
-11
-12
-11
-10
-10
-9
-8
-8
-7
-7
-6
-7
-6
-5
-5
-4
-2
-2
-1
-1
0
0
2
2
3
3
3
3
2
4
4
4
5
5
5
4
5
5
4
5
5
4
5
4
5
5
5
4
5
5
5
5
4
5
5
4
4
5
4
4
5
3
4
4
3
3
3
3
3
3
2
2
2
1
1
2
0
0
0
0
0
-1
-1
-1
-1
-1
0
-1
-1
-1
-1
-2
-1
-1
-1
-2
-2
-1
-1
-1
-1
-2
-2
-2
-1
-1
-2
-1
-1
-2
-2
-2
-2
-2
-2
-2
-2
-2
-2
-2
-2
-2
-1
-1
-1
-1
-1
-1
-1
-1
-1
0
0
0
1
0
0
0
0
1
1
1
2
1
1
2
1
2
1
2
2
1
0
1
0
0
0
0
-1
-1
0
0
0
0
1
0
0
1
2
2
2
2
3
4
5
6
6
6
8
8
9
10
10
10
11
11
9
10
9
8
8
8
7
6
6
5
5
4
3
2
1
0
-1
-1
-2
-2
-3
-3
-4
-4
-5
-5
-5
-6
-6
-7
-6
-6
-6
-5
-4
-3
-2
-2
-1
-3
-2
-2
-1
-1
-2
-2
-4
-6
-6
-7
-7
-9
-10
-11
-11
-11
-11
-11
-11
-11
-13
-13
-14
-14
-14
-15
-15
-14
-14
-13
-12
-10
-10
-8
-7
-6
-4
-3
1
2
4
6
9
11
13
16
19
22
24
27
29
32
34
35
36
36
35
31
28
23
18
13
6
-1
-8
-16
-24
-34
-44
-53
-62
-73
-85
-95
-104
-112
-120
-128
-137
-146
-154
-162
-170
-173
-174
-171
-164
-155
-145
-134
-124
-116
-110
-101
-90
-78
-68
-60
-53
-46
-39
-30
-21
-10
3
15
23
27
29
32
37
44
50
56
61
63
65
65
67
68
64
55
43
30
22
20
23
29
30
26
20
18
25
36
51
63
76
84
91
99
109
119
128
131
130
131
134
144
156
169
179
188
195
200
201
203
204
204
199
190
184
179
175
164
150
137
125
122
122
123
128
135
142
145
140
133
127
124
124
119
106
86
63
41
19
3
-14
-27
-39
-50
-58
-65
-71
-77
-80
-80
-85
-92
-96
-98
-102
-108
-122
-140
-158
-171
-179
-185
-189
-190
-191
-186
-179
-172
-170
-171
-178
-184
-190
-197
-203
-211
-221
-234
-245
-256
-266
-273
-276
-276
-273
-263
-250
-239
-231
-227
-223
-216
-200
-177
-147
-121
-102
-90
-84
-82
-79
-70
-53
-30
-3
25
54
82
109
136
162
187
207
222
238
259
275
288
296
302
308
311
313
313
315
316
319
320
324
329
330
330
324
309
287
266
249
236
225
208
183
156
136
120
108
99
89
81
78
75
70
62
45
21
-2
-25
-45
-64
-78
-89
-99
-109
-120
-129
-136
-146
-152
-156
-158
-160
-162
-164
-166
-169
-173
-179
-183
-187
-192
-192
-189
-179
-168
-156
-145
-136
-123
-116
-111
-108
-104
-100
-96
-90
-86
-82
-79
-80
-81
-79
-75
-69
-63
-57
-58
-66
-76
-86
-93
-92
-86
-78
-65
-51
-40
-32
-29
-24
-21
-18
-13
-8
1
12
27
38
47
51
53
53
55
59
65
71
74
75
74
73
74
76
79
82
80
77
71
64
60
61
66
74
82
87
90
88
83
71
58
49
42
39
36
34
29
28
30
36
42
43
39
33
26
23
23
22
22
21
21
21
21
21
20
18
15
10
5
2
2
5
9
9
7
6
8
14
20
18
12
0
-16
-29
-34
-32
-25
-17
-15
-20
-32
-46
-58
-67
-71
-69
-66
-63
-62
-61
-63
-64
-64
-65
-66
-65
-59
-49
-38
-30
-23
-17
-12
-6
-3
-1
1
1
2
5
5
0
-2
0
4
12
20
30
38
39
32
26
25
30
36
41
40
35
28
21
20
21
23
23
25
27
30
33
36
39
36
29
22
15
9
6
2
-2
-8
-12
-17
-18
-20
-19
-13
-5
7
13
15
18
12
6
-1
-6
-9
-12
-14
-11
-9
-8
-10
-11
-19
-24
-27
-25
-20
-14
-7
-9
-15
-25
-34
-40
-40
-38
-37
-32
-28
-22
-18
-19
-24
-28
-31
-27
-17
-6
5
11
12
9
2
-1
0
6
15
19
20
16
13
11
8
9
11
15
20
25
30
32
28
17
5
-6
-8
-3
5
15
19
19
15
10
6
4
3
5
6
9
8
5
1
-4
-14
-23
-29
-26
-18
-9
-3
-2
-5
-13
-21
-26
-27
-22
-13
-6
-2
-2
-5
-10
-14
-16
-13
-8
3
17
30
35
32
26
18
14
13
12
13
16
21
23
23
24
21
17
15
13
14
18
22
23
19
12
0
-4
-7
-10
-14
-22
-31
-38
-42
-42
-39
-35
-32
-29
-24
-15
-11
-6
-3
-6
-9
-7
-3
0
1
2
0
-2
7
17
26
30
25
17
6
2
8
18
28
31
25
13
3
-4
-6
-6
-5
-5
-5
-9
-10
-10
-12
-9
-8
-6
-9
-8
-8
-9
-14
-18
-19
-13
-4
2
6
8
6
2
-1
-1
-1
0
1
-1
-5
-7
-6
-6
-8
-7
-7
-6
0
6
8
7
2
-1
1
8
17
26
31
32
27
23
17
11
8
7
11
14
16
14
8
1
-5
-9
-9
-5
2
4
4
-4
-15
-23
-27
-24
-20
-17
-13
-11
-12
-17
-19
-22
-22
-21
-16
-9
-4
2
7
9
6
3
3
8
16
24
28
27
17
11
5
4
5
7
8
5
4
4
6
8
11
13
9
3
-2
-5
-3
-2
-1
1
1
3
3
4
4
0
-4
-7
-8
-4
2
9
11
8
4
-3
-5
-3
0
-1
-3
-8
-8
-11
-12
-9
-5
1
6
9
12
8
5
0
-10
-18
-23
-19
-15
-8
-6
-7
-11
-16
-18
-19
-22
-23
-22
-16
-12
-11
-13
-16
-22
-27
-30
-28
-25
-21
-17
-16
-16
-14
-10
-5
-5
-8
-8
-8
-7
-4
2
6
9
15
16
16
14
15
19
24
29
34
35
33
30
27
28
31
35
41
41
39
37
36
35
32
32
31
26
20
11
3
1
2
5
6
4
1
-3
-5
-7
-8
-6
-6
-7
-11
-14
-16
-16
-13
-14
-18
-22
-26
-25
-22
-17
-12
-7
-6
-5
-5
-6
-7
-10
-12
-16
-15
-14
-9
-4
-3
-3
-4
-5
-4
-3
-2
-1
1
4
7
9
7
2
-3
-8
-11
-9
-5
2
6
4
2
-3
-8
-9
-5
1
7
8
4
-1
-7
-13
-16
-15
-12
-7
-2
2
2
0
-1
-2
0
3
6
7
5
4
3
4
3
1
1
-1
-2
-2
-3
-2
1
2
4
5
10
14
14
10
4
-1
-2
-5
-7
-8
-10
-12
-16
-18
-18
-15
-10
-7
-5
-2
0
-1
-2
-4
-3
-3
-2
-2
-1
-3
-3
0
1
-2
-1
-1
3
8
14
17
14
8
4
7
11
17
23
23
20
15
10
10
12
18
23
24
22
18
14
11
7
4
3
3
7
16
19
22
19
13
10
6
8
11
11
12
8
2
-5
-10
-10
-8
-6
-5
-3
-4
-8
-11
-11
-11
-10
-9
-9
-13
-18
-19
-19
-21
-21
-19
-18
-17
-14
-13
-14
-15
-16
-18
-22
-22
-23
-22
-22
-25
-28
-31
-32
-27
-23
-19
-16
-17
-18
-20
-20
-18
-14
-13
-12
-14
-19
-20
-18
-11
-4
5
12
16
14
12
10
11
15
19
22
22
20
21
23
24
25
24
25
24
23
25
33
40
46
47
44
37
31
27
25
25
26
26
27
25
23
22
19
16
15
15
11
7
2
-1
-3
-5
-3
-4
-7
-10
-12
-14
-13
-11
-9
-8
-9
-13
