0
-1
-1
0
0
0
0
0
0
0
0
0
0
-1
0
1
0
0
0
0
0
0
0
-1
0
1
0
0
0
0
-1
0
-1
-1
0
0
0
0
1
0
0
0
0
0
0
0
0
1
1
0
1
-1
0
0
0
0
0
0
0
0
0
0
0
0
0
0
0
0
0
0
0
0
0
0
0
0
0
0
0
0
-1
1
0
1
0
0
1
0
0
0
0
0
1
-1
0
0
0
0
0
1
0
0
-1
0
0
0
0
1
0
0
1
-1
-1
0
0
0
0
0
0
0
0
0
0
0
-1
0
0
0
1
0
0
0
0
1
0
-1
-1
0
0
0
-1
0
0
0
0
0
-1
0
0
0
0
-1
-1
-1
-1
-1
0
0
0
0
0
1
2
2
2
2
2
3
3
3
2
2
2
2
2
1
2
1
0
0
1
0
0
1
1
1
1
2
2
2
2
3
3
3
3
3
2
3
2
2
2
1
1
1
0
0
0
0
0
-1
0
0
0
-1
-1
0
-1
-1
0
-1
0
-1
-2
-2
-1
-1
-2
-3
-3
-3
-1
0
0
-1
-1
0
1
2
2
1
-1
-1
0
2
2
-1
-5
-5
-1
2
1
-4
-5
1
8
9
2
-4
-3
1
7
11
11
6
2
7
20
32
44
57
65
64
63
76
98
106
94
75
68
76
78
66
47
25
9
0
-2
-8
-19
-36
-52
-58
-59
-58
-60
-64
-65
-62
-56
-49
-45
-40
-34
-27
-22
-16
-13
-10
-8
-5
-2
-1
-2
-4
-6
-6
-8
-11
-12
-14
-16
-19
-21
-24
-24
-23
-24
-24
-23
-24
-22
-15
-8
-4
-6
-5
3
11
17
18
24
33
43
51
51
47
45
50
60
68
66
57
49
48
52
53
49
35
18
-2
-10
0
11
3
-21
-40
-31
-6
16
18
-1
-21
-21
14
61
65
18
-24
-2
53
58
-14
-95
-103
-32
41
37
-22
-89
-138
-140
-82
-29
-84
-227
-359
-474
-607
-693
-687
-679
-812
-1034
-1125
-1002
-800
-729
-802
-852
-766
-542
-295
-113
-15
11
66
207
413
591
664
677
686
726
792
816
773
687
618
586
540
455
362
284
225
174
137
103
59
24
28
65
107
146
182
231
291
352
420
494
567
622
652
671
678
676
654
622
576
468
275
81
25
86
71
-109
-341
-499
-544
-519
-452
-392
-390
-437
-474
-398
-214
-33
57
77
119
199
277
352
421
459
424
352
306
273
241
187
121
41
-70
-195
-295
-343
-428
-647
-884
-934
-777
-650
-692
-791
-832
-759
-628
-454
-251
-95
-43
-82
-48
98
240
323
349
378
379
309
236
210
220
204
183
192
164
68
-66
-180
-173
-38
87
49
-103
-217
-243
-169
-19
187
362
385
226
42
121
490
835
617
-347
-1393
-1597
-854
-78
-85
-857
-1769
-2190
-1928
-1213
-581
-410
-699
-1116
-1214
-828
-125
490
713
600
405
407
674
1109
1520
1674
1530
1196
911
904
1118
1306
1231
903
506
206
114
187
282
237
6
-248
-369
-327
-200
-96
-59
-74
-78
-13
97
200
240
217
212
335
551
627
466
258
246
423
569
542
373
193
91
50
48
51
24
-54
-167
-255
-301
-326
-362
-405
-388
-312
-275
-330
-372
-311
-164
-18
44
27
-17
-12
51
119
125
56
-18
-42
-18
-32
-136
-241
-251
-209
-241
-366
-447
-395
-259
-185
-226
-319
-385
-400
-339
-153
45
44
-150
-269
-155
47
175
204
183
83
-68
-98
140
532
725
467
-19
-147
285
776
776
350
-26
-22
140
-41
-779
-1620
-1867
-1506
-1123
-1247
-1800
-2349
-2519
-2198
-1661
-1246
-1092
-1106
-1120
-981
-553
97
655
882
873
904
1117
1452
1796
2025
2090
1969
1719
1513
1472
1542
1515
1282
913
553
295
160
110
47
-105
-312
-479
-537
-493
-384
-268
-193
-144
-65
101
324
527
617
587
589
735
953
1040
886
649
577
699
789
683
448
226
99
57
28
-55
-199
-349
-441
-466
-483
-510
-522
-540
-605
-640
-523
-310
-212
-251
-295
-229
-43
127
192
144
73
48
53
77
65
-9
-152
-292
-332
-322
-333
-354
-356
-372
-447
-526
-542
-486
-420
-406
-384
-316
-256
-233
-198
-95
-15
-15
-10
64
166
186
118
68
87
137
156
185
308
435
431
275
190
305
479
502
261
-56
-82
234
401
-55
-1003
-1869
-2242
-2143
-1757
-1358
-1339
-1907
-2678
-2999
-2606
-1773
-988
-624
-730
-997
-991
-461
413
1192
1546
1484
1315
1351
1674
2161
2559
2638
2351
1909
1604
1547
1627
1664
1478
1049
535
152
6
7
11
-98
-322
-549
-664
-601
-410
-221
-110
-64
-12
55
106
231
567
1010
1182
940
590
525
809
1157
1257
1031
656
356
252
322
394
293
-9
-361
-567
-604
-582
-561
-549
-586
-705
-831
-822
-649
-413
-294
-409
-638
-687
-420
-105
-11
-77
-154
-182
-169
-124
-107
-118
-112
-97
-111
-213
-354
-422
-352
-217
-181
-340
-572
-627
-438
-183
-50
-100
-268
-382
-314
-65
200
274
137
-65
-163
-96
123
360
371
103
-132
-18
306
460
369
242
222
275
290
285
364
446
331
114
90
262
338
101
-395
-1003
-1644
-2084
-2014
-1516
-1139
-1360
-2081
-2725
-2791
-2254
-1482
-903
-747
-925
-1090
-894
-260
557
1157
1344
1238
1140
1327
1782
2265
2535
2484
2200
1878
1698
1701
1769
1736
1494
1078
625
297
173
178
157
4
-270
-534
-645
-581
-423
-272
-210
-215
-200
-188
-262
-270
129
809
1102
713
181
126
605
1157
1338
1078
628
318
275
429
531
341
-77
-440
-555
-522
-542
-609
-626
-635
-731
-863
-873
-710
-480
-315
-289
-357
-412
-361
-159
131
303
213
-7
-96
42
230
295
227
107
-15
-109
-115
-59
-42
-135
-291
-404
-436
-426
-442
-476
-505
-530
-556
-516
-402
-309
-285
-278
-242
-202
-128
-29
82
239
361
314
210
245
363
452
519
551
455
342
353
432
483
445
291
87
-97
-331
-855
-1714
-2485
-2610
-1979
-1268
-1315
-2186
-3118
-3346
-2743
-1759
-950
-677
-907
-1214
-1105
-422
541
1320
1644
1582
1463
1579
1968
2478
2876
2975
2754
2352
2002
1902
2010
2089
1901
1400
769
274
74
107
138
-16
-373
-763
-990
-996
-900
-875
-862
-638
-270
-109
-259
-383
-139
426
999
1238
1100
865
808
1010
1345
1569
1479
1103
736
597
560
369
22
-245
-337
-408
-584
-825
-1051
-1133
-1071
-973
-934
-998
-1083
-1050
-843
-582
-455
-450
-387
-165
88
200
204
194
226
311
401
448
403
285
174
130
115
30
-146
-330
-426
-466
-530
-618
-674
-712
-753
-743
-684
-639
-613
-559
-484
-434
-378
-250
-24
175
213
162
209
428
701
779
572
358
377
495
560
640
665
503
252
101
87
101
12
-265
-827
-1696
-2495
-2689
-2213
-1627
-1557
-2077
-2732
-3071
-2908
-2216
-1289
-656
-598
-850
-863
-391
412
1242
1812
1980
1863
1802
2042
2506
2945
3132
2989
2619
2223
1995
1961
1959
1808
1436
917
405
33
-130
-173
-268
-479
-743
-963
-1081
-1118
-1128
-1045
-718
-277
-91
-237
-346
-86
479
1022
1279
1221
1042
987
1138
1414
1634
1587
1202
708
408
360
369
257
33
-284
-657
-958
-1092
-1045
-979
-1033
-1174
-1299
-1301
-1168
-1008
-826
-624
-473
-391
-321
-162
64
254
346
389
430
455
480
515
557
553
440
229
24
-95
-144
-192
-303
-492
-720
-885
-917
-835
-751
-806
-951
-1033
-972
-785
-550
-372
-298
-285
-243
-80
233
590
815
815
660
598
729
866
856
722
637
705
791
746
505
137
-327
-1036
-1946
-2637
-2669
-2204
-1871
-2034
-2611
-3214
-3509
-3327
-2641
-1778
-1170
-983
-1048
-966
-477
328
1163
1755
2054
2156
2242
2483
2870
3262
3452
3357
3047
2640
2353
2259
2197
1989
1555
968
405
4
-212
-334
-473
-705
-991
-1221
-1386
-1531
-1539
-1151
-459
-79
-288
-560
-392
180
881
1435
1631
1476
1227
1179
1457
1900
2123
1901
1401
930
588
326
191
197
111
-281
-885
-1376
-1521
-1400
-1210
-1133
-1264
-1500
-1643
-1536
-1179
-778
-546
-492
-426
-231
3
210
410
590
665
598
527
581
681
689
574
416
246
28
-212
-409
-509
-562
-672
-816
-928
-1027
-1131
-1156
-1054
-953
-901
-802
-629
-474
-390
-318
-204
-22
237
552
841
949
835
648
594
764
1053
1278
1266
999
679
437
318
325
109
-659
-1928
-3156
-3541
-2945
-2116
-1962
-2674
-3666
-4311
-4218
-3331
-2073
-1131
-989
-1346
-1413
-806
282
1340
2024
2340
2401
2444
2681
3130
3640
3932
3851
3462
2946
2545
2361
2307
2169
1765
1111
374
-218
-530
-616
-641
-801
-1198
-1723
-2052
-1856
-1180
-536
-351
-562
-772
-572
108
949
1509
1660
1617
1613
1725
1923
2134
2251
2179
1914
1548
1183
881
589
255
-76
-365
-657
-1011
-1355
-1572
-1621
-1576
-1562
-1591
-1644
-1641
-1464
-1153
-826
-584
-445
-317
-95
192
418
549
615
645
683
712
731
755
723
573
324
26
-241
-419
-540
-637
-764
-953
-1163
-1303
-1312
-1222
-1154
-1148
-1125
-1044
-918
-713
-400
-162
-110
-76
115
390
510
508
630
910
1214
1323
1116
789
560
539
733
968
1032
798
325
-219
-719
-1162
-1712
-2372
-2916
-3084
-2858
-2682
-2906
-3350
-3600
-3459
-3061
-2518
-1868
-1272
-861
-604
-244
365
1049
1648
2130
2541
2885
3090
3224
3358
3493
3567
3466
3197
2810
2409
2073
1757
1416
1001
514
32
-389
-686
-868
-1002
-1133
-1341
-1603
-1711
-1396
-729
-211
-129
-295
-337
37
770
1479
1803
1774
1692
1741
1889
2053
2132
2041
1803
1496
1098
610
199
-3
-93
-274
-643
-1171
-1644
-1827
-1697
-1476
-1412
-1518
-1643
-1641
-1421
-1076
-788
-608
-422
-170
74
274
450
619
799
934
971
888
742
659
631
567
383
52
-311
-566
-657
-666
-736
-901
-1135
-1348
-1420
-1339
-1178
-1044
-981
-967
-967
-861
-514
-27
297
305
198
223
412
734
1176
1599
1586
994
375
279
614
958
1131
1198
1111
549
-615
-1891
-2831
-3357
-3390
-2889
-2291
-2431
-3523
-4696
-4971
-4250
-3118
-2130
-1591
-1533
-1582
-1282
-396
802
1754
2266
2462
2603
2908
3375
3902
4301
4399
4179
3746
3267
2854
2636
2548
2294
1719
884
66
-471
-703
-733
-806
-1105
-1537
-1874
-2045
-2065
-1762
-1060
-308
15
-161
-344
-51
723
1613
2247
2466
2335
2058
1875
2031
2427
2617
2377
1825
1197
622
127
-184
-302
-407
-742
-1322
-1867
-2187
-2182
-1906
-1588
-1413
-1507
-1713
-1665
-1248
-657
-264
-176
-124
109
514
871
1027
1015
923
897
949
990
941
721
437
182
-70
-348
-693
-986
-1135
-1213
-1264
-1340
-1402
-1406
-1374
-1293
-1233
-1141
-928
-697
-536
-363
12
429
599
561
474
574
860
1142
1352
1397
1245
1002
856
768
511
348
556
951
965
292
-614
-1421
-2253
-3227
-4153
-4345
-3656
-2817
-2714
-3609
-4683
-5105
-4482
-3055
-1641
-814
-746
-957
-780
-49
1169
2421
3139
3237
3060
3086
3438
3923
4318
4392
4086
3472
2784
2294
2041
1912
1670
1128
365
-402
-966
-1189
-1132
-1038
-1127
-1483
-1946
-2150
-1750
-816
58
351
90
-185
88
935
1962
2653
2769
2523
2191
2043
2212
2508
2634
2371
1811
1165
559
59
-307
-484
-592
-900
-1433
-1998
-2317
-2250
-1944
-1619
-1486
-1568
-1693
-1606
-1173
-584
-149
14
54
175
420
742
1035
1188
1193
1061
881
753
676
610
495
291
-26
-456
-899
-1197
-1252
-1184
-1207
-1385
-1614
-1720
-1637
-1400
-1103
-914
-860
-805
-591
-237
112
323
406
509
674
852
1049
1276
1440
1420
1239
1042
904
740
572
584
739
774
588
161
-640
-1993
-3646
-4824
-4772
-3573
-2327
-2174
-3399
-5037
-5804
-5140
-3355
-1484
-469
-527
-1085
-1211
-466
980
2495
3391
3527
3207
3026
3298
3861
4467
4737
4475
3742
2829
2194
1974
2005
1908
1389
525
-418
-1105
-1362
-1295
-1118
-1105
-1386
-1889
-2263
-2011
-1113
-125
394
376
148
152
638
1540
2439
2861
2784
2456
2177
2107
2190
2326
2276
1913
1279
494
-106
-416
-562
-721
-1066
-1525
-2017
-2346
-2331
-2083
-1758
-1588
-1585
-1564
-1427
-1070
-661
-358
-99
170
505
768
897
980
1029
1108
1147
1063
888
649
451
311
157
-53
-408
-838
-1172
-1317
-1298
-1272
-1306
-1404
-1503
-1492
-1383
-1171
-917
-681
-418
-146
16
6
6
253
689
1015
1049
915
836
890
1050
1179
1121
847
580
517
537
538
556
523
258
-248
-909
-1899
-3338
-4641
-4855
-3737
-2315
-1930
-2990
-4634
-5459
-4786
-2980
-1086
-78
-176
-829
-1060
-255
1267
2718
3465
3449
3079
2862
3110
3655
4144
4316
4040
3368
2506
1835
1580
1575
1512
1139
423
-447
-1145
-1413
-1283
-1038
-974
-1216
-1645
-1962
-1815
-1022
56
742
733
374
290
769
1587
2348
2817
2899
2578
2075
1759
1802
1995
1990
1656
1049
287
-410
-804
-841
-797
-1038
-1602
-2162
-2357
-2185
-1846
-1548
-1404
-1392
-1416
-1299
-935
-438
-17
247
408
542
642
701
801
974
1116
1048
763
457
300
265
215
52
-256
-659
-1027
-1212
-1212
-1174
-1224
-1306
-1324
-1272
-1192
-1114
-949
-629
-286
-107
-62
79
345
486
479
581
858
1063
972
792
763
907
1144
1247
1053
608
42
-319
-117
570
983
560
-427
-1469
-2266
-2985
-3679
-3991
-3683
-2903
-2317
-2610
-3582
-4413
-4345
-3246
-1641
-345
50
-251
-554
-210
863
2127
3046
3312
3061
2827
2941
3343
3728
3848
3610
3118
2553
2007
1586
1319
1119
898
492
-107
-735
-1186
-1331
-1173
-931
-915
-1218
-1616
-1645
-1001
-31
635
750
495
362
702
1403
2098
2482
2534
2381
2124
1869
1735
1710
1659
1472
1053
390
-293
-724
-878
-902
-1052
-1453
-1895
-2162
-2108
-1792
-1492
-1332
-1309
-1305
-1154
-813
-355
15
224
311
350
497
718
907
997
938
817
649
470
361
298
222
57
-209
-552
-902
-1153
-1273
-1237
-1115
-1088
-1164
-1282
-1331
-1177
-836
-410
-104
-119
-389
-512
-115
632
1234
1323
970
593
497
742
1125
1319
1233
982
641
276
14
-11
156
334
270
-241
-1213
-2503
-3779
-4555
-4408
-3428
-2374
-2112
-2944
-4231
-4925
-4357
-2692
-915
54
49
-421
-594
-6
1284
2700
3541
3600
3192
2892
3002
3424
3899
4072
3793
3147
2344
1698
1346
1228
1122
800
229
-484
-1113
-1431
-1401
-1168
-1038
-1176
-1489
-1648
-1286
-449
375
732
643
469
596
1159
1903
2487
2746
2659
2321
1950
1757
1772
1843
1759
1399
821
170
-388
-744
-885
-945
-1129
-1455
-1808
-2026
-1999
-1777
-1499
-1284
-1176
-1100
-953
-673
-314
18
261
390
461
558
723
925
1053
1008
804
538
321
201
138
65
-93
-388
-785
-1134
-1297
-1320
-1307
-1297
-1263
-1195
-1171
-1178
-1081
-850
-528
-230
-81
-31
49
263
594
883
1073
1123
1085
1109
1160
1137
935
672
513
460
568
654
504
103
-506
-1222
-2273
-3693
-4827
-4967
-3941
-2673
-2358
-3267
-4706
-5433
-4858
-3237
-1351
-217
-111
-623
-893
-223
1185
2721
3682
3829
3519
3196
3253
3652
4133
4429
4245
3596
2677
1880
1510
1445
1423
1123
431
-461
-1252
-1629
-1537
-1225
-1069
-1312
-1771
-1952
-1458
-494
299
578
481
407
682
1321
2077
2659
2944
2908
2607
2232
2034
2080
2228
2217
1818
1058
199
-399
-621
-674
-792
-1157
-1703
-2145
-2285
-2106
-1817
-1594
-1464
-1397
-1294
-1086
-741
-298
101
349
374
331
476
819
1181
1330
1177
823
468
291
297
327
212
-107
-530
-908
-1186
-1340
-1366
-1308
-1275
-1365
-1504
-1543
-1382
-1016
-679
-580
-614
-541
-214
237
650
882
837
717
749
1024
1311
1233
871
521
485
683
598
219
-18
217
537
284
-570
-1861
-3361
-4612
-5123
-4520
-3314
-2501
-2686
-3856
-5070
-5341
-4348
-2504
-794
64
-55
-576
-623
170
1655
3169
3990
3966
3423
3035
3221
3802
4383
4562
4149
3272
2311
1676
1470
1478
1384
935
171
-667
-1276
-1460
-1370
-1262
-1243
-1285
-1259
-1152
-952
-536
38
581
918
1071
1219
1492
2021
2691
3122
3078
2657
2219
2006
2031
2139
2026
1565
869
167
-364
-686
-854
-1056
-1385
-1736
-1994
-2121
-2116
-1979
-1732
-1479
-1295
-1157
-1013
-785
-481
-166
142
462
783
976
987
893
800
783
818
833
736
434
21
-321
-493
-543
-684
-980
-1309
-1500
-1494
-1399
-1333
-1370
-1452
-1417
-1188
-809
-502
-391
-397
-318
7
514
958
1075
915
822
959
1167
1211
1091
909
628
414
373
443
481
370
178
-207
-1050
-2541
-4372
-5649
-5666
-4398
-2785
-2188
-3166
-5082
-6314
-5677
-3499
-1072
235
162
-558
-917
-214
1346
3070
4161
4286
3874
3434
3433
3884
4413
4731
4554
3909
2977
2046
1478
1302
1342
1187
544
-420
-1363
-1871
-1875
-1631
-1366
-1254
-1307
-1414
-1349
-959
-342
299
766
1055
1294
1580
1961
2412
2884
3173
3060
2620
2209
2088
2135
2059
1669
1029
411
-75
-488
-885
-1245
-1529
-1777
-1975
-2083
-2118
-2111
-2040
-1828
-1501
-1204
-981
-769
-492
-158
135
342
525
766
1012
1126
1071
924
755
600
510
488
409
172
-192
-570
-879
-1093
-1226
-1300
-1320
-1294
-1299
-1357
-1404
-1374
-1183
-862
-518
-264
-131
-3
228
536
904
1260
1459
1419
1174
950
1014
1389
1558
1125
391
-32
79
446
663
465
-444
-2135
-4052
-5448
-5763
-4980
-3661
-2637
-2692
-3967
-5563
-6116
-4913
-2566
-397
591
308
-490
-784
73
1915
3782
4734
4548
3752
3152
3242
3933
4681
4887
4332
3290
2225
1493
1175
1152
1114
717
-87
-1058
-1784
-1996
-1757
-1353
-1196
-1483
-1864
-1765
-1043
-149
414
578
605
818
1341
1993
2497
2742
2820
2812
2711
2543
2321
2062
1874
1745
1417
737
-98
-745
-1033
-1080
-1156
-1458
-1950
-2386
-2493
-2238
-1850
-1582
-1517
-1533
-1398
-1038
-567
-184
42
219
428
675
899
1058
1119
1083
1001
862
686
521
354
202
65
-116
-405
-812
-1211
-1437
-1407
-1219
-1087
-1126
-1294
-1424
-1369
-1064
-570
-171
-33
-12
138
472
853
1157
1279
1240
1232
1395
1594
1542
1048
408
131
423
1000
1231
800
-156
-1347
-2564
-3734
-4672
-5089
-4708
-3626
-2714
-2949
-4334
-5692
-5681
-4106
-1938
-328
166
-206
-703
-507
714
2476
3847
4206
3779
3307
3288
3710
4228
4471
4329
3840
3070
2216
1531
1172
1064
913
459
-320
-1177
-1784
-1993
-1877
-1603
-1338
-1238
-1346
-1421
-1206
-679
-27
504
858
1143
1431
1721
1991
2308
2655
2851
2720
2327
1925
1701
1648
1555
1197
607
7
-461
-798
-1076
-1358
-1629
-1827
-1925
-1940
-1928
-1876
-1737
-1483
-1158
-859
-625
-424
-168
175
508
737
842
859
876
884
843
717
533
396
329
280
131
-162
-506
-787
-923
-949
-967
-1035
-1150
-1273
-1321
-1225
-1013
-739
-499
-303
-123
45
208
449
759
972
998
1012
1145
1282
1310
1182
931
534
96
-145
-33
365
718
562
-277
-1526
-2731
-3649
-4109
-3978
-3408
-2842
-2729
-3151
-3798
-4167
-3833
-2733
-1320
-249
122
-31
-164
227
1167
2252
3010
3208
2975
2691
2663
2889
3146
3173
2876
2359
1795
1312
955
710
525
319
20
-389
-816
-1124
-1189
-987
-672
-418
-291
-242
-162
68
482
952
1247
1286
1254
1393
1670
1883
1956
1884
1702
1456
1212
1007
821
635
391
67
-244
-480
-702
-987
-1243
-1327
-1241
-1092
-998
-1005
-1036
-980
-801
-507
-175
63
151
143
142
227
374
481
490
398
239
82
-11
-51
-122
-268
-444
-570
-602
-604
-619
-655
-703
-736
-764
-783
-724
-567
-353
-166
-60
-63
-123
-70
214
566
728
638
409
256
344
642
772
416
-173
-538
-496
-207
32
37
-225
-519
-597
-395
-113
-145
-747
-1829
-2858
-3301
-3062
-2388
-1764
-1601
-2063
-2831
-3213
-2769
-1592
-397
199
175
-87
-128
209
887
1692
2253
2376
2120
1830
1788
1999
2278
2356
2194
1861
1428
1033
796
769
817
752
492
106
-195
-297
-197
15
221
366
356
255
234
368
598
800
983
1128
1147
1065
1032
1154
1287
1245
1076
902
789
688
542
389
233
46
-195
-384
-434
-464
-595
-779
-840
-749
-644
-593
-561
-472
-374
-331
-320
-265
-143
-41
19
64
85
46
-51
-109
-82
-42
-106
-285
-421
-442
-382
-334
-368
-449
-559
-650
-650
-542
-379
-293
-329
-417
-426
-282
-90
6
-43
-115
-50
118
242
238
114
-46
-177
-222
-194
-103
-43
-176
-484
-662
-599
-419
-211
10
215
252
28
-692
-2016
-3339
-3616
-2456
-871
-294
-1215
-2863
-3839
-3463
-2025
-432
464
362
-344
-814
-551
321
1268
1838
1948
1750
1521
1443
1543
1804
2152
2394
2232
1658
1000
646
751
1109
1333
1170
651
65
-234
-75
374
715
725
472
226
145
224
441
711
949
1086
1076
929
743
768
1090
1471
1562
1210
648
218
177
468
755
719
303
-235
-590
-603
-374
-190
-184
-331
-513
-617
-626
-517
-341
-145
-19
-50
-201
-374
-404
-246
-31
88
-12
-238
-406
-412
-300
-203
-175
-231
-330
-424
-505
-574
-586
-509
-405
-397
-500
-646
-719
-637
-411
-175
-97
-105
-91
-120
-223
-280
-138
54
113
-9
-272
-567
-718
-599
-368
-321
-572
-959
-1157
-941
-418
53
154
-126
-594
-775
-388
156
-143
-1595
-3035
-3012
-1556
-248
-318
-1571
-2691
-2851
-2038
-802
137
428
36
-438
-457
49
808
1332
1544
1517
1408
1342
1238
1250
1484
1856
2083
1845
1299
788
647
943
1318
1451
1170
671
315
296
594
908
994
829
509
237
199
493
872
1007
923
778
744
806
941
1110
1169
1119
945
746
608
533
542
512
420
244
-12
-221
-330
-304
-271
-296
-346
-417
-454
-472
-438
-318
-184
-104
-128
-212
-261
-239
-142
-39
3
-48
-193
-322
-373
-332
-270
-285
-348
-437
-498
-549
-579
-552
-513
-452
-422
-453
-553
-684
-670
-486
-267
-209
-374
-580
-698
-599
-343
-156
-184
-509
-877
-1005
-819
-490
-350
-412
-624
-847
-957
-920
-681
-421
-264
-319
-475
-512
-381
-139
-9
-278
-1119
-2127
-2381
-1546
-470
-168
-856
-1759
-2132
-1783
-908
-50
516
552
149
-196
-116
521
1169
1446
1424
1217
1069
963
1025
1289
1591
1789
1621
1217
858
719
859
1090
1320
1337
1028
602
350
510
853
1074
1037
795
612
545
614
735
825
916
910
859
789
758
812
853
890
824
647
442
285
273
330
349
230
13
-137
-173
-142
-144
-193
-223
-218
-199
-231
-278
-264
-190
-108
-91
-148
-249
-331
-324
-230
-117
-95
-200
-354
-473
-500
-460
-417
-414
-461
-518
-577
-614
-619
-619
-598
-562
-513
-476
-517
-603
-658
-618
-509
-434
-464
-583
-681
-660
-466
-194
-92
-388
-918
-1173
-898
-342
-40
-190
-588
-911
-922
-685
-399
-210
-198
-311
-468
-529
-411
-217
-17
64
-38
-448
-1006
-1260
-950
-307
14
-221
-771
-1124
-1000
-529
43
401
451
271
40
66
371
819
1078
1003
817
645
643
740
932
1154
1195
1034
738
579
671
898
1093
1064
876
641
496
519
658
835
862
709
502
394
461
600
742
809
751
622
493
497
637
787
836
741
594
464
380
362
379
390
342
208
63
-27
-29
6
-1
-49
-132
-201
-240
-221
-146
-85
-88
-179
-303
-382
-378
-296
-205
-183
-268
-401
-480
-487
-449
-431
-445
-478
-531
-587
-618
-586
-540
-550
-620
-688
-691
-645
-585
-537
-492
-458
-486
-588
-696
-735
-675
-568
-475
-458
-575
-720
-761
-690
-605
-551
-450
-341
-340
-441
-516
-436
-239
-85
-60
-128
-183
-180
-152
-68
45
81
39
-15
49
166
200
150
74
114
198
171
14
-136
-77
118
238
217
105
35
-3
52
238
440
568
497
357
267
271
395
507
606
640
597
525
434
412
445
526
583
585
546
480
446
463
532
583
581
548
517
512
533
560
577
568
537
509
482
454
428
406
413
430
425
378
299
241
212
192
164
121
81
43
17
-10
-41
-73
-101
-116
-140
-158
-183
-210
-221
-225
-229
-273
-344
-401
-405
-368
-354
-384
-452
-505
-513
-496
-470
-483
-514
-538
-526
-486
-467
-467
-497
-522
-499
-447
-411
-440
-509
-545
-506
-404
-353
-398
-480
-502
-437
-368
-314
-287
-314
-397
-468
-405
-252
-177
-260
-372
-299
-118
-18
-108
-244
-212
-65
93
128
99
61
9
4
42
129
153
93
49
76
181
228
214
186
207
283
312
331
337
376
418
406
395
359
363
374
419
499
510
438
277
208
265
357
395
335
296
275
250
193
108
96
153
246
296
270
207
133
105
127
179
230
253
258
268
277
273
254
246
257
268
257
220
180
158
166
186
176
124
56
7
-1
36
86
98
56
-2
-46
-69
-73
-67
-55
-43
-43
-68
-109
-158
-190
-198
-186
-167
-164
-188
-225
-255
-264
-270
-274
-278
-276
-280
-285
-286
-290
-281
-272
-276
-311
-373
-409
-383
-300
-211
-189
-239
-321
-362
-338
-267
-188
-150
-145
-177
-210
-225
-222
-200
-184
-146
-115
-125
-170
-210
-177
-106
-40
-9
0
13
13
0
-12
20
82
126
112
30
-49
-68
-9
87
132
121
76
59
85
122
158
162
156
143
128
125
120
122
116
107
95
73
66
79
107
130
126
106
75
55
58
78
103
113
104
83
64
61
67
76
79
73
61
47
38
38
44
47
42
29
19
15
15
19
22
22
18
11
6
1
1
3
6
7
5
2
-2
-3
-2
0
2
1
0
0
1
3
3
3
3
3
4
7
7
8
9
9
9
9
12
17
21
20
16
10
8
13
21
26
24
17
13
10
12
15
16
18
21
21
20
17
13
14
18
23
21
14
6
2
1
2
3
3
4
2
-4
-8
-7
2
12
15
8
-3
-8
-6
-2
1
-2
-4
-9
-12
-13
-11
-7
-6
-6
-6
-8
-6
-6
-5
-5
-3
-5
-6
-6
-5
-4
-2
-2
-3
-4
-4
-3
-2
-1
-1
-1
-1
-2
-1
-1
0
0
-1
-1
0
0
-1
0
0
-1
0
0
-1
1
-1
-2
-2
-2
-1
-2
-2
-1
-2
-3
-3
-3
-4
-4
-4
-3
-3
-4
-4
-4
-5
-5
-5
-5
-4
-5
-6
-5
-4
-6
-5
-5
-6
-6
-6
-5
-3
-2
-4
-4
-6
-5
-4
-3
-2
-2
-2
-3
-3
-2
-3
-2
-1
-1
-2
-1
-2
-2
0
0
0
0
1
0
1
1
0
1
2
1
1
0
1
0
2
2
2
1
1
2
2
2
2
1
1
1
2
1
1
2
1
0
1
-1
0
1
2
1
1
0
0
1
1
0
2
1
1
0
1
1
2
2
1
1
1
0
1
1
1
0
0
0
-1
1
0
0
1
0
0
0
0
0
-1
1
0
0
0
-1
0
0
0
-1
-1
0
0
0
-1
-2
-1
-1
0
0
-1
0
-1
-1
-1
0
0
-1
-1
-1
-2
0
0
-1
0
-1
0
-1
-1
-1
0
-1
-1
0
0
0
0
0
0
-1
-1
0
0
0
-1
0
0
1
0
0
-1
-1
0
0
-1
0
-1
-1
-1
-1
-1
0
0
0
0
0
0
0
2
2
2
3
2
1
1
1
2
3
4
3
4
2
3
4
4
4
4
3
2
1
1
2
2
2
1
0
0
0
1
2
2
1
0
-1
-2
0
1
1
0
-2
-3
-3
-3
-2
-2
-2
-4
-4
-4
-3
-2
-2
-3
-3
-3
-3
-3
-3
-3
-3
-3
-3
-3
-2
-3
-2
-2
-1
0
0
-1
0
0
-1
-1
-1
-1
-1
-2
-1
-1
0
0
1
2
3
4
3
3
2
1
0
1
2
4
5
4
3
1
1
5
10
14
14
12
10
10
12
13
12
12
9
8
7
10
15
19
20
16
10
1
-4
-6
-5
-5
-7
-14
-28
-38
-39
-30
-15
-8
-13
-27
-40
-46
-45
-41
-38
-37
-38
-43
-47
-47
-39
-28
-18
-16
-19
-23
-24
-16
-6
-3
-6
-16
-26
-25
-13
5
17
13
-2
-17
-16
-2
17
28
29
24
16
15
22
33
40
37
29
23
22
26
31
32
29
28
28
32
38
42
41
36
31
27
23
19
17
12
5
-3
-5
-2
1
4
6
9
15
22
25
18
1
-16
-28
-32
-29
-23
-14
-10
-16
-30
-42
-40
-27
-12
-1
1
-6
-17
-24
-22
-15
-8
-10
-14
-19
-20
-16
-6
8
13
8
-4
-15
-21
-13
4
23
34
34
28
19
13
13
21
31
36
31
18
2
-6
-4
10
27
37
33
21
11
8
9
8
6
0
-6
-10
-12
-5
5
12
17
18
16
13
13
15
23
32
37
37
34
30
24
20
12
2
-8
-18
-24
-27
-30
-31
-37
-43
-49
-49
-44
-33
-22
-15
-9
-6
-5
-6
-8
-10
-14
-20
-26
-26
-20
-9
0
2
-1
-6
-7
-7
-7
-5
-3
-8
-19
-30
-33
-31
-27
-20
-11
-3
-1
-2
-1
5
6
1
-7
-13
-15
-15
-6
6
14
15
9
4
5
9
14
17
18
18
15
5
-10
-23
-30
-29
-20
-13
-12
-17
-26
-28
-21
-5
9
20
25
23
18
11
7
11
22
30
30
22
11
6
11
24
40
56
61
58
51
43
36
27
19
10
0
-6
-8
-5
-1
-5
-17
-30
-39
-43
-44
-35
-21
-11
-10
-16
-21
-23
-18
-10
-3
2
7
11
19
28
39
51
62
69
75
81
83
83
83
78
68
51
32
14
3
-3
-5
-10
-16
-23
-34
-45
-52
-59
-62
-66
-70
-79
-85
-84
-81
-74
-69
-69
-72
-75
-77
-79
-76
-71
-62
-51
-40
-29
-23
-21
-22
-18
-10
-2
4
10
11
9
9
9
7
9
17
31
50
64
69
67
61
59
61
73
86
91
91
84
76
75
72
66
54
38
27
19
15
10
5
3
-2
-6
-7
-1
9
15
14
5
-7
-13
-16
-14
-10
-10
-15
-28
-44
-55
-59
-58
-55
-55
-58
-62
-74
-83
-88
-89
-86
-81
-75
-66
-56
-48
-40
-37
-31
-24
-12
6
25
43
55
58
61
67
76
87
95
102
102
98
97
99
98
93
85
74
66
58
50
41
32
21
8
-4
-17
-24
-28
-33
-41
-51
-60
-68
-76
-79
-82
-83
-86
-92
-94
-89
-82
-66
-49
-36
-33
-38
-45
-47
-41
-34
-28
-26
-25
-25
-21
-15
-10
-9
-10
-8
-1
13
30
42
44
39
34
33
36
48
61
67
68
65
59
48
46
49
52
58
64
64
61
59
53
50
48
41
33
25
20
20
20
16
9
-1
-9
-16
-16
-12
-12
-17
-21
-24
-27
-24
-23
-25
-26
-28
-27
-27
-32
-37
-41
-43
-41
-35
-33
-32
-33
-32
-30
-26
-21
-16
-14
-14
-16
-20
-20
-19
-16
-10
-7
-2
2
6
13
17
18
18
16
14
12
9
6
-1
-6
-5
-2
1
6
8
4
-1
-6
-11
-15
-15
-12
-5
1
4
0
-7
-14
-11
-5
-1
1
-2
-9
-14
-14
-9
-4
1
2
0
0
0
0
1
-2
-4
-5
-1
7
19
28
35
39
37
34
29
28
29
32
35
36
