1
1
1
1
1
2
3
3
6
6
8
8
8
8
7
7
5
6
8
8
10
9
7
3
0
0
1
1
3
5
4
2
2
2
3
2
2
1
1
1
1
1
1
-1
-1
-1
-2
-1
-1
-1
-1
-2
-4
-4
-4
-5
-4
-3
-3
-3
-2
-2
-1
-1
-2
-2
-3
-5
-5
-3
-2
-1
-1
-2
-3
-4
-3
-2
-1
-2
-3
-5
-8
-8
-8
-5
-4
-2
-1
-2
-3
-3
-2
-2
-3
-2
-2
1
4
5
6
5
4
2
1
2
4
6
7
8
8
7
6
2
1
0
0
1
2
4
4
4
3
2
1
1
1
1
0
1
1
2
3
3
3
2
2
1
0
0
-1
-1
0
1
0
-1
-1
-2
-1
-1
-2
-3
-3
-3
-1
0
0
0
0
-2
-2
-3
-3
-3
-3
-2
0
0
-1
0
-1
-1
-2
-2
-1
-1
0
0
0
-2
-3
-3
-5
-4
-3
-4
-3
-4
-3
-3
-1
0
0
0
0
-1
-1
0
0
1
0
0
1
1
3
3
4
4
3
2
2
1
1
1
2
3
5
6
6
4
2
1
-1
-2
-2
2
4
4
4
3
1
-2
-2
-2
-2
1
2
3
2
3
1
1
1
2
1
2
1
0
-1
-1
-1
-1
0
-1
-1
0
-1
0
0
0
-1
-2
-3
-3
-2
-2
-2
-1
-2
-1
-2
-4
-2
-2
-1
0
1
0
-3
-5
-4
-4
-4
-3
-2
-3
-4
-4
-3
-2
-1
-2
-2
-3
-2
-1
1
2
2
0
-1
-1
-3
-2
-1
1
4
4
4
3
1
-2
-1
-1
1
3
4
4
3
3
3
4
5
4
5
4
4
2
2
2
1
2
2
2
0
1
0
2
2
2
2
2
1
0
0
2
2
4
4
3
1
0
0
0
0
2
1
1
1
1
-2
-2
-1
-2
-1
-1
-2
-2
-2
-1
-2
-2
-2
-1
0
0
-2
-2
-3
-3
-4
-3
-2
-1
-1
-1
-1
-1
-2
-2
-4
-4
-4
-3
-1
-1
0
-2
-4
-4
-5
-4
-3
-2
-1
-2
0
-1
-1
0
-1
0
0
0
1
2
2
1
1
0
-1
1
1
4
4
5
4
2
0
-1
0
1
3
5
4
2
2
1
0
1
1
4
4
4
4
4
2
2
1
1
2
2
3
4
2
1
1
0
-1
-2
0
1
2
1
2
1
0
1
0
-1
0
-1
0
1
1
0
0
-1
-2
-2
-3
-2
-2
-1
-1
-1
1
0
0
-2
-3
-3
-3
-1
-3
-2
-3
-3
-3
-4
-4
-3
-3
-1
-1
-1
-1
-1
-2
-2
-2
-2
-1
0
0
0
-1
0
0
-2
-2
-2
-1
0
1
2
1
-1
-1
-2
-1
0
2
2
2
2
1
0
-1
0
1
2
3
3
4
4
3
2
2
0
0
-1
-1
0
1
1
3
3
2
1
1
0
1
1
3
3
3
2
1
1
0
1
2
3
3
3
1
0
-2
-1
-1
-1
0
1
1
1
1
1
0
0
-1
-1
-2
-2
-3
-1
-1
0
0
-1
-1
-1
-2
-2
-1
-1
0
0
-1
-1
-1
-1
-1
0
0
0
-1
-1
-2
-2
-2
0
0
1
1
-1
-1
-1
-1
-1
0
0
1
-1
-1
0
0
0
0
0
0
0
-1
0
0
0
1
0
1
0
-1
-1
0
0
0
0
1
0
0
0
0
0
0
1
1
0
0
0
0
1
0
0
0
0
0
0
0
0
0
0
0
0
1
0
0
0
0
0
0
1
0
0
0
0
0
0
0
0
1
0
0
0
-1
-1
0
0
0
0
0
1
0
0
0
0
-1
0
0
-1
0
0
0
0
1
0
0
0
0
-1
0
0
0
0
0
0
0
0
-1
0
0
0
0
0
0
0
0
0
0
0
1
0
0
0
0
-1
0
0
0
0
0
0
1
0
0
0
0
0
0
0
0
0
-1
0
0
1
0
0
0
0
0
0
0
1
0
0
0
0
0
0
-1
0
1
0
0
0
0
0
0
0
0
-1
0
0
0
0
0
0
0
0
1
0
-1
0
1
0
0
-1
0
0
0
0
0
0
0
0
0
1
0
0
0
0
0
0
0
0
-1
0
0
0
0
0
0
0
0
0
1
0
0
0
0
0
1
0
0
1
0
1
-1
0
0
0
0
0
0
0
0
-1
0
-1
-1
0
0
0
0
0
0
0
0
0
0
-1
0
-1
0
0
0
0
0
0
-1
0
0
0
0
0
0
0
0
0
0
0
0
0
0
0
0
0
0
0
-2
-3
-3
-4
-4
-5
-5
-5
-5
-4
-3
-3
-2
-1
0
1
1
2
3
2
3
2
2
1
2
1
1
0
1
0
1
1
1
1
2
1
1
1
0
-1
-1
-1
-1
-1
-1
1
0
0
0
2
2
2
2
2
1
1
0
1
0
0
0
1
0
0
0
1
0
0
-1
-1
-2
-2
-2
-2
-1
-1
-2
-2
-4
-5
-5
-6
-7
-10
-13
-14
-16
-16
-17
-18
-17
-16
-14
-12
-10
-7
-6
-6
-6
-7
-8
-9
-12
-13
-17
-19
-20
-20
-19
-19
-19
-18
-15
-11
-7
-4
-3
-2
-1
-3
-1
-1
-1
1
9
26
55
87
112
127
141
152
160
166
165
158
138
111
85
66
46
24
3
-17
-32
-45
-51
-53
-51
-46
-43
-39
-41
-41
-36
-32
-28
-28
-30
-30
-27
-18
-10
-1
6
11
17
23
27
29
30
30
31
29
24
19
15
14
13
10
6
1
-5
-9
-11
-15
-22
-30
-37
-36
-33
-29
-22
-11
3
18
35
50
60
63
57
47
38
36
39
45
55
64
76
94
123
159
192
213
227
233
236
236
226
207
182
151
120
91
75
68
65
67
81
103
126
148
175
202
214
213
210
205
200
185
156
113
71
39
17
12
6
12
12
11
19
-2
-75
-287
-614
-962
-1235
-1408
-1556
-1671
-1779
-1838
-1848
-1777
-1563
-1271
-983
-765
-550
-285
-30
209
407
571
677
705
696
638
585
553
552
542
471
400
353
369
417
437
405
312
203
87
-10
-77
-152
-255
-376
-445
-456
-446
-421
-357
-234
-84
83
248
397
532
641
724
733
687
595
488
390
299
242
184
150
138
171
239
298
344
369
411
435
422
388
342
296
231
168
105
41
0
-20
-3
27
70
122
167
229
298
364
398
407
405
373
321
251
182
107
30
-26
-64
-69
-50
-4
58
121
197
261
309
345
367
378
340
278
200
112
23
-72
-161
-356
-694
-1117
-1517
-1790
-1979
-2075
-2142
-2179
-2176
-2123
-1928
-1635
-1282
-978
-735
-492
-266
-36
174
384
575
698
778
797
796
805
841
890
879
821
733
662
628
600
556
460
336
193
48
-63
-167
-280
-410
-500
-525
-502
-445
-360
-238
-91
69
229
345
411
415
377
324
257
232
221
258
314
380
468
556
689
819
953
1048
1070
1035
952
866
743
595
439
255
96
-34
-112
-153
-165
-126
-72
1
78
162
250
319
373
402
410
409
399
387
349
314
276
238
227
233
282
325
369
403
422
457
469
475
450
394
295
60
-436
-1143
-1865
-2378
-2695
-2959
-3147
-3297
-3329
-3306
-3139
-2725
-2179
-1656
-1301
-924
-495
-75
288
575
835
996
1064
1080
1019
973
973
1063
1141
1100
1023
950
973
1015
975
834
622
408
166
-61
-262
-471
-725
-972
-1082
-1057
-966
-867
-713
-466
-164
148
437
703
953
1176
1374
1473
1429
1272
1072
886
670
443
227
65
-17
-16
63
160
244
312
387
465
512
495
446
365
270
149
27
-90
-189
-217
-185
-107
-4
127
281
438
592
732
810
830
820
800
741
642
536
429
329
230
151
62
-5
-25
7
85
164
260
341
421
498
548
595
587
588
577
572
487
109
-611
-1627
-2529
-3148
-3469
-3719
-3963
-4116
-4156
-4020
-3748
-3198
-2492
-1853
-1410
-1006
-492
23
439
770
1026
1205
1261
1250
1193
1145
1220
1353
1467
1398
1265
1235
1318
1431
1390
1210
925
602
280
-36
-312
-617
-943
-1225
-1354
-1305
-1177
-1022
-823
-511
-115
285
643
951
1238
1493
1693
1783
1747
1656
1572
1496
1376
1181
908
535
188
-71
-202
-280
-371
-412
-427
-336
-294
-261
-149
-3
86
85
142
147
115
154
248
336
379
432
468
523
657
788
879
927
968
996
965
900
800
689
535
365
233
120
42
-42
-72
-77
-85
-86
-62
41
149
295
436
552
663
752
819
789
680
461
19
-663
-1618
-2635
-3493
-4075
-4435
-4742
-4928
-4986
-4840
-4491
-3946
-3203
-2442
-1769
-1256
-763
-225
260
641
897
1110
1242
1282
1316
1350
1439
1581
1769
1906
1895
1863
1881
1951
1949
1773
1465
1088
696
272
-126
-501
-881
-1219
-1443
-1487
-1388
-1193
-926
-583
-141
320
750
1100
1388
1639
1834
1952
1950
1879
1796
1691
1513
1182
846
579
362
176
-7
-60
-144
-195
-261
-269
-139
-95
-92
-127
14
115
56
53
88
136
116
158
246
315
469
613
748
901
1029
1108
1109
1154
1172
1112
946
748
629
532
409
245
149
114
60
15
5
34
75
121
221
310
389
411
391
388
385
353
167
-107
-490
-1056
-1898
-2974
-4028
-4853
-5326
-5605
-5793
-5880
-5811
-5527
-5038
-4317
-3481
-2686
-1992
-1391
-804
-210
361
855
1223
1490
1682
1836
1941
2006
2140
2367
2609
2726
2719
2711
2738
2766
2649
2339
1875
1325
792
281
-187
-637
-1063
-1399
-1572
-1539
-1368
-1102
-772
-386
69
563
1010
1375
1671
1931
2154
2228
2082
1719
1382
1114
857
609
414
366
346
476
644
891
1180
1327
1366
1367
1422
1252
928
677
429
128
-177
-420
-599
-647
-524
-334
-86
247
535
784
1019
1243
1374
1374
1299
1140
1012
830
557
325
194
132
61
71
165
260
370
506
645
759
813
789
701
580
425
157
-86
-252
-397
-565
-872
-1361
-2168
-3339
-4686
-5932
-6809
-7343
-7808
-8162
-8344
-8227
-7844
-7236
-6265
-5134
-3994
-3039
-2148
-1153
-182
726
1490
2115
2566
2841
3118
3363
3545
3729
3942
4153
4184
4135
4119
4149
4136
3885
3443
2844
2179
1454
693
12
-660
-1301
-1825
-2137
-2189
-2037
-1714
-1305
-821
-274
319
890
1371
1737
1882
1776
1607
1419
1264
1157
1094
1140
1186
1454
1718
2099
2668
3123
3349
3335
3364
3137
2699
2287
1759
1073
365
-263
-839
-1266
-1470
-1585
-1532
-1260
-924
-529
-89
344
671
950
1111
1081
1086
1078
949
757
626
522
435
538
764
995
1250
1478
1644
1761
1890
1862
1715
1501
1210
777
203
-239
-709
-1030
-1294
-1565
-1884
-2409
-3164
-4560
-6288
-7833
-8957
-9580
-10142
-10627
-10965
-10980
-10503
-9809
-8635
-7144
-5623
-4192
-2902
-1477
-48
1331
2510
3318
3910
4256
4499
4694
4833
4997
5193
5450
5491
5299
5208
5276
5368
5158
4661
3952
3109
2253
1314
412
-485
-1354
-2131
-2710
-2925
-2906
-2681
-2282
-1708
-980
-174
631
1212
1530
1600
1618
1549
1492
1519
1616
1818
1984
2267
2564
3011
3531
3974
4340
4485
4424
4077
3631
3174
2542
1745
878
5
-740
-1303
-1664
-1866
-1925
-1820
-1650
-1357
-965
-495
-34
367
687
874
1033
1076
1096
1137
1181
1179
1156
1246
1364
1532
1742
1962
2132
2207
2241
2218
2117
1907
1560
1200
732
240
-327
-891
-1284
-1664
-1881
-2174
-2517
-3162
-4430
-6135
-8115
-9782
-10961
-11760
-12389
-12983
-13267
-13053
-12302
-11110
-9551
-7703
-5830
-4108
-2487
-846
751
2125
3272
4087
4588
4897
5082
5273
5465
5751
6114
6402
6528
6494
6556
6707
6709
6361
5667
4793
3766
2695
1556
402
-715
-1794
-2654
-3248
-3459
-3366
-3051
-2506
-1821
-1013
-160
572
961
1007
1079
1085
1026
1048
1088
1334
1497
1871
2250
2713
3584
4240
4863
5408
5717
5547
5039
4589
3887
2938
1958
851
-242
-1037
-1643
-2104
-2246
-2151
-2021
-1652
-1103
-576
-67
392
741
855
1071
1154
950
888
822
693
604
677
813
1020
1413
1796
2117
2392
2580
2609
2604
2555
2193
1742
1264
686
83
-591
-1162
-1708
-2187
-2519
-2929
-3368
-4163
-5639
-7578
-9463
-10887
-11869
-12640
-13418
-13973
-14014
-13379
-12323
-11002
-9213
-7264
-5416
-3619
-1839
-99
1487
2900
4044
4781
5298
5679
5918
6160
6399
6710
7079
7250
7157
7093
7261
7389
7178
6601
5804
4837
3801
2721
1500
296
-858
-1950
-2775
-3281
-3487
-3469
-3188
-2688
-2033
-1236
-543
-248
-114
154
232
186
135
236
497
919
1495
2010
2850
3849
4534
5156
5994
6483
6271
5928
5589
4824
3749
2672
1466
243
-654
-1401
-2068
-2338
-2362
-2273
-1917
-1408
-899
-350
177
473
691
993
916
570
496
482
299
197
342
503
779
1262
1782
2288
2813
3168
3184
3221
3123
2677
2101
1463
778
26
-722
-1469
-2184
-2596
-2879
-3206
-3536
-4234
-5550
-7290
-9004
-10427
-11511
-12351
-13195
-13924
-14109
-13683
-12863
-11632
-9970
-8138
-6237
-4241
-2275
-453
1265
2899
4202
5100
5720
6064
6282
6455
6589
6824
7129
7328
7333
7366
7552
7660
7561
7222
6567
5708
4783
3688
2396
1049
-299
-1559
-2552
-3237
-3688
-3868
-3714
-3366
-2933
-2405
-1955
-1623
-1310
-1039
-795
-528
-190
201
688
1246
1838
2486
3198
3905
4586
5358
5939
6176
6203
5969
5498
4817
4012
3133
2137
1167
312
-434
-1011
-1427
-1674
-1696
-1592
-1392
-1095
-822
-556
-280
-55
93
145
151
159
111
125
273
457
754
1094
1470
1880
2212
2504
2713
2847
2878
2731
2365
1872
1315
691
85
-503
-1089
-1643
-2153
-2593
-2976
-3533
-4378
-5608
-7241
-8986
-10486
-11621
-12521
-13345
-13901
-13973
-13633
-12759
-11483
-9981
-8184
-6254
-4316
-2442
-696
966
2429
3604
4556
5200
5621
5965
6204
6528
6933
7289
7667
7918
8065
8258
8389
8353
7989
7287
6436
5378
4154
2872
1452
79
-1142
-2208
-2957
-3435
-3642
-3597
-3353
-2959
-2695
-2693
-2713
-2684
-2503
-2199
-1935
-1609
-1154
-483
302
1217
2303
3396
4381
5319
6154
6744
7063
7039
6762
6276
5586
4674
3564
2536
1633
806
158
-341
-717
-862
-809
-634
-382
-166
-58
-102
-115
-113
-282
-503
-715
-853
-851
-718
-492
-139
399
978
1592
2196
2760
3184
3435
3537
3375
3002
2447
1732
928
200
-544
-1307
-2081
-2870
-3650
-4606
-5823
-7413
-9127
-10601
-11727
-12663
-13524
-14177
-14482
-14223
-13525
-12531
-11262
-9734
-8015
-6278
-4478
-2628
-832
817
2254
3462
4478
5346
6032
6596
7087
7584
8107
8528
8766
8846
8930
9017
8942
8556
7918
7115
6167
5158
4042
2829
1583
346
-799
-1771
-2465
-2957
-3331
-3645
-3879
-3932
-3885
-3861
-3862
-3734
-3426
-2973
-2386
-1737
-956
22
1114
2134
3224
4363
5239
5904
6533
7064
7181
6957
6577
6067
5435
4717
3923
3059
2276
1593
1040
603
212
-108
-339
-511
-652
-715
-806
-989
-1171
-1184
-1184
-1382
-1523
-1521
-1415
-1115
-672
-172
409
1039
1607
2069
2458
2738
2766
2629
2463
2114
1669
1137
504
-46
-468
-928
-1494
-2105
-2856
-3877
-5271
-6859
-8520
-10156
-11514
-12691
-13660
-14277
-14486
-14205
-13486
-12477
-11256
-9747
-8042
-6264
-4564
-2893
-1255
160
1417
2492
3389
4210
4933
5556
6192
6864
7509
8111
8631
9099
9469
9711
9795
9559
9050
8345
7440
6332
5086
3766
2453
1225
85
-872
-1654
-2186
-2550
-2834
-2943
-3218
-3647
-3953
-4184
-4325
-4257
-4106
-3812
-3290
-2533
-1549
-558
793
2204
3374
4669
5876
6659
7199
7519
7408
7105
6531
5868
5009
4116
3495
2783
2266
1955
1613
1442
1475
1383
1372
1370
1125
809
401
59
-544
-1266
-1743
-2202
-2441
-2225
-1873
-1518
-919
-327
321
1038
1662
2114
2262
2324
2237
1945
1626
1216
631
58
-557
-1340
-2142
-3039
-4192
-5568
-7041
-8562
-9964
-11120
-12148
-13111
-13791
-13985
-13854
-13477
-12767
-11799
-10651
-9257
-7770
-6314
-4814
-3290
-1780
-334
1007
2224
3322
4365
5367
6270
7168
8016
8651
9153
9570
9889
10111
10163
9968
9552
8983
8262
7353
6279
5159
3992
2820
1779
779
-162
-938
-1569
-2096
-2754
-3566
-4256
-4724
-5004
-5121
-5178
-5098
-4802
-4169
-3263
-2313
-1080
313
1517
2707
3996
5031
5739
6275
6664
6852
6726
6512
6068
5483
5098
4678
4221
3850
3484
3126
2883
2600
2324
2039
1629
1140
629
260
-259
-1003
-1597
-2080
-2540
-2735
-2739
-2711
-2411
-1852
-1212
-564
133
831
1323
1718
2033
2083
2014
1858
1541
1157
758
269
-229
-657
-1151
-1770
-2553
-3556
-5042
-6747
-8402
-9981
-11402
-12710
-13865
-14827
-15201
-15045
-14539
-13758
-12633
-11235
-9700
-7904
-6126
-4392
-2751
-1236
163
1414
2566
3564
4494
5365
6274
7173
8094
8896
9495
10099
10656
11150
11426
11431
11145
10594
9859
8862
7621
6209
4754
3272
1886
687
-424
-1396
-2125
-2752
-3610
-4500
-5113
-5558
-5887
-6055
-6131
-6084
-5679
-4853
-4008
-3033
-1648
-268
938
2319
3785
4841
5703
6465
6969
7196
7195
7044
6603
6244
5967
5487
5000
4608
4184
3814
3637
3340
3088
2853
2436
1867
1334
801
-165
-1254
-2120
-2874
-3510
-3659
-3558
-3338
-2606
-1670
-830
-84
697
1316
1640
1958
2172
2121
1948
1669
1108
545
53
-589
-1300
-2009
-2872
-4082
-5521
-7115
-8744
-10198
-11499
-12813
-13942
-14642
-15093
-15178
-14798
-14170
-13354
-12199
-10673
-9097
-7494
-5690
-3936
-2344
-765
737
2117
3405
4584
5649
6676
7706
8668
9484
10237
10908
11433
11889
12119
12012
11700
11187
10385
9395
8255
6906
5458
4005
2617
1272
89
-868
-1814
-2551
-3177
-4205
-5313
-5997
-6403
-6680
-6716
-6679
-6590
-6126
-5086
-4044
-2992
-1331
237
1481
3009
4657
5686
6413
7225
7786
8010
8054
8006
7461
7016
6781
6252
5724
5213
4593
4033
3748
3310
2863
2461
1909
1122
370
-153
-1224
-2393
-3102
-3728
-4326
-4416
-4232
-3998
-3290
-2358
-1451
-740
47
767
1163
1754
2402
2715
2830
2724
2252
1891
1492
794
54
-770
-1822
-3201
-4763
-6474
-8482
-10363
-11792
-13271
-14627
-15430
-15968
-16179
-15807
-15099
-14228
-13062
-11590
-9976
-8439
-6668
-4804
-3193
-1567
-38
1366
2788
4122
5306
6525
7741
8888
10011
10992
11847
12430
12927
13283
13157
12829
12313
11407
10247
8988
7534
6000
4513
3080
1710
416
-595
-1565
-2679
-3866
-5072
-6015
-6635
-7089
-7394
-7655
-7757
-7322
-6473
-5532
-4442
-3015
-1407
182
1867
3678
5046
6112
7226
8038
8486
8638
8534
8131
7716
7323
6881
6268
5626
5116
4643
4385
4027
3635
3279
2796
2130
1410
566
-695
-1975
-3059
-3926
-4589
-4793
-4692
-4467
-3800
-2876
-2039
-1267
-292
647
1466
2330
2906
2973
2784
2499
1905
1158
463
-489
-1585
-2655
-3834
-5220
-6738
-8257
-9865
-11263
-12339
-13330
-14176
-14581
-14685
-14663
-14192
-13514
-12729
-11677
-10337
-8854
-7356
-5642
-3967
-2419
-819
822
2364
3884
5398
6615
7773
8921
9905
10701
11329
11841
12072
12189
12152
11808
11265
10591
9696
8595
7495
6237
4884
3567
2296
1067
-90
-1081
-2144
-3326
-4569
-5713
-6567
-7098
-7407
-7632
-7636
-7354
-6695
-5643
-4486
-3187
-1629
23
1637
3248
4776
5936
6837
7652
8269
8481
8442
8264
7849
7496
7169
6701
6100
5479
4912
4399
4008
3601
3145
2605
2006
1264
467
-350
-1451
-2561
-3469
-4179
-4663
-4778
-4545
-4102
-3360
-2476
-1675
-1008
-202
697
1508
2285
2836
3034
2936
2699
2270
1673
988
152
-824
-1936
-3086
-4365
-5797
-7318
-8926
-10407
-11728
-12891
-13906
-14609
-14998
-15063
-14659
-14008
-13166
-12162
-10883
-9404
-7841
-6123
-4394
-2727
-1117
536
2088
3532
4899
6094
7268
8376
9431
10355
11058
11606
11960
12158
12191
12004
11529
10878
10057
9055
7957
6695
5350
3947
2565
1271
28
-1065
-2074
-3485
-5151
-6388
-7209
-7871
-8227
-8401
-8423
-7958
-6851
-5500
-4406
-2745
-741
856
2429
4297
5766
6577
7411
8109
8552
8504
8335
7913
7364
7192
6861
6418
5995
5663
5320
5274
5053
4547
4121
3399
2377
1089
106
-1087
-2604
-3653
-4190
-4633
-4733
-4286
-3955
-3393
-2534
-1658
-916
-156
744
1397
1950
2568
2868
2701
2403
1843
1122
443
-550
-1838
-3272
-4954
-6830
-8581
-10021
-11365
-12744
-13863
-14604
-15078
-14965
-14446
-13993
-13275
-12195
-11040
-9844
-8476
-7030
-5684
-4292
-2722
-1192
184
1637
3097
4520
6003
7340
8583
9739
10614
11341
12012
12493
12591
12323
11889
11261
10375
9423
8321
6939
5568
4259
2953
1737
646
-415
-1336
-2252
-3570
-5039
-6176
-6891
-7459
-7755
-7900
-7936
-7475
-6429
-5377
-4244
-2519
-816
680
2381
4244
5456
6415
7463
8162
8479
8641
8620
7985
7572
7369
6940
6380
5926
5479
4969
4722
4283
3852
3422
2869
1991
1144
497
-666
-1896
-2758
-3463
-4216
-4425
-4323
-4305
-3794
-2848
-1902
-1123
-98
885
1521
2269
2958
3205
3057
2857
2307
1575
931
-106
-1398
-2858
-4465
-6352
-8153
-9728
-11321
-12667
-13697
-14464
-15055
-15013
-14664
-14290
-13480
-12368
-11234
-10074
-8659
-7341
-6067
-4601
-3039
-1580
-181
1363
2760
4167
5670
7051
8323
9532
10575
11369
12070
12520
12609
12436
12046
11397
10520
9583
8430
7065
5814
4564
3215
1941
810
-357
-1343
-2267
-3707
-5243
-6343
-7086
-7738
-8125
-8379
-8453
-7986
-6883
-5737
-4605
-2725
-832
752
2587
4588
5897
6839
7797
8449
8785
8762
8613
7988
7478
7228
6769
6272
5899
5533
5226
5257
5005
4708
4361
3720
2701
1638
821
-508
-2001
-3036
-3760
-4461
-4548
-4263
-4065
-3448
-2532
-1599
-749
431
1595
2386
3066
3539
3445
2970
2484
1635
555
-602
-2164
-4119
-6044
-7957
-9868
-11485
-12761
-13937
-14857
-15141
-15167
-14950
-14256
-13379
-12566
-11520
-10227
-9102
-7987
-6677
-5390
-4253
-2934
-1484
-188
1184
2721
4284
5874
7505
8926
10138
11275
12152
12718
13072
13103
12640
11915
11070
9920
8577
7239
5880
4486
3265
2193
1076
163
-626
-1331
-2285
-3727
-5106
-6171
-6979
-7563
-7985
-8514
-8550
-7920
-6798
-5691
-4308
-2236
-383
1310
3328
5346
6525
7620
8576
9150
9385
9168
8760
7879
7259
6825
6332
5807
5464
5181
5086
5222
4894
4748
4507
3906
2948
2046
1068
-542
-2099
-3204
-3963
-4630
-4614
-4404
-4113
-3207
-2073
-952
24
1190
2159
2817
3391
3710
3481
2915
2260
1161
-11
-1488
-3433
-5524
-7624
-9627
-11380
-12735
-13867
-14843
-15417
-15377
-15061
-14498
-13524
-12637
-11792
-10639
-9493
-8476
-7418
-6230
-5077
-3925
-2524
-1016
404
1878
3569
5269
6993
8645
9994
11189
12084
12732
13121
13162
12761
11973
11049
9981
8728
7344
6041
4668
3357
2325
1331
416
-386
-1328
-2632
-3896
-4758
-5611
-6588
-7435
-8071
-8530
-8363
-7611
-6952
-6002
-4361
-2383
-581
1436
3586
5249
6630
7952
9053
9500
9619
9336
8820
8396
7924
7285
6550
6069
5621
5444
5421
5241
4948
4775
4590
3909
3160
2287
966
-589
-1793
-2773
-3743
-4370
-4597
-4447
-3960
-2978
-2018
-1166
-81
1069
2109
2996
3636
3814
3590
3041
2254
1188
-234
-2087
-4336
-6706
-9033
-11187
-12946
-14323
-15621
-16422
-16539
-16213
-15595
-14788
-13744
-12624
-11330
-9936
-8702
-7665
-6539
-5371
-4287
-3045
-1749
-420
985
2537
4291
6089
7885
9546
11006
12230
13227
13875
14152
13953
13196
12265
11143
9777
8233
6596
5011
3488
2182
1106
152
-737
-1830
-3150
-4288
-5007
-5768
-6602
-7339
-8027
-8357
-8137
-7553
-7046
-6106
-4512
-2799
-1091
1023
3182
4784
6417
8014
9258
9942
10239
10110
9642
9302
8822
8048
7129
6468
5884
5543
5389
5083
4874
4721
4448
3851
3262
2452
1157
-167
-1139
-2033
-2983
-3621
-4084
-4198
-3735
-2910
-2193
-1456
-368
883
2008
2974
3641
3804
3663
3173
2237
986
-667
-3001
-5686
-8433
-10959
-13109
-14899
-16338
-17605
-18165
-17908
-17170
-16212
-15009
-13682
-12265
-10533
-8974
-7668
-6558
-5477
-4447
-3516
-2414
-1238
-30
1322
2947
4741
6721
8701
10396
11940
13271
14345
15066
15239
14814
13857
12652
11240
9498
7558
5623
3770
2119
853
-232
-1108
-1827
-2867
-4104
-5024
-5567
-6253
-7027
-7681
-8267
-8543
-8163
-7574
-7140
-5967
-4116
-2366
-509
1880
4129
5784
7497
9191
10345
10838
11015
10708
10075
9622
8900
7914
6973
6290
5766
5528
5385
5040
4893
4827
4514
3863
3318
2478
1000
-327
-1266
-2290
-3358
-3864
-4152
-4185
-3478
-2476
-1500
-390
957
2070
2878
3610
4025
3850
3327
2586
1148
-682
-2920
-5812
-8785
-11444
-13895
-15920
-17316
-18356
-18955
-18823
-17885
-16641
-15268
-13527
-11824
-10299
-8607
-7098
-6025
-4980
-3940
-3089
-2209
-1121
77
1315
2823
4691
6613
8613
10616
12243
13646
14803
15434
15534
15138
14123
12647
11000
9164
7097
4967
3100
1381
-91
-1057
-1851
-2753
-3654
-4376
-4879
-5248
-5680
-6238
-6858
-7226
-7313
-7281
-7043
-6458
-5489
-4158
-2585
-811
1244
3233
5108
6890
8600
9957
10676
10948
10913
10534
9843
9031
7888
6757
5910
5279
4794
4333
4101
3949
3782
3594
3406
3015
2267
1288
311
-440
-1276
-2084
-2738
-3163
-3252
-2964
-2424
-1764
-889
203
1372
2323
3084
3618
3691
3374
2770
1645
-67
-2475
-5325
-8262
-11042
-13437
-15495
-17225
-18523
-19072
-18892
-18032
-16847
-15440
-13654
-11751
-9848
-8109
-6612
-5398
-4345
-3387
-2491
-1605
-718
273
1311
2629
4311
6158
8064
9922
11621
13135
14424
15276
15497
15053
14114
12844
11259
9385
7279
5121
3109
1276
-240
-1405
-2293
-2923
-3306
-4004
-5079
-5797
-6172
-6602
-7051
-7330
-7665
-7822
-7299
-6366
-5645
-4325
-2176
-441
1238
3624
5935
7335
8699
10143
10961
11053
10895
10398
9276
8442
7656
6620
5740
5122
4576
4330
4263
3913
3792
3728
3348
2618
2101
1548
164
-1148
-1892
-2636
-3419
-3567
-3413
-3095
-2191
-887
348
1360
2496
3408
3865
4198
4206
3631
2705
1280
-751
-3039
-5627
-8572
-11321
-13699
-15738
-17332
-18227
-18486
-18457
-17678
-16289
-14881
-13376
-11537
-9916
-8589
-7095
-5796
-4810
-3985
-3004
-2029
-1170
56
1529
3067
4764
6696
8612
10491
12145
13442
14531
15107
15157
14700
13790
12375
10555
8744
6870
4809
2861
1274
-187
-1423
-2163
-2814
-3639
-4416
-4874
-5223
-5564
-5825
-6265
-6754
-6930
-6764
-6625
-6265
-5385
-4211
-2874
-1266
703
2601
4422
6180
7830
9246
10175
10618
10623
10393
9791
9010
8041
6911
5794
4883
4331
3726
3282
3140
3097
2901
2725
2599
2122
1351
493
-262
-1113
-1867
-2416
-2772
-2728
-2338
-1655
-844
78
976
1899
2784
3361
3680
3778
3619
3007
2020
655
-1306
-3743
-6326
-8913
-11447
-13669
-15512
-17051
-18069
-18413
-18110
-17351
-16200
-14768
-13268
-11587
-9879
-8317
-6932
-5618
-4420
-3358
-2279
-1230
-101
1080
2438
3992
5702
7528
9234
10879
12355
13533
14340
14798
14771
14143
13149
11870
10326
8499
6583
4665
2768
1093
-342
-1497
-2509
-3416
-4301
-5113
-5693
-6134
-6466
-6804
-7047
-7205
-7097
-6729
-6222
-5503
-4436
-3009
-1518
169
2005
3811
5395
6899
8302
9291
9881
10095
9980
9527
8931
8162
7243
6295
5469
4818
4270
3861
3471
3182
2955
2683
2276
1751
1085
197
-659
-1351
-1964
-2547
-2873
-2953
-2762
-2196
-1404
-495
478
1551
2485
3149
3580
3823
3779
3418
2771
1566
-71
-2099
-4534
-7143
-9653
-11931
-13940
-15571
-16773
-17415
-17510
-16964
-16036
-14949
-13606
-12145
-10620
-9100
-7668
-6443
-5275
-4158
-3104
-2061
-1016
196
1468
2933
4580
6266
8015
9714
11232
12513
13568
14226
14439
14173
13496
12495
11175
9642
7864
5974
4168
2486
977
-278
-1345
-2325
-3291
-4196
-4880
-5394
-5822
-6202
-6601
-6918
-7009
-6879
-6531
-6034
-5249
-4095
-2771
-1296
399
2152
3744
5327
6809
8065
8932
9430
9680
9563
9270
8735
7947
7001
6112
5365
4730
4205
3672
3282
2942
2651
2343
1988
1501
743
-83
-901
-1668
-2425
-2966
-3226
-3154
-2649
-1928
-1118
-289
558
1435
2288
2983
3479
3732
3712
3439
2796
1763
370
-1535
-3741
-6111
-8531
-10741
-12689
-14408
-15849
-16763
-17148
-16904
-16352
-15495
-14344
-13031
-11442
-9968
-8553
-7253
-5981
-4763
-3569
-2387
-1291
-51
1190
2667
4225
5857
7560
9127
10617
11879
12984
13766
14178
14062
13570
12825
11716
10402
8760
7024
5244
3534
2029
643
-551
-1561
-2297
-2948
-3607
-4455
-5454
-6239
-6779
-7119
-7493
-7806
-7880
-7520
-6649
-5516
-4170
-2613
-692
1309
3315
5270
6931
8249
9181
9870
10164
10077
9541
8758
7882
7043
6296
5468
4775
4226
3936
3777
3652
3463
3185
2842
2298
1609
675
-409
-1625
-2742
-3538
-4038
-4243
-4130
-3576
-2712
-1531
-209
1004
2078
2999
3759
4241
4412
4276
3826
3021
1880
362
-1703
-4098
-6571
-8902
-10930
-12716
-14263
-15450
-16216
-16483
-16197
-15640
-14860
-13874
-12745
-11452
-10185
-8943
-7712
-6624
-5592
-4444
-3280
-2070
-729
694
2305
4021
5842
7699
9354
10827
12124
13189
13937
14240
14043
13466
12562
11398
10085
8571
6965
5329
3739
2330
1076
-6
-957
-1913
-2836
-3583
-4235
-4888
-5546
-6164
-6675
-7072
-7208
-7086
-6817
-6210
-5158
-3866
-2408
-734
1069
2806
4452
6118
7609
8623
9299
9684
9676
9394
8873
8166
7312
6446
5703
5066
4472
3951
3520
3168
2873
2507
2141
1700
1016
191
-594
-1368
-2216
-2988
-3510
-3804
-3866
-3508
-2816
-1956
-878
307
1406
2369
3125
3660
3946
3950
3746
3240
2417
1299
-233
-2144
-4276
-6556
-8709
-10593
-12402
-13978
-15183
-15943
-16281
-16266
-15919
-15307
-14444
-13303
-11984
-10720
-9368
-8008
-6739
-5424
-4095
-2769
-1450
-51
1431
3001
4646
6359
8016
9514
10913
12082
13047
13693
13935
13869
13520
12864
11880
10640
9179
7607
6015
4505
3064
1658
439
-634
-1596
-2610
-3726
-4697
-5460
-6123
-6680
-7113
-7514
-7649
-7349
-6727
-6033
-5067
-3637
-2105
-522
1347
3206
4732
6181
7514
8538
9163
9463
9436
9054
8586
8065
7340
6508
5783
5080
4537
4096
3571
3138
2762
2326
1785
1271
647
-293
-1357
-2267
-3109
-3883
-4311
-4497
-4433
-3934
-3035
-1975
-862
315
1456
2421
3144
3663
3811
3706
3430
2879
2236
1431
348
-953
-2510
-4420
-6383
-8169
-9769
-11256
-12709
-13863
-14742
-15278
-15378
-15306
-15076
-14447
-13483
-12440
-11258
-9938
-8552
-7160
-5721
-4132
-2597
-1086
490
2044
3610
5234
6795
8228
9492
10517
11460
12285
12828
13081
13056
12849
12384
11638
10694
9496
8129
6773
5427
4015
2627
1270
-7
-1149
-2368
-3651
-4787
-5660
-6384
-7002
-7472
-7812
-7869
-7471
-6696
-5926
-4869
-3349
-1796
-301
1377
3105
4513
5768
6926
7874
8392
8634
8676
8397
8062
7663
7134
6466
5848
5309
4894
4476
3898
3405
2916
2358
1629
919
207
-739
-1772
-2628
-3314
-3943
-4227
-4249
-4065
-3582
-2778
-1801
-871
182
1333
2312
2923
3220
3177
2908
2575
2128
1621
958
285
-380
-1210
-2292
-3647
-5085
-6532
-7960
-9397
-10718
-12069
-13262
-14017
-14484
-14677
-14609
-14132
-13441
-12573
-11395
-9925
-8345
-6731
-4993
-3308
-1634
-23
1517
2951
4229
5487
6667
7719
8582
9319
9975
10540
10923
11099
11133
10925
10584
10142
9530
8713
7720
6590
5304
3946
2617
1318
-24
-1306
-2504
-3659
-4600
-5321
-5884
-6272
-6458
-6406
-6117
-5567
-4808
-3927
-2867
-1612
-355
838
2085
3226
4245
5223
6061
6697
7074
7287
7294
7101
6789
6381
5811
5156
4530
3840
3192
2554
1922
1306
675
68
-580
-1162
-1649
-2101
-2496
-2721
-2886
-3018
-2965
-2758
-2375
-1852
-1195
-524
141
880
1608
2198
2683
3049
3181
3171
2969
2582
2136
1659
1116
476
-157
-717
-1283
-1915
-2740
-3902
-5274
-6670
-8077
-9460
-10780
-12075
-13168
-13905
-14273
-14325
-14003
-13213
-12114
-10794
-9230
-7457
-5641
-3778
-1898
-119
1569
3042
4297
5357
6238
6991
7605
8073
8364
8568
8791
9054
9226
9271
9231
9029
8667
8145
7462
6578
5543
4376
3079
1687
251
-1136
-2493
-3726
-4766
-5506
-5987
-6247
-6209
-5903
-5375
-4661
-3664
-2587
-1476
-244
1030
2160
3133
4101
4863
5434
5899
6252
6383
6293
6156
5916
5585
5199
4767
4243
3659
3021
2320
1630
908
183
-499
-1102
-1707
-2285
-2712
-3030
-3304
-3463
-3401
-3248
-2996
-2529
-1904
-1243
-503
330
1096
1765
2392
2887
3179
3384
3446
3335
3101
2752
2284
1758
1244
654
64
-428
-853
-1323
-1772
-2161
-2566
-2991
-3571
-4563
-5858
-7149
-8427
-9646
-10789
-11777
-12561
-12982
-12981
-12691
-11979
-10751
-9137
-7401
-5492
-3482
-1509
375
2094
3616
4860
5835
6481
6852
7052
7113
7077
6987
6861
6661
6562
6588
6590
6543
6415
6187
5757
5166
4468
3608
2586
1433
200
-1099
-2376
-3544
-4494
-5192
-5568
-5617
-5365
-4823
-4008
-2927
-1728
-423
888
2137
3234
4193
4975
5514
5842
5984
5962
5736
5419
5073
4664
4224
3824
3455
3057
2644
2231
1809
1323
782
232
-363
-987
-1618
-2203
-2672
-3073
-3368
-3488
-3459
-3311
-2980
-2415
-1772
-1092
-361
410
1113
1741
2289
2683
2923
3045
3023
2848
2567
2206
1817
1404
975
488
13
-505
-1024
-1516
-1988
-2331
-2733
-3170
-3696
-4107
-4423
-4670
-4725
-4945
-5340
-6076
-6732
-7393
-7962
-8202
-8298
-8241
-8189
-7758
-7160
-6283
-5118
-3712
-2250
-960
366
1587
2696
3601
4379
4991
5276
5301
5139
4904
4625
4345
4144
3899
3621
3367
3242
3147
3008
2898
2732
2491
2128
1739
1270
701
113
-488
-1008
-1472
-1782
-1958
-1955
-1761
-1425
-877
-195
589
1402
2250
3007
3643
4194
4592
4829
4894
4824
4567
4175
3725
3251
2776
2336
1941
1521
1112
772
458
189
-30
-205
-401
-608
-808
-1022
-1196
-1373
-1515
-1599
-1622
-1597
-1513
-1326
-1085
-814
-512
-160
168
471
764
992
1122
1173
1168
1083
912
651
340
-36
-424
-849
-1247
-1616
-1997
-2341
-2646
-2854
-3100
-3202
-3262
-3293
-3253
-3202
-3049
-2986
-2841
-2712
-2578
-2468
-2350
-2254
-2320
-2400
-2600
-2809
-3013
-3148
-3207
-3214
-3140
-2971
-2735
-2396
-1972
-1490
-1010
-534
-44
397
814
1103
1380
1590
1717
1766
1775
1774
1722
1734
1766
1830
1880
1987
2139
2278
2409
2509
2585
2585
2560
2509
2427
2280
2068
1862
1637
1423
1249
1142
1104
1094
1131
1202
1285
1428
1622
1842
2043
2206
2343
2423
2465
2461
2430
2337
2178
2004
1816
1618
1414
1216
1017
824
637
472
324
198
82
-23
-107
-172
-229
-282
-334
-394
-447
-508
-572
-641
-709
-761
-816
-863
-908
-955
-987
-994
-993
-1017
-1027
-1051
-1102
-1195
-1296
-1424
-1573
-1735
-1880
-1992
-2106
-2172
-2235
-2268
-2315
-2344
-2351
-2365
-2327
-2277
-2200
-2134
-2051
-1929
-1816
-1695
-1586
-1486
-1416
-1356
-1273
-1200
-1151
-1160
-1231
-1308
-1431
-1528
-1599
-1628
-1621
-1608
-1506
-1398
-1218
-983
-715
-451
-174
136
412
666
916
1176
1407
1550
1660
1709
1724
1744
1772
1840
1893
1963
2019
2072
2113
2146
2200
2241
2291
2353
2416
2454
2432
2396
2323
2231
2137
2058
2013
1959
1910
1861
1801
1725
1663
1635
1627
1601
1584
1596
1600
1598
1567
1511
1420
1292
1162
1013
848
670
498
326
154
5
-118
-232
-350
-463
-555
-631
-670
-697
-721
-757
-805
-859
-938
-1017
-1100
-1163
-1239
-1319
-1402
-1508
-1601
-1693
-1764
-1830
-1866
-1888
-1902
-1904
-1918
-1917
-1905
-1884
-1889
-1896
-1916
-1956
-1979
-1980
-1968
-1952
-1924
-1887
-1857
-1787
-1687
-1567
-1436
-1290
-1151
-1052
-960
-890
-809
-733
-655
-588
-527
-467
-419
-350
-264
-165
-74
6
83
148
206
266
319
383
446
517
584
638
690
742
796
851
903
954
1001
1062
1114
1178
1251
1334
1411
1478
1551
1582
1607
1628
1661
1701
1744
1762
1762
1766
1776
1789
1801
1824
1822
1795
1745
1677
1602
1540
1477
1400
1321
1229
1123
1013
924
843
766
680
602
526
465
415
349
293
229
165
109
41
-34
-113
-176
-224
-288
-361
-447
-551
-652
-741
-814
-871
-916
-960
-1013
-1072
-1126
-1177
-1227
-1263
-1292
-1326
-1348
-1360
-1383
-1426
-1483
-1543
-1599
-1629
-1648
-1653
-1644
-1607
-1563
-1511
-1457
-1425
-1393
-1355
-1309
-1269
-1214
-1143
-1087
-1024
-962
-901
-848
-800
-743
-693
-620
-540
-447
-351
-251
-139
-44
32
98
176
265
357
433
503
547
572
588
592
592
592
607
645
679
732
786
827
872
902
933
951
958
971
988
1012
1017
1017
1009
983
960
936
943
959
972
990
993
984
969
949
916
872
838
806
755
712
668
618
573
531
488
435
379
349
342
359
373
371
364
337
294
250
208
170
129
97
60
11
-19
-49
-72
-107
-130
-146
-176
-197
-225
-265
-316
-377
-431
-479
-513
-528
-535
-535
-542
-568
-601
-634
-661
-681
-697
-708
-711
-698
-679
-671
-669
-672
-668
-660
-649
-641
-647
-654
-657
-647
-630
-611
-594
-582
-558
-525
-494
-459
-427
-407
-390
-368
-352
-334
-305
-279
-258
-252
-230
-198
-164
-137
-125
-114
-111
-100
-70
-30
12
47
74
80
78
77
88
118
152
184
214
230
248
258
271
275
270
275
291
324
359
406
440
474
496
500
485
466
450
437
434
434
441
447
453
445
431
421
425
434
460
488
517
526
517
493
464
452
443
438
416
383
343
306
286
260
227
197
168
156
153
150
144
124
101
77
51
20
-18
-45
-67
-80
-97
-113
-134
-164
-187
-201
-212
-211
-205
-199
-196
-197
-189
-172
-157
-160
-178
-207
-235
-246
-235
-217
-200
-187
-184
-195
-214
-231
-255
-288
-314
-322
-321
-315
-313
-322
-350
-388
-404
-407
-406
-397
-379
-354
-340
-326
-318
-315
-303
-283
-259
-236
-213
-187
-161
-139
-136
-157
-180
-191
-186
-163
-151
-139
-125
-106
-84
-68
-52
-39
-29
-11
13
41
62
73
77
69
59
51
47
52
71
102
135
161
177
196
210
228
258
298
334
362
377
371
354
334
313
287
262
255
252
250
242
236
241
245
254
262
262
255
239
223
204
182
167
157
149
141
138
135
130
135
147
164
174
177
189
197
198
195
186
180
181
188
192
185
161
135
118
97
87
77
65
42
8
-28
-75
-114
-142
-168
-199
-234
-256
-274
-282
-277
-274
-275
-279
-281
-280
-278
-270
-256
-240
-228
-230
-238
-240
-231
-214
-198
-193
-194
-194
-187
-181
-173
-159
-150
-153
-159
-156
-150
-148
-150
-155
-169
-185
-186
-171
-152
-134
-126
-129
-128
-125
-119
-115
-107
-87
-64
-50
-47
-42
-33
-16
0
13
25
33
45
55
61
61
55
50
48
41
38
43
52
68
86
111
137
162
184
198
202
199
189
184
186
196
205
207
202
189
180
175
178
193
218
236
239
223
197
178
171
169
165
149
124
98
67
48
35
25
17
9
4
6
12
21
27
31
35
31
24
21
16
14
7
-6
-21
-34
-39
-40
-38
-32
-34
-40
-52
-64
-73
-78
-78
-73
-59
-42
-27
-17
-17
-26
-41
-62
-81
-97
-104
-110
-118
-123
-127
-134
-141
-146
-142
-128
-110
-99
-93
-88
-85
-86
-91
-96
-103
-107
-106
-93
-77
-60
-46
-33
-31
-40
-49
-51
-42
-25
-6
8
4
-11
-30
-49
-59
-57
-44
-31
-27
-33
-42
-53
-65
-72
-68
-54
-31
-2
18
34
40
41
44
51
68
86
98
101
97
85
79
78
80
81
78
72
73
75
75
71
64
62
59
59
64
71
77
79
78
79
76
70
64
56
48
41
41
47
57
69
76
78
79
80
78
82
87
93
94
92
84
75
69
59
48
42
43
48
46
39
27
15
4
-6
-13
-15
-16
-13
-14
-19
-26
-41
-57
-71
-71
-64
-61
-62
-70
-77
-82
-82
-83
-77
-62
-52
-50
-61
-73
-78
-81
-87
-99
-107
-113
-116
-117
-118
-126
-138
-150
-167
-176
-176
-167
-153
-145
-137
-126
-111
-93
-77
-65
-61
-58
-49
-33
-5
24
44
47
41
40
49
60
74
85
86
76
65
63
68
76
87
97
109
118
123
122
121
120
119
114
109
106
102
102
101
100
100
96
97
95
94
92
87
84
83
79
76
70
65
64
67
68
68
67
63
56
45
35
20
2
-14
-25
-25
-21
-13
-13
-19
-29
-38
-48
-56
-56
-57
-55
-52
-46
-42
-44
-52
-62
-76
-92
-106
-117
-126
-132
-132
-122
-106
-90
-81
-78
-75
-77
-76
-71
-66
-64
-65
-73
-83
-84
-77
-69
-66
-66
-72
-80
-90
-93
-84
-66
-46
-27
-10
-1
3
3
6
15
26
33
32
37
42
45
40
27
16
14
15
19
29
44
53
57
57
59
60
59
59
64
68
70
64
62
62
61
54
43
44
53
66
75
78
77
73
65
60
65
77
88
92
84
76
74
76
84
90
89
80
68
57
51
51
50
48
41
29
22
22
28
34
24
6
-15
-31
-39
-40
-35
-23
-18
-27
-45
-58
-68
-74
-81
-82
-76
-71
-64
-56
-46
-45
-55
-72
-91
-100
-105
-108
-106
-101
-90
-80
-77
-82
-87
-89
-86
-80
-82
-88
-98
-98
-91
-83
-73
-65
-61
-55
-48
-44
-38
-36
-33
-29
-27
-21
-14
-3
12
30
38
38
31
29
30
30
34
38
43
48
54
61
64
59
50
41
39
45
57
71
80
86
84
74
65
64
71
75
76
74
69
64
60
60
64
64
61
55
53
51
48
41
31
20
9
5
5
10
19
23
17
7
-3
-5
-4
-2
0
-1
-4
-10
-10
-9
-10
-16
-25
-35
-40
-41
-40
-42
-44
-45
-42
-36
-30
-30
-34
-40
-44
-45
-44
-39
-32
-26
-25
-30
-41
-53
-57
-48
-35
-21
-8
-3
3
3
0
-6
-11
-10
-2
3
2
-3
-11
-15
-16
-11
0
10
18
26
25
14
-5
-21
-29
-29
-17
-5
8
18
22
22
13
4
-5
-11
-9
3
21
34
32
23
17
24
39
55
65
70
63
52
41
34
37
41
42
31
24
21
21
24
23
20
9
-5
-12
-13
-7
1
6
7
3
-7
-23
-39
-50
-53
-51
-43
-30
-19
-12
-16
-25
-26
-25
-25
-22
-17
-10
-3
4
9
9
5
3
6
9
12
15
19
18
13
-4
-17
-20
-17
-13
-12
-15
-18
-17
-13
-8
-3
0
0
-5
-8
-9
-6
-4
-7
-10
-19
-28
-30
-23
-15
-8
-5
-6
-6
-7
-6
0
-3
-5
-2
4
8
11
13
12
9
5
-3
-9
-12
-14
-9
-1
4
5
8
9
13
19
20
12
4
-3
-9
-10
-3
6
18
21
19
11
-2
-10
-13
-9
-6
-3
-1
-3
-3
0
4
11
20
21
17
11
8
8
9
10
12
10
8
7
8
11
15
17
16
12
8
6
11
16
23
27
28
28
24
19
9
-1
-7
-8
-8
-6
-3
-2
2
1
-3
-12
-18
-25
-25
-25
-28
-34
-40
-41
-40
-33
-22
-14
-10
-10
-12
-15
-18
-17
-18
-17
-12
-7
-5
-3
0
4
11
14
16
14
12
11
10
12
14
15
16
12
4
-4
-12
-18
-16
-9
-2
0
5
9
7
1
-8
-16
-21
-20
-16
-15
-12
-4
1
3
5
9
14
17
20
25
24
22
20
17
10
4
-3
-3
6
17
23
22
16
8
3
0
-5
-13
-20
-28
-32
-36
-31
-24
-13
0
11
20
24
27
27
29
35
39
35
24
13
6
4
5
14
24
29
22
8
-4
-13
-19
-19
-16
-13
-13
-17
-24
-25
-18
-9
-1
4
10
13
10
2
-8
-21
-22
-20
-19
-18
-17
-20
-23
-27
-29
-28
-20
-10
-2
2
2
0
-6
-8
-14
-18
-21
-22
-16
-11
-7
-3
1
9
13
15
15
14
11
11
18
27
32
34
29
20
13
12
15
18
20
20
17
15
13
8
6
5
4
6
7
7
2
-4
-12
-23
-32
-33
-30
-26
-21
-19
-18
-16
-15
-13
-12
-11
-8
-5
-1
3
7
11
18
25
28
27
24
16
9
4
0
-1
-2
-1
2
4
9
17
23
25
25
18
7
-2
-13
-17
-11
-5
-2
-2
-3
-7
-8
-7
0
4
3
0
-4
-10
-18
-20
-19
-12
-3
5
10
12
7
-2
-8
-6
0
3
1
-3
-7
-11
-11
-6
5
10
7
-1
-8
-11
-12
-7
-2
2
7
9
10
8
4
3
4
4
2
-3
-11
-16
-17
-16
-15
-18
-17
-13
-9
-7
-8
-11
-14
-18
-25
-30
-24
-15
-3
11
22
27
27
22
16
8
-3
-10
-12
-8
-2
3
7
14
17
20
18
17
13
9
7
5
5
5
7
11
15
19
27
36
44
46
35
19
0
-15
-22
-21
-13
-5
-5
-10
-12
-7
2
13
15
8
-4
-16
-26
-32
-33
-37
-33
-22
-13
-4
1
1
4
5
1
-4
-6
3
13
26
32
30
18
2
-11
-16
-9
-4
2
5
3
-4
-13
-17
-18
-16
-15
-11
-2
8
18
19
12
4
-3
-7
-4
3
11
18
18
10
-1
-8
-9
-1
12
22
19
6
-10
-23
-27
-22
-13
3
16
21
15
0
-15
-27
-27
-20
-6
7
13
9
2
-6
-7
1
10
13
11
9
7
8
9
6
4
4
4
2
3
5
7
4
0
-5
-7
-11
-14
-15
-15
-17
-17
-19
-18
-13
-6
-3
-6
-16
-27
-32
-24
-8
4
15
17
9
-2
-12
-16
-13
-5
7
14
15
8
-2
-11
-16
-15
-11
-6
0
8
16
21
21
14
7
4
7
15
25
29
24
12
-3
-8
0
16
31
41
42
33
22
16
16
15
17
16
14
11
8
9
12
15
17
16
8
-2
-8
-7
-1
6
10
8
-1
-13
-20
-19
-13
-7
-4
-3
-5
-11
-18
-27
-31
-32
-33
-31
-26
-20
-15
-15
-14
-13
-7
-1
5
12
14
5
-6
-14
-19
-21
-17
-14
-12
-7
-3
-3
-5
-5
-2
-4
-8
-14
-21
-22
-21
-18
-10
-6
-6
-10
-16
-21
-28
-31
-34
-35
-31
-27
-20
-14
-11
-7
-6
-8
-14
-21
-23
-15
-1
12
20
20
17
15
19
29
36
45
50
54
55
54
51
48
48
52
55
57
58
52
49
