0
-1
-1
0
0
0
0
0
0
0
0
0
0
0
0
0
0
0
0
-1
0
0
1
0
1
0
1
0
0
0
0
-1
0
0
0
0
0
0
1
0
0
-1
0
0
0
1
0
0
0
0
0
1
1
0
0
1
-1
0
-1
-1
-1
-1
-1
0
0
0
0
-1
0
1
0
1
1
0
0
0
0
0
0
0
0
0
-1
0
-1
0
1
0
0
0
0
1
0
0
0
0
0
-2
-1
0
0
-1
0
-1
0
0
-1
0
0
1
1
0
0
0
0
1
-1
0
1
0
0
0
0
0
0
-1
0
0
0
1
0
1
0
-1
0
1
0
0
-1
-1
0
-1
0
0
0
0
0
1
0
0
0
0
0
1
0
1
0
0
0
1
0
1
0
-1
-1
-1
0
0
0
1
0
0
0
0
0
0
0
0
0
0
0
0
0
0
-1
0
1
0
1
0
0
1
0
0
1
0
0
1
0
1
1
0
0
0
0
-1
0
0
0
0
0
0
1
0
0
-1
0
0
-1
0
-1
0
0
1
0
0
0
0
-1
0
0
0
0
0
0
1
0
0
-1
0
0
0
0
-1
0
0
0
0
0
0
0
0
0
0
1
0
1
0
0
1
0
0
0
0
0
-1
0
0
0
0
0
1
0
0
0
0
0
1
0
1
0
-1
0
-1
1
0
0
0
0
-1
0
-1
0
0
0
0
0
1
1
0
0
1
0
-1
0
1
0
0
-1
0
0
1
0
0
0
0
0
-1
0
0
0
0
1
0
0
0
-1
0
0
0
0
0
1
1
0
-1
-1
-1
-1
0
0
0
1
0
0
0
0
0
1
1
0
1
-1
0
0
0
0
0
0
0
0
1
0
0
-1
0
0
0
0
0
0
0
0
1
0
0
0
0
0
0
1
0
1
0
0
0
0
0
-1
-1
0
0
0
0
1
0
0
0
0
-1
-1
1
-1
0
-1
0
0
-1
0
0
0
-1
0
0
0
1
0
0
0
1
0
0
-1
0
0
-1
-1
0
0
1
0
0
0
1
0
0
0
0
0
0
0
0
0
0
1
0
1
0
-1
1
1
0
0
0
0
-1
0
0
0
-1
0
0
1
-1
1
0
0
0
0
0
1
0
1
0
0
0
0
0
0
0
0
0
0
0
0
0
0
-1
0
0
0
0
0
0
0
0
0
0
-1
0
0
1
0
0
-1
0
0
0
0
0
0
0
0
-1
0
1
0
0
0
0
1
0
0
0
0
0
-1
0
0
-1
0
0
0
0
0
0
0
0
0
0
0
1
1
1
1
0
0
-1
1
0
0
0
0
0
0
0
0
0
0
0
0
1
0
0
1
0
1
0
0
1
0
0
0
0
1
0
0
-1
0
0
1
1
0
0
-1
0
-1
-1
0
0
0
1
1
0
-1
0
1
0
0
0
0
1
0
1
-1
0
1
0
0
0
-1
0
0
0
1
0
-1
0
-1
-1
0
0
1
0
0
0
1
1
0
0
1
1
-1
0
-1
0
0
0
1
0
0
0
0
-1
0
0
-1
0
0
-1
-1
1
0
0
0
0
-1
0
1
0
0
0
-1
1
0
1
0
1
-1
0
0
0
-1
0
0
0
0
0
0
0
0
0
0
0
0
0
0
0
0
0
1
0
0
0
0
1
0
0
0
0
0
0
0
0
0
0
0
0
0
0
0
0
0
0
0
0
1
0
0
0
0
-1
0
0
1
0
0
0
0
0
-1
0
0
0
0
0
0
-1
0
0
-1
0
0
0
-1
0
0
0
0
-1
0
0
0
0
0
0
0
0
0
0
0
0
0
0
0
-1
0
0
0
-1
0
-1
0
-1
0
0
0
0
1
0
0
0
0
-1
1
0
0
0
0
0
1
0
0
0
0
0
0
1
0
0
0
0
-1
0
-1
0
0
0
0
0
0
0
0
0
0
0
0
0
0
0
0
0
1
0
1
0
0
0
0
0
0
0
0
1
0
0
0
0
-1
0
0
0
-1
0
0
1
0
-1
-1
-1
-1
0
-1
-1
1
0
0
1
0
0
1
0
0
0
0
1
1
1
1
0
0
0
-1
0
0
0
0
0
0
0
0
0
0
0
0
0
0
0
0
0
0
1
0
-1
1
0
0
0
0
0
0
0
0
0
0
-1
0
-1
-1
0
0
0
0
0
-1
-1
-2
-1
-2
-1
-1
-2
-1
-2
-1
0
-2
-3
-3
-3
-3
-3
-2
-3
-3
-3
-3
-3
-3
-3
-3
-4
-4
-3
-3
-3
-2
-1
0
0
1
1
1
2
4
5
5
5
3
3
3
2
3
5
8
8
7
5
4
4
4
3
2
1
2
3
7
8
11
11
9
7
4
1
-1
0
1
1
0
0
0
-1
-4
-8
-11
-12
-12
-11
-9
-7
-6
-4
-2
-1
-3
-6
-7
-6
-4
-2
-1
0
1
1
-1
-3
-4
-6
-8
-9
-9
-9
-6
-4
-4
-4
-5
-8
-7
-6
-4
-3
-3
0
3
7
7
6
3
0
0
3
8
11
15
17
17
17
17
16
15
15
17
19
24
31
36
40
40
39
37
37
39
42
45
45
46
45
46
49
50
49
45
44
45
43
37
30
25
16
2
-19
-36
-47
-45
-39
-32
-30
-31
-41
-64
-89
-107
-111
-110
-103
-94
-83
-76
-74
-69
-66
-76
-107
-152
-190
-203
-188
-158
-135
-121
-112
-103
-98
-92
-82
-67
-52
-33
-5
34
73
106
122
120
104
89
81
79
78
78
76
74
73
73
74
65
48
30
21
23
34
49
67
87
103
113
119
119
115
106
96
90
96
107
116
116
110
101
89
76
62
48
36
27
24
28
35
39
35
28
16
8
3
5
7
12
18
27
36
42
43
42
43
45
49
53
57
58
56
53
48
44
36
32
31
31
25
16
11
19
32
30
1
-34
-44
-20
10
0
-48
-110
-154
-187
-209
-222
-222
-218
-228
-238
-239
-248
-286
-394
-552
-702
-769
-727
-640
-556
-492
-424
-335
-244
-158
-87
-42
-11
12
71
169
290
394
441
433
382
324
276
223
163
92
38
12
15
38
50
38
1
-37
-44
-20
33
95
160
224
284
346
392
413
399
358
320
297
298
309
315
307
285
256
218
171
118
67
22
-10
-15
5
37
63
73
69
54
38
27
27
30
32
30
29
26
20
11
-5
-28
-57
-85
-102
-104
-90
-72
-56
-42
-38
-42
-54
-61
-66
-56
-30
2
35
59
78
90
83
49
-10
-87
-166
-228
-248
-234
-209
-192
-176
-149
-128
-139
-185
-225
-228
-195
-154
-112
-68
-38
-30
-25
-1
52
96
98
73
32
6
-14
-24
-33
-57
-77
-102
-111
-106
-151
-314
-652
-1042
-1286
-1265
-1044
-803
-598
-422
-226
-36
96
193
233
227
207
223
350
550
766
898
899
802
635
477
310
130
-35
-161
-195
-149
-52
52
104
98
35
-23
-38
-12
51
124
219
324
427
515
554
546
487
396
308
252
252
278
297
294
277
265
238
183
99
1
-73
-118
-111
-63
-2
52
69
57
28
-8
-37
-60
-63
-50
-22
6
14
8
-12
-46
-96
-149
-180
-190
-177
-152
-117
-79
-53
-42
-54
-83
-122
-150
-139
-102
-56
-28
-21
-33
-56
-68
-70
-60
-62
-67
-64
-49
-24
-16
-23
-59
-109
-145
-155
-137
-125
-121
-112
-85
-38
-1
23
27
21
19
-20
-137
-377
-702
-1021
-1260
-1382
-1418
-1379
-1288
-1141
-924
-658
-384
-167
-17
93
198
334
492
673
841
960
1025
1024
980
891
749
564
360
183
54
-12
-34
-48
-64
-80
-86
-79
-60
-26
21
91
191
323
478
621
728
781
784
747
689
620
544
464
390
328
275
229
178
113
28
-72
-164
-227
-254
-248
-221
-174
-113
-47
12
58
87
100
102
97
93
86
57
1
-91
-193
-277
-338
-372
-396
-395
-366
-312
-245
-184
-130
-98
-91
-96
-100
-85
-58
-28
3
30
53
66
66
55
31
-4
-48
-82
-99
-103
-114
-145
-173
-183
-180
-187
-208
-214
-189
-134
-58
25
105
158
177
194
217
229
193
137
100
93
95
70
27
-16
-58
-95
-111
-97
-66
-53
-58
-86
-159
-371
-755
-1195
-1544
-1696
-1684
-1557
-1315
-958
-545
-202
38
214
324
377
372
381
477
640
841
1015
1134
1169
1103
952
713
429
143
-94
-227
-270
-234
-151
-50
31
56
48
20
-2
5
48
151
305
497
693
845
937
937
838
662
466
320
225
159
110
92
121
150
141
76
-22
-133
-239
-308
-311
-245
-147
-49
45
123
176
179
140
85
31
0
-24
-37
-35
-36
-54
-109
-191
-278
-360
-424
-467
-478
-452
-397
-325
-253
-189
-148
-135
-138
-144
-142
-127
-96
-51
-8
33
63
72
48
-9
-82
-154
-204
-227
-226
-211
-187
-154
-118
-77
-44
-26
-15
17
78
152
205
227
249
284
310
274
176
67
-7
-23
-13
0
2
-19
-39
-50
-27
11
48
94
114
148
175
122
-106
-542
-1028
-1384
-1532
-1544
-1497
-1352
-1085
-727
-357
-69
133
249
288
284
320
436
615
826
994
1109
1165
1148
1051
855
579
273
10
-169
-263
-260
-205
-131
-64
-38
-41
-54
-72
-82
-52
34
187
397
615
793
912
949
907
811
677
519
353
191
85
53
59
41
-22
-120
-238
-350
-447
-509
-520
-500
-451
-370
-254
-119
3
92
135
161
180
196
202
191
176
151
105
39
-30
-95
-167
-251
-329
-386
-408
-410
-392
-360
-327
-293
-259
-211
-161
-114
-74
-45
-14
19
55
77
70
42
0
-42
-83
-120
-147
-169
-189
-205
-206
-185
-155
-127
-106
-79
-24
56
148
222
266
291
298
286
245
193
149
106
61
15
-15
-13
3
10
1
-9
-7
15
50
82
99
115
108
18
-238
-644
-1062
-1355
-1498
-1541
-1502
-1336
-1027
-649
-298
-25
170
288
350
377
428
535
687
857
1007
1119
1172
1153
1047
841
565
275
26
-145
-246
-281
-255
-193
-132
-94
-78
-73
-73
-66
-30
57
210
400
595
763
872
904
861
759
621
463
303
156
56
11
1
-9
-49
-112
-187
-268
-344
-401
-414
-382
-314
-213
-92
29
115
144
131
103
79
58
37
14
5
-5
-27
-73
-143
-229
-321
-398
-452
-477
-470
-443
-400
-335
-265
-207
-168
-146
-126
-102
-80
-49
-8
47
100
134
144
117
57
-21
-95
-147
-186
-210
-218
-208
-185
-153
-114
-74
-29
17
63
121
182
238
282
313
330
329
326
316
289
235
171
131
122
103
42
-37
-110
-158
-186
-216
-229
-232
-244
-255
-239
-178
-127
-173
-364
-626
-835
-962
-1042
-1086
-1078
-960
-737
-477
-212
20
176
259
296
326
377
453
542
634
736
818
873
887
823
686
510
328
168
49
-35
-77
-66
-34
16
69
101
111
102
92
105
157
248
358
476
578
643
666
640
569
471
347
217
102
22
-12
-17
-29
-62
-107
-160
-209
-246
-280
-302
-298
-262
-189
-91
6
81
123
129
114
94
63
27
-7
-40
-69
-106
-149
-191
-233
-279
-329
-369
-397
-401
-375
-335
-293
-257
-225
-193
-162
-138
-117
-87
-57
-28
5
33
48
40
12
-24
-60
-95
-128
-140
-135
-129
-133
-139
-127
-90
-39
4
41
71
90
109
132
157
171
180
211
266
302
282
235
221
258
269
202
64
-82
-169
-186
-148
-95
-59
-25
23
54
5
-192
-490
-800
-1067
-1250
-1332
-1301
-1155
-952
-721
-479
-252
-62
58
132
195
259
355
489
650
817
950
1029
1043
987
856
671
467
273
123
21
-21
-22
-6
17
18
2
-21
-53
-65
-55
-2
105
249
417
578
706
777
780
723
625
506
372
236
114
21
-31
-69
-101
-127
-157
-193
-242
-280
-294
-294
-276
-246
-204
-157
-123
-86
-40
7
31
30
27
34
43
39
20
-15
-60
-109
-160
-205
-256
-316
-365
-398
-401
-378
-346
-306
-264
-217
-164
-112
-66
-29
1
28
49
75
93
93
80
59
35
6
-31
-70
-95
-115
-133
-131
-112
-83
-54
-34
-6
44
97
124
135
131
127
134
133
130
134
135
144
170
210
235
214
137
25
-56
-90
-90
-73
-67
-74
-60
1
69
68
-92
-435
-840
-1180
-1407
-1512
-1525
-1453
-1277
-1016
-693
-346
-51
127
205
227
210
204
286
511
848
1144
1291
1335
1347
1304
1148
901
619
353
129
-35
-96
-73
-49
-61
-99
-145
-195
-241
-271
-261
-186
-42
177
445
686
855
950
962
888
752
592
443
328
244
193
174
159
125
52
-68
-231
-407
-553
-641
-659
-616
-525
-405
-268
-122
5
88
107
79
34
2
-3
13
41
62
59
25
-26
-99
-196
-313
-421
-491
-519
-506
-467
-407
-335
-266
-210
-168
-133
-110
-88
-54
1
74
145
199
230
239
217
163
100
35
-25
-78
-123
-145
-151
-154
-154
-145
-138
-138
-138
-131
-101
-39
36
118
195
234
242
235
215
201
196
185
162
135
113
110
117
96
58
42
25
-30
-152
-346
-575
-802
-1029
-1236
-1366
-1415
-1394
-1294
-1140
-930
-677
-435
-210
7
207
395
579
748
886
1001
1091
1147
1174
1147
1056
932
783
607
433
272
125
5
-94
-180
-230
-251
-251
-220
-167
-98
-5
110
235
378
520
642
748
828
860
851
801
704
565
385
198
56
-29
-90
-148
-203
-247
-273
-299
-340
-393
-448
-485
-480
-424
-333
-229
-122
-22
79
177
238
250
231
197
156
116
66
4
-62
-136
-201
-255
-311
-375
-438
-482
-488
-464
-433
-399
-337
-248
-148
-49
21
62
83
85
81
90
99
94
87
80
68
47
1
-62
-118
-164
-202
-224
-227
-217
-194
-169
-139
-100
-59
-25
14
53
79
103
147
214
281
314
316
300
269
218
147
77
23
-14
-46
-52
-20
8
4
-66
-236
-458
-724
-1012
-1257
-1428
-1483
-1442
-1342
-1175
-928
-603
-289
-34
163
308
454
603
735
864
983
1080
1164
1221
1213
1137
995
790
572
368
193
62
-42
-124
-169
-182
-183
-180
-168
-154
-118
-38
71
212
378
533
673
781
828
818
760
661
562
471
369
266
178
118
74
19
-62
-168
-273
-365
-437
-480
-513
-529
-504
-435
-338
-230
-145
-72
-12
17
35
49
53
60
64
61
47
14
-40
-116
-198
-275
-348
-413
-471
-503
-492
-453
-402
-343
-279
-217
-158
-108
-60
-14
21
55
86
124
153
150
128
92
54
24
-11
-46
-77
-95
-100
-108
-119
-133
-139
-135
-123
-99
-63
-6
56
107
152
193
243
282
285
276
278
279
261
212
168
141
122
94
40
-7
-12
11
21
-35
-170
-367
-591
-824
-1054
-1256
-1393
-1455
-1427
-1294
-1072
-777
-456
-169
73
271
436
583
693
779
867
963
1059
1127
1152
1125
1034
891
708
506
308
124
-28
-139
-210
-241
-243
-238
-227
-206
-175
-115
-38
63
192
338
487
622
731
797
803
741
627
507
402
302
199
105
37
3
-27
-77
-146
-228
-319
-401
-464
-512
-538
-541
-507
-426
-322
-216
-119
-29
48
105
147
175
177
166
142
104
55
-6
-82
-166
-250
-322
-378
-416
-442
-451
-434
-404
-360
-300
-228
-155
-87
-24
31
78
115
139
162
177
171
155
123
85
46
7
-29
-61
-90
-109
-116
-119
-121
-124
-121
-101
-64
-28
2
43
91
127
141
146
172
220
241
229
206
208
229
221
182
133
92
77
75
71
58
11
-83
-210
-374
-592
-853
-1120
-1336
-1457
-1472
-1392
-1230
-1006
-759
-502
-232
15
205
344
450
569
708
842
964
1067
1127
1139
1100
1012
870
684
475
276
119
-5
-98
-159
-199
-218
-217
-211
-194
-158
-105
-29
81
216
372
531
661
745
774
754
706
639
561
468
368
278
204
139
74
-2
-90
-186
-284
-362
-415
-448
-463
-467
-451
-407
-342
-262
-179
-99
-19
57
120
172
204
207
185
146
92
27
-54
-145
-233
-307
-372
-426
-466
-494
-496
-477
-451
-410
-354
-290
-212
-131
-62
2
55
90
117
133
144
149
139
117
87
58
29
-6
-43
-84
-123
-152
-178
-194
-196
-182
-154
-119
-79
-33
11
51
93
140
188
221
240
261
285
307
314
301
268
220
147
81
35
-2
-5
19
41
28
-61
-220
-403
-610
-849
-1095
-1284
-1363
-1321
-1192
-1022
-813
-584
-365
-160
20
166
302
433
560
701
845
970
1069
1115
1095
1028
916
767
588
402
239
120
42
-22
-69
-98
-131
-164
-182
-187
-165
-112
-34
82
232
387
528
640
699
697
636
541
446
375
320
268
220
175
129
82
14
-79
-182
-285
-363
-401
-409
-393
-373
-359
-340
-299
-242
-194
-162
-129
-60
35
120
170
182
165
127
74
9
-72
-163
-251
-314
-343
-359
-376
-394
-400
-386
-359
-322
-282
-231
-164
-89
-16
49
101
137
158
169
167
150
111
63
26
3
-15
-38
-63
-87
-107
-124
-146
-168
-189
-197
-180
-139
-78
-9
60
114
145
168
186
198
211
209
194
182
188
216
245
225
153
80
50
64
98
117
91
26
-75
-205
-352
-523
-752
-1002
-1212
-1350
-1385
-1327
-1207
-1019
-784
-547
-314
-88
105
269
412
532
664
809
933
1035
1102
1118
1085
1013
887
719
540
360
208
92
-10
-82
-119
-149
-175
-187
-182
-152
-91
-15
86
214
342
468
578
634
639
622
596
567
530
466
390
327
266
207
147
63
-40
-137
-219
-278
-320
-361
-390
-401
-402
-397
-380
-352
-293
-199
-99
-1
85
142
180
195
173
125
51
-43
-133
-205
-261
-309
-362
-414
-445
-456
-461
-469
-467
-451
-409
-341
-260
-173
-83
-6
64
117
141
143
125
97
70
44
17
-6
-24
-41
-55
-73
-99
-127
-155
-171
-170
-154
-132
-103
-62
-10
44
81
92
98
125
191
271
326
351
359
356
343
298
227
146
66
14
4
23
47
56
38
-14
-104
-231
-410
-634
-879
-1096
-1216
-1230
-1177
-1086
-961
-789
-564
-338
-148
9
138
258
391
541
697
840
947
1009
1027
1006
939
831
691
534
386
272
186
124
72
14
-33
-71
-103
-122
-121
-92
-31
59
173
300
424
529
602
632
603
523
431
370
342
315
263
194
138
103
67
11
-70
-164
-247
-291
-306
-313
-323
-336
-332
-290
-236
-190
-159
-134
-102
-44
23
69
87
84
67
44
3
-65
-144
-228
-300
-345
-373
-400
-416
-420
-403
-370
-340
-316
-283
-234
-173
-97
-27
26
71
104
124
128
103
56
12
-18
-44
-64
-84
-107
-120
-129
-141
-154
-166
-171
-160
-141
-114
-71
-24
24
70
110
154
206
246
263
252
225
206
203
208
209
204
183
142
90
35
8
12
18
38
67
51
-20
-135
-293
-476
-680
-911
-1096
-1175
-1175
-1111
-988
-821
-605
-381
-189
-30
117
246
362
495
622
743
871
955
995
1010
967
879
757
591
421
296
195
115
66
22
-13
-27
-54
-89
-104
-100
-71
-4
82
181
303
401
450
480
494
495
480
432
367
325
291
242
193
136
76
18
-51
-119
-164
-199
-230
-237
-233
-236
-252
-279
-292
-262
-212
-174
-133
-77
-13
49
86
80
44
-10
-81
-149
-202
-260
-319
-364
-389
-388
-381
-389
-400
-396
-371
-332
-273
-211
-153
-88
-20
46
97
119
107
83
58
32
6
-22
-48
-60
-72
-87
-91
-90
-93
-98
-104
-110
-105
-92
-80
-57
-27
4
45
103
165
219
239
228
223
244
268
272
259
237
231
221
176
111
48
4
-5
19
57
105
133
97
-10
-180
-413
-673
-921
-1123
-1232
-1254
-1217
-1106
-910
-673
-430
-217
-61
68
197
319
450
590
707
804
889
951
980
961
871
726
566
410
284
192
107
41
0
-23
-39
-48
-63
-78
-74
-51
1
89
193
302
398
455
484
513
534
517
467
396
328
278
231
186
154
116
59
-6
-66
-121
-169
-215
-249
-255
-239
-219
-203
-205
-224
-231
-215
-168
-102
-38
13
49
70
63
31
-25
-104
-183
-251
-304
-342
-367
-377
-379
-383
-384
-374
-354
-329
-290
-236
-181
-125
-69
-17
25
51
57
53
42
18
-4
-22
-39
-55
-70
-81
-88
-87
-91
-101
-115
-126
-123
-99
-75
-49
-17
21
61
99
130
146
146
141
149
173
196
200
202
212
219
205
157
89
26
-19
-33
-10
43
109
157
163
94
-57
-261
-493
-720
-925
-1070
-1123
-1089
-986
-843
-657
-449
-265
-124
-14
92
211
328
438
551
675
789
874
921
914
855
753
620
481
351
243
163
110
72
47
41
38
25
14
1
8
36
82
148
233
311
366
403
426
437
431
399
351
309
272
238
208
180
149
108
53
-8
-64
-120
-181
-243
-293
-329
-334
-318
-288
-237
-188
-143
-101
-63
-25
-1
1
-14
-36
-69
-106
-144
-184
-221
-255
-291
-322
-342
-359
-369
-369
-358
-330
-290
-248
-202
-156
-120
-89
-62
-44
-28
-17
-9
3
17
23
23
21
13
-1
-26
-58
-78
-85
-90
-91
-86
-75
-57
-30
9
54
83
84
81
95
125
164
194
212
234
260
266
253
226
186
139
87
33
-2
-3
16
52
84
81
9
-148
-365
-584
-777
-929
-1031
-1073
-1043
-950
-807
-622
-423
-239
-87
43
154
254
355
461
575
675
745
793
816
806
754
665
547
418
294
187
117
79
48
26
25
37
53
60
66
78
100
138
196
267
329
370
386
391
399
407
396
358
313
279
255
224
182
139
103
65
22
-20
-60
-102
-146
-181
-193
-192
-189
-183
-170
-146
-126
-117
-113
-106
-99
-106
-124
-143
-153
-163
-176
-190
-210
-236
-265
-292
-309
-310
-309
-315
-318
-308
-290
-266
-242
-218
-194
-166
-133
-96
-67
-54
-51
-46
-39
-31
-25
-26
-34
-43
-54
-67
-84
-103
-115
-118
-106
-79
-44
-11
21
56
86
109
129
151
182
211
235
251
258
254
237
217
200
182
152
115
82
53
21
-15
-30
-14
17
38
32
-23
-145
-315
-501
-674
-818
-930
-987
-969
-887
-752
-572
-372
-190
-53
53
147
238
307
366
446
535
609
660
693
707
691
632
531
417
305
201
133
97
81
86
103
122
135
144
142
142
150
160
194
231
248
255
280
328
378
402
386
368
351
317
277
237
199
164
126
93
73
53
9
-42
-90
-133
-165
-190
-205
-209
-212
-225
-237
-228
-206
-164
-132
-118
-108
-102
-104
-119
-144
-181
-224
-262
-291
-302
-307
-320
-330
-334
-321
-297
-270
-246
-226
-206
-190
-162
-130
-105
-86
-76
-67
-56
-48
-45
-40
-39
-48
-63
-75
-77
-70
-69
-70
-64
-52
-36
-25
-17
-5
17
49
87
134
176
208
229
240
249
242
210
171
142
128
100
61
26
2
-15
-38
-46
-32
4
51
87
86
19
-113
-285
-469
-644
-799
-903
-931
-888
-784
-631
-440
-254
-113
-14
69
149
212
265
330
416
502
569
623
660
669
635
559
468
377
295
228
181
162
163
175
187
192
191
183
170
159
156
161
161
148
150
187
252
312
344
359
369
365
335
294
257
226
189
156
136
127
108
73
34
-12
-68
-125
-170
-195
-204
-201
-186
-179
-188
-221
-255
-275
-277
-259
-234
-203
-175
-155
-143
-137
-135
-154
-187
-230
-275
-305
-321
-312
-291
-269
-255
-245
-229
-211
-189
-168
-150
-133
-109
-79
-46
-15
6
23
24
7
-17
-43
-67
-84
-84
-68
-39
-4
32
63
82
88
88
95
99
106
123
134
156
157
159
161
162
150
100
57
6
-38
-88
-146
-169
-181
-160
-119
-69
-11
10
2
-71
-206
-364
-525
-638
-717
-745
-714
-644
-540
-425
-293
-163
-60
9
54
98
159
231
321
414
501
567
600
615
600
567
504
427
351
286
258
241
244
254
269
281
269
252
223
187
149
112
105
132
190
255
303
346
374
385
373
342
314
287
259
235
219
212
205
182
145
85
13
-59
-126
-177
-214
-237
-248
-245
-229
-207
-180
-162
-148
-141
-136
-139
-154
-175
-194
-204
-208
-212
-204
-195
-188
-187
-195
-209
-230
-257
-281
-294
-294
-281
-261
-237
-216
-199
-180
-160
-134
-106
-79
-59
-44
-34
-26
-25
-28
-34
-42
-45
-46
-43
-41
-40
-36
-31
-9
22
52
73
73
70
34
1
-7
24
77
90
100
81
56
1
-78
-134
-181
-198
-193
-140
-45
44
111
137
112
21
-135
-309
-479
-629
-741
-795
-764
-671
-538
-390
-246
-111
-8
71
123
164
211
260
329
407
497
579
639
671
656
609
543
465
396
337
302
284
288
312
334
351
342
307
248
169
105
71
77
107
155
224
300
367
409
418
408
368
308
240
182
149
132
130
129
129
118
87
33
-43
-135
-235
-318
-382
-405
-391
-338
-262
-187
-118
-75
-54
-70
-103
-146
-186
-211
-223
-211
-182
-153
-135
-132
-147
-187
-239
-288
-328
-348
-345
-327
-289
-247
-202
-160
-128
-104
-93
-83
-80
-80
-76
-69
-47
-23
-3
8
12
8
-9
-34
-62
-82
-86
-79
-56
-20
17
54
73
66
40
11
-13
-35
-46
-47
-34
-7
23
43
61
61
49
19
-11
-22
-29
-21
-2
28
62
66
45
-28
-166
-350
-549
-692
-760
-765
-715
-614
-464
-305
-155
-18
92
167
201
214
240
281
349
428
506
567
595
605
593
564
509
435
366
298
255
242
258
282
296
307
306
287
244
188
134
102
98
120
170
235
299
350
379
390
371
328
274
216
159
111
79
63
54
36
7
-34
-82
-132
-175
-210
-236
-250
-246
-223
-193
-157
-123
-93
-79
-84
-103
-132
-165
-199
-223
-231
-229
-229
-230
-222
-208
-203
-215
-238
-263
-287
-303
-300
-277
-244
-208
-171
-137
-105
-83
-71
-74
-82
-85
-91
-86
-74
-62
-52
-50
-47
-44
-43
-42
-37
-36
-42
-49
-46
-28
-15
-8
-3
13
27
21
5
-13
-25
-51
-85
-106
-102
-78
-64
-40
-20
-8
-7
-14
-5
-4
-10
-25
-27
-19
-15
-22
-55
-120
-218
-313
-372
-373
-339
-297
-242
-179
-106
-39
29
103
160
192
195
209
259
324
375
401
418
434
445
453
449
439
412
363
320
294
288
279
267
262
261
253
230
213
207
203
204
207
221
248
267
268
250
220
189
163
140
124
110
91
70
46
32
13
-17
-52
-84
-104
-117
-128
-130
-129
-131
-140
-149
-150
-150
-157
-167
-171
-169
-169
-173
-175
-173
-173
-177
-185
-190
-204
-219
-237
-250
-254
-250
-237
-230
-221
-216
-211
-201
-189
-175
-160
-144
-123
-104
-90
-83
-90
-98
-103
-103
-100
-98
-96
-99
-112
-123
-131
-127
-116
-105
-99
-94
-93
-103
-104
-91
-63
-35
-18
-9
-10
-19
-25
-30
-35
-39
-53
-49
-38
-11
25
58
85
94
95
87
77
61
40
18
-3
-15
-21
-21
-25
-42
-71
-101
-113
-104
-80
-42
4
50
83
112
147
177
199
203
205
215
233
251
270
288
301
306
307
312
309
299
285
266
257
251
251
246
232
224
225
244
262
273
271
252
220
185
159
147
147
151
153
154
146
138
124
94
58
16
-14
-31
-35
-24
-17
-11
-22
-47
-79
-106
-126
-146
-162
-174
-178
-178
-174
-173
-181
-187
-195
-204
-215
-225
-235
-247
-255
-255
-257
-256
-256
-248
-244
-243
-238
-238
-232
-229
-221
-210
-191
-166
-148
-138
-145
-159
-177
-189
-194
-188
-176
-151
-127
-107
-90
-75
-65
-58
-49
-40
-47
-74
-94
-107
-105
-101
-90
-62
-39
-23
-21
-4
20
38
38
27
28
39
66
100
138
161
162
152
126
101
78
61
43
22
10
15
40
81
122
157
175
183
179
172
161
143
123
103
106
119
155
197
233
253
245
225
194
166
139
117
98
82
80
93
116
136
153
155
152
134
112
94
76
68
59
58
63
79
104
128
139
140
121
100
86
78
74
68
72
81
87
90
87
73
46
15
-19
-45
-57
-59
-57
-54
-52
-51
-53
-53
-64
-83
-106
-131
-152
-171
-180
-180
-180
-177
-174
-162
-146
-135
-132
-142
-150
-160
-168
-174
-177
-174
-171
-169
-164
-161
-160
-171
-192
-215
-238
-245
-243
-237
-223
-202
-181
-170
-166
-158
-158
-160
-175
-172
-145
-103
-62
-36
-14
-6
-14
-20
-14
6
20
20
12
5
10
22
34
43
50
53
59
70
92
109
114
109
94
91
96
109
113
111
118
132
145
158
175
193
201
192
184
183
186
190
188
191
195
198
196
188
181
165
151
149
162
179
193
199
192
181
167
157
144
129
106
75
47
24
9
-2
-7
-6
-1
8
11
8
-2
-24
-46
-72
-95
-111
-115
-106
-83
-56
-32
-20
-14
-14
-27
-44
-64
-81
-97
-114
-124
-130
-125
-112
-92
-75
-67
-66
-73
-81
-85
-83
-79
-79
-77
-74
-67
-63
-67
-73
-80
-87
-91
-92
-87
-78
-69
-59
-51
-37
-27
-22
-20
-22
-29
-37
-40
-41
-39
-40
-35
-31
-27
-25
-27
-28
-36
-48
-64
-79
-85
-85
-78
-70
-59
-47
-33
-25
-18
-7
-1
5
4
-6
-19
-24
-16
-3
14
28
34
36
30
25
22
25
29
26
23
22
25
29
34
37
33
33
34
42
52
63
76
86
89
80
68
62
59
59
61
65
62
56
45
39
40
47
56
66
78
78
70
64
68
75
78
81
77
75
74
76
77
75
70
65
64
67
68
61
47
24
6
0
3
10
15
17
13
-3
-21
-40
-54
-58
-59
-56
-46
-33
-20
-10
2
12
18
21
23
20
6
-10
-29
-48
-64
-79
-91
-94
-84
-67
-48
-29
-18
-16
-21
-33
-51
-69
-85
-94
-94
-92
-86
-80
-67
-53
-38
-30
-29
-32
-41
-52
-59
-59
-56
-52
-49
-48
-47
-43
-33
-22
-11
-10
-12
-14
-11
-8
-5
-2
-5
-6
-11
-20
-24
-26
-21
-16
-9
-1
6
13
14
12
9
7
9
15
23
27
23
22
19
19
21
25
32
40
47
47
46
47
49
55
58
58
55
50
44
38
35
35
32
26
19
13
12
15
22
26
28
27
20
13
13
17
23
22
21
19
22
31
37
39
36
34
30
26
22
19
16
11
10
13
19
21
17
9
1
-2
1
6
9
9
4
-8
-18
-28
-36
-40
-44
-45
-45
-47
-46
-41
-28
-7
11
27
35
37
30
13
-4
-21
-34
-41
-38
-32
-26
-20
-15
-12
-9
-6
-1
5
5
2
-10
-21
-32
-38
-39
-40
-36
-31
-27
-22
-18
-14
-9
-9
-10
-10
-9
-3
-1
5
12
16
16
11
7
2
-6
-12
-17
-19
-16
-13
-8
-4
-5
-2
0
1
2
1
0
-5
-8
-12
-13
-9
-7
-9
-13
-17
-21
-19
-17
-8
2
10
16
15
15
14
13
13
12
9
4
-2
-6
-7
-7
-7
-6
-4
2
10
16
17
16
11
5
-1
-3
0
9
19
25
25
23
21
19
16
13
8
4
0
-6
-13
-17
-16
-9
1
9
17
22
22
23
20
18
12
8
8
9
13
18
28
37
46
54
59
58
52
44
31
21
10
2
-3
-8
-7
-4
-3
0
4
6
5
0
-4
-6
-6
-6
-9
-12
-16
-19
-22
-19
-15
-8
-5
-4
-6
-10
-19
-30
-42
-51
-55
-52
-46
-38
-28
-20
-16
-13
-10
-11
-15
-22
-30
-38
-38
-33
-22
-9
1
7
8
5
6
8
11
13
13
7
-3
-10
-18
-20
-15
-12
-10
-7
-5
-5
-7
-10
-14
-16
-19
-23
-24
-17
-9
-2
7
16
26
33
37
35
31
23
19
15
13
11
9
8
9
13
19
22
24
23
20
14
4
-7
-16
-22
-23
-18
-8
5
17
26
28
29
30
35
39
44
44
39
31
19
9
-2
-15
-21
-23
-19
-11
-4
2
8
9
9
6
1
-6
-14
-21
-27
-33
-38
-41
-40
-35
-28
-20
-12
-2
8
17
25
33
37
36
29
21
11
5
-1
-5
-2
3
8
10
13
14
17
17
14
11
6
1
-7
-13
-22
-31
-36
-36
-34
-30
-21
-11
-2
3
5
2
-2
-2
-3
-1
-5
-10
-13
-16
-13
-11
-10
-10
-11
-7
-2
4
8
10
12
16
16
16
14
8
-2
-12
-20
-22
-18
-11
-3
2
6
8
8
6
1
-3
-8
-11
-14
-16
-15
-12
-9
-6
-3
-4
-9
-13
-13
-8
-3
-1
0
-1
0
7
18
27
32
29
18
5
-3
-7
-4
-2
-1
-2
-2
-1
2
5
5
8
9
8
8
9
14
20
23
21
19
16
14
17
13
8
-3
-13
-19
-18
-11
1
14
21
22
20
15
11
6
-2
-9
-14
-14
-12
-5
1
4
6
7
8
13
20
23
24
21
15
7
-2
-7
-11
-15
-16
-18
-19
-17
-15
-12
-7
-1
6
10
11
8
3
-1
-5
-8
-12
-12
-10
-11
-15
-19
-19
-18
-15
-9
-4
-3
-2
-4
-10
-19
-25
-29
-26
-19
-13
-9
-3
0
1
1
2
4
4
4
2
-1
-4
-8
-10
-10
-7
-5
-4
-2
0
-2
-8
-13
-14
-17
-18
-20
-22
-21
-24
-25
-24
-19
-12
-5
3
10
11
9
4
0
-2
0
4
12
21
26
30
31
29
27
24
23
24
25
25
28
30
28
27
25
24
25
23
22
22
23
21
22
20
21
21
22
21
18
17
16
15
13
9
8
7
8
7
8
7
4
1
-5
-6
-8
-8
-9
-11
-13
-15
-17
-17
-18
-19
-23
-25
-24
-19
-14
-10
-10
-9
-9
-8
-6
-5
-9
-14
-20
-27
-32
-34
-34
-35
-34
-31
-26
-19
-12
-8
-7
-8
-9
-10
-12
-15
-19
-21
-23
-19
-14
-7
-2
-1
-2
-4
-6
-6
-5
-3
-3
-3
-4
-4
-4
-2
3
6
7
8
8
8
9
9
7
5
5
5
8
12
18
22
23
23
21
22
24
26
27
25
23
24
23
23
19
17
18
17
19
21
22
22
16
12
11
10
12
12
12
13
12
11
6
3
2
0
0
4
7
5
1
-3
-6
-9
-13
-15
-15
-16
-17
-20
-19
-17
-15
-16
-17
-18
-16
-14
-13
-11
-11
-15
-18
-19
-17
-14
-12
-10
-7
-4
-3
-2
-2
-1
-2
-4
-6
-7
-5
-4
-2
-1
0
2
5
9
9
10
9
10
13
13
9
6
2
-1
0
-1
-1
-1
-1
0
1
3
5
6
4
2
-1
-5
-6
-6
-6
-6
-5
-2
-1
-1
-1
1
5
7
8
8
8
8
7
3
-1
-4
-6
-5
-4
-2
0
1
1
0
3
4
8
8
5
1
-4
-8
-11
-11
-13
-15
-16
-19
-16
-13
-8
-5
-3
-2
-3
-4
-8
-9
-9
-8
-6
-4
-4
-2
-2
1
0
1
3
5
8
8
9
8
4
0
-3
-2
0
4
8
13
15
16
14
11
7
3
-1
-5
-6
-8
-7
-6
-7
-6
-3
-2
0
3
6
9
8
6
5
4
6
8
6
3
2
2
4
6
7
10
14
16
19
20
24
25
22
19
18
18
17
13
10
10
10
9
11
14
17
18
14
10
8
5
3
2
3
4
5
4
3
2
-1
-2
-3
-4
-5
-5
-7
-8
-11
-14
-16
-21
-28
-33
-35
-36
-36
-37
-35
-34
-32
-33
-36
-39
-43
-47
-49
-48
-47
-46
-42
-38
-32
-24
-17
-13
-13
-14
-12
-11
-10
-9
-8
-7
-4
-2
1
3
1
0
-1
2
5
11
14
16
16
16
17
18
21
23
25
27
28
29
34
36
38
40
41
40
39
39
37
37
36
35
33
30
27
25
24
22
23
24
24
22
20
17
14
8
4
2
4
8
8
8
10
11
11
8
5
3
2
1
1
3
4
4
2
-1
-5
-7
-9
-14
-16
-17
-17
-17
-19
-18
-19
-21
-22
-22
-22
-19
-18
-18
-18
-19
-21
-21
-20
-18
-16
-17
-18
-18
-18
-16
-14
-16
-18
-20
-21
-23
-25
-25
-24
-23
-23
-22
-18
-14
-10
-9
-6
-4
-2
-1
-2
-4
-4
-3
-1
-1
1
1
3
3
3
4
5
5
5
5
5
6
7
9
12
11
9
9
8
9
9
10
12
15
14
14
12
14
15
18
19
20
19
19
18
16
15
12
11
12
12
14
15
17
17
17
18
19
21
22
22
20
18
16
15
14
13
11
8
8
9
11
11
11
9
8
6
4
2
1
3
3
4
5
4
3
0
-4
-8
-14
-18
-24
-26
-28
-27
-27
-27
-27
-28
-31
-33
-35
-37
-37
-38
-38
-36
-35
-31
-29
-27
-27
-27
-29
-31
-30
-27
-25
-23
-23
-22
-20
-17
-14
-10
-6
-4
-3
-1
1
2
5
7
12
14
16
18
21
21
20
19
19
20
21
24
27
28
29
29
30
28
27
25
22
18
17
17
19
22
26
27
27
26
24
21
20
16
13
10
8
7
7
7
10
12
14
15
15
14
11
8
5
-1
-5
-8
-9
-7
-6
-6
-7
-11
-14
-19
-21
-19
-17
-14
-10
-8
-5
-6
-9
-14
-19
-23
-24
-21
-18
-12
-10
-10
-11
-13
-15
-17
-16
-15
-14
-13
-14
-16
-15
-14
-11
-11
-10
-9
-8
-9
-10
-10
-10
-8
-8
-6
-4
-2
-1
0
4
5
5
6
9
10
11
12
12
11
13
12
11
8
7
7
7
5
5
7
10
14
17
17
15
12
9
7
5
5
3
2
4
5
7
8
11
12
11
11
11
8
5
1
0
0
2
5
7
6
4
2
0
-1
-3
-3
-5
-5
-6
-7
-6
-6
-6
-4
-3
-2
-2
-3
-3
-1
1
2
1
1
-2
-3
-3
-5
-8
-8
-9
-13
-11
-9
-8
-7
-8
-8
-6
-6
-8
-8
-8
-10
-9
-9
-8
-8
-7
-6
-4
-2
0
1
2
5
6
6
6
4
3
-1
0
1
2
4
3
5
7
9
10
7
2
-1
-2
0
1
2
3
2
2
1
0
-1
-1
0
2
4
5
4
3
0
0
0
2
5
6
