1
0
0
0
0
0
0
0
1
0
0
1
-1
-1
0
0
0
0
0
0
0
0
0
0
0
0
0
0
0
1
0
0
0
0
1
0
-1
0
0
0
0
-1
0
0
0
0
1
-1
0
0
0
0
-1
0
0
0
0
0
0
0
0
0
0
0
0
0
0
-1
0
0
0
0
0
0
0
0
0
1
0
-1
0
0
0
0
0
0
0
0
0
0
0
0
0
0
0
0
0
0
0
-1
0
0
-1
0
0
0
0
0
0
0
0
0
0
1
0
0
0
0
0
0
0
1
0
0
0
1
1
0
0
0
-1
1
1
0
0
0
1
0
0
0
1
0
0
0
1
0
0
0
0
0
-1
0
0
0
0
0
0
0
0
1
0
-1
-1
-1
0
0
0
0
-1
0
0
0
0
0
0
0
0
0
1
0
1
-1
0
0
0
0
0
1
-1
0
1
-1
0
0
0
0
0
0
0
-1
0
0
0
-1
0
-1
0
0
0
0
0
-1
0
0
1
0
0
0
-1
0
0
0
0
0
0
0
0
-1
-1
0
0
0
0
0
1
0
0
1
0
0
-1
0
0
0
0
0
0
0
0
0
1
0
1
0
0
1
-1
0
0
0
0
0
0
0
0
0
-1
0
-1
0
0
0
-1
0
0
0
0
1
0
0
0
0
0
0
1
0
1
0
0
0
0
0
0
1
0
0
0
1
1
0
0
0
0
0
0
0
0
-1
1
0
0
0
0
0
0
0
1
0
0
-1
0
0
0
-1
-1
0
0
1
0
-1
0
0
0
0
0
0
-1
-1
0
0
-1
1
0
1
0
0
0
0
0
0
1
0
0
0
-1
0
0
0
0
0
1
-1
-1
0
0
0
1
0
0
0
0
0
0
0
0
0
0
0
0
0
0
0
0
0
-1
0
0
0
0
0
0
0
0
1
0
0
-1
1
0
0
-1
-1
0
0
0
1
-1
0
0
0
-1
1
0
0
0
1
-1
0
0
0
0
0
0
0
0
0
0
0
-1
0
0
0
0
0
0
1
1
0
0
1
-1
0
0
-1
2
0
-1
-1
0
0
0
0
0
0
0
0
0
0
0
0
0
0
0
0
0
0
0
-1
0
1
0
-1
0
0
-1
0
0
0
0
0
0
1
1
0
0
-1
0
0
1
0
0
0
0
0
0
0
0
0
0
-1
1
0
0
1
0
0
0
0
0
0
1
0
0
0
0
0
-1
0
-1
0
0
1
0
0
1
0
0
1
0
0
0
1
-1
-1
1
0
0
0
-1
0
0
1
0
0
0
0
0
0
-1
0
0
0
-1
0
0
1
1
-1
0
0
0
0
0
1
0
0
0
-1
0
0
0
1
0
0
0
1
1
0
1
0
0
1
0
1
1
1
1
1
1
1
2
1
1
2
1
3
2
2
2
1
1
0
1
1
-1
0
-1
-2
-1
-1
-2
-1
-1
-1
-2
-2
-2
-2
-2
-2
-1
-1
-1
-2
-2
-2
-2
-2
-1
-1
-1
-1
0
1
2
1
2
1
0
1
0
-1
0
-2
-3
-3
-4
-5
-5
-5
-5
-5
-6
-5
-5
-4
-4
-4
-3
-4
-3
-3
-3
-2
-2
-1
-2
0
0
1
3
3
4
5
5
7
7
8
8
8
7
7
6
6
5
5
5
6
7
11
14
15
17
18
18
20
21
22
20
18
16
13
10
7
5
1
-2
-5
-7
-9
-9
-10
-11
-13
-16
-19
-21
-24
-26
-27
-28
-31
-33
-34
-33
-30
-26
-23
-20
-17
-14
-9
-3
2
7
8
11
12
14
16
17
18
18
19
20
21
22
23
22
22
21
21
18
15
11
6
0
-6
-12
-18
-23
-27
-31
-33
-34
-31
-26
-16
-7
3
13
24
37
50
62
71
76
78
81
82
82
81
78
74
68
65
61
59
58
57
56
54
50
46
39
32
25
15
6
-4
-14
-23
-31
-38
-42
-45
-43
-36
-29
-23
-20
-18
-14
-11
-12
-25
-57
-104
-151
-190
-219
-241
-264
-289
-313
-327
-317
-289
-251
-217
-189
-159
-126
-86
-45
-7
20
35
46
57
66
76
82
88
91
92
99
107
119
131
143
153
155
152
145
135
123
107
88
65
40
17
-3
-19
-31
-41
-46
-46
-42
-39
-35
-35
-33
-28
-18
-2
17
34
51
64
83
105
128
150
165
179
183
185
181
174
171
165
156
145
132
119
106
100
96
90
85
75
65
58
51
46
38
32
25
21
18
13
9
3
-1
0
2
9
15
18
25
26
31
29
26
22
12
0
-21
-46
-93
-166
-258
-355
-432
-494
-542
-585
-628
-670
-692
-674
-617
-548
-486
-432
-378
-309
-226
-133
-48
16
60
98
136
174
207
232
249
257
262
273
291
308
324
335
341
337
322
300
272
240
204
161
109
52
2
-40
-74
-99
-115
-119
-112
-96
-82
-82
-102
-128
-131
-110
-69
-30
10
41
69
114
184
273
340
380
400
412
424
428
431
417
385
343
295
253
212
176
151
128
114
94
71
47
30
31
35
33
22
11
7
6
0
-9
-23
-39
-51
-49
-31
-12
6
26
57
91
127
153
168
171
157
123
48
-67
-234
-416
-601
-746
-860
-965
-1066
-1166
-1218
-1217
-1152
-1045
-924
-821
-728
-621
-477
-322
-177
-60
26
94
147
207
262
304
329
347
372
404
440
485
530
568
597
617
626
614
583
533
467
381
276
163
48
-55
-136
-197
-239
-269
-282
-277
-251
-215
-194
-193
-193
-178
-130
-73
-3
54
94
136
192
288
382
465
517
544
571
591
613
612
589
549
496
444
387
335
281
223
173
128
86
40
-10
-43
-63
-68
-73
-80
-85
-89
-82
-72
-60
-58
-62
-56
-35
-2
37
80
121
158
191
228
253
260
247
226
184
100
-28
-208
-417
-634
-827
-979
-1114
-1240
-1357
-1440
-1470
-1442
-1353
-1230
-1106
-989
-865
-709
-529
-346
-181
-45
61
144
225
306
374
424
464
503
542
584
633
683
724
753
771
775
760
720
664
590
501
394
277
150
21
-98
-197
-274
-330
-367
-383
-374
-358
-363
-385
-384
-349
-270
-187
-89
3
69
135
223
364
496
595
653
689
720
740
760
760
724
664
594
528
461
399
349
288
228
171
123
74
21
-16
-37
-57
-88
-122
-144
-156
-162
-161
-154
-143
-131
-105
-59
-2
58
118
179
235
287
329
354
346
317
267
184
62
-106
-317
-562
-808
-1020
-1186
-1330
-1461
-1565
-1631
-1647
-1599
-1482
-1324
-1177
-1050
-911
-744
-559
-371
-198
-55
49
135
225
318
397
463
520
575
628
685
751
815
863
899
918
915
891
842
773
681
564
433
291
146
3
-122
-226
-308
-366
-402
-411
-411
-424
-467
-471
-440
-362
-279
-193
-77
-1
84
183
348
523
645
729
779
829
858
881
899
877
825
752
679
612
543
492
423
343
270
210
159
99
55
25
-8
-59
-113
-139
-154
-169
-180
-183
-183
-182
-171
-128
-57
20
100
165
221
279
327
360
360
331
271
176
40
-136
-359
-635
-941
-1230
-1475
-1676
-1845
-1983
-2080
-2139
-2133
-2039
-1866
-1652
-1445
-1247
-1041
-825
-594
-360
-146
30
165
285
404
519
616
695
766
833
909
993
1078
1154
1202
1230
1238
1225
1186
1114
1012
878
721
545
360
174
-5
-159
-288
-400
-483
-536
-573
-624
-691
-696
-656
-570
-481
-366
-222
-108
20
170
377
576
725
837
918
995
1051
1102
1143
1135
1107
1044
968
894
832
786
708
622
549
481
405
320
257
200
135
55
-21
-70
-117
-163
-204
-228
-231
-226
-195
-146
-77
-6
61
129
187
248
273
265
231
189
148
67
-67
-262
-534
-882
-1254
-1581
-1842
-2087
-2314
-2511
-2644
-2716
-2711
-2584
-2377
-2141
-1923
-1693
-1422
-1132
-822
-513
-242
-25
145
311
481
637
772
879
983
1074
1158
1258
1364
1458
1521
1561
1587
1582
1544
1471
1364
1218
1033
827
602
366
137
-73
-248
-402
-523
-614
-705
-809
-880
-884
-829
-747
-642
-491
-342
-199
-45
171
416
630
793
933
1057
1145
1210
1266
1296
1293
1259
1204
1139
1073
1029
975
899
817
735
645
542
454
387
313
215
94
-7
-85
-162
-230
-285
-314
-321
-318
-280
-223
-150
-74
-4
73
150
225
264
262
229
190
148
96
9
-120
-335
-651
-1049
-1464
-1829
-2150
-2440
-2703
-2928
-3088
-3166
-3133
-2973
-2735
-2462
-2205
-1937
-1648
-1323
-961
-604
-284
-34
172
376
562
732
876
1004
1119
1216
1322
1444
1575
1691
1775
1837
1869
1867
1830
1755
1648
1491
1291
1050
784
507
237
-11
-228
-407
-569
-729
-902
-1034
-1100
-1093
-1042
-957
-815
-660
-486
-292
-35
254
509
734
927
1102
1243
1355
1446
1490
1505
1484
1430
1363
1299
1260
1212
1146
1077
1015
948
873
795
719
624
500
357
223
104
-21
-150
-276
-386
-472
-525
-524
-484
-417
-343
-263
-160
-38
72
154
205
219
212
170
118
29
-114
-347
-706
-1155
-1636
-2054
-2392
-2689
-2964
-3197
-3355
-3428
-3405
-3235
-2965
-2665
-2396
-2140
-1850
-1520
-1144
-767
-433
-175
18
214
418
618
807
979
1139
1272
1402
1561
1739
1910
2039
2125
2171
2180
2151
2072
1943
1752
1516
1246
948
645
342
66
-173
-386
-560
-707
-848
-977
-1068
-1085
-1053
-995
-902
-773
-613
-439
-231
15
272
505
707
911
1105
1270
1401
1496
1574
1618
1629
1613
1576
1540
1490
1414
1321
1222
1116
998
876
764
658
539
396
245
113
-2
-116
-231
-335
-419
-482
-515
-521
-493
-446
-385
-302
-194
-73
32
95
128
135
117
78
25
-43
-184
-438
-837
-1324
-1794
-2185
-2486
-2765
-3037
-3272
-3444
-3509
-3459
-3270
-2995
-2718
-2454
-2184
-1860
-1487
-1087
-700
-380
-126
89
316
546
751
940
1101
1251
1385
1523
1693
1871
2027
2140
2210
2252
2259
2226
2144
2011
1824
1582
1302
992
678
374
94
-154
-385
-616
-842
-1034
-1159
-1211
-1211
-1167
-1078
-950
-792
-603
-367
-95
171
411
637
857
1055
1214
1335
1426
1495
1535
1550
1551
1548
1530
1491
1435
1369
1304
1227
1134
1035
935
822
682
520
355
197
35
-138
-318
-495
-649
-763
-822
-816
-761
-663
-542
-399
-236
-78
60
162
233
267
268
243
180
65
-130
-444
-863
-1328
-1748
-2095
-2396
-2691
-2976
-3213
-3375
-3435
-3364
-3161
-2894
-2630
-2374
-2094
-1779
-1439
-1096
-776
-507
-279
-62
170
403
615
814
1003
1174
1335
1506
1705
1906
2073
2201
2287
2325
2315
2261
2168
2026
1828
1585
1312
1019
725
450
192
-46
-274
-499
-729
-938
-1067
-1118
-1132
-1127
-1080
-979
-851
-699
-499
-246
21
257
481
705
915
1090
1225
1339
1422
1480
1517
1526
1519
1505
1482
1433
1370
1314
1258
1181
1092
1006
911
779
610
435
265
89
-116
-328
-523
-690
-813
-882
-886
-840
-763
-662
-539
-398
-237
-84
46
140
191
211
196
162
91
-44
-295
-678
-1132
-1563
-1918
-2227
-2523
-2804
-3048
-3220
-3289
-3237
-3059
-2817
-2563
-2317
-2058
-1756
-1416
-1057
-721
-444
-228
-40
162
366
556
739
920
1098
1264
1434
1626
1822
1993
2126
2222
2285
2309
2284
2212
2086
1903
1671
1399
1099
789
495
225
-20
-253
-496
-754
-970
-1099
-1152
-1170
-1171
-1117
-1012
-879
-715
-503
-245
-3
204
415
640
847
1009
1140
1241
1309
1353
1376
1388
1398
1416
1423
1395
1352
1306
1259
1199
1132
1065
973
824
627
418
211
-1
-225
-432
-611
-767
-884
-947
-941
-874
-760
-616
-457
-283
-108
39
136
187
209
206
192
166
115
-5
-252
-625
-1054
-1446
-1768
-2045
-2322
-2610
-2883
-3081
-3176
-3150
-3015
-2807
-2586
-2377
-2147
-1864
-1538
-1194
-866
-584
-352
-142
81
307
524
729
934
1135
1315
1487
1665
1852
2021
2160
2269
2339
2369
2352
2290
2176
2008
1788
1519
1226
929
643
371
115
-157
-448
-728
-944
-1085
-1187
-1263
-1295
-1263
-1185
-1054
-872
-643
-401
-175
47
271
483
666
815
946
1054
1153
1236
1291
1327
1359
1396
1412
1407
1395
1369
1313
1238
1172
1104
1013
882
725
556
346
95
-180
-439
-648
-804
-896
-925
-907
-840
-730
-577
-400
-220
-66
53
131
166
179
184
175
132
35
-159
-474
-898
-1323
-1679
-1984
-2283
-2581
-2836
-3010
-3092
-3073
-2948
-2742
-2510
-2286
-2048
-1764
-1442
-1108
-791
-521
-307
-122
70
276
472
647
817
990
1161
1329
1508
1707
1900
2062
2188
2278
2325
2320
2267
2171
2025
1818
1564
1275
972
676
400
144
-83
-301
-533
-769
-957
-1068
-1143
-1212
-1248
-1212
-1130
-1009
-851
-642
-401
-178
29
248
479
680
846
992
1113
1223
1316
1378
1399
1408
1421
1410
1373
1336
1297
1235
1157
1089
1031
959
839
669
464
233
-11
-249
-444
-589
-683
-729
-736
-708
-654
-567
-464
-333
-181
-36
75
140
180
200
205
196
150
21
-231
-611
-1060
-1492
-1854
-2168
-2498
-2837
-3130
-3325
-3400
-3357
-3195
-2949
-2675
-2396
-2092
-1753
-1393
-1042
-723
-450
-222
-20
186
384
557
708
864
1034
1207
1382
1573
1774
1964
2131
2269
2373
2429
2429
2376
2264
2095
1874
1603
1297
976
664
378
117
-149
-442
-726
-941
-1063
-1139
-1198
-1230
-1204
-1118
-983
-799
-580
-356
-144
68
296
524
717
871
1009
1127
1234
1324
1379
1408
1435
1469
1491
1488
1477
1448
1395
1332
1273
1207
1108
960
772
563
319
34
-264
-542
-765
-917
-984
-972
-900
-784
-636
-484
-354
-241
-149
-87
-50
-28
-13
-8
-30
-110
-290
-609
-1031
-1438
-1758
-2041
-2355
-2677
-2939
-3111
-3197
-3182
-3048
-2842
-2614
-2365
-2074
-1741
-1398
-1055
-735
-471
-262
-73
129
313
458
594
754
941
1126
1306
1497
1696
1892
2070
2225
2343
2416
2432
2386
2290
2142
1937
1678
1375
1051
734
442
177
-59
-304
-584
-846
-1019
-1103
-1159
-1223
-1264
-1246
-1178
-1070
-920
-723
-506
-300
-90
145
377
576
743
889
1033
1185
1319
1402
1449
1497
1545
1567
1573
1569
1535
1467
1398
1356
1319
1227
1043
787
501
207
-72
-315
-497
-618
-696
-741
-745
-694
-591
-458
-321
-186
-63
15
61
108
145
162
156
108
-4
-223
-582
-1033
-1470
-1828
-2145
-2498
-2867
-3174
-3373
-3460
-3432
-3294
-3082
-2844
-2590
-2294
-1939
-1560
-1188
-839
-549
-318
-114
105
321
503
661
838
1041
1251
1453
1659
1877
2095
2290
2452
2576
2649
2653
2595
2485
2319
2094
1813
1486
1130
776
454
165
-115
-422
-757
-1048
-1234
-1333
-1407
-1478
-1512
-1483
-1395
-1261
-1085
-880
-675
-470
-237
30
285
508
712
894
1069
1254
1416
1515
1576
1645
1712
1745
1761
1771
1747
1689
1633
1586
1528
1417
1231
981
683
353
1
-334
-599
-758
-810
-786
-727
-656
-597
-566
-550
-506
-431
-348
-267
-182
-89
-16
8
-32
-174
-448
-847
-1312
-1752
-2126
-2474
-2838
-3178
-3437
-3576
-3591
-3482
-3268
-2984
-2667
-2323
-1940
-1534
-1136
-777
-473
-219
-13
170
350
520
671
818
997
1206
1431
1652
1877
2123
2368
2590
2774
2911
2970
2942
2843
2681
2452
2154
1800
1411
1015
647
325
39
-225
-502
-811
-1089
-1272
-1369
-1437
-1504
-1525
-1485
-1414
-1322
-1196
-1029
-850
-679
-485
-251
-21
176
362
561
773
994
1191
1338
1446
1550
1646
1718
1774
1818
1826
1780
1705
1622
1495
1282
980
648
328
34
-226
-416
-523
-563
-563
-541
-510
-469
-427
-390
-351
-303
-250
-203
-160
-113
-70
-54
-78
-138
-267
-522
-893
-1303
-1690
-2036
-2390
-2760
-3085
-3322
-3458
-3489
-3412
-3250
-3035
-2773
-2456
-2091
-1702
-1313
-941
-607
-318
-48
231
513
755
948
1126
1322
1534
1748
1959
2173
2382
2577
2756
2903
3003
3035
2989
2873
2702
2477
2190
1849
1476
1092
724
386
79
-207
-521
-865
-1184
-1418
-1566
-1682
-1787
-1837
-1810
-1728
-1604
-1442
-1242
-1029
-827
-595
-319
-39
219
455
669
875
1079
1254
1384
1477
1562
1637
1681
1713
1736
1731
1697
1657
1614
1527
1338
1050
715
382
76
-188
-394
-534
-625
-682
-724
-763
-775
-767
-754
-731
-679
-583
-448
-290
-111
45
124
118
30
-155
-470
-894
-1342
-1744
-2114
-2511
-2925
-3268
-3458
-3510
-3451
-3274
-2995
-2675
-2341
-1966
-1540
-1113
-727
-395
-122
90
268
450
633
780
887
1009
1190
1403
1614
1823
2054
2300
2541
2756
2927
3035
3053
2975
2820
2606
2333
1995
1597
1174
764
395
88
-180
-475
-819
-1147
-1373
-1482
-1537
-1588
-1625
-1615
-1546
-1425
-1280
-1103
-913
-736
-558
-348
-127
78
259
420
582
764
948
1096
1200
1313
1455
1582
1685
1771
1805
1778
1733
1678
1578
1374
1026
589
162
-193
-444
-582
-625
-592
-529
-467
-422
-406
-404
-398
-402
-382
-311
-220
-120
3
114
163
111
-87
-432
-874
-1313
-1672
-2004
-2401
-2835
-3194
-3410
-3488
-3454
-3308
-3058
-2770
-2456
-2087
-1665
-1231
-832
-495
-227
-8
193
402
590
723
830
964
1148
1356
1551
1752
1973
2209
2439
2646
2819
2932
2964
2904
2769
2578
2332
2009
1609
1182
779
428
117
-173
-478
-802
-1093
-1307
-1451
-1563
-1643
-1682
-1671
-1604
-1475
-1319
-1178
-1040
-881
-685
-458
-248
-68
107
277
440
619
811
977
1097
1211
1343
1462
1569
1668
1716
1724
1741
1748
1688
1531
1284
961
598
237
-97
-384
-585
-683
-677
-594
-499
-427
-385
-362
-346
-296
-194
-81
16
115
212
247
205
59
-259
-726
-1235
-1670
-2014
-2354
-2728
-3053
-3246
-3308
-3264
-3123
-2878
-2579
-2274
-1928
-1524
-1124
-757
-442
-197
-11
150
318
484
612
708
820
992
1220
1457
1675
1893
2123
2347
2548
2709
2813
2834
2761
2604
2382
2106
1761
1348
915
509
149
-146
-423
-743
-1082
-1349
-1501
-1591
-1666
-1710
-1712
-1679
-1586
-1427
-1224
-1017
-852
-698
-501
-276
-57
147
327
485
657
852
1036
1175
1307
1455
1584
1696
1801
1862
1852
1804
1770
1728
1619
1408
1112
772
433
132
-120
-309
-444
-518
-526
-481
-399
-305
-226
-191
-174
-134
-74
-19
38
105
136
75
-115
-473
-972
-1504
-1941
-2283
-2635
-3025
-3349
-3514
-3523
-3433
-3273
-3020
-2704
-2390
-2054
-1658
-1234
-848
-533
-289
-107
49
228
424
575
685
828
1046
1315
1577
1826
2081
2346
2599
2810
2966
3056
3054
2950
2762
2517
2232
1890
1470
1016
591
222
-82
-356
-672
-1028
-1317
-1453
-1496
-1547
-1600
-1601
-1548
-1439
-1267
-1052
-823
-623
-443
-230
24
245
414
565
708
861
1043
1220
1326
1399
1514
1623
1696
1769
1830
1817
1762
1736
1728
1670
1502
1218
840
442
55
-305
-595
-804
-947
-1000
-963
-894
-811
-701
-577
-459
-318
-165
-69
-46
-85
-218
-509
-964
-1527
-2088
-2536
-2889
-3252
-3633
-3916
-4020
-3970
-3803
-3538
-3182
-2768
-2345
-1921
-1476
-1026
-620
-296
-58
115
258
401
545
659
767
947
1222
1543
1849
2142
2450
2767
3044
3257
3409
3493
3479
3340
3109
2802
2428
1994
1523
1041
593
222
-63
-331
-666
-990
-1200
-1288
-1324
-1369
-1411
-1412
-1360
-1261
-1107
-931
-761
-626
-507
-312
-83
106
274
447
611
797
1029
1229
1367
1474
1594
1678
1727
1785
1809
1778
1733
1716
1698
1611
1405
1098
747
391
54
-255
-491
-638
-707
-682
-600
-515
-438
-377
-351
-327
-276
-221
-202
-227
-284
-423
-734
-1216
-1790
-2346
-2784
-3141
-3528
-3925
-4197
-4260
-4167
-4001
-3755
-3400
-2989
-2581
-2163
-1708
-1241
-840
-522
-276
-84
86
286
484
623
753
968
1283
1624
1940
2245
2570
2900
3175
3370
3497
3551
3495
3315
3048
2736
2382
1968
1494
1005
552
181
-121
-407
-737
-1072
-1307
-1422
-1466
-1509
-1558
-1585
-1550
-1449
-1280
-1081
-897
-725
-542
-293
2
260
477
702
928
1142
1386
1620
1792
1914
2033
2150
2224
2282
2301
2236
2135
2069
2016
1922
1739
1452
1097
719
334
-14
-280
-442
-540
-581
-563
-530
-489
-430
-375
-364
-370
-377
-415
-490
-589
-751
-1105
-1642
-2243
-2773
-3169
-3533
-3961
-4376
-4600
-4607
-4495
-4303
-4013
-3624
-3216
-2799
-2345
-1861
-1392
-993
-675
-417
-189
37
278
485
619
765
1025
1390
1756
2083
2410
2748
3074
3340
3519
3616
3627
3517
3286
2995
2683
2312
1856
1351
860
415
50
-254
-567
-904
-1215
-1408
-1493
-1550
-1612
-1659
-1660
-1601
-1456
-1254
-1038
-853
-684
-466
-188
111
377
623
865
1110
1365
1620
1842
2004
2143
2266
2367
2442
2488
2484
2422
2368
2329
2248
2071
1798
1467
1128
813
514
259
48
-117
-235
-297
-314
-310
-286
-257
-234
-230
-227
-227
-265
-372
-581
-939
-1477
-2125
-2750
-3258
-3682
-4119
-4549
-4855
-4949
-4867
-4691
-4448
-4121
-3726
-3299
-2825
-2298
-1767
-1316
-948
-633
-357
-110
123
341
508
653
870
1203
1587
1927
2226
2538
2870
3182
3431
3595
3656
3601
3428
3165
2852
2487
2044
1531
999
511
95
-241
-562
-949
-1324
-1571
-1665
-1712
-1777
-1823
-1802
-1710
-1557
-1341
-1115
-881
-670
-446
-136
212
499
735
981
1224
1485
1772
2022
2187
2325
2492
2614
2685
2756
2784
2715
2609
2534
2451
2317
2107
1834
1539
1224
865
466
102
-165
-322
-376
-344
-290
-236
-184
-179
-216
-243
-277
-380
-569
-859
-1312
-1947
-2633
-3231
-3715
-4149
-4612
-5068
-5381
-5442
-5295
-5040
-4707
-4289
-3827
-3349
-2830
-2278
-1744
-1270
-890
-597
-355
-115
140
388
589
763
1011
1382
1799
2180
2551
2944
3333
3662
3902
4034
4055
3962
3739
3411
3023
2588
2091
1529
964
445
-6
-431
-859
-1232
-1482
-1614
-1717
-1793
-1807
-1745
-1649
-1536
-1372
-1155
-917
-727
-531
-274
12
261
471
716
980
1253
1525
1769
1969
2168
2379
2516
2603
2691
2749
2712
2601
2502
2383
2215
1989
1727
1428
1083
690
275
-82
-365
-545
-591
-526
-401
-262
-147
-121
-160
-197
-258
-408
-631
-897
-1297
-1903
-2628
-3279
-3786
-4240
-4716
-5186
-5502
-5561
-5413
-5132
-4753
-4289
-3787
-3277
-2733
-2156
-1598
-1116
-718
-408
-175
52
314
578
785
963
1228
1623
2063
2465
2847
3247
3636
3964
4203
4342
4364
4245
3979
3605
3182
2709
2168
1574
971
416
-57
-435
-765
-1141
-1509
-1731
-1794
-1810
-1862
-1901
-1874
-1776
-1632
-1448
-1235
-1013
-792
-571
-276
87
424
698
964
1248
1548
1850
2097
2261
2372
2476
2547
2570
2586
2577
2496
2360
2235
2124
1983
1769
1480
1157
820
465
92
-222
-416
-498
-491
-422
-329
-262
-242
-255
-288
-331
-393
-520
-745
-1099
-1644
-2342
-3017
-3541
-3982
-4464
-4978
-5379
-5558
-5517
-5314
-4980
-4545
-4049
-3555
-3046
-2481
-1901
-1374
-937
-589
-319
-61
209
470
685
872
1120
1465
1878
2277
2640
3020
3423
3786
4060
4232
4296
4224
4004
3684
3315
2890
2386
1794
1174
608
136
-284
-720
-1139
-1453
-1620
-1695
-1736
-1769
-1782
-1733
-1639
-1486
-1274
-1034
-849
-697
-473
-165
147
420
701
969
1251
1574
1876
2106
2286
2466
2592
2670
2745
2790
2737
2614
2492
2371
2240
2043
1763
1459
1167
859
524
197
-106
-348
-468
-461
-380
-259
-138
-81
-107
-164
-247
-388
-555
-753
-1096
-1678
-2419
-3159
-3770
-4254
-4724
-5202
-5605
-5796
-5746
-5534
-5208
-4767
-4241
-3695
-3149
-2583
-1990
-1422
-966
-627
-365
-127
127
393
623
798
1018
1364
1791
2210
2604
3014
3429
3806
4101
4287
4350
4276
4051
3684
3255
2796
2279
1690
1060
463
-51
-465
-817
-1190
-1539
-1766
-1835
-1811
-1786
-1794
-1795
-1714
-1568
-1362
-1139
-921
-716
-511
-214
166
539
870
1192
1499
1809
2156
2454
2652
2782
2884
2951
2976
2979
2909
2755
2572
2417
2285
2152
1967
1694
1389
1060
703
336
17
-237
-401
-429
-376
-292
-217
-160
-160
-199
-257
-352
-502
-747
-1119
-1709
-2454
-3192
-3815
-4340
-4859
-5392
-5827
-6018
-5964
-5728
-5355
-4894
-4366
-3821
-3249
-2635
-2019
-1471
-1034
-707
-450
-199
60
306
516
695
937
1298
1750
2201
2609
3031
3460
3856
4172
4372
4428
4326
4065
3673
3222
2736
2196
1582
932
341
-136
-513
-822
-1148
-1476
-1704
-1788
-1775
-1773
-1784
-1769
-1699
-1586
-1419
-1205
-991
-766
-541
-226
177
589
952
1282
1635
1977
2306
2572
2770
2887
2956
3019
3025
2995
2922
2793
2611
2429
2297
2160
1961
1689
1418
1163
887
564
217
-79
-299
-443
-511
-511
-473
-437
-429
-416
-387
-373
-432
-605
-916
-1410
-2109
-2884
-3540
-4054
-4547
-5145
-5729
-6075
-6140
-5980
-5657
-5206
-4668
-4098
-3525
-2893
-2227
-1626
-1122
-730
-435
-198
30
280
502
655
813
1091
1506
1971
2403
2820
3266
3708
4074
4326
4450
4443
4278
3954
3538
3071
2540
1924
1250
605
55
-381
-717
-997
-1266
-1538
-1736
-1802
-1768
-1729
-1736
-1762
-1734
-1611
-1425
-1224
-1034
-804
-514
-177
213
647
1067
1443
1799
2133
2458
2737
2906
2991
3037
3069
3066
3002
2881
2702
2501
2334
2214
2098
1962
1766
1495
1197
899
587
267
-18
-238
-368
-401
-371
-319
-263
-221
-217
-268
-367
-512
-756
-1149
-1726
-2454
-3199
-3850
-4428
-5010
-5571
-6001
-6211
-6172
-5963
-5640
-5217
-4708
-4145
-3547
-2905
-2252
-1656
-1170
-795
-491
-199
112
399
627
829
1078
1428
1867
2318
2736
3143
3548
3922
4223
4425
4499
4414
4179
3818
3379
2890
2343
1727
1078
471
-28
-437
-797
-1117
-1440
-1698
-1837
-1863
-1858
-1894
-1931
-1918
-1820
-1677
-1490
-1292
-1058
-758
-429
-23
424
854
1234
1617
2004
2361
2671
2878
3004
3060
3103
3119
3066
2980
2858
2721
2580
2473
2380
2275
2114
1885
1634
1358
1054
724
391
100
-137
-307
-409
-449
-426
-351
-282
-284
-328
-387
-483
-675
-1055
-1639
-2374
-3139
-3834
-4464
-5079
-5683
-6167
-6469
-6544
-6418
-6126
-5678
-5140
-4554
-3926
-3250
-2559
-1919
-1369
-930
-576
-268
20
280
489
692
944
1280
1693
2139
2604
3071
3533
3961
4316
4566
4691
4667
4485
4165
3749
3263
2695
2043
1363
724
170
-293
-675
-995
-1279
-1531
-1708
-1786
-1793
-1803
-1838
-1863
-1825
-1706
-1544
-1370
-1192
-943
-625
-265
149
601
1049
1467
1871
2254
2609
2890
3079
3186
3227
3251
3226
3128
2981
2824
2679
2536
2397
2249
2082
1887
1667
1443
1211
948
626
274
-48
-286
-438
-518
-543
-546
-518
-490
-493
-516
-548
-631
-828
-1208
-1796
-2522
-3278
-3955
-4576
-5208
-5813
-6283
-6550
-6606
-6458
-6127
-5634
-5054
-4437
-3782
-3101
-2413
-1767
-1213
-771
-426
-131
153
404
614
829
1107
1468
1892
2336
2789
3258
3727
4167
4525
4774
4898
4851
4623
4255
3802
3285
2688
2023
1338
687
117
-363
-771
-1100
-1364
-1615
-1845
-1988
-2018
-1990
-1978
-1977
-1911
-1762
-1561
-1340
-1101
-789
-418
-52
339
799
1248
1629
1973
2304
2603
2834
3008
3096
3092
3072
3042
2952
2830
2738
2657
2526
2375
2232
2095
1923
1684
1406
1107
783
417
53
-230
-423
-557
-635
-665
-661
-607
-512
-439
-420
-422
-475
-668
-1075
-1664
-2377
-3118
-3782
-4407
-5055
-5674
-6119
-6345
-6384
-6251
-5952
-5503
-4965
-4379
-3748
-3072
-2399
-1798
-1292
-886
-562
-292
-26
216
403
604
881
1237
1650
2103
2582
3063
3541
3973
4315
4546
4659
4618
4406
4073
3654
3158
2576
1930
1278
669
144
-311
-701
-1062
-1402
-1666
-1819
-1863
-1872
-1865
-1831
-1762
-1650
-1495
-1305
-1105
-869
-600
-294
55
415
755
1073
1408
1747
2069
2367
2615
2786
2895
2984
3040
3050
3017
2943
2835
2713
2592
2442
2250
2035
1813
1593
1352
1068
738
389
71
-208
-418
-566
-679
-736
-716
-637
-538
-457
-418
-416
-444
-519
-701
-1062
-1590
-2223
-2890
-3524
-4107
-4639
-5130
-5537
-5807
-5887
-5765
-5484
-5087
-4625
-4116
-3569
-2986
-2393
-1857
-1419
-1065
-764
-490
-223
34
267
503
781
1119
1515
1956
2421
2870
3290
3675
4000
4240
4360
4339
4174
3901
3541
3115
2636
2101
1537
978
481
44
-339
-680
-1016
-1314
-1512
-1595
-1632
-1672
-1700
-1677
-1571
-1412
-1219
-1019
-796
-538
-274
26
362
683
948
1205
1478
1743
1986
2192
2345
2438
2518
2577
2583
2553
2500
2424
2331
2241
2132
1978
1773
1542
1310
1082
834
536
224
-59
-313
-523
-668
-750
-794
-788
-723
-622
-491
-363
-281
-281
-330
-392
-522
-786
-1206
-1746
-2329
-2869
-3337
-3774
-4190
-4548
-4798
-4928
-4914
-4753
-4471
-4105
-3707
-3287
-2838
-2365
-1916
-1525
-1189
-896
-623
-349
-83
151
378
649
966
1322
1704
2092
2467
2818
3136
3407
3608
3721
3720
3602
3386
3100
2752
2346
1898
1426
969
545
153
-209
-542
-838
-1081
-1247
-1334
-1374
-1391
-1378
-1321
-1216
-1065
-891
-707
-503
-283
-51
193
455
714
946
1160
1360
1542
1698
1826
1922
1997
2065
2123
2150
2147
2118
2063
1986
1890
1774
1629
1448
1240
1020
798
560
301
45
-175
-344
-472
-555
-601
-621
-615
-579
-498
-399
-307
-237
-203
-206
-262
-369
-515
-660
-795
-1006
-1373
-1850
-2310
-2687
-3011
-3342
-3677
-3954
-4128
-4193
-4177
-4051
-3807
-3528
-3254
-2949
-2584
-2176
-1764
-1383
-1039
-727
-431
-106
219
513
804
1119
1450
1758
2027
2286
2540
2763
2953
3107
3187
3197
3131
2994
2796
2550
2273
1945
1577
1201
837
468
74
-319
-661
-915
-1101
-1224
-1293
-1313
-1273
-1174
-1018
-821
-574
-299
-51
176
423
663
846
1016
1182
1320
1420
1497
1570
1618
1670
1733
1776
1791
1792
1772
1712
1637
1548
1443
1305
1114
911
703
482
234
-12
-227
-429
-611
-747
-824
-871
-877
-823
-736
-625
-495
-368
-290
-243
-197
-173
-190
-249
-340
-482
-656
-816
-960
-1060
-1154
-1316
-1588
-1905
-2183
-2408
-2631
-2892
-3144
-3344
-3468
-3541
-3547
-3421
-3221
-3006
-2755
-2425
-2044
-1648
-1222
-808
-415
-49
307
635
909
1170
1424
1674
1901
2087
2238
2372
2497
2591
2668
2717
2719
2671
2574
2447
2274
2079
1833
1480
1052
619
216
-161
-490
-784
-1026
-1184
-1267
-1263
-1198
-1041
-822
-588
-319
-17
269
515
753
961
1137
1284
1382
1449
1485
1539
1587
1616
1650
1676
1674
1659
1655
1628
1583
1498
1356
1184
982
749
478
188
-98
-382
-650
-871
-1049
-1194
-1270
-1296
-1292
-1228
-1114
-971
-821
-646
-448
-271
-140
-58
-45
-101
-192
-309
-432
-543
-652
-747
-820
-876
-883
-872
-814
-759
-784
-930
-1175
-1457
-1740
-2019
-2331
-2622
-2873
-3100
-3299
-3457
-3461
-3282
-2996
-2630
-2205
-1716
-1187
-629
-83
442
912
1297
1596
1773
1899
2006
2072
2096
2093
2096
2099
2119
2151
2221
2299
2347
2378
2348
2252
2069
1805
1465
1048
611
153
-316
-750
-1113
-1379
-1577
-1667
-1637
-1492
-1252
-934
-546
-119
331
739
1095
1399
1626
1770
1841
1866
1847
1805
1743
1660
1572
1496
1441
1378
1342
1335
1312
1267
1191
1081
917
697
422
100
-248
-610
-943
-1237
-1460
-1620
-1720
-1745
-1693
-1580
-1405
-1181
-945
-714
-497
-310
-160
-56
-1
11
-37
-106
-197
-295
-382
-469
-558
-631
-675
-718
-754
-773
-786
-799
-825
-860
-892
-923
-934
-971
-1086
-1264
-1461
-1653
-1823
-1952
-2057
-2113
-2127
-2098
-1999
-1815
-1537
-1219
-913
-603
-285
12
275
526
733
888
984
1017
1028
1019
1020
1039
1068
1101
1147
1200
1262
1330
1392
1431
1420
1357
1277
1174
1019
851
659
472
290
138
43
12
29
78
186
334
515
716
936
1148
1322
1466
1580
1638
1652
1649
1609
1533
1448
1356
1255
1162
1084
1027
962
886
794
681
558
415
251
76
-103
-295
-486
-663
-841
-996
-1121
-1207
-1261
-1278
-1258
-1224
-1182
-1122
-1034
-946
-852
-761
-687
-624
-576
-542
-519
-511
-515
-527
-557
-598
-637
-678
-723
-763
-809
-840
-862
-871
-862
-843
-826
-810
-813
-824
-839
-861
-874
-869
-855
-824
-779
-730
-659
-603
-557
-528
-488
-468
-457
-442
-416
-378
-364
-344
-325
-282
-222
-157
-94
-16
80
164
247
344
433
504
551
596
640
673
710
737
767
800
845
877
916
978
1048
1113
1164
1216
1266
1313
1348
1372
1391
1393
1374
1337
1298
1260
1205
1148
1089
1028
973
927
892
859
836
813
781
743
703
656
588
510
422
327
228
144
77
19
-35
-96
-153
-198
-232
-256
-276
-298
-337
-397
-470
-545
-615
-683
-752
-821
-881
-925
-973
-1016
-1059
-1089
-1119
-1146
-1176
-1209
-1231
-1255
-1274
-1291
-1304
-1311
-1317
-1309
-1292
-1264
-1235
-1206
-1178
-1164
-1150
-1142
-1125
-1087
-1027
-952
-873
-786
-690
-586
-481
-386
-302
-234
-185
-150
-121
-79
-36
19
67
128
183
255
334
414
508
588
676
754
836
906
968
1010
1033
1036
1018
996
981
976
975
970
967
970
966
971
977
976
956
936
912
878
848
822
807
781
766
754
747
746
749
759
767
787
804
821
839
847
839
818
777
722
658
589
515
437
363
282
194
104
18
-66
-147
-220
-295
-369
-432
-492
-551
-598
-641
-682
-728
-767
-797
-828
-857
-878
-897
-914
-925
-941
-964
-985
-1005
-1022
-1030
-1024
-1002
-964
-921
-882
-854
-840
-834
-826
-815
-793
-771
-748
-724
-700
-679
-657
-629
-596
-558
-515
-458
-396
-332
-276
-226
-179
-126
-78
-41
-17
-3
12
28
61
99
138
176
204
223
242
275
318
369
424
467
495
506
511
517
526
538
540
543
553
558
560
563
569
573
592
624
663
700
724
734
724
705
678
641
603
568
536
511
497
489
481
470
456
436
417
403
397
388
374
345
297
244
188
139
90
44
8
-17
-31
-38
-35
-27
-15
0
15
35
53
54
41
9
-40
-100
-162
-217
-266
-305
-332
-351
-359
-350
-329
-303
-279
-262
-265
-277
-298
-331
-363
-393
-423
-457
-493
-526
-553
-565
-565
-550
-530
-506
-487
-470
-446
-420
-392
-367
-350
-354
-373
-404
-437
-459
-473
-478
-479
-473
-453
-426
-395
-357
-319
-285
-263
-240
-215
-183
-154
-133
-118
-108
-95
-79
-54
-23
15
55
100
149
201
252
298
338
366
380
385
387
389
399
414
430
446
459
464
466
467
473
482
502
522
537
552
560
565
561
557
548
542
540
540
544
538
525
498
460
417
377
343
315
287
255
220
189
161
141
126
110
89
65
39
11
-16
-46
-79
-112
-142
-168
-191
-214
-241
-268
-290
-304
-309
-312
-310
-310
-315
-319
-320
-315
-312
-308
-311
-318
-329
-339
-344
-345
-342
-340
-345
-341
-321
-293
-261
-229
-203
-187
-178
-175
-170
-160
-148
-134
-126
-119
-115
-110
-99
-81
-63
-47
-38
-39
-43
-44
-37
-33
-32
-35
-37
-39
-35
-28
-19
-17
-22
-26
-27
-28
-26
-21
-13
-14
-19
-24
-24
-15
-2
11
17
13
6
6
15
29
42
45
42
41
48
62
77
91
96
92
88
87
82
70
54
41
25
15
16
28
51
71
92
109
124
140
156
165
165
157
149
145
148
156
159
155
143
127
112
100
94
91
90
86
83
85
96
116
140
164
184
200
211
213
216
219
216
209
193
177
159
140
117
90
60
36
18
4
-6
-15
-25
-40
-54
-65
-80
-94
-104
-108
-113
-117
-119
-123
-126
-125
-119
-109
-96
-81
-67
-58
-57
-63
-73
-81
-87
-91
-92
-95
-100
-106
-112
-120
-130
-141
-157
-172
-184
-193
-196
-193
-191
-192
-192
-189
-181
-175
-164
-154
-145
-137
-131
-131
-135
-138
-137
-132
-126
-122
-125
-129
-129
-123
-109
-86
-59
-33
-10
10
27
42
56
64
73
78
84
90
96
106
119
137
162
194
232
268
300
321
337
346
351
349
340
326
307
284
260
242
225
208
189
168
152
137
125
118
109
92
70
50
25
1
-25
-53
-87
-123
-158
-189
-214
-225
-232
-234
-235
-238
-244
-255
-266
-277
-286
-295
-305
-323
-349
-384
-425
-469
-508
-539
-547
-518
-445
-330
-187
-32
116
236
326
386
416
424
415
397
371
346
324
303
284
268
252
239
231
231
238
253
272
289
301
308
311
314
313
311
304
289
261
225
184
142
102
66
31
0
-30
-63
-100
-135
-167
-199
-228
-255
-285
-316
-344
-369
-389
-398
-393
-369
-333
-287
-239
-197
-162
-137
-122
-112
-111
-117
-127
-139
-150
-158
-159
-152
-139
-121
-100
-75
-47
-18
11
40
63
82
95
105
112
117
119
114
104
90
75
59
41
24
5
-13
-31
-48
-59
-64
-63
-57
-47
-36
-27
-19
-9
5
24
45
67
91
114
141
163
180
192
195
190
186
179
172
162
148
133
119
102
84
68
56
48
42
43
48
55
65
74
80
85
87
89
93
102
108
110
101
90
77
62
49
38
27
18
9
1
-6
-11
-14
-19
-25
-31
-33
-38
-42
-43
-43
-41
-38
-34
-29
-21
-12
-4
0
0
1
1
-3
-10
-22
-36
-50
-66
-82
-100
-116
-134
-157
-180
-202
-223
-246
-276
-312
-346
-377
-401
-418
-427
-426
-415
-394
-361
-321
-272
-217
-162
-108
-58
-12
28
62
88
107
118
121
122
125
132
141
150
159
167
172
177
181
185
193
202
214
228
241
253
261
266
265
261
256
247
236
225
213
201
186
169
147
123
97
75
53
30
7
-18
-42
-65
-79
-86
-91
-96
-101
-104
-108
-106
-97
-85
-67
-49
-38
-28
-18
-8
0
6
7
3
0
-2
-1
3
5
6
6
3
5
10
13
20
27
32
36
39
37
31
22
13
4
-5
-12
-18
-27
-38
-47
-57
-65
-71
-76
-78
-80
-79
-80
-82
-86
-92
-93
-91
-88
-82
-75
-68
-64
-60
-53
-47
-39
-31
-26
-19
-13
-8
-7
-11
-17
-24
-31
-34
-31
-28
-25
-25
-23
-19
-13
-6
-2
-3
-4
-4
-2
8
21
33
42
42
38
34
33
37
45
56
64
71
74
78
82
85
88
92
93
91
88
82
81
75
69
62
57
52
52
53
58
64
66
64
55
43
25
6
-10
-22
-34
-45
-54
-64
-78
-95
-110
-119
-122
-120
-119
-116
-108
-95
-80
-63
-43
-23
-3
17
36
55
76
95
109
123
136
148
158
166
172
172
164
149
129
106
82
62
42
20
-1
-25
-48
-70
-88
-103
-111
-119
-130
-140
-151
-156
-160
-164
-170
-177
-186
-194
-198
-195
-189
-183
-179
-174
-169
-160
-148
-132
-116
-98
-81
-64
-51
-38
-27
-16
-8
-1
6
15
27
38
50
62
73
85
95
101
105
108
111
115
120
128
136
140
139
136
132
127
119
112
105
101
95
90
89
91
95
95
97
96
92
84
73
64
58
53
41
28
17
13
13
15
13
5
-4
-13
-19
-19
-14
-7
-2
-3
-5
-8
-7
-7
-12
-20
-31
-40
-43
-42
-34
-25
-18
-13
-10
-9
-6
-4
-7
-12
-16
-18
-18
-20
-22
-28
-33
-39
-38
-35
-29
-25
-24
-25
-26
-27
-25
-25
-27
-33
-39
-42
-43
-43
-45
-45
-44
-42
-37
-31
-26
-24
-22
-21
-19
-15
-11
-11
-15
-21
-26
-29
-29
-24
-21
-20
-25
-30
-32
-28
-21
-14
-7
-3
0
-1
0
1
3
4
3
1
-2
-6
-10
-13
-12
-9
-5
-2
1
8
19
29
38
42
40
31
22
16
15
15
17
16
16
17
18
21
26
31
36
37
39
39
41
42
41
40
38
36
33
30
28
26
22
18
14
11
11
9
13
16
19
20
18
16
15
15
17
17
18
14
9
3
0
-2
-6
-10
-15
-18
-24
-28
-30
-32
-31
-30
-31
-35
-39
-43
-43
-40
-35
-31
-32
-32
-32
-30
-30
-28
-26
-24
-22
-19
-17
-12
-7
-4
-3
-3
-3
-2
-5
-7
-6
-3
4
9
16
22
25
24
21
19
18
19
15
13
9
9
11
14
16
16
13
7
2
-3
-2
2
4
7
8
9
9
11
12
13
12
9
2
-2
-3
-2
3
9
16
23
24
22
16
12
8
9
10
9
6
4
2
2
3
2
3
5
4
2
-2
-6
-8
-11
-15
-18
-18
-20
-22
-25
-28
-30
-32
-30
-30
-29
-28
-30
-36
-39
-38
-36
-32
-27
-24
-20
-18
-16
-11
-6
0
7
11
16
20
20
22
24
26
29
36
44
49
47
45
42
41
42
43
44
43
44
42
42
39
36
34
33
30
28
24
18
9
2
-1
-3
-2
-3
-5
-12
-21
-30
-38
-42
-43
-39
-34
-31
-32
-35
-40
-41
-39
-34
-29
-26
-28
-32
-33
-35
-31
-27
-21
-19
-19
-19
-19
-19
-16
-10
-2
5
9
6
4
1
-1
-1
0
-1
0
2
6
10
14
14
12
11
9
8
9
9
6
4
1
-2
-5
-4
-2
-1
-2
-2
0
1
3
4
5
6
5
3
2
3
9
16
25
33
35
37
36
34
33
32
27
25
22
19
19
20
21
22
19
16
13
10
7
3
-2
-8
-12
-15
-16
-16
-13
-16
-20
-23
-26
-26
-25
-24
-24
-26
-29
-29
-31
-29
-25
-23
-23
-23
-25
-24
-19
-14
-9
-5
-4
-6
-6
-6
-4
-3
0
2
4
5
5
7
9
13
15
14
16
17
20
22
23
23
20
15
13
9
7
3
5
6
9
12
13
9
7
4
0
-2
-3
-2
-2
3
8
10
11
7
1
-6
-13
-15
-14
-11
-7
-2
2
4
8
10
13
15
17
15
13
12
10
10
11
14
16
12
8
3
-1
-2
-5
-7
-7
-6
-7
-8
-10
-11
-12
-14
-15
-18
-19
-19
-16
-11
-9
-10
-12
-15
-16
-16
-17
-17
-13
-10
-6
-4
-2
-1
1
0
-3
-5
-7
-8
-10
-10
-7
-2
1
2
1
1
2
6
8
12
15
19
22
23
22
19
15
11
6
3
4
4
6
8
7
6
7
6
7
7
5
2
-1
-5
-6
-4
-1
-3
-6
-13
-20
-24
-24
-20
-15
-10
-9
-8
-9
-10
-8
-5
-3
-3
-5
-6
-4
1
7
9
8
6
5
5
4
6
7
8
10
10
11
10
11
10
7
3
2
1
1
6
9
11
11
9
7
8
10
14
16
16
17
14
12
9
10
10
10
7
3
-2
-6
-7
-8
-7
-7
-8
-9
-11
-11
-9
-6
-5
-5
-6
-8
-8
-8
-8
-7
-7
-7
-7
-5
-8
-9
-12
-14
-14
-12
-10
-6
-4
-1
0
1
0
1
1
0
-2
-3
-3
-5
-5
-5
-4
-3
-3
-7
-11
-14
-10
-6
-4
-2
-4
-6
-8
-8
-5
-2
-2
-4
-6
-9
-6
-1
4
6
5
2
0
1
5
12
18
20
20
18
16
20
20
24
20
16
14
13
14
17
20
21
19
14
9
4
1
2
1
-1
-5
-8
-11
-9
-5
1
3
1
-4
-8
-11
-10
-5
-1
0
0
-5
-11
-14
-15
-12
-9
-6
-6
-6
-9
-10
-7
-5
0
4
4
4
0
-3
-6
-1
5
7
6
2
0
-4
-5
-7
-6
-5
-4
-5
-6
-3
2
1
0
-4
-5
-4
-3
-1
0
-2
-3
-3
-2
-1
-1
-3
-4
-6
-7
-4
1
5
6
5
0
-5
-7
-4
3
7
12
9
6
2
-1
-1
1
1
1
1
1
2
4
7
11
11
10
11
12
13
11
8
3
-2
-4
-3
0
2
-1
-6
-13
-18
-18
-16
-14
-13
-14
-14
-11
-8
-4
1
2
1
0
-2
-1
2
4
6
7
8
10
12
12
13
11
12
13
13
14
12
10
6
4
4
5
8
8
7
4
2
1
2
4
5
4
7
9
11
12
12
12
12
8
4
-1
-5
-5
-6
-10
-13
-15
-17
-16
-16
-15
-17
-18
-18
-17
-16
-15
-13
-11
-8
-6
-3
0
2
3
2
0
-2
-6
-6
-5
-1
2
5
8
8
5
1
-5
-8
-8
-6
-1
4
6
4
3
0
-3
-6
-8
-8
-5
-4
-3
0
1
3
3
3
2
1
1
1
1
-1
-3
-5
-6
-7
-5
-4
-2
1
5
9
11
10
11
10
9
8
8
11
15
21
21
18
13
8
6
4
4
5
4
4
2
-3
-5
-7
-7
-10
-12
-15
-15
-14
