8
7
7
6
5
4
3
2
2
0
0
-1
-1
1
3
5
3
1
-2
-4
-8
-9
-8
-5
-4
-4
-4
-3
-2
-2
-1
-1
1
0
-1
-4
-7
-7
-5
-3
-2
-3
-6
-7
-6
-3
-1
1
2
2
0
-3
-6
-6
-3
1
4
5
3
1
-3
-3
-2
0
1
0
0
-2
-1
0
0
2
3
3
1
1
0
0
0
3
6
8
9
12
14
18
20
20
18
17
14
14
14
14
14
16
17
17
18
16
15
14
14
13
12
10
5
1
-3
-8
-11
-13
-17
-22
-27
-30
-30
-30
-33
-38
-41
-43
-44
-43
-44
-44
-42
-38
-35
-31
-31
-29
-27
-24
-18
-15
-9
-6
-2
3
8
12
16
18
20
20
22
21
20
18
15
13
12
10
7
4
2
-1
-3
-4
-4
-4
-3
1
5
10
14
17
20
23
28
31
35
37
39
41
46
52
57
62
68
72
77
79
80
79
76
74
71
65
61
55
50
45
40
33
23
16
9
5
0
-7
-18
-31
-45
-59
-72
-86
-102
-118
-135
-150
-164
-174
-181
-183
-178
-169
-157
-144
-125
-104
-78
-52
-25
-4
14
29
43
53
59
63
65
65
64
60
52
43
31
18
3
-9
-22
-35
-47
-56
-63
-65
-63
-58
-48
-37
-21
-5
12
29
45
60
76
89
100
110
116
120
124
127
126
123
118
110
101
92
82
69
57
43
33
24
16
10
5
3
1
2
6
9
16
22
28
34
41
44
46
47
45
40
37
31
22
13
3
-6
-13
-18
-23
-27
-34
-42
-50
-57
-62
-68
-73
-78
-82
-85
-89
-88
-84
-81
-76
-73
-71
-65
-64
-65
-69
-76
-85
-95
-102
-106
-110
-113
-113
-110
-105
-98
-91
-83
-78
-74
-71
-68
-67
-64
-63
-60
-56
-53
-49
-40
-26
-12
5
20
32
43
51
59
66
70
72
77
81
87
94
102
110
117
125
132
139
144
143
140
135
131
127
126
124
122
120
117
116
115
114
110
106
100
93
86
78
68
60
53
52
52
57
60
64
68
73
77
76
71
60
45
33
23
18
13
7
-1
-9
-12
-12
-17
-28
-48
-72
-97
-117
-137
-166
-211
-274
-348
-413
-464
-499
-521
-530
-523
-497
-449
-384
-308
-230
-154
-83
-20
34
76
110
135
153
170
181
193
206
217
225
230
229
217
193
163
124
78
26
-31
-89
-141
-180
-203
-204
-189
-162
-121
-68
-7
61
124
172
196
198
188
172
160
148
139
134
138
159
194
234
270
293
299
292
269
232
178
111
38
-29
-78
-99
-96
-72
-29
30
102
177
246
302
343
362
362
349
329
305
279
254
239
232
237
251
270
292
311
317
308
283
236
172
97
17
-61
-134
-205
-272
-329
-370
-397
-425
-497
-647
-876
-1142
-1382
-1559
-1682
-1777
-1851
-1867
-1780
-1563
-1243
-878
-517
-182
124
403
639
812
910
938
912
856
787
715
642
574
520
486
464
438
383
297
185
57
-79
-225
-380
-532
-657
-731
-737
-678
-564
-407
-207
26
281
537
768
956
1098
1196
1251
1256
1204
1097
953
796
648
522
418
325
239
156
75
-10
-117
-258
-429
-618
-807
-974
-1109
-1202
-1236
-1192
-1054
-829
-538
-210
127
460
769
1034
1228
1328
1328
1244
1104
937
754
567
378
207
67
-33
-96
-129
-155
-189
-236
-293
-359
-432
-514
-596
-656
-675
-647
-565
-434
-266
-74
120
297
445
551
600
593
535
438
317
184
44
-95
-219
-317
-386
-431
-462
-483
-491
-484
-472
-466
-469
-474
-470
-437
-378
-311
-268
-270
-312
-370
-424
-465
-507
-566
-645
-729
-790
-801
-762
-689
-595
-486
-363
-216
-54
113
267
391
485
554
605
637
649
645
627
609
592
573
551
524
496
463
428
388
337
273
201
125
55
-4
-54
-107
-175
-257
-344
-413
-462
-506
-548
-567
-530
-405
-205
36
289
535
785
1037
1268
1447
1538
1531
1445
1296
1104
894
677
463
262
100
-1
-45
-57
-60
-58
-37
-7
12
7
-27
-85
-148
-186
-196
-172
-120
-42
60
178
298
400
481
533
564
585
589
562
499
411
327
267
244
223
105
-214
-781
-1514
-2229
-2778
-3149
-3454
-3790
-4105
-4231
-4022
-3464
-2722
-1988
-1326
-696
-41
627
1205
1609
1821
1873
1837
1779
1724
1654
1536
1390
1272
1222
1223
1204
1107
932
700
428
136
-198
-589
-1008
-1385
-1654
-1783
-1783
-1691
-1507
-1203
-780
-260
307
854
1339
1748
2078
2321
2457
2468
2355
2153
1904
1632
1362
1105
865
649
469
337
234
117
-42
-247
-487
-737
-977
-1192
-1391
-1623
-1894
-2135
-2249
-2171
-1910
-1553
-1160
-720
-197
412
1054
1639
2045
2238
2312
2297
2155
1895
1527
1075
641
273
-29
-227
-355
-491
-605
-630
-594
-550
-536
-605
-724
-805
-851
-886
-878
-842
-795
-669
-436
-154
155
465
702
894
1069
1167
1163
1066
862
601
366
154
-64
-269
-443
-578
-629
-584
-487
-360
-231
-138
-65
-11
-71
-331
-773
-1318
-1855
-2297
-2644
-2925
-3112
-3142
-2952
-2512
-1882
-1187
-510
122
686
1170
1554
1801
1890
1834
1667
1454
1252
1074
919
801
754
784
867
960
1032
1045
978
836
628
359
36
-335
-705
-1023
-1248
-1353
-1331
-1189
-939
-595
-171
295
767
1201
1555
1800
1934
1956
1880
1723
1501
1234
950
684
459
265
43
-232
-530
-789
-961
-1061
-1157
-1268
-1358
-1371
-1268
-1052
-770
-509
-290
-39
246
516
773
964
1052
1097
1100
1069
1067
1040
922
770
641
528
440
344
179
-8
-171
-333
-492
-615
-736
-891
-1019
-1078
-1079
-998
-863
-728
-560
-341
-114
109
314
461
564
656
725
770
816
854
859
849
840
849
906
985
982
799
369
-338
-1213
-2077
-2846
-3521
-4148
-4747
-5196
-5306
-4997
-4311
-3415
-2486
-1577
-654
309
1243
2017
2536
2792
2844
2773
2644
2499
2327
2120
1923
1805
1797
1847
1871
1812
1663
1437
1138
762
293
-283
-924
-1553
-2081
-2449
-2651
-2688
-2555
-2237
-1747
-1106
-367
380
1084
1700
2210
2598
2835
2918
2853
2656
2374
2048
1728
1441
1186
952
746
578
379
63
-389
-938
-1471
-1912
-2272
-2593
-2878
-3056
-3043
-2776
-2264
-1608
-932
-263
395
1000
1555
2021
2305
2400
2330
2123
1889
1679
1430
1132
854
635
490
407
325
187
12
-198
-465
-749
-1033
-1350
-1673
-1926
-2079
-2100
-1970
-1740
-1442
-1040
-556
-50
455
890
1200
1416
1556
1620
1635
1607
1504
1338
1151
975
853
819
824
780
631
275
-346
-1152
-2024
-2862
-3612
-4318
-5020
-5616
-5932
-5841
-5313
-4473
-3504
-2489
-1420
-290
862
1917
2753
3298
3581
3661
3609
3482
3279
2999
2689
2405
2203
2090
2012
1905
1742
1516
1225
865
421
-135
-796
-1488
-2133
-2656
-3006
-3180
-3175
-2979
-2578
-1988
-1243
-397
473
1307
2055
2692
3195
3519
3640
3564
3330
2985
2587
2185
1798
1432
1094
718
265
-245
-790
-1294
-1713
-2085
-2431
-2740
-2977
-3075
-2995
-2718
-2310
-1849
-1301
-689
-69
562
1141
1604
1971
2217
2328
2384
2380
2258
2047
1805
1551
1308
1062
776
465
144
-189
-533
-854
-1150
-1469
-1795
-2061
-2239
-2302
-2250
-2123
-1912
-1602
-1213
-765
-276
198
632
1024
1339
1562
1697
1748
1726
1656
1551
1432
1330
1245
1153
1046
933
791
551
138
-517
-1434
-2483
-3504
-4392
-5117
-5747
-6270
-6554
-6461
-5891
-4917
-3749
-2553
-1382
-205
1001
2150
3096
3739
4080
4171
4107
3972
3787
3549
3246
2919
2655
2500
2417
2319
2127
1827
1422
936
400
-215
-913
-1649
-2368
-2978
-3386
-3577
-3558
-3330
-2899
-2271
-1465
-523
461
1401
2233
2921
3453
3815
3995
3988
3795
3449
3020
2576
2143
1737
1308
810
245
-384
-988
-1516
-1985
-2406
-2802
-3149
-3374
-3430
-3278
-2960
-2553
-2047
-1465
-840
-169
503
1101
1610
2021
2294
2487
2617
2620
2516
2339
2095
1854
1621
1338
1006
630
212
-219
-622
-1013
-1405
-1794
-2156
-2449
-2628
-2666
-2594
-2424
-2144
-1775
-1330
-816
-283
224
693
1090
1418
1699
1891
1982
1983
1903
1787
1661
1518
1355
1180
1019
914
841
743
500
-9
-827
-1894
-3043
-4109
-5022
-5819
-6539
-7116
-7376
-7140
-6359
-5186
-3855
-2521
-1200
180
1594
2897
3910
4531
4789
4792
4666
4476
4215
3862
3432
3020
2720
2548
2453
2330
2119
1800
1387
898
327
-347
-1132
-1971
-2754
-3382
-3781
-3938
-3882
-3612
-3105
-2369
-1421
-328
803
1876
2821
3603
4203
4595
4751
4646
4319
3833
3281
2728
2212
1696
1107
441
-276
-948
-1497
-1951
-2354
-2746
-3118
-3393
-3529
-3486
-3284
-3003
-2644
-2177
-1586
-897
-180
501
1119
1671
2141
2524
2831
3014
3023
2885
2671
2422
2130
1766
1322
830
353
-107
-563
-995
-1422
-1847
-2224
-2501
-2672
-2731
-2706
-2630
-2475
-2215
-1858
-1410
-900
-373
160
689
1192
1622
1957
2189
2294
2297
2230
2124
1971
1769
1530
1270
1066
925
795
659
413
-81
-904
-2054
-3356
-4570
-5584
-6424
-7162
-7772
-8063
-7818
-6958
-5645
-4142
-2644
-1168
344
1890
3356
4522
5240
5526
5492
5294
5022
4669
4224
3725
3255
2900
2681
2550
2403
2154
1774
1293
761
168
-519
-1328
-2223
-3084
-3788
-4244
-4422
-4337
-4002
-3420
-2585
-1502
-250
1052
2276
3330
4175
4795
5180
5302
5157
4776
4203
3539
2851
2194
1536
811
47
-701
-1338
-1799
-2158
-2542
-2980
-3408
-3707
-3783
-3638
-3384
-3121
-2799
-2329
-1689
-920
-76
719
1401
2027
2562
3006
3385
3572
3502
3272
2951
2580
2204
1766
1216
632
72
-449
-880
-1247
-1620
-2001
-2337
-2589
-2722
-2728
-2655
-2545
-2373
-2106
-1747
-1290
-783
-301
167
638
1084
1503
1878
2126
2232
2235
2154
2053
1976
1857
1662
1427
1177
952
761
515
59
-729
-1864
-3206
-4501
-5578
-6442
-7206
-7886
-8340
-8335
-7710
-6529
-5031
-3451
-1904
-369
1210
2774
4113
5034
5505
5636
5582
5440
5202
4839
4363
3837
3382
3078
2912
2775
2533
2137
1618
1034
408
-292
-1104
-2013
-2935
-3725
-4263
-4505
-4474
-4198
-3670
-2875
-1823
-575
762
2055
3199
4136
4850
5324
5543
5495
5173
4648
4003
3311
2619
1959
1285
532
-255
-1024
-1687
-2220
-2705
-3240
-3797
-4255
-4504
-4482
-4228
-3848
-3413
-2853
-2067
-1091
-49
962
1818
2489
3036
3437
3702
3850
3772
3432
2976
2519
2086
1672
1202
656
134
-326
-749
-1117
-1468
-1865
-2303
-2691
-2959
-3109
-3131
-3082
-2976
-2728
-2307
-1743
-1068
-359
302
920
1522
2054
2497
2818
2943
2883
2689
2405
2096
1781
1454
1128
846
664
546
427
191
-379
-1396
-2802
-4372
-5803
-6934
-7820
-8589
-9199
-9423
-9006
-7822
-6067
-4104
-2186
-360
1449
3253
4892
6128
6810
6952
6699
6240
5734
5204
4582
3879
3202
2695
2414
2291
2176
1949
1567
1041
423
-248
-1008
-1914
-2914
-3879
-4622
-5021
-5064
-4773
-4188
-3314
-2170
-790
747
2315
3739
4905
5772
6329
6574
6491
6076
5362
4443
3432
2447
1559
717
-169
-1076
-1931
-2599
-3002
-3242
-3470
-3749
-4018
-4160
-4063
-3738
-3320
-2903
-2444
-1845
-1085
-203
721
1552
2233
2791
3249
3648
3955
4031
3803
3381
2867
2302
1752
1163
477
-218
-855
-1419
-1834
-2139
-2435
-2715
-2929
-3038
-3007
-2858
-2662
-2452
-2192
-1816
-1340
-772
-172
389
921
1434
1912
2323
2646
2805
2789
2648
2412
2149
1906
1648
1350
1075
844
672
543
263
-437
-1677
-3359
-5137
-6612
-7660
-8424
-9079
-9595
-9677
-9001
-7501
-5468
-3335
-1346
475
2243
3982
5512
6595
7090
7040
6619
6076
5551
4999
4358
3651
3005
2576
2395
2333
2226
1942
1443
791
73
-694
-1535
-2487
-3514
-4446
-5095
-5360
-5235
-4778
-4037
-3027
-1747
-221
1440
3062
4469
5551
6268
6646
6717
6490
5954
5136
4122
3048
1993
951
-51
-985
-1749
-2296
-2678
-2973
-3268
-3526
-3714
-3778
-3687
-3509
-3324
-3093
-2733
-2203
-1518
-708
166
1009
1777
2463
3100
3685
4109
4259
4145
3842
3392
2823
2159
1435
676
-66
-772
-1395
-1868
-2237
-2561
-2805
-2928
-2938
-2848
-2704
-2554
-2354
-2077
-1718
-1272
-787
-280
227
732
1230
1684
2082
2386
2560
2603
2546
2403
2207
1962
1674
1396
1150
957
760
492
-29
-983
-2374
-4020
-5583
-6825
-7759
-8542
-9238
-9670
-9516
-8583
-6953
-4972
-3004
-1174
592
2401
4170
5631
6549
6876
6760
6410
5977
5524
5011
4381
3711
3133
2752
2558
2413
2171
1758
1193
531
-178
-938
-1792
-2753
-3718
-4520
-5006
-5116
-4880
-4356
-3572
-2521
-1222
278
1871
3375
4642
5613
6263
6592
6625
6338
5751
4891
3823
2658
1514
491
-414
-1174
-1807
-2349
-2747
-3030
-3216
-3292
-3337
-3365
-3356
-3265
-3063
-2784
-2402
-1899
-1301
-598
182
989
1790
2533
3158
3634
3965
4088
3970
3682
3220
2591
1891
1133
360
-348
-984
-1551
-1995
-2314
-2552
-2684
-2718
-2705
-2637
-2520
-2349
-2131
-1848
-1513
-1141
-708
-231
265
773
1270
1701
2062
2358
2546
2630
2618
2506
2329
2107
1841
1561
1303
1041
695
101
-939
-2466
-4277
-5987
-7314
-8252
-9008
-9683
-10095
-9923
-8949
-7240
-5160
-3110
-1257
506
2311
4097
5597
6543
6901
6822
6509
6136
5762
5329
4758
4095
3486
3077
2877
2726
2449
1975
1318
541
-263
-1078
-1972
-2961
-3961
-4804
-5301
-5385
-5090
-4493
-3643
-2551
-1215
331
1968
3516
4823
5792
6416
6744
6788
6531
5972
5156
4162
3120
2077
1011
-32
-991
-1786
-2386
-2840
-3238
-3584
-3841
-3981
-3962
-3792
-3543
-3259
-2883
-2358
-1702
-950
-111
733
1517
2224
2835
3379
3853
4138
4152
3962
3621
3142
2566
1907
1174
432
-291
-983
-1570
-2032
-2443
-2808
-3078
-3222
-3231
-3117
-2905
-2637
-2284
-1870
-1429
-936
-421
99
598
1055
1468
1834
2144
2359
2459
2466
2392
2242
2045
1814
1586
1401
1232
995
536
-332
-1711
-3492
-5366
-6987
-8196
-9087
-9847
-10484
-10710
-10167
-8736
-6670
-4438
-2370
-472
1412
3322
5072
6395
7118
7259
7020
6634
6252
5857
5355
4732
4099
3619
3362
3225
3046
2690
2099
1318
445
-435
-1343
-2346
-3425
-4428
-5156
-5474
-5374
-4913
-4161
-3147
-1882
-378
1295
2973
4474
5650
6466
6948
7123
6997
6559
5832
4867
3794
2658
1487
360
-684
-1590
-2316
-2900
-3372
-3714
-3946
-4066
-4054
-3906
-3677
-3405
-3057
-2598
-2076
-1475
-761
13
787
1529
2187
2787
3362
3775
3979
4034
3887
3515
2996
2359
1628
873
85
-731
-1447
-2035
-2557
-2973
-3231
-3362
-3381
-3275
-3085
-2839
-2487
-2072
-1645
-1157
-629
-107
429
943
1378
1749
2068
2287
2421
2489
2447
2288
2022
1680
1364
1160
1054
975
814
413
-433
-1806
-3579
-5458
-7081
-8288
-9181
-9921
-10455
-10540
-9876
-8321
-6119
-3760
-1570
409
2309
4209
5923
7147
7729
7733
7331
6753
6182
5630
5019
4325
3643
3126
2851
2734
2586
2273
1731
987
147
-711
-1600
-2583
-3640
-4620
-5320
-5585
-5398
-4839
-3974
-2842
-1489
69
1771
3457
4944
6095
6851
7220
7250
6967
6362
5479
4356
3036
1671
412
-606
-1338
-1868
-2343
-2804
-3214
-3506
-3628
-3639
-3644
-3752
-3866
-3831
-3601
-3157
-2514
-1753
-903
32
1011
2002
2972
3786
4333
4639
4719
4553
4166
3551
2729
1818
914
66
-670
-1272
-1779
-2204
-2506
-2682
-2749
-2718
-2663
-2626
-2568
-2452
-2269
-2007
-1667
-1280
-835
-299
301
936
1570
2142
2579
2878
3063
3110
3045
2832
2447
1988
1555
1193
875
494
-187
-1390
-3111
-5092
-6895
-8218
-9121
-9844
-10515
-10979
-10836
-9785
-7889
-5594
-3386
-1436
401
2314
4246
5902
7002
7468
7444
7154
6815
6512
6139
5582
4877
4211
3735
3437
3167
2763
2143
1320
378
-568
-1482
-2429
-3461
-4505
-5337
-5759
-5708
-5236
-4455
-3416
-2154
-676
983
2731
4365
5682
6615
7176
7413
7370
7023
6316
5287
4050
2708
1406
241
-772
-1609
-2269
-2757
-3070
-3215
-3235
-3214
-3194
-3181
-3147
-3070
-2930
-2721
-2457
-2094
-1596
-953
-160
728
1609
2463
3260
3914
4364
4586
4523
4161
3535
2685
1727
787
-109
-947
-1668
-2238
-2660
-2931
-3058
-3069
-2966
-2794
-2584
-2329
-2027
-1698
-1368
-1029
-674
-279
183
675
1156
1575
1895
2140
2329
2450
2487
2386
2162
1869
1574
1333
1124
839
366
-439
-1674
-3298
-5102
-6764
-8042
-8922
-9600
-10175
-10476
-10170
-9041
-7195
-5033
-2929
-1032
741
2537
4300
5771
6710
7060
6978
6699
6379
6039
5616
5085
4486
3941
3550
3304
3081
2713
2116
1318
405
-531
-1464
-2420
-3403
-4332
-5048
-5397
-5316
-4840
-4061
-3058
-1838
-393
1212
2845
4343
5550
6379
6848
7003
6881
6497
5797
4735
3416
2018
754
-217
-939
-1513
-2000
-2384
-2602
-2621
-2486
-2332
-2302
-2394
-2538
-2653
-2683
-2604
-2417
-2158
-1783
-1263
-539
393
1386
2303
3087
3703
4130
4359
4309
3931
3276
2424
1466
514
-370
-1177
-1879
-2423
-2774
-2921
-2878
-2729
-2538
-2303
-2048
-1780
-1482
-1190
-930
-693
-452
-190
122
522
963
1389
1769
2066
2265
2402
2430
2348
2188
1955
1661
1338
984
545
-64
-1014
-2414
-4155
-5938
-7429
-8462
-9126
-9633
-10023
-10071
-9452
-8020
-6008
-3866
-1938
-255
1364
3027
4615
5844
6529
6703
6547
6267
5991
5717
5357
4860
4291
3796
3456
3212
2917
2436
1725
832
-136
-1085
-1999
-2907
-3821
-4632
-5166
-5284
-4960
-4277
-3353
-2253
-990
434
1956
3436
4715
5660
6236
6500
6498
6259
5787
5086
4200
3134
1962
796
-270
-1133
-1792
-2301
-2684
-2952
-3085
-3084
-2969
-2778
-2609
-2483
-2335
-2101
-1782
-1407
-971
-473
97
726
1375
2050
2707
3229
3566
3751
3781
3625
3272
2717
2017
1257
465
-317
-1023
-1613
-2096
-2461
-2673
-2737
-2652
-2461
-2227
-1957
-1651
-1301
-929
-554
-182
153
457
756
1012
1239
1431
1533
1601
1649
1658
1642
1558
1442
1315
1192
1071
751
-9
-1389
-3324
-5425
-7238
-8542
-9484
-10319
-11052
-11400
-10926
-9454
-7272
-4892
-2720
-796
1081
3011
4820
6201
6964
7104
6812
6364
5946
5594
5206
4702
4158
3731
3521
3462
3379
3106
2552
1739
786
-208
-1236
-2352
-3543
-4652
-5447
-5768
-5602
-5026
-4135
-2991
-1614
-11
1748
3478
4963
6058
6724
7031
7037
6765
6201
5371
4338
3123
1855
672
-307
-1011
-1512
-1894
-2204
-2416
-2508
-2495
-2410
-2328
-2333
-2413
-2454
-2388
-2215
-1922
-1506
-985
-369
328
1085
1903
2688
3304
3722
3960
4001
3807
3364
2694
1873
1004
141
-655
-1337
-1898
-2358
-2683
-2827
-2808
-2676
-2501
-2314
-2122
-1894
-1615
-1286
-928
-594
-283
19
338
668
978
1287
1557
1754
1882
1962
1996
1995
1930
1758
1511
1203
806
209
-795
-2338
-4262
-6179
-7676
-8648
-9290
-9832
-10241
-10191
-9339
-7656
-5494
-3324
-1410
278
1913
3561
5042
6092
6551
6477
6130
5760
5473
5221
4907
4490
4040
3694
3521
3424
3223
2761
2008
1056
41
-963
-1958
-2976
-3968
-4797
-5286
-5325
-4932
-4202
-3226
-2047
-688
817
2371
3821
5005
5811
6208
6252
6020
5540
4834
3936
2926
1961
1143
525
93
-249
-550
-817
-1048
-1231
-1422
-1690
-2055
-2493
-2898
-3197
-3341
-3302
-3086
-2687
-2089
-1289
-312
742
1754
2624
3295
3740
3948
3924
3661
3175
2513
1738
951
234
-386
-912
-1326
-1618
-1787
-1843
-1836
-1828
-1830
-1842
-1854
-1826
-1736
-1590
-1391
-1130
-806
-435
-12
428
835
1204
1516
1747
1873
1882
1777
1587
1354
1094
837
597
387
166
-116
-613
-1517
-2829
-4370
-5831
-6968
-7766
-8377
-8895
-9207
-9024
-8109
-6505
-4554
-2645
-913
730
2380
3958
5255
6080
6386
6274
5923
5512
5130
4734
4247
3698
3204
2875
2708
2585
2371
1983
1401
679
-89
-864
-1675
-2553
-3420
-4103
-4459
-4439
-4075
-3429
-2561
-1496
-259
1112
2530
3836
4879
5585
5966
6054
5883
5470
4773
3774
2595
1396
362
-411
-999
-1478
-1873
-2138
-2207
-2088
-1871
-1701
-1684
-1778
-1880
-1922
-1887
-1793
-1645
-1427
-1100
-614
39
803
1557
2210
2741
3156
3425
3494
3316
2879
2239
1491
721
2
-647
-1231
-1719
-2061
-2218
-2215
-2094
-1917
-1724
-1534
-1340
-1136
-928
-712
-512
-332
-123
133
437
779
1095
1351
1572
1766
1919
1984
1881
1618
1292
987
711
391
-49
-668
-1531
-2682
-4069
-5534
-6812
-7732
-8348
-8783
-9061
-9030
-8454
-7223
-5503
-3633
-1883
-311
1183
2666
4038
5109
5745
5955
5864
5641
5405
5165
4874
4505
4080
3674
3341
3057
2729
2248
1583
775
-89
-929
-1739
-2544
-3318
-3976
-4384
-4445
-4151
-3567
-2757
-1773
-639
624
1946
3178
4173
4847
5218
5366
5332
5102
4658
4033
3294
2547
1895
1384
968
574
183
-184
-518
-826
-1124
-1456
-1858
-2303
-2716
-3001
-3102
-3047
-2851
-2497
-1968
-1273
-471
367
1171
1879
2455
2895
3180
3257
3102
2722
2172
1549
919
320
-237
-755
-1230
-1612
-1863
-1992
-2036
-2052
-2060
-2058
-2026
-1935
-1788
-1604
-1401
-1176
-901
-545
-128
302
714
1068
1348
1571
1721
1802
1809
1700
1466
1166
837
530
261
-8
-251
-492
-823
-1369
-2235
-3393
-4660
-5814
-6715
-7374
-7894
-8280
-8355
-7911
-6859
-5325
-3585
-1846
-182
1417
2955
4362
5473
6139
6343
6206
5910
5555
5158
4702
4191
3676
3227
2889
2657
2438
2107
1616
996
318
-378
-1109
-1884
-2665
-3362
-3855
-4058
-3929
-3496
-2819
-1934
-868
337
1595
2782
3755
4434
4830
4979
4933
4694
4250
3619
2878
2153
1530
1048
661
301
-44
-348
-584
-776
-983
-1265
-1650
-2084
-2489
-2775
-2907
-2908
-2779
-2489
-2008
-1345
-558
266
1045
1712
2244
2636
2862
2889
2679
2262
1713
1126
566
55
-417
-841
-1174
-1378
-1455
-1449
-1425
-1424
-1450
-1471
-1475
-1471
-1467
-1454
-1412
-1289
-1035
-653
-182
303
750
1140
1473
1729
1886
1935
1854
1645
1319
928
508
112
-220
-470
-673
-931
-1368
-2077
-3016
-4063
-5062
-5912
-6596
-7145
-7570
-7766
-7560
-6849
-5674
-4216
-2674
-1127
407
1909
3324
4526
5391
5864
5980
5850
5586
5249
4838
4360
3852
3381
2991
2685
2422
2121
1713
1185
575
-65
-720
-1403
-2102
-2753
-3272
-3566
-3582
-3319
-2821
-2125
-1247
-212
918
2011
2941
3641
4127
4433
4556
4482
4195
3730
3152
2548
1992
1511
1089
712
381
89
-171
-434
-716
-1037
-1398
-1780
-2128
-2394
-2568
-2647
-2607
-2401
-2010
-1458
-798
-99
579
1194
1714
2119
2390
2496
2410
2141
1737
1262
767
282
-181
-590
-911
-1125
-1238
-1303
-1355
-1412
-1478
-1531
-1574
-1612
-1628
-1609
-1521
-1352
-1105
-795
-441
-54
338
712
1023
1234
1348
1399
1389
1299
1118
857
561
260
-17
-251
-406
-491
-548
-672
-1024
-1703
-2706
-3853
-4914
-5756
-6398
-6932
-7358
-7530
-7252
-6422
-5113
-3529
-1904
-363
1092
2470
3734
4757
5404
5637
5543
5272
4948
4615
4262
3875
3489
3163
2961
2867
2788
2622
2305
1848
1282
637
-89
-897
-1737
-2519
-3130
-3473
-3503
-3254
-2771
-2090
-1236
-246
794
1772
2589
3200
3598
3805
3829
3670
3348
2908
2429
1982
1609
1307
1049
824
616
417
205
-40
-348
-739
-1206
-1695
-2132
-2463
-2664
-2728
-2647
-2406
-1994
-1434
-781
-105
528
1069
1497
1812
1996
2022
1881
1596
1226
827
446
108
-177
-416
-607
-751
-848
-916
-981
-1064
-1174
-1293
-1411
-1502
-1534
-1502
-1402
-1235
-991
-659
-287
75
384
623
813
968
1081
1097
988
767
489
237
37
-113
-232
-327
-364
-299
-136
10
-59
-520
-1368
-2428
-3461
-4323
-5045
-5709
-6327
-6739
-6730
-6183
-5162
-3868
-2480
-1102
238
1521
2686
3626
4245
4495
4435
4200
3923
3658
3384
3093
2835
2686
2670
2759
2873
2898
2779
2506
2109
1619
1017
289
-523
-1326
-2014
-2500
-2741
-2741
-2524
-2120
-1541
-824
-39
730
1420
1989
2421
2699
2815
2781
2604
2331
2019
1727
1492
1329
1222
1121
1007
878
722
514
219
-168
-621
-1101
-1562
-1967
-2275
-2455
-2495
-2387
-2125
-1724
-1220
-675
-144
328
722
1028
1225
1305
1263
1116
902
662
445
282
173
103
70
70
92
110
100
49
-61
-220
-418
-624
-817
-973
-1058
-1054
-949
-774
-575
-376
-185
6
191
338
421
430
384
307
211
99
-29
-158
-249
-284
-262
-200
-114
-48
-130
-475
-1111
-1935
-2775
-3526
-4187
-4781
-5297
-5647
-5689
-5321
-4581
-3609
-2558
-1509
-472
526
1427
2167
2689
2951
2969
2836
2675
2537
2403
2270
2187
2198
2318
2511
2713
2851
2857
2711
2440
2069
1583
967
266
-439
-1046
-1500
-1774
-1849
-1739
-1474
-1088
-603
-67
443
875
1207
1446
1588
1633
1595
1517
1453
1442
1496
1595
1707
1808
1887
1935
1920
1800
1555
1183
710
175
-376
-885
-1310
-1633
-1836
-1888
-1779
-1532
-1186
-789
-387
-18
283
494
608
621
539
398
238
103
13
-26
-9
55
152
263
360
411
388
288
120
-96
-345
-630
-931
-1229
-1468
-1602
-1623
-1550
-1405
-1218
-1008
-785
-571
-382
-234
-145
-113
-120
-173
-282
-421
-556
-646
-684
-685
-670
-636
-574
-464
-338
-306
-484
-928
-1550
-2210
-2796
-3287
-3713
-4083
-4348
-4381
-4088
-3472
-2638
-1721
-795
111
959
1701
2303
2728
2935
2924
2779
2611
2462
2308
2142
2014
1979
2036
2149
2284
2396
2430
2358
2189
1961
1672
1299
848
373
-65
-414
-641
-736
-727
-638
-470
-225
82
406
696
931
1110
1236
1308
1352
1390
1414
1415
1398
1391
1398
1387
1330
1219
1064
873
643
367
58
-265
-573
-838
-1026
-1126
-1136
-1073
-956
-783
-573
-367
-196
-85
-27
-14
-42
-92
-167
-258
-351
-425
-458
-448
-411
-368
-330
-301
-286
-276
-286
-347
-475
-649
-844
-1033
-1201
-1328
-1401
-1424
-1401
-1328
-1203
-1036
-857
-686
-535
-404
-308
-274
-309
-390
-479
-560
-626
-687
-752
-805
-822
-764
-632
-437
-210
41
278
413
361
89
-330
-800
-1250
-1661
-2036
-2347
-2549
-2563
-2334
-1876
-1270
-607
75
732
1323
1804
2157
2377
2424
2304
2084
1836
1604
1390
1210
1102
1090
1158
1272
1405
1526
1611
1643
1621
1535
1362
1097
771
436
136
-117
-305
-408
-425
-356
-211
-5
226
437
598
708
786
826
814
753
654
536
407
273
134
-16
-178
-317
-385
-354
-248
-105
27
119
169
184
166
114
29
-64
-123
-125
-70
28
147
262
353
416
456
462
428
356
255
138
15
-114
-242
-362
-457
-526
-568
-594
-623
-671
-742
-832
-937
-1059
-1199
-1347
-1480
-1569
-1587
-1535
-1432
-1300
-1159
-1016
-869
-731
-599
-468
-333
-208
-124
-96
-122
-165
-186
-153
-47
102
261
375
409
355
238
104
1
-28
-6
6
-50
-208
-440
-713
-966
-1190
-1386
-1534
-1611
-1557
-1363
-1042
-630
-165
314
764
1160
1476
1719
1871
1884
1741
1490
1207
927
665
456
360
419
607
838
1021
1107
1109
1068
1005
929
831
688
504
308
143
32
-27
-43
-34
-4
50
117
191
272
344
410
465
509
539
540
508
460
416
381
349
312
258
185
109
36
-39
-119
-202
-279
-336
-376
-393
-376
-327
-261
-174
-77
23
120
199
260
298
310
289
236
161
73
-35
-159
-285
-399
-496
-563
-606
-632
-654
-679
-699
-718
-726
-709
-663
-601
-548
-517
-506
-490
-448
-374
-275
-163
-69
-20
-31
-72
-108
-129
-123
-95
-47
17
89
131
80
-146
-575
-1084
-1470
-1555
-1330
-928
-535
-278
-175
-155
-151
-154
-188
-252
-308
-340
-358
-416
-525
-689
-872
-1006
-1017
-841
-508
-90
307
620
843
1000
1117
1200
1243
1234
1171
1062
917
749
582
435
324
248
218
272
419
618
800
920
969
964
937
913
901
885
838
742
618
498
407
338
267
177
67
-27
-83
-90
-84
-87
-97
-100
-68
-8
44
52
8
-71
-157
-227
-262
-266
-247
-210
-173
-144
-129
-130
-144
-168
-184
-186
-174
-137
-74
7
105
202
290
370
440
493
519
507
457
373
271
164
56
-33
-93
-112
-103
-88
-85
-110
-170
-276
-410
-556
-678
-764
-808
-801
-762
-694
-619
-547
-478
-404
-318
-231
-142
-61
9
60
71
34
-45
-145
-230
-283
-291
-267
-236
-217
-217
-221
-230
-243
-284
-348
-421
-487
-531
-562
-586
-621
-680
-747
-797
-799
-766
-720
-680
-658
-642
-625
-600
-569
-534
-488
-430
-358
-274
-168
-32
129
300
451
573
668
744
809
855
891
929
968
1003
1033
1055
1071
1088
1099
1107
1111
1112
1102
1062
991
890
779
672
583
518
470
433
412
421
461
532
615
688
747
791
810
800
761
709
643
568
486
402
330
268
213
153
80
-5
-99
-199
-308
-428
-552
-675
-787
-873
-936
-973
-981
-967
-941
-901
-852
-802
-747
-684
-617
-545
-487
-453
-451
-475
-518
-565
-597
-613
-596
-556
-490
-418
-356
-302
-261
-221
-179
-121
-44
46
139
204
221
187
109
-1
-120
-225
-310
-364
-397
-426
-455
-495
-519
-522
-509
-482
-461
-434
-404
-361
-306
-243
-167
-95
-37
-12
-12
-37
-85
-145
-211
-253
-274
-282
-283
-282
-274
-256
-225
-177
-108
-7
136
317
516
695
809
818
707
507
282
98
-5
-7
86
264
486
711
907
1060
1172
1250
1303
1334
1355
1370
1364
1324
1251
1147
1020
878
741
612
496
393
310
248
204
180
173
176
186
199
207
200
182
161
136
105
62
3
-73
-166
-268
-369
-461
-528
-567
-574
-553
-506
-435
-361
-293
-247
-225
-235
-291
-395
-541
-712
-895
-1071
-1225
-1341
-1403
-1401
-1331
-1212
-1064
-911
-777
-671
-589
-520
-463
-419
-388
-348
-285
-191
-63
92
268
454
619
739
800
803
753
663
535
386
225
55
-114
-261
-366
-415
-407
-350
-269
-172
-71
24
99
150
184
203
207
175
102
-2
-114
-216
-291
-330
-336
-321
-290
-226
-116
41
231
428
597
713
760
731
649
533
414
308
224
171
160
199
283
383
458
471
406
270
84
-126
-342
-526
-638
-676
-645
-576
-490
-393
-305
-230
-167
-109
-47
8
62
124
203
296
378
438
465
466
448
411
371
331
306
300
314
333
345
353
356
361
372
397
445
499
560
627
698
763
807
809
771
707
625
546
475
411
348
272
176
71
-47
-168
-279
-369
-439
-496
-544
-595
-655
-737
-845
-979
-1130
-1286
-1431
-1553
-1649
-1702
-1697
-1626
-1489
-1317
-1141
-976
-827
-692
-550
-384
-194
3
185
336
446
512
533
505
446
369
290
228
184
169
190
237
302
364
412
433
431
410
369
313
231
125
11
-77
-105
-42
104
293
480
622
705
740
744
732
720
706
684
651
603
533
446
349
249
165
96
47
14
-1
-10
-14
-20
-33
-47
-66
-90
-120
-156
-202
-270
-364
-498
-656
-828
-996
-1115
-1166
-1128
-1005
-822
-600
-370
-154
19
126
166
145
85
7
-84
-181
-276
-359
-411
-417
-381
-302
-190
-70
42
133
204
254
296
348
411
480
558
654
782
950
1138
1323
1480
1585
1636
1628
1570
1469
1324
1149
952
750
558
369
180
-9
-195
-358
-488
-573
-604
-591
-546
-487
-436
-422
-458
-544
-654
-770
-868
-931
-962
-961
-927
-860
-755
-620
-450
-263
-100
4
26
-27
-135
-265
-388
-495
-586
-658
-704
-727
-726
-711
-683
-648
-599
-531
-457
-390
-342
-330
-359
-411
-471
-511
-510
-450
-325
-140
89
342
583
777
899
945
935
875
770
622
439
244
77
-14
1
117
289
472
628
740
804
822
802
749
669
573
474
379
297
235
195
175
168
166
160
148
135
125
116
103
82
57
25
-12
-56
-103
-146
-184
-207
-218
-223
-229
-236
-243
-255
-268
-278
-283
-291
-297
-304
-310
-322
-346
-386
-441
-496
-533
-524
-455
-339
-205
-88
-21
-5
-13
5
99
281
541
842
1130
1358
1495
1534
1482
1354
1173
960
741
531
342
177
27
-110
-230
-331
-416
-487
-539
-572
-593
-604
-616
-633
-660
-689
-715
-726
-718
-700
-682
-671
-665
-647
-619
-574
-505
-430
-357
-290
-228
-177
-131
-89
-54
-34
-30
-37
-45
-44
-28
-5
26
57
91
124
155
185
214
227
212
169
105
41
-11
-43
-66
-79
-89
-102
-103
-93
-65
-26
11
39
56
68
76
91
110
124
131
127
117
109
108
120
140
170
204
240
282
323
357
387
407
422
431
433
434
432
434
435
428
406
368
331
300
280
266
247
213
162
101
36
-28
-92
-155
-214
-273
-333
-388
-438
-480
-506
-525
-537
-532
-518
-488
-443
-388
-325
-254
-186
-122
-68
-22
17
47
66
79
93
115
143
186
240
302
362
406
425
418
388
342
292
249
218
208
211
220
239
269
293
314
324
311
281
224
148
62
-31
-122
-207
-294
-378
-450
-508
-545
-558
-539
-499
-452
-401
-347
-294
-245
-204
-177
-165
-163
-165
-175
-206
-260
-338
-444
-573
-719
-859
-984
-1079
-1135
-1148
-1111
-1029
-915
-781
-640
-499
-354
-206
-50
108
260
395
508
601
676
736
785
822
850
864
868
868
871
877
885
903
918
930
948
976
1017
1057
1069
1025
906
701
427
132
-127
-302
-379
-388
-358
-321
-290
-251
-198
-122
-32
64
170
296
458
648
835
973
1015
948
797
604
414
253
129
34
-46
-124
-207
-300
-398
-493
-580
-657
-725
-783
-823
-848
-846
-814
-765
-700
-628
-566
-520
-497
-493
-510
-543
-586
-633
-677
-709
-726
-732
-727
-714
-692
-667
-640
-609
-581
-559
-533
-503
-469
-435
-401
-369
-335
-294
-242
-181
-119
-61
-13
22
55
99
159
235
320
400
462
509
550
588
632
684
730
776
818
857
906
965
1034
1118
1206
1287
1363
1428
1479
1507
1498
1443
1333
1178
988
777
564
362
177
12
-133
-262
-377
-473
-556
-617
-662
-686
-691
-688
-683
-679
-683
-691
-691
-677
-652
-620
-592
-571
-557
-537
-510
-479
-446
-415
-390
-377
-373
-373
-374
-372
-365
-356
-353
-353
-350
-340
-318
-288
-251
-216
-180
-142
-101
-54
1
62
119
167
213
259
305
353
394
416
418
401
378
351
323
291
251
205
161
126
101
84
72
58
37
15
-5
-20
-30
-36
-41
-47
-45
-36
-21
-5
9
20
27
31
38
51
64
75
76
65
48
27
3
-22
-46
-67
-83
-92
-89
-85
-88
-91
-93
-89
-77
-65
-60
-57
-55
-48
-35
-20
-4
14
29
39
44
45
50
64
89
119
154
198
248
297
337
363
373
372
361
344
316
273
223
166
104
39
-28
-94
-145
-176
-181
-166
-140
-114
-101
-101
-109
-122
-137
-155
-180
-220
-275
-345
-417
-483
-537
-577
-595
-594
-574
-538
-495
-440
-372
-289
-188
-78
26
118
191
242
280
310
336
366
399
423
439
443
438
427
409
391
372
351
336
321
307
299
297
291
277
249
211
167
127
94
63
35
9
-22
-56
-90
-119
-140
-157
-169
-182
-191
-201
-213
-225
-236
-242
-240
-236
-231
-223
-214
-205
-188
-168
-145
-124
-109
-99
-94
-96
-101
-110
-122
-124
-115
-92
-62
-36
-19
-14
-29
-63
-121
-200
-277
-325
-319
-249
-134
6
132
219
258
251
221
194
183
185
201
219
235
243
240
224
199
164
122
83
50
25
6
-17
-43
-71
-94
-108
-107
-90
-65
-39
-18
-16
-35
-74
-122
-165
-193
-201
-178
-127
-62
13
84
154
220
285
355
424
493
549
589
607
597
566
517
453
386
317
244
178
116
59
9
-39
-90
-140
-186
-224
-251
-268
-285
-309
-342
-381
-412
-434
-444
-448
-451
-453
-455
-446
-427
-399
-362
-318
-261
-196
-134
-80
-42
-20
-7
3
12
18
20
14
6
0
0
5
15
19
21
21
24
33
44
53
58
56
50
47
48
50
49
46
39
29
17
6
-8
-24
-38
-56
-68
-75
-70
-54
-38
-19
-4
6
11
14
20
31
49
71
101
126
150
173
198
223
247
267
283
293
294
292
288
282
280
278
275
270
258
236
212
187
159
134
114
99
85
65
40
11
-20
-44
-58
-67
-73
-75
-79
-82
-87
-98
-108
-122
-135
-141
-144
-137
-122
-111
-99
-91
-91
-99
-109
-121
-123
-117
-104
-91
-85
-84
-93
-105
-113
-114
-117
-116
-122
-132
-140
-149
-164
-179
-191
-195
-194
-189
-182
-178
-172
-168
-160
-149
-143
-138
-136
-134
-126
-116
-103
-89
-73
-52
-31
-8
12
25
33
39
43
48
58
72
83
88
94
99
102
102
99
97
99
108
124
145
166
186
203
222
237
248
255
261
264
259
247
237
233
231
230
226
217
210
205
201
196
190
183
174
164
156
145
126
106
89
70
51
32
13
-2
-16
-34
-56
-80
-102
-124
-143
-161
-180
-198
-210
-218
-226
-237
-251
-266
-278
-291
-298
-300
-293
-283
-269
-257
-251
-256
-261
-256
-243
-225
-206
-191
-177
-168
-161
-160
-158
-148
-133
-108
-75
-34
6
38
62
79
94
111
130
156
181
201
210
207
194
177
158
143
136
138
148
156
159
156
141
118
95
75
60
48
38
33
26
19
12
4
-1
-3
0
4
11
23
36
51
61
67
70
73
77
79
79
74
65
56
48
43
43
44
41
39
35
35
30
15
1
-11
-23
-30
-37
-40
-41
-41
-37
-35
-39
-46
-55
-60
-58
-51
-40
-27
-16
-6
4
15
25
33
35
35
32
29
27
22
17
9
-3
-13
-19
-22
-27
-29
-27
-23
-20
-17
-17
-17
-20
-19
-14
-6
2
6
4
-1
-7
-15
-23
-28
-30
-27
-27
-27
-27
-27
-26
-27
-31
-38
-46
-54
-64
-74
-81
-84
-80
-70
-62
-60
-55
-52
-50
-44
-38
-33
-30
-36
-40
-36
-32
-25
-20
-17
-15
-13
-9
-3
4
5
5
2
-3
-6
-7
-4
2
5
7
6
6
12
19
30
41
53
60
62
64
69
73
78
80
83
88
88
83
76
68
61
54
48
45
43
41
38
40
45
44
42
35
27
17
8
5
7
9
14
22
29
35
41
41
43
46
51
54
50
40
25
6
-9
-17
-17
-14
-10
-12
-19
-26
-31
-36
-39
-44
-54
-63
-73
-74
-71
-66
-65
-68
-75
-79
-79
-72
-61
-48
-40
-37
-32
-32
-33
-32
-33
-31
-27
-20
-15
-13
-16
-24
-30
-33
-35
-34
-31
-23
-14
-12
-15
-24
-32
-33
-28
-21
-13
1
14
24
35
39
38
35
31
33
41
50
54
50
44
35
24
16
13
13
11
7
1
-5
-9
-6
-3
-1
3
2
6
11
20
27
32
34
34
35
37
41
47
48
51
51
51
54
55
52
52
51
48
44
38
27
18
12
7
4
-3
-10
-19
-24
-27
-24
-21
-19
-20
-27
-33
-39
-43
-44
-46
-46
-44
-42
-39
-39
-42
-46
-44
-37
-29
-26
-25
-25
-28
-30
-30
-30
-27
-21
-15
-12
-9
-11
-9
-7
-3
4
15
24
30
34
33
31
25
18
20
25
33
37
36
35
32
29
23
15
7
1
-2
-3
-1
0
-5
-8
-9
-14
-18
-18
-16
-11
-5
0
3
4
3
4
7
7
3
2
1
3
6
8
7
4
0
-2
-3
0
-3
-5
-8
-11
-11
-12
-13
-14
-13
-11
-10
-10
-8
-3
-1
-3
-9
-12
-13
-12
-8
-6
-3
0
4
5
3
-3
-11
-19
-19
-20
-24
-24
-21
-19
-19
-23
-31
-34
-32
-24
-14
-5
2
7
7
4
2
4
10
19
29
33
29
24
22
23
24
25
27
32
34
33
29
20
9
-1
-5
-5
-2
3
5
8
2
-5
-8
-7
-1
9
18
25
27
27
25
22
24
26
26
28
28
30
29
33
37
35
33
29
28
30
32
33
27
21
17
15
13
7
5
4
4
4
3
3
3
2
-1
-4
-8
-7
-5
-6
-12
-19
-20
-21
-24
-32
-43
-52
-51
-44
-35
-29
-29
-37
-47
-57
-62
-61
-56
-51
-47
-46
-46
-44
-39
-33
-30
-27
-23
-20
-21
-22
-23
-24
-23
-23
-22
-26
-29
-36
-39
-37
-33
-28
-28
-28
-30
-29
-25
-19
-13
-7
-3
-3
0
0
1
8
16
24
32
34
32
30
32
37
43
48
52
51
51
47
46
46
48
53
60
65
69
72
72
73
72
67
59
51
44
41
43
48
51
50
46
39
34
31
31
32
33
32
30
24
22
17
11
7
4
1
-1
-5
-10
-16
-22
-27
-28
-25
-24
-27
-33
-37
-42
-42
-34
-24
-18
-18
-27
-38
-47
-49
-47
-45
-45
-48
-49
-46
-41
-36
-31
-29
-33
-39
-45
-51
-52
-55
-58
-60
-56
-47
-39
-34
-31
-30
-31
-32
-32
-29
-22
-13
-6
-1
0
0
2
4
6
7
4
3
2
4
5
8
8
7
4
2
-4
-8
-11
-9
-5
2
8
11
13
14
13
13
16
22
31
38
35
29
25
23
26
33
41
47
52
52
49
44
39
34
32
31
30
33
37
43
45
45
45
43
42
42
43
44
46
49
49
48
44
41
38
37
39
40
39
36
31
25
21
18
14
7
-4
-16
-27
-35
-39
-45
-50
-53
-54
-57
-59
-60
-61
-63
-65
-71
-77
-82
-86
-85
-80
-74
-69
-62
-56
-50
-44
-42
-41
-42
-44
-44
-41
-37
-33
-30
-23
-15
-10
-7
-7
-8
-8
-8
-5
1
9
16
18
18
19
20
22
24
29
34
39
45
46
45
37
27
17
11
8
10
15
19
22
26
28
33
37
39
37
35
32
30
32
36
42
42
42
44
44
46
46
44
43
38
37
37
37
35
31
27
20
12
2
-9
-18
-24
-28
-23
-15
-9
-12
-19
-28
-36
-43
-48
-50
-47
-43
-42
-41
-39
-37
-37
-35
-39
-45
-44
-41
-34
-29
-29
-31
-29
-26
-21
-19
-20
-21
-19
-14
-9
-4
2
2
4
3
2
0
0
0
-2
-3
-5
-4
-3
0
0
-2
-4
-7
-10
-10
-13
-14
-14
-13
-12
-12
-10
-9
-8
-4
-3
-2
2
8
12
11
12
16
19
26
36
43
51
58
65
68
68
63
59
58
58
57
57
56
56
55
52
50
44
39
32
28
27
26
24
23
19
13
9
6
2
-2
-6
-13
-23
-33
-37
-41
-42
-42
-46
-48
-50
-54
-57
-61
-62
-60
-56
-49
-42
-39
-41
-44
-48
-50
-45
-39
-33
-26
-24
-21
-19
-19
-14
-10
-7
-7
-4
-2
4
8
13
13
12
9
2
-1
-3
-4
-5
-5
-4
-4
-3
-4
-3
-3
-5
-7
-7
-5
-1
0
0
-4
-9
-15
-16
-13
-9
-5
-3
-2
3
8
18
25
27
27
24
22
26
32
42
52
57
61
61
60
59
56
52
49
48
52
52
49
43
32
24
20
17
15
11
6
4
3
2
5
5
5
7
4
-1
-9
-15
-21
-26
-27
-26
-25
-23
-23
-21
-24
-27
-33
-36
-36
-33
-28
-26
-26
-27
-29
-30
-30
-31
-30
-26
-20
-16
-17
-22
-27
-31
-36
-37
-37
-38
-37
-35
-34
-33
-33
-31
-30
-25
-21
-17
-11
-6
2
11
16
18
19
19
25
32
39
45
45
42
41
41
46
48
48
45
38
34
34
35
35
36
32
31
26
20
17
15
15
14
5
-6
-18
-23
-23
-19
-16
-19
-24
-28
-32
-33
-30
-28
-27
-24
-20
-18
-17
-16
-14
-12
-9
-8
-9
-11
-10
-6
-3
-1
-5
-11
-17
-20
-18
-12
-7
1
10
16
20
17
13
14
18
28
38
46
49
44
38
29
23
21
22
25
29
30
27
23
15
8
6
7
6
1
-6
-12
-17
-19
-17
-14
-13
-15
-22
-28
-29
-27
-22
-16
-10
-7
-7
-12
-13
-11
-5
2
6
8
4
4
3
3
6
5
3
1
-4
-12
-21
-25
-28
-27
-26
-26
-24
-24
-22
-22
-21
-21
-20
-21
-18
-11
-5
2
3
1
-3
-6
-9
-11
-13
-9
-1
9
16
15
9
4
6
11
18
25
31
35
37
37
37
36
34
32
30
27
28
28
29
30
31
28
22
16
9
4
1
-1
-3
-9
-15
-18
-19
-19
-21
-21
-24
-25
-23
-19
-16
-16
-14
-15
-15
-12
-12
-13
-14
-13
-12
-14
-20
-25
-30
-27
-19
-11
-7
-8
-13
-14
-13
-8
-4
-5
-6
-5
-3
-4
-7
-8
-3
4
11
15
13
12
10
8
8
10
12
14
15
18
21
27
29
28
27
25
26
24
22
17
14
10
6
3
3
7
9
10
7
2
-4
-9
-7
-2
7
11
11
9
4
1
2
6
10
12
11
10
7
5
2
-4
-12
-17
-19
-21
-23
-23
-25
-28
-31
-33
-32
-31
-29
-28
-23
-20
-17
-18
-19
-18
-14
-9
-3
1
0
-4
-8
-10
-9
-7
-4
1
7
11
13
11
10
6
6
8
10
11
13
15
16
18
19
17
16
15
19
21
23
20
14
10
9
8
7
6
3
4
5
3
-3
-8
