0
-1
1
1
-1
-1
0
0
0
0
0
0
0
0
0
0
0
1
0
0
0
0
0
0
0
-1
0
1
0
1
-1
0
-1
0
0
0
0
0
0
0
0
0
0
0
0
-1
0
0
0
0
0
0
0
0
0
0
-1
1
1
1
1
0
0
1
1
0
1
0
1
0
0
0
0
0
1
0
0
-1
0
0
1
0
0
0
0
0
0
0
0
0
0
-1
0
1
0
0
1
0
0
0
1
-1
0
0
0
0
-1
-1
-1
1
-1
0
-1
-1
-1
-2
0
0
-1
-1
0
0
0
0
0
0
-1
-1
-1
-1
0
0
1
1
1
0
0
1
0
0
0
-1
-1
1
1
0
0
0
0
0
0
0
0
1
1
0
0
0
0
1
2
2
0
-1
1
2
2
2
1
0
0
2
3
2
0
0
1
3
2
1
-1
-1
0
2
1
-2
-4
-3
-2
0
-3
-3
-4
-3
-1
-1
-2
-3
-2
0
2
-2
-4
-4
-1
2
3
0
-5
-6
-3
2
4
-1
-8
-9
-6
1
4
1
-4
-6
-3
2
4
1
-1
-1
0
1
0
0
1
4
6
4
2
0
-1
0
2
3
2
0
-1
-3
0
2
1
-2
-3
-1
1
2
2
3
4
6
4
4
4
8
12
11
9
8
8
8
7
8
8
7
2
-2
-3
0
3
1
-5
-9
-6
-3
0
-1
-3
-6
-5
-5
-6
-5
-1
0
-1
0
0
0
1
2
4
4
0
-7
-10
-6
0
-3
-9
-15
-17
-12
-4
-1
-5
-13
-16
-9
0
6
3
-3
-7
-5
1
5
10
12
9
0
-4
3
14
18
11
-2
-6
-1
4
2
-1
-4
-6
-6
-7
-3
-2
-1
-3
-4
-1
2
4
4
4
6
7
5
5
7
12
14
10
7
7
11
13
15
13
5
-6
-10
-5
10
19
14
-4
-24
-28
-15
4
9
0
-11
-18
-16
-10
-1
6
4
-8
-18
-19
-6
12
23
15
-3
-17
-15
3
21
25
15
-2
-12
-11
2
18
22
8
-12
-24
-17
0
13
13
-4
-23
-35
-27
-8
9
12
-4
-23
-32
-21
5
20
19
-3
-25
-25
-2
30
38
21
-6
-21
-8
20
40
33
3
-20
-17
2
18
22
11
-11
-35
-36
-7
26
26
-4
-33
-33
-8
20
23
5
-16
-19
-5
10
21
26
22
13
6
2
8
21
39
39
14
-13
-16
3
20
21
7
-11
-17
-11
-5
-10
-14
-9
-6
-10
-20
-33
-29
-1
28
16
-30
-48
-24
15
27
16
3
-9
-10
-1
14
17
4
-7
-7
1
-3
-16
-18
-9
4
-3
-20
-27
-20
-5
0
-12
-30
-35
-18
4
11
1
-11
-12
2
21
30
25
6
-7
-2
18
39
30
5
-11
-2
24
23
3
-14
-2
21
15
-4
-17
-5
16
16
10
-5
-12
1
21
37
20
-8
-8
13
46
41
8
-13
0
34
36
13
-5
-12
-7
-3
6
4
-11
-17
-15
3
8
-7
-30
-40
-15
9
9
-11
-25
-21
-13
-2
12
15
4
-19
-26
-10
9
13
-6
-18
-20
-23
-20
-14
-2
-9
-23
-25
-23
-18
-11
-1
-5
-22
-32
-22
-2
12
7
-14
-32
-19
12
27
18
-4
-19
-22
-3
22
33
23
-7
-25
-19
3
24
31
32
8
-24
-23
14
43
31
6
0
4
6
7
13
25
30
24
8
-2
7
24
34
36
23
-2
-14
-2
25
36
21
-5
-27
-20
3
16
16
8
2
-14
-23
3
34
25
-13
-35
-5
26
23
-2
-27
-16
0
6
1
-15
-19
-21
-12
5
4
-11
-27
-18
10
17
2
-20
-22
-12
-17
-10
3
8
-13
-36
-26
3
21
5
-24
-37
-21
1
14
2
-25
-39
-28
1
7
-9
-24
-27
-15
-13
-9
-4
-5
4
1
10
10
-5
-11
-4
22
21
-5
-7
11
36
25
-5
-15
-3
26
44
37
7
-25
-19
24
57
45
6
-20
-9
14
36
39
17
-3
-8
9
25
26
20
4
-8
-7
2
13
9
6
6
5
6
2
-2
-1
4
7
6
8
2
-21
-27
-10
17
19
-10
-20
-20
0
10
15
14
-10
-22
-14
20
35
-4
-41
-47
-24
-3
3
13
8
-21
-47
-44
-5
27
9
-23
-39
-29
-17
-14
-1
1
-9
-34
-42
-13
18
11
-22
-33
-6
9
-11
-32
-18
16
21
1
-19
-25
-19
3
37
49
23
-23
-45
-20
30
49
29
-1
-9
-8
-5
22
49
42
2
-17
-3
16
19
27
32
28
11
-4
0
9
22
23
13
8
-2
-6
4
29
44
10
-27
-27
-5
15
5
-6
-21
-25
-12
0
11
2
-11
-13
-9
5
7
4
7
17
24
14
2
4
25
44
31
2
-20
-7
36
62
38
-27
-54
-11
44
40
-16
-49
-34
-4
-8
-20
-21
-18
-26
-46
-43
-30
-22
-17
-22
-22
-35
-47
-35
-20
-3
-5
-21
-37
-52
-32
8
34
32
-8
-33
-38
-9
39
57
32
-24
-40
-7
41
67
42
-1
-24
-19
10
27
36
24
-6
-16
-12
10
16
8
1
-20
-27
-29
-13
13
16
1
-32
-37
-4
20
14
-13
-27
-21
-11
9
20
15
-2
-10
-2
10
24
23
20
21
27
36
34
44
53
53
46
33
34
37
44
50
49
45
34
32
37
40
46
46
41
30
23
22
42
55
46
23
14
35
37
18
-5
-13
-1
14
37
15
-60
-115
-81
18
43
-28
-117
-142
-104
-54
-14
-17
-68
-130
-137
-77
-24
-23
-62
-90
-89
-65
-33
-15
-16
-40
-60
-50
-20
1
-8
-21
-30
-35
-38
-40
-35
-36
-41
-48
-57
-56
-55
-47
-45
-47
-44
-50
-41
-25
-10
-6
-16
-11
7
28
56
70
70
63
67
91
124
154
164
160
158
166
188
211
225
223
214
206
213
226
233
227
214
203
187
174
163
158
149
120
85
63
63
71
69
53
25
2
-8
-1
16
17
-10
-53
-75
-61
-41
-40
-69
-130
-173
-181
-115
-58
-93
-205
-320
-290
-181
-93
-144
-314
-431
-420
-266
-137
-218
-448
-646
-602
-410
-318
-385
-546
-639
-661
-650
-564
-457
-390
-447
-583
-639
-563
-370
-199
-146
-198
-296
-289
-151
48
202
221
180
142
166
271
414
561
602
517
416
411
539
671
714
657
531
451
442
509
586
585
509
376
296
295
334
381
366
312
243
197
223
270
301
297
254
215
198
238
312
358
365
321
280
289
351
419
438
402
344
296
279
301
329
333
282
208
142
107
114
117
102
43
-40
-84
-87
-73
-108
-167
-209
-260
-329
-372
-310
-207
-227
-383
-511
-466
-289
-175
-185
-282
-342
-299
-356
-662
-1097
-1176
-765
-420
-655
-1420
-2017
-1992
-1527
-1085
-1086
-1470
-1914
-2046
-1733
-1268
-934
-894
-1043
-1122
-1024
-716
-314
32
216
208
196
319
591
953
1261
1422
1377
1260
1269
1435
1682
1839
1824
1657
1452
1384
1446
1526
1477
1262
999
808
712
651
554
430
311
141
-52
-249
-340
-325
-316
-368
-542
-679
-693
-570
-397
-327
-331
-386
-404
-312
-149
53
179
209
202
203
307
467
620
705
676
613
574
622
722
765
716
587
471
398
364
357
308
203
46
-86
-139
-145
-139
-186
-288
-395
-462
-454
-417
-391
-392
-409
-409
-411
-399
-382
-324
-270
-252
-243
-209
-88
44
93
2
-149
-135
50
242
250
55
-138
-325
-555
-832
-930
-724
-580
-802
-1406
-1938
-2035
-1777
-1418
-1331
-1598
-1977
-2154
-1941
-1551
-1233
-1108
-1172
-1235
-1175
-884
-439
-32
208
244
258
401
694
1092
1446
1657
1684
1621
1662
1822
2053
2224
2241
2127
1939
1822
1825
1878
1849
1663
1413
1179
1017
930
791
500
134
-36
34
38
-274
-709
-915
-811
-644
-660
-824
-997
-1013
-882
-710
-585
-562
-569
-514
-323
-85
50
99
159
284
420
547
666
741
770
767
783
818
837
833
801
761
699
585
444
329
256
168
33
-108
-237
-322
-353
-394
-484
-612
-711
-734
-703
-664
-647
-640
-631
-630
-610
-519
-368
-299
-330
-333
-148
107
168
43
-98
17
297
553
609
426
193
68
53
-107
-526
-881
-857
-584
-593
-1155
-1892
-2255
-2023
-1556
-1385
-1716
-2284
-2588
-2405
-1937
-1575
-1525
-1639
-1698
-1571
-1267
-856
-432
-144
-15
72
263
608
1039
1460
1741
1842
1852
1916
2130
2444
2700
2766
2637
2443
2335
2355
2424
2393
2196
1904
1635
1467
1361
1243
1047
789
500
22
-514
-706
-308
45
-381
-1303
-1897
-1669
-1085
-725
-787
-1196
-1542
-1558
-1154
-604
-304
-302
-518
-554
-296
75
445
709
846
734
575
670
982
1310
1389
1234
997
817
835
949
1041
979
707
360
97
76
126
59
-135
-429
-702
-865
-847
-723
-675
-775
-946
-1035
-984
-854
-741
-702
-726
-748
-741
-615
-394
-169
-28
30
69
93
189
329
486
590
566
441
286
126
-143
-534
-775
-701
-507
-637
-1202
-1858
-2226
-2128
-1798
-1620
-1842
-2350
-2711
-2675
-2308
-1906
-1737
-1769
-1839
-1765
-1487
-1052
-568
-218
-35
94
307
649
1064
1517
1873
2062
2130
2191
2380
2662
2910
3011
2936
2782
2656
2634
2679
2652
2477
2183
1891
1673
1518
1363
1168
904
505
20
-343
-396
-264
-358
-832
-1424
-1721
-1596
-1286
-1091
-1201
-1517
-1732
-1654
-1322
-955
-728
-690
-720
-643
-411
-52
310
547
592
523
551
750
1044
1289
1365
1285
1120
1025
1055
1126
1145
1012
759
487
299
238
190
82
-134
-415
-641
-757
-756
-758
-816
-927
-1067
-1119
-1075
-947
-831
-799
-838
-912
-871
-691
-455
-289
-275
-260
-89
207
416
406
293
317
568
907
1068
932
495
-137
-666
-808
-433
14
-75
-917
-2020
-2557
-2270
-1555
-1191
-1611
-2483
-3138
-3103
-2525
-1921
-1671
-1858
-2175
-2281
-1989
-1361
-712
-270
-144
-185
-113
241
882
1544
1971
2076
1998
2041
2329
2776
3169
3287
3144
2866
2692
2730
2878
2956
2798
2452
2064
1785
1653
1574
1436
1190
807
419
100
-281
-686
-877
-653
-493
-927
-1708
-2172
-1898
-1330
-1023
-1147
-1534
-1812
-1746
-1258
-653
-324
-406
-677
-658
-264
223
584
770
820
726
674
867
1217
1490
1473
1265
1075
986
1026
1101
1124
992
645
259
25
35
73
-55
-317
-647
-881
-965
-907
-829
-888
-1052
-1201
-1225
-1118
-976
-854
-800
-815
-779
-700
-551
-377
-223
-53
105
224
224
170
302
678
1079
1121
777
422
88
-313
-757
-771
-252
12
-638
-1963
-2810
-2590
-1791
-1273
-1591
-2458
-3194
-3279
-2728
-2100
-1797
-1904
-2133
-2179
-1975
-1486
-862
-308
-17
-9
46
361
932
1582
2089
2352
2346
2303
2487
2874
3281
3488
3431
3208
2977
2911
3003
3090
2964
2605
2188
1883
1740
1633
1436
1158
790
442
95
-361
-806
-979
-742
-656
-1195
-2014
-2430
-2078
-1482
-1216
-1406
-1807
-2019
-1873
-1365
-823
-565
-631
-813
-705
-296
190
546
741
827
747
717
921
1307
1622
1620
1408
1179
1079
1116
1179
1181
1004
672
308
88
60
60
-58
-334
-656
-911
-1019
-972
-904
-906
-1042
-1224
-1288
-1165
-923
-771
-793
-890
-924
-772
-472
-137
86
123
113
132
304
616
881
954
785
690
745
632
82
-725
-931
-376
178
-136
-1423
-2588
-2778
-2041
-1272
-1336
-2165
-3145
-3448
-2968
-2262
-1848
-1932
-2192
-2341
-2208
-1758
-1169
-575
-229
-139
-78
121
621
1284
1883
2242
2278
2229
2328
2690
3172
3479
3502
3252
2970
2892
3009
3167
3108
2800
2378
2032
1860
1765
1643
1385
997
602
237
-60
-395
-799
-1054
-1047
-981
-1324
-1970
-2356
-2143
-1617
-1388
-1554
-1865
-2000
-1826
-1394
-859
-584
-630
-743
-624
-183
283
577
697
759
827
902
1110
1399
1593
1568
1381
1242
1195
1215
1235
1177
1020
719
385
172
92
79
-76
-373
-662
-855
-895
-885
-904
-1004
-1150
-1205
-1147
-999
-923
-903
-877
-843
-727
-574
-338
-94
124
374
439
322
151
233
736
1183
1300
832
-151
-1150
-1447
-573
525
565
-886
-2773
-3480
-2693
-1333
-786
-1542
-2898
-3875
-3747
-2830
-1898
-1551
-1943
-2472
-2666
-2323
-1506
-630
-52
-2
-195
-196
220
1034
1886
2441
2501
2230
2109
2416
3079
3677
3849
3582
3122
2872
2968
3278
3474
3247
2713
2188
1899
1851
1846
1719
1370
859
350
-9
-333
-666
-871
-876
-927
-1357
-1952
-2305
-2122
-1665
-1421
-1536
-1908
-2155
-2006
-1485
-932
-694
-765
-954
-857
-361
196
577
713
699
668
787
1126
1481
1686
1644
1472
1359
1317
1371
1447
1419
1240
919
581
365
330
330
167
-133
-482
-751
-840
-840
-834
-876
-982
-1139
-1265
-1241
-1073
-832
-730
-818
-954
-930
-644
-247
38
102
98
108
148
315
638
962
1039
869
423
-285
-1005
-1228
-606
227
168
-1189
-2894
-3539
-2761
-1489
-1044
-1878
-3289
-4181
-3924
-2896
-2003
-1867
-2371
-2893
-2954
-2439
-1587
-776
-310
-290
-440
-352
196
1094
1954
2443
2461
2257
2248
2648
3328
3877
3991
3700
3286
3120
3308
3638
3748
3440
2861
2340
2105
2118
2129
1951
1526
1010
534
15
-477
-700
-481
-291
-761
-1746
-2442
-2236
-1508
-1026
-1169
-1757
-2286
-2311
-1716
-919
-498
-643
-1059
-1146
-660
78
631
806
748
589
579
915
1442
1832
1824
1537
1288
1249
1399
1555
1567
1371
986
573
320
297
328
202
-92
-466
-795
-960
-924
-820
-890
-1147
-1412
-1472
-1305
-1127
-1060
-1102
-1116
-1018
-886
-733
-605
-441
-260
-96
103
181
240
378
618
885
968
830
272
-648
-1463
-1438
-450
340
-232
-2056
-3646
-3722
-2538
-1410
-1445
-2557
-3807
-4312
-3765
-2728
-2014
-2035
-2554
-2950
-2845
-2193
-1258
-438
-54
-146
-301
-67
685
1683
2471
2811
2729
2553
2660
3164
3859
4290
4240
3862
3482
3410
3652
3929
3920
3513
2908
2434
2247
2233
2152
1865
1375
756
106
-357
-474
-320
-327
-841
-1659
-2238
-2185
-1701
-1277
-1292
-1740
-2225
-2307
-1845
-1186
-766
-749
-979
-1044
-764
-208
353
660
695
580
587
841
1282
1702
1841
1708
1449
1292
1340
1501
1589
1439
1082
664
383
299
290
205
-43
-433
-826
-1064
-1089
-1003
-1012
-1200
-1467
-1603
-1539
-1362
-1194
-1135
-1125
-1120
-1083
-931
-766
-590
-402
-168
7
-7
-11
158
631
989
969
707
221
-502
-1367
-1615
-842
150
55
-1534
-3311
-3840
-2965
-1676
-1241
-2011
-3383
-4254
-3975
-2954
-2014
-1818
-2232
-2703
-2814
-2310
-1380
-435
94
76
-87
43
656
1544
2356
2845
2859
2653
2635
3028
3689
4223
4351
4074
3658
3437
3558
3866
3959
3627
3031
2484
2238
2197
2149
1937
1514
943
249
-342
-586
-463
-318
-658
-1446
-2210
-2371
-1925
-1391
-1238
-1640
-2203
-2426
-2057
-1335
-785
-697
-982
-1151
-874
-257
346
668
695
586
586
831
1264
1668
1791
1646
1443
1335
1378
1490
1523
1387
1086
720
442
343
313
173
-104
-461
-764
-951
-997
-973
-1021
-1209
-1473
-1575
-1472
-1282
-1159
-1174
-1249
-1247
-1093
-854
-625
-460
-381
-269
-145
-13
186
453
767
949
957
749
226
-518
-1211
-1228
-444
233
-247
-1899
-3361
-3481
-2413
-1361
-1364
-2395
-3674
-4217
-3716
-2689
-1938
-1960
-2488
-2925
-2814
-2115
-1193
-414
-87
-173
-279
2
761
1686
2414
2739
2688
2554
2669
3180
3838
4255
4243
3896
3551
3478
3684
3926
3872
3459
2882
2450
2292
2244
2140
1839
1373
773
113
-386
-533
-341
-266
-756
-1767
-2576
-2498
-1754
-1141
-1276
-1973
-2613
-2649
-2045
-1231
-723
-859
-1318
-1471
-1024
-210
448
675
551
408
506
872
1416
1834
1870
1602
1342
1324
1510
1715
1731
1514
1138
749
532
513
519
382
33
-415
-761
-889
-855
-856
-983
-1290
-1549
-1567
-1393
-1166
-1124
-1216
-1357
-1347
-1094
-707
-409
-406
-549
-527
-200
230
481
467
445
591
856
1073
844
-50
-1287
-1804
-910
470
596
-1199
-3380
-4019
-2889
-1376
-1027
-2047
-3540
-4336
-3951
-2916
-2038
-1905
-2355
-2801
-2838
-2323
-1498
-646
-113
-72
-211
-112
479
1363
2172
2691
2757
2579
2528
2889
3578
4146
4296
3993
3555
3361
3500
3815
3916
3608
3032
2506
2283
2248
2190
1944
1500
874
118
-443
-532
-253
-196
-788
-1744
-2377
-2263
-1729
-1326
-1382
-1872
-2404
-2522
-2059
-1318
-832
-847
-1175
-1337
-1041
-414
237
610
654
484
425
726
1250
1707
1824
1661
1433
1319
1407
1555
1637
1520
1181
783
503
444
469
373
94
-311
-671
-844
-811
-733
-839
-1114
-1386
-1439
-1297
-1134
-1043
-1071
-1130
-1151
-1029
-778
-552
-400
-290
-164
-25
10
78
313
727
1036
978
799
499
-82
-1042
-1735
-1285
-91
400
-867
-3014
-4128
-3467
-1897
-1004
-1569
-3074
-4309
-4306
-3261
-2081
-1605
-1980
-2622
-2925
-2519
-1569
-544
99
126
-130
-134
399
1325
2221
2797
2904
2677
2525
2772
3425
4066
4292
4016
3500
3170
3240
3586
3791
3537
2927
2300
1998
2011
2067
1917
1507
952
330
-246
-571
-508
-387
-660
-1403
-2149
-2377
-2075
-1577
-1360
-1588
-2105
-2496
-2305
-1631
-948
-698
-916
-1231
-1193
-652
40
560
741
607
470
605
1072
1579
1853
1810
1557
1380
1377
1539
1707
1674
1405
978
603
423
446
474
294
-63
-500
-826
-907
-842
-817
-975
-1263
-1464
-1437
-1184
-980
-966
-1097
-1150
-935
-651
-452
-432
-437
-323
-85
186
354
499
631
695
702
683
396
-465
-1563
-1825
-779
400
53
-1954
-3826
-3945
-2553
-1271
-1337
-2586
-3948
-4390
-3719
-2605
-1884
-1974
-2530
-2929
-2780
-2055
-1116
-326
-2
-109
-185
129
888
1759
2411
2731
2716
2599
2696
3188
3851
4254
4217
3828
3438
3358
3582
3854
3796
3334
2728
2323
2240
2255
2120
1759
1259
736
268
-170
-529
-730
-736
-797
-1238
-1881
-2305
-2198
-1743
-1418
-1482
-1881
-2240
-2192
-1646
-944
-606
-721
-1003
-1001
-518
139
618
761
706
622
693
1057
1509
1795
1764
1498
1265
1207
1314
1424
1403
1189
818
460
237
194
205
75
-227
-618
-938
-1069
-1006
-918
-984
-1160
-1362
-1449
-1390
-1194
-977
-890
-919
-977
-868
-648
-434
-222
-69
60
130
146
252
428
731
938
973
696
-194
-1349
-2002
-1311
130
610
-777
-3115
-4293
-3492
-1769
-813
-1521
-3129
-4333
-4275
-3159
-1983
-1487
-1887
-2593
-2899
-2501
-1493
-420
237
258
-70
-116
410
1390
2365
2924
2965
2658
2495
2798
3500
4181
4371
4048
3498
3177
3301
3669
3882
3596
2935
2313
2018
2064
2111
1945
1506
944
409
-177
-620
-684
-442
-447
-1132
-2045
-2507
-2224
-1648
-1385
-1528
-1961
-2345
-2326
-1791
-1114
-786
-862
-1069
-1027
-637
-147
283
570
655
569
553
829
1272
1636
1714
1552
1386
1290
1315
1437
1496
1360
1007
608
357
307
310
163
-127
-487
-808
-964
-953
-895
-947
-1123
-1293
-1315
-1218
-1123
-1073
-1037
-1005
-986
-873
-681
-377
-136
-96
-81
-79
131
407
691
919
803
600
350
11
-601
-1315
-1247
-481
13
-827
-2657
-3771
-3388
-2123
-1472
-2042
-3206
-4118
-4076
-3299
-2445
-2060
-2354
-2773
-2860
-2415
-1604
-831
-282
-146
-192
-23
501
1319
2049
2509
2694
2696
2738
2991
3545
4084
4297
4139
3758
3523
3558
3772
3905
3681
3167
2614
2300
2250
2186
1957
1523
1033
620
231
-129
-444
-698
-956
-1240
-1522
-1723
-1865
-1952
-1957
-1884
-1794
-1814
-1867
-1802
-1565
-1248
-984
-810
-699
-540
-298
8
358
629
775
851
980
1208
1440
1601
1657
1621
1559
1492
1452
1439
1370
1201
955
684
464
296
126
-54
-268
-521
-768
-935
-956
-942
-1024
-1182
-1316
-1335
-1264
-1178
-1091
-1032
-996
-923
-818
-627
-458
-343
-199
-43
140
247
311
465
635
689
651
423
-193
-1181
-1816
-1329
-248
13
-1366
-3291
-4044
-3222
-1904
-1489
-2254
-3514
-4293
-4049
-3147
-2290
-2059
-2400
-2748
-2745
-2259
-1481
-699
-151
-25
-63
123
703
1523
2260
2745
2888
2798
2796
3116
3716
4223
4342
4072
3673
3469
3546
3788
3850
3539
2997
2502
2288
2263
2165
1896
1459
1024
594
128
-259
-512
-640
-832
-1128
-1468
-1804
-1983
-1950
-1730
-1530
-1569
-1796
-1952
-1778
-1384
-983
-728
-692
-684
-513
-170
244
595
753
745
778
960
1236
1485
1593
1532
1398
1299
1270
1303
1301
1162
922
637
395
271
199
70
-144
-436
-749
-978
-1054
-1055
-1078
-1170
-1319
-1407
-1390
-1259
-1078
-972
-979
-1065
-1026
-799
-458
-143
-86
-174
-226
-88
244
522
600
476
350
380
358
22
-754
-1478
-1377
-659
-301
-1141
-2693
-3598
-3224
-2160
-1643
-2136
-3134
-3860
-3734
-2993
-2220
-1887
-2127
-2485
-2522
-2031
-1218
-501
-59
21
34
281
788
1509
2151
2563
2717
2710
2799
3103
3592
3983
4060
3871
3566
3385
3401
3526
3556
3290
2825
2372
2134
2062
1923
1652
1253
865
566
161
-374
-832
-919
-667
-685
-1258
-2046
-2407
-2039
-1432
-1113
-1343
-1884
-2174
-1896
-1133
-496
-378
-677
-945
-710
-91
541
851
803
656
591
810
1219
1554
1646
1458
1239
1151
1195
1284
1265
1107
826
497
244
121
106
57
-156
-497
-837
-1008
-978
-887
-880
-1023
-1199
-1287
-1242
-1065
-879
-747
-737
-838
-825
-622
-265
11
111
37
-93
-58
164
531
778
667
411
174
-166
-801
-1462
-1353
-576
-161
-1053
-2803
-3784
-3315
-2119
-1501
-2055
-3193
-3984
-3811
-2908
-2037
-1726
-2063
-2501
-2530
-2005
-1113
-352
40
54
-13
210
756
1513
2156
2538
2673
2631
2686
2983
3449
3839
3925
3733
3424
3258
3289
3413
3437
3120
2596
2131
1901
1897
1826
1553
1137
667
366
-100
-789
-1224
-989
-264
-364
-1484
-2652
-2776
-1756
-862
-724
-1312
-2039
-2260
-1772
-685
4
-97
-647
-1011
-557
278
934
1091
933
778
641
859
1349
1726
1752
1365
1020
935
1014
1107
1095
960
591
162
-133
-190
-12
27
-211
-633
-971
-1041
-936
-721
-646
-798
-998
-1090
-932
-698
-546
-499
-575
-664
-574
-275
56
235
157
-38
-175
25
383
654
661
345
134
-153
-678
-1337
-1546
-927
-410
-853
-2356
-3661
-3560
-2550
-1710
-1925
-2946
-3793
-3857
-3082
-2224
-1783
-1855
-2212
-2276
-1923
-1206
-428
32
169
125
252
685
1321
2000
2425
2596
2570
2530
2736
3125
3545
3720
3589
3320
3065
3046
3159
3204
2985
2484
2012
1719
1623
1570
1342
921
297
-277
-539
-470
-269
-458
-998
-1552
-1795
-1572
-1255
-1067
-1172
-1457
-1557
-1401
-1004
-664
-519
-491
-527
-391
-109
248
602
801
858
814
873
1057
1255
1394
1339
1193
1039
935
938
937
848
635
376
168
48
18
-52
-218
-419
-591
-681
-726
-742
-777
-798
-805
-820
-767
-702
-629
-548
-481
-410
-394
-390
-323
-138
81
139
39
-5
79
234
352
378
367
366
293
-158
-983
-1709
-1636
-855
-386
-1091
-2647
-3668
-3421
-2446
-1816
-2124
-3022
-3772
-3769
-3059
-2189
-1687
-1777
-2099
-2189
-1800
-1015
-241
236
309
252
423
876
1535
2132
2498
2615
2550
2536
2721
3095
3468
3595
3450
3143
2900
2850
2941
2989
2756
2285
1824
1546
1498
1424
1260
796
-75
-795
-835
-97
297
-384
-1551
-2211
-1722
-850
-430
-646
-1253
-1656
-1592
-940
-247
-45
-259
-647
-623
-164
352
655
701
696
586
594
863
1175
1365
1250
1009
848
801
818
794
727
498
179
-92
-243
-178
-126
-248
-506
-762
-853
-853
-777
-712
-736
-757
-811
-797
-688
-558
-417
-314
-296
-349
-371
-277
-66
126
130
37
24
150
280
297
268
269
387
474
470
204
-536
-1403
-1769
-1191
-408
-519
-1758
-3250
-3640
-2879
-1909
-1639
-2348
-3325
-3814
-3407
-2410
-1607
-1403
-1762
-2069
-1879
-1236
-375
237
437
382
389
700
1200
1792
2256
2463
2456
2335
2402
2719
3116
3353
3285
3038
2769
2658
2742
2852
2783
2399
1879
1495
1342
1307
1199
715
-111
-748
-655
-63
114
-504
-1456
-1800
-1365
-748
-459
-685
-1071
-1313
-1138
-581
-131
4
-214
-411
-270
88
463
637
729
765
729
784
946
1166
1248
1127
935
781
739
703
645
534
296
5
-273
-383
-359
-396
-562
-823
-976
-977
-916
-824
-793
-789
-808
-827
-762
-651
-509
-396
-357
-372
-404
-369
-232
-62
55
34
-85
-193
-151
102
345
323
-10
-337
-347
-85
223
225
-327
-1259
-1990
-1802
-932
-461
-1087
-2403
-3214
-3010
-2199
-1616
-1779
-2385
-2944
-2990
-2441
-1739
-1251
-1186
-1333
-1353
-1093
-510
92
545
783
829
905
1096
1498
2011
2409
2531
2404
2323
2455
2768
3063
3120
2963
2679
2455
2401
2451
2469
2192
1676
1174
957
1029
988
671
211
-152
-296
-362
-411
-469
-570
-681
-828
-866
-785
-680
-542
-473
-412
-367
-334
-205
-9
217
330
336
375
477
652
791
831
820
774
736
709
700
669
559
407
232
96
0
-128
-255
-388
-505
-604
-681
-715
-746
-790
-832
-834
-766
-693
-650
-615
-604
-587
-541
-449
-316
-222
-217
-272
-291
-216
-120
-34
-51
-114
-171
-231
-193
-105
-13
-147
-426
-581
-523
-247
-133
-195
-341
-677
-1131
-1616
-1500
-885
-626
-1124
-2165
-2639
-2329
-1722
-1345
-1563
-1979
-2338
-2281
-1757
-1254
-954
-1049
-1225
-1147
-803
-228
185
419
509
582
795
1050
1416
1772
2016
2107
2069
2136
2305
2515
2635
2600
2535
2374
2243
2185
2098
1951
1648
1393
1214
985
726
430
340
290
126
-73
-291
-323
-329
-318
-271
-300
-314
-377
-323
-121
41
158
155
183
278
403
590
720
799
778
743
796
865
922
886
778
676
565
466
366
258
122
-56
-222
-354
-438
-521
-628
-731
-802
-834
-870
-867
-833
-788
-749
-763
-786
-820
-784
-683
-601
-520
-505
-506
-511
-558
-527
-424
-337
-304
-388
-484
-539
-502
-407
-398
-492
-678
-741
-642
-538
-489
-623
-769
-794
-683
-409
-450
-832
-1373
-1502
-924
-500
-642
-1375
-1916
-1766
-1391
-1019
-1009
-1245
-1487
-1604
-1259
-806
-511
-479
-638
-586
-357
34
376
556
658
715
900
1136
1433
1729
1872
1931
1909
1989
2131
2255
2343
2226
2064
1906
1879
1959
1856
1601
1232
982
908
865
812
584
299
76
-48
-13
4
-21
-95
-181
-136
-40
78
144
145
195
284
441
576
635
669
688
760
839
874
862
811
751
669
576
481
386
301
204
84
-56
-205
-372
-507
-598
-679
-769
-880
-962
-985
-960
-946
-953
-966
-978
-980
-939
-850
-753
-690
-675
-652
-629
-599
-565
-530
-509
-516
-513
-518
-498
-472
-505
-566
-606
-570
-532
-589
-719
-818
-849
-793
-714
-719
-806
-895
-845
-681
-532
-407
-360
-455
-654
-821
-615
-221
-126
-505
-993
-1025
-721
-436
-388
-570
-761
-881
-740
-345
-16
12
-237
-370
-219
97
393
505
507
464
501
666
894
1117
1208
1199
1158
1224
1425
1595
1663
1591
1485
1453
1467
1506
1486
1396
1248
1080
981
933
906
832
723
643
581
528
482
468
496
515
513
499
496
521
532
550
570
572
577
604
654
705
710
670
585
491
443
401
355
262
125
6
-111
-198
-285
-381
-487
-614
-680
-737
-782
-834
-925
-990
-1033
-1053
-1042
-1017
-982
-986
-1012
-969
-882
-810
-800
-827
-823
-756
-716
-770
-803
-786
-736
-691
-766
-879
-899
-833
-724
-715
-753
-776
-814
-795
-802
-762
-676
-631
-597
-615
-616
-576
-434
-252
-194
-216
-225
-118
55
202
179
29
-34
31
221
298
199
2
-135
-49
87
194
175
30
-68
-100
43
211
260
204
72
93
209
372
488
512
500
431
438
521
671
768
764
774
798
885
954
1024
1123
1153
1154
1096
1093
1146
1171
1158
1054
966
903
866
855
828
801
721
630
616
634
651
641
585
503
438
419
428
406
341
243
172
170
166
137
50
-47
-90
-120
-126
-170
-249
-309
-320
-330
-414
-465
-493
-577
-621
-667
-726
-769
-786
-761
-819
-901
-940
-943
-915
-901
-940
-1015
-984
-902
-848
-831
-890
-936
-860
-721
-679
-731
-745
-724
-706
-667
-683
-676
-568
-475
-493
-549
-478
-362
-280
-279
-333
-347
-303
-192
-157
-143
-122
-176
-169
-135
-96
-15
60
93
57
54
135
188
219
257
247
268
297
338
361
357
378
407
463
460
425
421
434
487
508
505
474
421
457
515
563
580
549
535
517
556
602
605
618
602
616
618
609
619
614
646
627
600
581
547
580
596
560
498
463
477
461
438
415
384
361
326
290
242
191
157
121
101
63
23
0
-67
-120
-162
-209
-219
-237
-260
-301
-335
-355
-372
-361
-342
-346
-376
-396
-398
-405
-445
-492
-508
-532
-584
-555
-546
-571
-555
-606
-629
-615
-567
-522
-525
-542
-586
-541
-475
-464
-474
-461
-426
-440
-406
-348
-337
-305
-304
-318
-298
-296
-253
-202
-179
-197
-240
-221
-188
-159
-95
-29
-22
-3
27
73
135
122
68
55
135
203
203
154
116
115
182
290
313
256
190
184
230
289
314
285
213
152
151
210
249
234
177
133
196
278
334
321
268
254
275
319
328
311
320
308
253
232
261
322
340
315
282
273
317
333
321
298
258
253
260
252
216
170
180
185
190
163
89
78
107
159
166
124
99
98
122
125
107
96
80
44
7
-13
-16
-1
-10
-84
-161
-183
-148
-120
-137
-189
-244
-236
-205
-206
-191
-216
-269
-316
-340
-301
-279
-288
-327
-375
-397
-386
-313
-268
-288
-290
-260
-248
-257
-226
-185
-162
-154
-196
-256
-307
-312
-262
-243
-248
-295
-354
-326
-237
-191
-197
-161
-148
-167
-166
-153
-101
-66
-68
-92
-102
-54
0
32
13
-14
-3
41
107
150
162
144
147
184
210
235
249
228
173
128
159
204
192
148
128
175
237
251
216
218
258
260
232
183
180
212
253
263
232
201
152
161
214
229
219
193
187
174
164
163
156
133
83
55
50
74
72
51
42
40
72
80
80
94
76
39
-1
-3
14
19
1
-64
-107
-105
-54
-22
-41
-58
-110
-144
-115
-75
-70
-63
-72
-71
-46
-56
-77
-86
-65
-72
-91
-80
-102
-136
-135
-100
-84
-106
-110
-105
-84
-72
-95
-127
-136
-108
-104
-105
-85
-71
-82
-91
-89
-99
-92
-86
-96
-83
-68
-69
-95
-97
-66
-66
-74
-74
-39
-13
-25
-56
-90
-103
-76
-34
-18
-22
-50
-66
-63
-60
-54
-66
-78
-87
-87
-60
-27
-3
-9
-27
-27
-21
30
86
102
86
32
8
54
146
181
134
98
88
120
161
151
98
55
75
96
101
95
69
62
67
93
109
117
121
123
155
179
179
153
130
135
123
99
76
82
110
99
52
20
26
59
70
72
67
35
29
35
49
54
42
18
-22
-19
-7
20
39
12
-22
-48
-25
-7
-23
-45
-73
-79
-74
-57
-58
-102
-134
-138
-104
-85
-84
-103
-144
-144
-123
-107
-94
-99
-94
-93
-95
-81
-76
-85
-88
-86
-81
-70
-63
-65
-77
-71
-66
-73
-75
-64
-60
-46
-4
21
24
-11
-52
-70
-43
-2
13
12
-17
-35
-30
-2
27
30
33
20
15
32
46
41
9
-14
-9
11
30
28
20
21
26
45
51
54
47
68
93
99
118
127
112
62
49
68
83
85
58
44
28
25
35
42
44
34
38
60
65
49
36
38
39
40
43
57
75
78
78
54
19
8
22
49
52
24
-16
-52
-47
-3
16
-7
-52
-91
-77
-41
-9
-22
-74
-98
-105
-100
-95
-98
-79
-68
-77
-103
-122
-118
-80
-21
3
-17
-51
-48
-24
5
23
0
-21
-32
-31
-11
7
14
1
-39
-65
-62
-25
32
44
9
-50
-91
-65
-10
45
42
-14
-42
-33
12
55
71
70
43
27
46
81
113
116
84
33
-12
-14
26
56
77
64
13
-22
-24
12
45
37
-7
-48
-53
-26
-2
17
30
27
22
5
6
29
56
69
40
6
-8
14
37
27
24
32
41
49
37
17
-7
-18
-4
4
-5
-34
-66
-79
-90
-86
-73
-63
-57
-60
-50
-40
-30
-16
4
31
43
31
0
-16
-8
17
42
25
-18
-53
-50
1
52
59
7
-63
-93
-63
-5
32
32
-2
-43
-60
-43
-3
29
30
-1
-37
-32
3
42
48
22
-6
-29
-11
41
82
76
36
4
-13
-9
11
29
37
28
-2
-37
-29
23
57
41
-11
-54
-50
-8
30
33
8
-23
-39
-32
-7
18
25
15
-5
-18
-17
-14
1
10
10
-2
-17
-23
-23
-17
-18
-32
-53
-60
-38
-17
-14
-20
-24
-21
-23
-9
8
9
4
6
25
48
57
53
33
12
17
37
66
81
64
24
-15
-19
5
42
63
51
20
-7
-17
-6
14
33
53
68
63
31
0
-7
7
33
48
21
-19
-42
-39
-12
11
11
-17
-50
-57
-38
-11
15
15
-5
-32
-49
-43
-23
-3
-2
-20
-39
-43
-31
-18
-15
-30
-45
-49
-46
-32
-20
-14
-14
-23
-36
-46
-48
-41
-30
-21
-23
-40
-60
-57
-31
-3
5
-8
-21
-19
-3
11
14
18
23
28
25
18
20
21
24
21
22
30
34
37
32
21
9
5
11
17
29
41
45
36
18
9
15
31
39
28
14
7
15
32
39
33
20
-1
-12
-2
26
57
58
23
-29
-57
-29
35
83
69
5
-50
-56
-24
12
25
3
-41
-69
-59
-23
13
23
1
-27
-33
-3
45
66
42
-9
-40
-39
-18
4
3
-11
-24
-34
-32
-21
-9
2
10
14
14
12
17
19
11
3
-4
-3
7
20
26
28
21
4
-15
-18
-6
6
15
12
-13
-25
-27
-29
-16
-3
8
4
-15
-26
-29
-23
-18
-20
-20
-20
-15
-7
-2
-3
-4
-1
-1
-5
-25
-54
-65
-57
-33
-16
-20
-39
-66
-84
-75
-45
-8
12
0
-31
-49
-38
-5
32
48
41
22
7
10
20
32
34
22
4
-8
-3
17
44
67
66
32
-8
-14
18
60
81
65
22
-25
-41
-15
33
68
66
35
12
13
42
75
85
75
55
38
30
33
42
49
48
35
19
11
15
28
42
36
12
-22
-43
-39
-22
-7
1
-13
-38
-57
-61
-48
-29
-13
-8
-13
-21
-25
-27
-32
-40
-52
-59
-53
-41
-32
-32
-41
-52
-61
-61
-53
-48
-48
-51
-49
-51
-54
-46
-32
-21
-12
-7
-3
1
11
24
32
40
42
36
36
36
33
30
20
16
13
11
9
12
17
15
9
-3
-13
-9
-4
6
23
32
33
30
30
25
11
16
30
44
52
41
26
17
16
23
25
19
3
-7
-12
-5
12
16
3
-33
-68
-78
-56
-11
20
20
-6
-39
-46
-28
-4
9
3
-19
-43
-46
-27
-1
8
-1
-16
-14
8
32
42
28
8
-3
4
22
32
27
8
-4
-5
0
11
13
5
1
5
20
32
37
36
29
21
15
11
10
9
11
11
-3
-21
-25
-13
-2
10
9
-10
-26
-31
-20
-3
12
15
3
-8
-10
1
24
42
43
30
9
-13
-18
-1
25
26
-7
-49
-67
-50
-11
22
24
-7
-51
-76
-61
-26
7
10
-19
-54
-70
-55
-28
-5
1
-10
-22
-24
-11
0
6
-1
-17
-29
-36
-34
-27
-24
-22
-24
-21
-10
1
10
13
11
9
14
25
32
34
29
18
17
15
14
16
17
20
20
24
23
17
11
3
5
14
27
37
38
33
27
27
31
33
28
20
15
12
14
24
34
38
35
24
11
4
10
19
30
38
33
19
2
-10
-9
1
4
-4
-23
-44
-48
-37
-21
-6
2
-5
-18
-36
-46
-39
-26
-10
-8
-17
-24
-18
-12
-11
-13
-14
-15
-20
-23
-24
-23
-20
-16
-8
2
8
10
4
-7
-11
-8
-4
-9
-27
-42
-45
-30
-2
21
21
-1
-27
-37
-24
4
24
24
4
-21
-32
-22
5
30
37
20
-10
-30
-26
2
33
45
32
1
-23
-20
8
42
57
40
1
-36
-43
-20
13
31
26
3
-21
-29
-20
2
18
18
0
-19
-22
-3
23
47
60
52
46
44
45
47
45
40
31
26
24
24
27
30
27
27
24
24
22
18
17
17
15
8
-1
-9
-18
-18
-14
-12
-12
-13
-18
-23
-28
-22
-15
-21
-32
-39
-41
-32
-20
-19
-27
-44
-58
-62
-50
-35
-26
-29
-39
-51
-54
-48
-36
-14
-4
-9
-11
-19
-16
-7
1
9
5
-5
-14
-18
-9
8
19
18
6
-5
-11
-9
-2
5
8
9
1
-4
-3
4
13
17
14
6
-4
-8
1
17
36
45
47
40
32
24
28
43
53
55
47
36
31
32
37
39
38
32
27
26
29
30
28
16
4
-7
-13
-8
-5
-7
-17
-31
-38
-33
-25
-17
-14
-19
-28
-36
-38
-34
-22
-12
-13
-21
-29
-33
-35
-30
-25
-23
-22
-28
-34
-32
-26
-15
-7
-3
-4
-11
-22
-28
-19
-2
8
6
-9
-29
-36
-27
-4
16
15
-2
-21
-28
-14
12
36
46
39
18
6
12
30
49
56
47
33
17
15
28
47
59
58
47
36
33
41
55
65
64
52
40
29
28
32
35
37
28
16
5
-1
-2
-4
-8
-11
-17
-24
-30
-34
-38
-41
-43
-42
-43
-46
-43
-39
-36
-34
-44
-54
-62
-62
-52
-44
-41
-46
-50
-44
-28
-14
-8
-7
-11
-11
-5
1
4
5
0
-12
-20
-22
-17
-9
0
8
7
0
-10
-15
-11
-1
7
4
0
0
2
9
18
25
24
17
9
7
10
20
25
21
16
10
5
5
7
16
19
18
11
-2
-11
-14
-6
3
17
25
21
14
10
11
20
28
32
32
25
17
16
22
35
44
48
46
41
37
33
30
25
16
8
6
9
9
7
3
1
1
6
9
4
-8
-18
-18
-13
-5
-4
-12
-27
-44
-49
-42
-29
-19
-16
-20
-26
-31
-28
-25
-20
-18
-22
-28
-39
-48
-50
-42
-25
-8
4
2
-11
-20
-16
-6
7
17
14
-1
-14
-15
-11
-3
3
-1
-8
-12
-6
5
8
5
-3
-12
-10
-2
6
6
3
-1
-1
1
5
6
3
-4
-6
-5
3
7
3
-3
-10
-12
-6
1
3
-3
-7
-6
-1
6
16
26
32
28
21
15
16
25
32
36
38
36
32
26
22
24
24
27
26
26
27
25
21
14
6
6
9
11
11
7
-1
-2
2
3
4
4
2
4
10
12
13
9
7
8
5
5
1
-7
-14
-21
-23
-25
-25
-20
-23
-25
-30
-36
-32
-30
-31
-31
-32
-31
-30
-30
-31
-28
-23
-18
-20
-23
-24
-23
-18
-13
-12
-13
-17
-20
-21
-16
-11
-9
-7
-7
-4
-1
4
8
4
0
-2
-2
0
6
15
17
12
12
18
17
11
22
22
7
8
11
13
19
23
26
28
27
27
30
29
29
29
30
28
27
27
19
10
4
0
7
13
11
10
0
-7
-1
-6
-9
-7
-15
-18
-19
-25
-25
-21
-17
-11
-8
-12
-21
-29
-30
-24
-19
-15
-16
-17
-26
-29
-19
-13
-4
0
-4
-6
-7
-12
-13
-9
-8
-4
0
4
8
9
19
30
20
22
37
25
15
21
16
9
17
13
3
3
5
4
9
10
6
4
-2
-7
-5
1
4
5
1
-6
-2
2
6
17
17
12
13
12
9
7
3
5
5
4
1
-4
-10
-11
-6
-6
-6
-8
-10
-8
-8
-10
-11
-9
-10
-6
0
1
-3
-8
-14
-17
-21
-25
-27
-30
-29
-18
-7
-2
-4
-9
-14
-10
-2
10
15
11
3
0
-1
2
12
17
14
13
13
13
17
20
22
20
15
12
12
14
16
17
19
19
16
15
15
14
13
12
14
16
14
16
14
9
3
0
0
0
2
-1
-7
-13
-18
-19
-19
-17
-14
-13
-21
-24
-24
-27
-25
-21
-23
-18
-10
-11
-11
-14
-20
-23
-17
