0
0
1
-1
0
0
0
-1
0
0
0
-1
0
1
0
-1
0
0
-1
-1
0
0
0
0
-1
-1
-1
0
0
0
0
0
0
0
0
0
1
0
-1
0
1
0
1
0
0
0
-1
0
0
0
0
0
0
-1
1
0
0
0
0
1
0
0
0
-1
0
1
0
0
0
0
0
0
0
0
0
0
-1
1
-1
0
1
0
0
0
0
0
0
0
0
0
0
0
0
0
0
0
1
0
0
0
0
-1
1
0
0
0
0
0
0
0
0
0
0
0
0
-1
0
0
0
-1
0
0
1
1
0
0
0
0
-1
0
1
0
-1
0
0
0
0
-1
0
0
0
0
0
-1
-1
0
0
0
0
1
0
0
0
0
-1
0
0
0
0
0
0
0
0
1
0
-1
0
0
-1
0
0
0
0
0
0
0
0
0
0
0
1
0
0
0
0
-1
-1
0
-1
0
0
0
-1
0
0
0
0
1
1
-1
0
0
-1
-1
0
0
-1
0
0
-1
0
0
-1
1
-1
0
0
-1
0
0
0
0
0
0
0
1
0
0
-1
1
1
0
0
0
0
0
0
0
0
0
1
0
0
0
0
0
0
-1
0
0
-1
0
0
1
0
0
1
0
0
0
1
0
0
0
0
0
0
1
-1
0
0
0
1
0
-1
0
0
0
0
0
-1
0
0
0
0
1
0
0
1
0
0
0
1
0
0
0
0
0
1
0
0
0
0
0
0
0
1
0
0
0
0
-1
0
0
-1
-1
0
-1
0
0
0
1
1
0
0
0
-1
1
0
0
0
0
1
0
1
0
0
1
1
0
0
0
0
0
-1
0
0
0
-1
0
0
1
0
0
0
0
1
0
1
0
0
0
0
-1
0
0
0
0
0
-1
0
0
0
1
1
0
0
-1
0
0
1
0
0
-1
1
0
0
0
0
-1
0
0
0
0
0
0
0
0
0
0
0
1
0
0
0
-1
0
1
0
0
1
-1
0
-1
-1
0
0
0
0
0
0
0
0
-1
0
-1
1
0
1
1
0
0
0
0
0
0
0
0
0
0
0
0
0
0
1
0
-1
0
0
0
0
0
0
-1
0
0
-1
0
0
0
0
0
0
0
1
1
0
0
0
0
0
0
0
-1
0
0
0
0
0
0
-1
-1
0
0
0
0
0
1
0
1
-1
0
0
-1
0
0
0
1
0
0
0
0
0
0
0
1
0
1
0
0
0
-1
-1
0
0
0
0
1
0
-1
0
0
0
0
1
0
-1
0
0
0
0
0
1
0
0
0
0
0
0
0
0
0
0
1
0
0
0
0
0
0
0
0
0
0
0
0
0
-1
-1
0
0
0
0
0
0
-1
0
0
-1
0
0
0
0
0
0
0
0
0
0
0
0
0
0
0
0
0
-1
0
0
1
0
0
-1
1
0
0
0
0
0
0
0
0
0
0
-1
1
0
0
-1
0
0
0
1
0
-1
0
0
0
0
0
0
0
1
-1
0
-1
0
-1
-1
0
0
0
1
0
0
0
0
0
1
0
-1
-1
0
0
0
0
0
0
0
-1
0
-1
0
1
0
0
0
0
1
0
0
0
0
0
-1
-1
0
0
0
0
-1
0
1
0
1
0
0
0
0
-1
0
0
0
-1
0
0
0
0
0
0
0
0
-1
0
0
0
1
0
1
0
-1
0
1
0
0
-1
0
0
0
0
0
0
1
0
1
0
0
0
0
0
1
0
1
0
0
0
1
0
0
0
0
0
-1
0
0
0
0
0
0
0
0
0
-1
0
0
0
0
0
0
0
0
0
0
1
0
1
0
0
1
0
0
1
0
0
1
0
0
1
0
0
0
0
0
0
0
0
0
0
0
1
0
0
-1
0
0
-1
0
-1
0
0
1
1
0
0
0
-1
0
0
0
0
0
0
1
0
0
-1
0
-1
0
0
-2
0
0
-1
-1
-1
-1
-1
-2
-1
-1
-1
-1
0
0
-1
0
0
0
1
0
-1
-1
0
1
1
-1
-6
-10
-10
-4
-1
-2
-6
-9
-10
-7
-4
-3
0
-2
-1
-1
0
2
3
2
3
2
2
2
1
1
0
1
2
1
1
1
1
0
1
1
1
1
1
1
1
1
0
-1
-2
-3
-4
-4
-3
-4
-6
-9
-9
-8
-6
-7
-10
-11
-10
-8
-7
-6
-6
-6
-6
-5
-4
-3
-3
-1
0
0
0
-2
-1
0
-1
-3
-4
-5
-6
-5
-7
-8
-10
-7
-3
-1
-5
-11
-13
-5
3
8
6
5
6
10
13
15
19
23
21
19
21
24
24
21
23
25
23
22
27
24
14
9
17
26
19
4
-4
0
5
3
-8
-26
-30
5
75
129
106
23
-40
-24
41
89
87
48
3
-22
-18
1
17
16
3
-8
-12
-5
3
11
16
22
23
16
6
1
13
27
23
5
-17
-24
-18
-9
-11
-24
-34
-34
-19
-2
13
28
44
59
69
65
60
69
101
139
142
110
84
95
129
149
137
109
88
80
81
81
75
57
38
26
19
10
1
-1
11
15
7
-4
5
29
49
63
65
64
73
97
109
80
31
14
59
131
144
69
-35
-87
-73
-51
-63
-103
-139
-176
-225
-265
-250
-216
-243
-296
-294
-261
-283
-318
-300
-293
-349
-322
-205
-143
-253
-371
-270
-62
62
4
-80
-50
111
368
431
-153
-1406
-2430
-2131
-707
349
-10
-1291
-2261
-2315
-1667
-786
-125
27
-251
-557
-514
-90
467
929
1213
1311
1237
1045
932
1113
1557
1972
1961
1461
815
424
454
699
859
777
404
-104
-494
-583
-392
-153
-6
22
-70
-219
-321
-208
145
547
788
742
497
294
320
600
925
1040
875
552
292
211
280
411
469
386
174
-103
-328
-406
-334
-210
-168
-247
-393
-518
-511
-348
-126
17
14
-66
-114
-87
33
184
302
349
318
247
154
92
94
129
150
87
-70
-234
-320
-312
-299
-357
-456
-519
-497
-439
-419
-429
-426
-382
-305
-256
-257
-225
-76
48
8
-39
117
304
243
42
-15
56
107
150
192
234
211
178
216
226
-255
-1607
-3140
-3435
-2133
-659
-518
-1694
-2977
-3429
-2886
-1740
-702
-291
-459
-737
-684
-201
549
1257
1664
1803
1789
1675
1575
1687
2107
2552
2597
2124
1386
824
674
808
926
793
381
-180
-660
-851
-752
-561
-419
-370
-399
-479
-523
-390
-44
402
781
970
1004
1025
1137
1367
1626
1759
1575
1073
615
544
746
782
474
-2
-448
-765
-891
-823
-740
-805
-975
-1099
-1074
-937
-769
-591
-392
-183
-33
41
130
297
498
636
699
728
717
670
638
630
570
391
138
-80
-220
-315
-411
-513
-622
-754
-910
-1033
-1065
-1006
-899
-785
-670
-562
-470
-359
-187
37
254
407
473
447
410
463
593
685
606
443
348
363
420
392
223
-89
-415
-490
-190
267
494
273
-213
-595
-816
-1441
-2859
-4210
-3991
-2143
-548
-780
-2441
-3836
-3866
-2690
-1082
67
300
-120
-524
-292
584
1599
2254
2371
2229
2074
1964
1992
2249
2691
2936
2611
1785
905
428
437
644
703
408
-200
-858
-1252
-1214
-876
-561
-448
-492
-543
-493
-322
20
491
939
1244
1355
1379
1460
1630
1893
2110
2146
1926
1491
1007
503
22
-254
-202
-52
-300
-1089
-1951
-2323
-2073
-1516
-1081
-1020
-1275
-1528
-1434
-905
-189
355
560
539
502
569
749
1043
1381
1547
1377
976
614
447
424
412
307
42
-366
-784
-1057
-1130
-1079
-1045
-1090
-1188
-1282
-1317
-1216
-934
-547
-230
-78
-44
22
206
468
715
876
937
930
918
917
894
779
577
363
215
189
156
-15
-243
-316
-174
-50
-122
-317
-316
-59
94
-163
-1087
-2710
-4367
-4758
-3229
-1135
-525
-1817
-3605
-4284
-3529
-1961
-474
185
22
-399
-427
166
1088
1997
2581
2731
2555
2215
2001
2140
2629
3152
3183
2539
1510
658
374
530
714
603
125
-556
-1148
-1383
-1208
-854
-598
-509
-521
-549
-501
-254
248
840
1304
1525
1554
1581
1724
2019
2340
2446
2244
1746
1153
726
560
535
373
-28
-574
-1079
-1389
-1544
-1649
-1800
-1977
-2066
-1982
-1713
-1358
-1075
-902
-732
-448
-70
294
596
858
1099
1283
1368
1369
1332
1220
977
638
349
212
115
-86
-385
-703
-964
-1176
-1374
-1529
-1600
-1531
-1331
-1113
-963
-891
-783
-567
-275
59
354
572
714
799
899
1025
1094
1060
970
950
970
808
450
148
147
249
40
-466
-790
-706
-537
-592
-692
-536
-239
-23
105
226
157
-327
-1130
-2008
-2702
-2968
-2619
-1778
-1124
-1387
-2455
-3362
-3198
-2129
-1016
-379
-233
-334
-438
-252
382
1223
1905
2208
2182
2056
2023
2199
2537
2821
2857
2534
1931
1314
938
888
965
879
511
-61
-589
-864
-871
-719
-558
-500
-543
-618
-587
-362
7
426
792
1048
1199
1311
1496
1747
1968
2056
1936
1634
1298
1075
903
606
228
-63
-328
-698
-1085
-1317
-1416
-1539
-1758
-1974
-2054
-1930
-1639
-1236
-854
-699
-745
-736
-450
62
525
824
989
1056
1061
1051
1117
1204
1174
986
679
363
126
-39
-123
-212
-406
-726
-1079
-1276
-1269
-1110
-894
-743
-700
-714
-660
-485
-261
-38
173
376
532
571
599
740
906
888
665
430
334
337
379
398
223
-132
-389
-393
-328
-431
-499
-220
263
459
21
-680
-898
-493
-101
-589
-2141
-3867
-4546
-3551
-1746
-836
-1607
-3190
-4042
-3576
-2274
-895
-49
117
-91
-183
172
868
1700
2466
2917
2937
2628
2296
2262
2612
3092
3243
2795
1905
1040
596
596
723
651
270
-315
-861
-1161
-1150
-915
-632
-412
-319
-345
-362
-190
270
902
1442
1719
1715
1615
1639
1864
2184
2357
2232
1857
1417
1073
843
659
440
84
-536
-1321
-1864
-1870
-1571
-1451
-1650
-1984
-2281
-2431
-2285
-1796
-1201
-777
-571
-520
-466
-239
199
751
1195
1357
1232
1007
920
1020
1141
1103
858
475
39
-304
-458
-504
-567
-744
-1013
-1279
-1447
-1424
-1223
-951
-694
-498
-396
-346
-234
11
347
649
803
822
840
954
1102
1128
940
585
272
143
167
184
10
-291
-514
-589
-538
-432
-295
-123
-124
-287
-281
62
464
454
101
-426
-1495
-3098
-4246
-3791
-2061
-841
-1246
-2851
-4264
-4388
-3250
-1541
-251
15
-484
-1037
-874
110
1403
2466
2922
2829
2466
2182
2297
2785
3404
3740
3408
2503
1521
971
966
1166
1207
883
163
-676
-1236
-1274
-930
-586
-468
-582
-761
-791
-579
-100
525
1076
1401
1451
1392
1445
1726
2155
2449
2438
2116
1644
1261
1060
974
792
405
-78
-535
-935
-1364
-1779
-1969
-1881
-1751
-1836
-2106
-2345
-2378
-2113
-1714
-1397
-1154
-868
-469
-78
189
427
730
1061
1339
1458
1378
1180
1010
936
877
746
454
33
-360
-639
-795
-929
-1080
-1166
-1207
-1247
-1243
-1148
-921
-603
-287
-77
-15
6
146
459
825
1042
1101
1103
1115
1128
1018
799
581
427
315
109
-122
-195
-302
-616
-868
-673
-277
-209
-424
-510
-170
350
579
539
401
138
-498
-1785
-3381
-4284
-3670
-1989
-803
-1305
-3079
-4483
-4416
-3049
-1296
-141
21
-544
-1026
-718
376
1681
2569
2903
2794
2483
2316
2444
2914
3471
3657
3224
2304
1390
903
922
1130
1081
592
-236
-1005
-1358
-1253
-896
-624
-600
-706
-759
-682
-421
59
653
1171
1470
1558
1590
1704
1950
2254
2440
2345
1992
1552
1167
906
701
503
288
-59
-598
-1196
-1598
-1731
-1802
-2105
-2557
-2691
-2358
-1933
-1813
-1933
-1949
-1720
-1311
-830
-336
99
403
656
888
1097
1272
1371
1455
1493
1355
1008
619
401
319
209
-32
-386
-760
-1082
-1232
-1172
-1041
-981
-1018
-1028
-888
-605
-270
15
228
381
508
668
848
1016
1131
1206
1261
1163
882
601
430
274
61
14
277
427
13
-761
-1301
-1085
-346
217
349
259
313
359
324
520
888
880
-661
-3769
-6303
-6040
-2719
594
490
-2788
-6190
-6837
-4697
-1659
528
871
-202
-1556
-1889
-637
1339
3020
3715
3437
2811
2243
2140
2738
3751
4499
4255
2960
1358
390
478
1153
1541
1113
-56
-1317
-2056
-2036
-1369
-651
-366
-536
-953
-1166
-963
-339
561
1377
1859
1883
1694
1701
2039
2604
2995
2950
2499
1807
1258
1036
1015
886
416
-196
-718
-1181
-1673
-2079
-2245
-2256
-2250
-2259
-2308
-2366
-2336
-2059
-1482
-910
-726
-915
-1061
-784
-145
506
977
1207
1158
953
832
926
1101
1129
953
672
342
-14
-324
-480
-524
-641
-921
-1235
-1363
-1269
-1052
-766
-498
-336
-284
-197
47
387
696
898
1055
1186
1244
1266
1252
1195
1072
866
692
603
517
234
-232
-567
-573
-426
-525
-784
-851
-585
-176
-23
-90
11
360
666
803
918
1073
916
-400
-3056
-5626
-5940
-3266
17
621
-2090
-5564
-6787
-5214
-2264
141
787
-120
-1507
-1945
-866
1079
2862
3654
3513
2945
2405
2281
2712
3637
4445
4378
3284
1686
549
408
940
1362
1076
97
-1119
-2004
-2194
-1705
-1003
-615
-701
-1013
-1169
-991
-464
318
1147
1751
1911
1785
1738
2005
2515
2916
2978
2633
2000
1344
898
792
847
699
171
-620
-1390
-1934
-2182
-2169
-2094
-2124
-2291
-2470
-2494
-2290
-1906
-1485
-1177
-1044
-1048
-1051
-822
-186
662
1239
1318
1051
823
893
1159
1392
1347
980
492
79
-124
-176
-258
-477
-803
-1129
-1364
-1419
-1258
-954
-659
-508
-491
-484
-336
28
534
963
1130
1052
926
994
1311
1623
1624
1252
806
586
542
497
253
-142
-383
-389
-498
-1025
-1412
-948
-112
261
28
-198
-53
96
324
833
1394
1472
570
-1124
-3102
-4527
-4443
-2775
-737
-460
-2517
-5070
-5904
-4387
-1940
-162
265
-524
-1550
-1725
-590
1244
2758
3397
3138
2507
2124
2337
3050
3797
4154
3858
2878
1629
799
707
1071
1310
938
-9
-1118
-1860
-1925
-1470
-933
-706
-827
-1099
-1242
-994
-380
397
1074
1487
1644
1625
1647
1903
2340
2692
2716
2373
1836
1348
1054
907
752
451
-49
-669
-1258
-1659
-1820
-1894
-2003
-2139
-2333
-2646
-2999
-2982
-2334
-1424
-842
-738
-777
-643
-233
384
1052
1553
1682
1529
1397
1406
1452
1374
1148
877
571
156
-268
-524
-652
-811
-1076
-1367
-1538
-1561
-1466
-1253
-977
-698
-459
-325
-218
19
354
704
988
1149
1225
1299
1421
1536
1520
1247
836
561
542
666
654
288
-419
-1114
-1423
-1191
-519
-25
-271
-1008
-1421
-1044
-372
234
809
1122
1176
941
327
-1012
-3285
-5187
-5024
-2388
652
862
-2207
-5785
-6717
-4455
-1181
980
1055
-402
-1859
-2095
-671
1522
3167
3619
3023
2197
1834
2080
2788
3685
4322
4102
2849
1286
372
504
1267
1736
1374
249
-1106
-1922
-1889
-1190
-434
-217
-528
-995
-1182
-943
-353
493
1249
1647
1631
1407
1387
1706
2230
2651
2662
2272
1645
1066
805
810
849
645
123
-574
-1369
-2033
-2320
-2198
-1948
-2080
-2562
-2941
-2839
-2213
-1522
-1007
-684
-564
-462
-236
270
942
1411
1582
1527
1427
1350
1277
1275
1218
974
539
44
-267
-424
-569
-745
-976
-1230
-1511
-1714
-1648
-1339
-958
-728
-711
-729
-635
-312
184
662
970
1004
929
986
1187
1436
1509
1357
1126
919
689
305
-193
-487
-368
-155
-334
-933
-1471
-1521
-1143
-521
170
387
34
-369
-298
315
752
498
-465
-2001
-3442
-4010
-3233
-1658
-844
-1597
-3346
-4559
-4175
-2599
-836
65
-112
-743
-1119
-623
555
1792
2664
2879
2640
2336
2263
2594
3152
3619
3638
3046
2134
1360
1081
1178
1247
1072
552
-212
-897
-1232
-1107
-745
-504
-505
-673
-797
-701
-340
217
784
1220
1414
1414
1466
1670
1984
2272
2375
2268
1939
1506
1164
945
788
573
208
-356
-1008
-1489
-1804
-2106
-2346
-2405
-2258
-2108
-2088
-2063
-1940
-1594
-1056
-529
-134
52
160
351
684
1127
1406
1414
1271
1096
987
897
788
608
298
-51
-370
-605
-795
-997
-1182
-1358
-1495
-1538
-1466
-1269
-1031
-840
-713
-578
-334
-3
350
637
811
959
1131
1278
1324
1238
1129
1061
976
800
560
366
247
74
-366
-926
-1240
-1179
-947
-770
-670
-724
-876
-969
-908
-503
152
787
981
437
-549
-1922
-3305
-3767
-2747
-858
-40
-1087
-3053
-4421
-4105
-2495
-625
403
144
-671
-1230
-912
244
1600
2564
2753
2430
2036
1877
2188
2821
3444
3653
3189
2259
1376
1002
1188
1519
1518
1006
135
-674
-1066
-952
-535
-184
-119
-372
-704
-769
-472
109
713
1127
1289
1223
1156
1262
1548
1853
1995
1958
1741
1365
942
654
587
599
458
47
-588
-1226
-1652
-1812
-1774
-1695
-1773
-2087
-2452
-2530
-2213
-1617
-1006
-677
-628
-679
-544
-89
494
993
1247
1203
1012
859
848
930
989
905
610
214
-139
-374
-472
-542
-668
-886
-1185
-1376
-1304
-1028
-738
-643
-718
-735
-543
-203
134
436
717
885
862
753
798
1031
1209
1179
1041
922
801
583
341
190
29
-251
-603
-829
-890
-1010
-1156
-1030
-642
-353
-393
-556
-538
-227
176
254
-350
-1859
-3703
-4542
-3517
-1291
125
-596
-2748
-4424
-4347
-2668
-488
835
729
-223
-1006
-835
273
1689
2744
3032
2672
2142
1873
1980
2448
3102
3477
3174
2216
1121
538
666
1146
1423
1126
272
-663
-1166
-1040
-469
18
93
-135
-395
-503
-361
106
747
1295
1540
1465
1317
1279
1436
1742
1949
1867
1531
1116
764
523
376
268
136
-130
-579
-1081
-1461
-1625
-1572
-1523
-1666
-1914
-2118
-2184
-2131
-1897
-1424
-910
-593
-516
-463
-255
94
545
977
1224
1225
1019
823
769
783
741
585
360
96
-175
-398
-552
-641
-747
-920
-1037
-1031
-966
-859
-714
-555
-426
-324
-165
67
293
435
532
714
1002
1214
1181
958
750
649
697
885
968
687
291
57
-202
-563
-720
-449
-135
-208
-441
-590
-664
-638
-380
79
258
36
-451
-1309
-2576
-3951
-4363
-3164
-1381
-618
-1633
-3500
-4578
-4082
-2243
-221
766
383
-663
-1134
-519
823
2233
3011
3002
2554
2114
2075
2404
2884
3328
3400
2884
1896
945
569
747
1099
1139
649
-166
-992
-1382
-1164
-630
-146
-11
-225
-528
-621
-277
386
1055
1473
1567
1467
1346
1395
1658
1956
2137
2075
1691
1098
571
349
413
505
331
-193
-863
-1395
-1656
-1674
-1563
-1508
-1700
-2124
-2508
-2573
-2172
-1408
-679
-359
-486
-723
-648
-107
676
1292
1458
1223
877
692
749
923
1021
887
532
118
-232
-451
-543
-556
-586
-749
-1034
-1282
-1300
-1044
-715
-544
-578
-628
-480
-139
227
454
564
670
788
884
957
1015
1035
1018
1018
1016
936
738
474
188
-139
-396
-408
-142
63
-237
-886
-1299
-1045
-312
238
132
-472
-1064
-1590
-2495
-3774
-4383
-3365
-1459
-560
-1498
-3344
-4488
-4069
-2321
-200
1064
826
-354
-1149
-666
828
2351
3107
2978
2442
2012
1916
2206
2730
3194
3255
2681
1725
887
506
605
918
1079
762
-46
-922
-1321
-1045
-432
27
67
-257
-597
-562
-101
528
1067
1408
1542
1492
1355
1323
1515
1876
2163
2099
1601
928
449
321
458
592
397
-257
-1103
-1666
-1705
-1432
-1255
-1380
-1727
-2098
-2304
-2193
-1691
-962
-419
-335
-523
-610
-392
97
690
1153
1263
1001
655
552
719
929
930
680
300
-69
-333
-449
-441
-456
-628
-913
-1152
-1234
-1145
-964
-738
-552
-515
-583
-599
-394
31
464
671
622
548
630
815
987
1103
1170
1101
809
491
314
203
164
252
355
97
-666
-1406
-1409
-574
377
608
78
-708
-1165
-902
-155
277
-708
-3083
-5030
-4751
-2429
-235
-107
-1979
-4137
-4832
-3610
-1354
520
1015
333
-581
-873
-194
1105
2327
2966
2944
2537
2090
1851
2020
2646
3329
3411
2652
1492
606
407
774
1230
1277
659
-359
-1120
-1230
-808
-238
66
-85
-494
-715
-477
58
537
895
1167
1273
1211
1221
1437
1693
1831
1808
1631
1340
999
719
579
513
350
14
-412
-810
-1166
-1464
-1610
-1646
-1694
-1760
-1763
-1704
-1615
-1404
-1027
-642
-440
-386
-267
27
410
722
860
837
782
761
782
825
788
593
308
63
-64
-144
-263
-422
-603
-810
-969
-1015
-973
-938
-929
-889
-770
-568
-363
-194
-62
38
146
312
518
726
873
941
942
830
621
537
699
883
774
337
-156
-471
-448
-159
84
-51
-523
-838
-691
-327
-169
-305
-696
-1357
-2380
-3455
-3885
-3286
-2089
-1340
-1685
-2828
-3720
-3590
-2505
-1107
-56
288
28
-334
-241
517
1569
2378
2687
2608
2365
2158
2185
2503
2926
3108
2798
2089
1337
864
795
964
1055
826
246
-454
-908
-909
-567
-185
-19
-185
-497
-552
-204
245
509
744
1107
1388
1380
1329
1447
1645
1773
1798
1700
1382
953
630
491
412
192
-225
-722
-1097
-1278
-1374
-1450
-1476
-1432
-1403
-1403
-1364
-1232
-995
-712
-412
-181
-80
-44
68
324
631
844
895
834
744
692
658
591
446
212
-30
-217
-343
-469
-656
-858
-994
-1035
-1017
-975
-910
-851
-822
-769
-627
-371
-83
122
239
295
365
493
645
769
823
777
608
436
432
544
514
193
-208
-356
-267
-239
-402
-614
-764
-788
-616
-361
-312
-605
-1092
-1482
-1693
-1928
-2223
-2409
-2300
-1978
-1780
-1891
-2152
-2235
-1962
-1382
-686
-148
50
0
-11
295
938
1545
1804
1752
1629
1635
1769
1939
2078
2071
1843
1491
1206
1078
1030
942
765
553
372
205
60
12
76
221
325
246
41
-34
248
744
992
862
703
833
1127
1312
1374
1383
1300
1097
874
702
557
374
151
-54
-189
-237
-349
-544
-672
-705
-722
-741
-686
-578
-474
-395
-313
-234
-179
-94
32
130
150
152
177
229
298
312
245
132
22
-67
-147
-246
-348
-427
-488
-503
-458
-430
-484
-618
-751
-767
-588
-331
-193
-213
-293
-318
-233
-62
117
240
250
180
99
39
-35
-82
-62
33
104
-12
-295
-576
-647
-533
-382
-343
-404
-482
-527
-494
-341
-169
-171
-414
-818
-1316
-1849
-2183
-2025
-1549
-1342
-1708
-2258
-2429
-2137
-1620
-1122
-713
-445
-371
-378
-221
265
924
1409
1521
1418
1385
1479
1641
1836
2015
2030
1793
1428
1153
1067
1072
1039
932
757
513
255
109
162
339
452
400
293
250
293
400
554
766
945
1030
1035
1035
1092
1150
1162
1115
1004
816
546
313
262
328
326
144
-124
-341
-433
-396
-317
-277
-331
-428
-467
-409
-301
-209
-151
-97
-47
-36
-44
-22
47
113
140
123
71
-7
-99
-143
-141
-162
-255
-392
-498
-536
-509
-450
-400
-433
-558
-662
-635
-481
-321
-232
-209
-198
-192
-226
-252
-206
-109
-71
-133
-214
-192
-69
-15
-191
-443
-454
-234
-157
-366
-575
-626
-619
-510
-273
-185
-458
-767
-610
-155
122
-46
-488
-984
-1480
-1771
-1732
-1371
-1022
-1092
-1572
-2041
-2031
-1583
-1029
-601
-363
-290
-350
-346
-47
501
980
1180
1179
1133
1137
1216
1383
1638
1818
1752
1443
1086
916
953
1049
1066
977
798
545
342
310
426
554
579
507
431
402
441
562
730
853
860
776
683
646
682
780
908
962
858
617
389
277
294
377
407
347
172
-66
-251
-299
-220
-140
-134
-215
-325
-398
-388
-274
-126
-44
-70
-142
-176
-140
-69
-10
7
-20
-82
-143
-192
-241
-278
-296
-295
-299
-341
-422
-509
-544
-511
-435
-369
-354
-384
-432
-462
-410
-286
-191
-203
-295
-352
-328
-252
-175
-154
-161
-167
-169
-215
-306
-350
-324
-284
-337
-492
-694
-763
-583
-353
-346
-562
-687
-550
-280
-47
63
17
-267
-808
-1315
-1383
-937
-479
-554
-1073
-1544
-1671
-1469
-1020
-461
-124
-216
-518
-633
-366
146
654
936
906
703
550
612
898
1289
1568
1528
1221
904
792
884
1046
1179
1168
931
586
370
402
586
752
772
636
480
421
440
473
557
685
755
672
472
325
387
682
992
1031
770
448
300
365
523
635
584
368
117
-39
-67
-37
-12
-13
-77
-196
-324
-396
-349
-204
-57
-23
-123
-255
-314
-255
-113
1
8
-110
-251
-312
-283
-212
-182
-217
-285
-352
-409
-443
-431
-385
-360
-394
-463
-504
-478
-409
-355
-385
-498
-593
-571
-470
-405
-428
-447
-392
-302
-268
-347
-472
-514
-356
-130
-149
-445
-668
-560
-315
-261
-389
-525
-567
-537
-439
-281
-156
-129
-148
-111
-14
56
99
104
-108
-599
-1001
-832
-285
-54
-387
-867
-1025
-881
-606
-261
14
75
-84
-196
-66
207
488
676
775
785
717
665
702
863
1071
1151
1049
853
713
698
755
827
857
794
645
500
459
510
552
516
426
382
395
366
293
279
381
500
523
489
480
507
545
584
610
590
508
405
334
310
293
241
169
103
27
-75
-165
-207
-203
-202
-231
-249
-254
-263
-267
-245
-216
-210
-209
-197
-180
-175
-193
-209
-213
-214
-233
-264
-275
-280
-295
-323
-344
-331
-313
-314
-333
-358
-388
-424
-432
-394
-353
-364
-428
-460
-414
-368
-382
-405
-325
-203
-194
-302
-374
-303
-183
-160
-221
-280
-278
-241
-235
-297
-395
-418
-365
-344
-410
-473
-407
-233
-56
-24
-174
-322
-286
-73
119
193
173
96
23
-59
-186
-338
-353
-148
54
2
-249
-412
-383
-276
-151
-11
95
92
13
-22
74
268
436
463
404
374
419
482
534
601
648
647
619
621
614
553
510
541
600
588
500
424
394
415
446
469
482
482
464
429
418
439
454
452
461
490
495
455
414
398
378
329
272
222
179
134
106
95
76
33
-19
-66
-101
-117
-129
-140
-149
-157
-190
-235
-245
-213
-183
-187
-214
-236
-250
-258
-256
-251
-262
-288
-319
-349
-377
-406
-425
-420
-403
-397
-419
-445
-443
-417
-408
-432
-465
-487
-485
-467
-452
-452
-453
-437
-390
-335
-310
-344
-409
-413
-325
-213
-179
-277
-414
-455
-363
-207
-118
-101
-127
-153
-167
-161
-79
43
118
67
-44
-87
-35
67
134
139
90
51
75
144
202
221
230
248
269
260
216
195
250
349
389
333
254
235
268
285
287
285
260
188
109
106
172
231
229
186
157
154
162
190
231
272
286
288
295
298
297
283
282
312
336
322
274
249
269
301
310
300
267
215
173
175
217
250
230
162
90
55
67
94
100
68
19
-24
-44
-46
-34
-21
-9
-4
-24
-62
-94
-100
-91
-93
-116
-153
-178
-189
-196
-202
-218
-244
-269
-282
-279
-272
-272
-292
-313
-312
-299
-299
-312
-312
-287
-260
-253
-251
-247
-251
-276
-300
-285
-234
-195
-221
-276
-295
-273
-241
-215
-171
-118
-111
-156
-200
-194
-155
-105
-59
-29
-33
-67
-98
-104
-73
-16
22
27
13
8
30
54
63
54
22
-1
13
67
122
154
145
118
103
112
133
137
145
165
179
154
93
55
64
102
125
141
163
202
242
249
222
180
174
212
225
172
95
88
172
261
270
199
140
141
174
181
151
134
152
175
163
123
87
76
93
117
127
104
66
41
34
36
31
28
29
39
59
73
90
101
91
66
36
19
3
-21
-38
-31
-6
5
-13
-47
-75
-87
-89
-87
-86
-98
-115
-136
-152
-159
-159
-157
-155
-147
-147
-157
-169
-169
-154
-145
-156
-170
-166
-146
-133
-132
-126
-112
-97
-92
-102
-117
-131
-139
-135
-131
-135
-146
-148
-121
-77
-53
-63
-91
-102
-78
-29
0
-11
-41
-54
-30
-9
-27
-64
-73
-33
19
27
-3
-15
22
69
91
86
87
88
63
22
6
30
70
102
102
68
18
7
49
100
106
78
76
98
80
6
-46
8
115
142
47
-60
-66
17
96
110
78
46
36
53
87
109
100
82
91
108
87
33
3
47
128
166
122
48
24
65
113
111
71
31
8
4
14
32
43
40
39
38
25
7
4
35
71
73
29
-19
-26
0
26
29
6
-30
-62
-78
-69
-52
-41
-41
-45
-55
-69
-80
-68
-45
-20
-12
-20
-42
-65
-73
-68
-59
-64
-78
-83
-80
-69
-60
-52
-48
-51
-54
-53
-46
-42
-39
-37
-29
-23
-25
-39
-56
-63
-55
-33
-12
2
-1
-11
-12
-1
8
11
14
24
26
11
-13
-22
-10
-8
-22
-35
-26
-10
-9
-20
-25
-18
-14
-20
-24
-7
27
61
75
65
44
25
25
48
69
57
7
-35
-30
11
47
40
20
13
16
17
10
12
18
6
-15
-25
-6
23
29
18
19
29
26
5
-5
21
54
54
24
6
18
28
23
3
-10
-10
-9
-9
-15
-20
-14
-6
6
11
8
0
-5
2
16
19
14
14
18
12
-13
-35
-22
21
70
88
69
40
28
44
64
56
7
-54
-79
-53
-18
-8
-26
-42
-42
-27
-2
22
29
26
23
6
-24
-60
-70
-50
-31
-44
-81
-115
-118
-93
-64
-45
-41
-39
-37
-37
-33
-26
-10
11
20
5
-28
-47
-30
11
49
62
51
30
19
27
51
75
92
85
65
41
22
8
-9
-23
-22
-10
7
19
33
58
93
128
147
148
149
156
162
156
136
112
89
71
58
42
28
23
26
24
10
-9
-28
-48
-73
-91
-94
-82
-69
-71
-89
-118
-136
-131
-108
-89
-93
-119
-140
-131
-102
-84
-86
-97
-109
-110
-107
-97
-88
-85
-98
-120
-131
-126
-116
-114
-121
-121
-107
-88
-68
-48
-33
-28
-27
-15
10
28
30
26
31
41
47
51
50
57
70
85
101
111
117
114
112
115
129
143
135
115
97
93
105
120
117
92
65
59
72
86
89
90
104
116
108
80
53
53
69
85
91
85
73
66
62
61
57
50
44
37
27
13
-1
-11
-16
-18
-25
-31
-35
-36
-33
-29
-22
-17
-15
-20
-31
-32
-25
-20
-25
-39
-53
-60
-64
-66
-65
-66
-73
-85
-89
-76
-55
-43
-46
-62
-80
-86
-81
-77
-72
-68
-66
-70
-85
-106
-120
-122
-110
-94
-80
-73
-69
-65
-63
-64
-64
-62
-64
-73
-80
-71
-50
-29
-25
-31
-32
-20
1
21
35
37
35
37
44
50
49
46
45
50
58
64
67
70
69
62
52
44
46
60
72
72
68
67
76
76
66
51
49
64
81
84
74
60
53
54
59
59
53
44
37
34
31
24
19
14
7
-1
-7
-6
-2
5
7
4
-4
-16
-25
-24
-11
12
34
46
43
37
37
42
48
47
37
19
0
-9
-12
-13
-14
-18
-22
-31
-39
-39
-30
-13
2
7
3
-4
-13
-21
-24
-19
-16
-17
-23
-31
-39
-47
-49
-50
-55
-63
-71
-72
-72
-71
-74
-79
-80
-79
-68
-54
-44
-35
-31
-34
-34
-27
-20
-15
-15
-19
-23
-23
-16
-4
-3
-11
-22
-27
-19
-1
16
22
16
9
11
18
30
40
45
41
31
18
12
18
32
44
49
42
35
33
37
39
32
20
13
12
18
22
24
17
6
-7
-20
-27
-24
-11
8
18
14
0
-12
-10
1
12
21
26
29
29
24
20
15
6
-4
-12
-13
-13
-12
-15
-17
-16
-14
-13
-11
-8
0
15
31
42
45
38
26
11
2
3
10
18
19
10
-2
-8
-11
-11
-6
-2
2
0
-3
-10
-12
-10
-3
3
3
-3
-7
-7
2
14
20
14
8
6
9
12
14
12
7
1
-8
-14
-13
-6
-3
-3
-10
-17
-18
-15
-11
-10
-14
-17
-18
-15
-6
8
23
34
37
32
25
21
18
13
9
3
-4
-11
-12
-13
-15
-20
-26
-32
-35
-40
-39
-31
-21
-19
-21
-26
-24
-20
-22
-23
-20
-11
-1
6
5
2
7
14
19
12
-2
-12
-11
-5
3
4
-1
-8
-12
-14
-10
1
11
15
13
7
1
-2
3
12
19
21
20
14
4
-6
-12
-8
2
10
11
6
0
-6
-12
-15
-15
-19
-22
-26
-22
-13
-6
-2
0
1
-1
0
3
7
7
3
-2
-3
-5
-11
-17
-22
-24
-25
-27
-27
-25
-18
-7
4
9
9
8
5
10
18
25
29
32
32
31
30
33
34
32
26
20
18
19
17
12
6
0
-6
-11
-14
-12
-8
0
10
17
25
24
19
17
18
25
32
36
37
34
31
31
34
40
48
55
65
75
88
103
114
119
117
111
103
98
95
90
76
56
29
10
-4
-12
-21
-33
-51
-71
-85
-93
-99
-105
-112
-122
-130
-135
-135
-133
-134
-132
-129
-124
-119
-115
-114
-114
-112
-108
-105
-100
-95
-89
-84
-75
-68
-63
-58
-57
-53
-52
-46
-36
-25
-20
-18
-18
-19
-15
-6
2
9
16
22
30
41
48
52
57
62
65
62
61
59
60
64
69
71
70
66
65
65
68
69
66
61
61
67
74
79
80
77
75
75
78
80
83
81
77
74
75
75
76
76
72
64
54
46
43
43
45
42
36
30
24
18
13
4
-4
-11
-17
-19
-25
-31
-35
-34
-31
-30
-34
-44
-54
-58
-54
-49
-47
-47
-54
-58
-60
-59
-59
-59
-60
-64
-62
-58
-54
-53
-56
-59
-61
-58
-52
-47
-40
-38
-38
-40
-44
-46
-46
-43
-40
-37
-37
-39
-40
-37
-31
-19
-8
-4
-4
-5
-1
8
18
27
30
28
25
25
30
37
42
42
40
45
49
50
47
42
35
30
22
16
11
2
-2
-6
-8
-8
-11
-13
-14
-15
-14
-17
-18
-16
-17
-20
-20
-17
-17
-16
-20
-25
-27
-31
-34
-35
-33
-29
-25
-22
-21
-19
-16
-12
-6
-1
5
12
20
29
37
40
41
42
45
52
63
71
77
80
81
80
78
71
63
57
49
47
47
52
56
57
57
54
48
41
36
35
42
48
48
42
34
27
22
15
8
-2
-8
-10
-8
-6
-5
-7
-13
-25
-37
-47
-50
-47
-39
-34
-33
-34
-39
-44
-51
-58
-62
-66
-69
-74
-76
-75
-71
-65
-60
-58
-59
-61
-61
-52
-45
-41
-39
-42
-42
-42
-45
-48
-49
-47
-40
-33
-27
-20
-18
-16
-15
-12
-8
-5
-2
-1
-1
-2
2
7
11
14
15
14
14
11
5
0
-1
2
9
17
25
30
29
28
25
22
20
21
26
33
38
40
41
39
38
35
30
26
25
26
28
29
30
29
29
28
26
25
24
29
33
38
41
40
35
31
29
29
29
30
32
34
34
32
28
22
16
11
10
13
15
13
11
7
6
5
7
10
8
6
2
-3
-4
-3
-1
1
-2
-6
-9
-9
-10
-12
-17
-22
-26
-26
-21
-14
-11
-13
-17
-18
-20
-22
-28
-32
-30
-26
-25
-25
-28
-33
-36
-36
-33
-31
-29
-29
-31
-30
-31
-34
-37
-39
-36
-33
-31
-30
-31
-29
-27
-25
-21
-18
-13
-9
-9
-14
-18
-18
-18
-16
-13
-8
-5
-5
-4
-2
-1
2
4
2
0
-4
-6
-6
1
9
13
15
17
16
16
18
21
23
26
26
28
31
34
36
34
32
31
28
28
25
25
28
30
31
36
36
37
38
37
33
28
24
22
22
24
26
26
24
23
23
24
27
25
22
16
11
8
7
8
6
5
3
2
5
6
9
6
2
-3
-6
-4
-4
-4
-6
-11
-17
-24
-30
-30
-30
-30
-34
-38
-40
-40
-34
-31
-29
-30
-35
-39
-38
-37
-35
-32
-32
-31
-27
-24
-21
-17
-16
-18
-18
-17
-15
-13
-12
-9
-4
0
1
-3
-6
-10
-10
-7
