3
2
3
3
3
3
1
0
-1
-1
1
1
2
1
1
1
1
1
2
2
0
0
-1
0
1
1
0
-1
-1
-1
0
1
1
-1
-1
-1
-1
-2
-2
-1
0
1
1
0
0
0
-1
-1
-1
-1
-1
-2
-1
-1
0
-1
-3
-3
-3
-1
1
2
1
0
0
0
1
0
-1
-2
-4
-1
0
-1
-1
-2
-2
-1
0
2
0
1
2
0
0
2
1
0
2
0
0
1
0
0
-2
-2
-2
-3
-2
-1
0
2
3
3
2
2
2
3
2
2
1
0
-1
0
2
1
0
-1
-2
-1
1
2
1
0
0
0
1
1
0
-1
-1
-1
-1
0
1
0
0
0
2
2
3
2
1
0
0
1
1
0
-2
0
0
3
2
-1
-3
-3
-1
1
2
0
-1
-2
-1
1
2
1
0
0
-1
-1
0
0
-1
0
1
1
2
1
-1
0
0
0
0
-2
-3
-3
-2
0
2
2
1
-1
-1
0
2
0
-2
-5
-3
-1
1
2
0
-2
-2
-1
1
0
-1
-1
-1
0
1
1
1
0
1
1
2
0
-1
-1
-1
-1
-1
-2
-2
-2
-1
0
0
0
0
0
0
0
0
1
2
2
3
2
0
0
1
1
1
-1
-1
0
2
3
2
-1
-2
-2
1
2
0
0
0
1
4
4
4
2
0
1
0
1
0
-2
-1
0
1
2
-2
-2
-1
0
1
0
-2
-2
-2
-1
-2
-1
-1
-1
2
4
4
0
-3
-3
-2
-2
0
0
0
-1
-1
0
-1
-1
-4
-3
-2
-1
-1
-1
-3
-2
-2
0
0
1
1
1
1
1
0
0
0
0
0
1
0
0
1
2
2
1
0
0
1
1
1
1
0
-1
1
2
0
1
0
-1
0
0
1
1
2
1
1
-1
0
1
0
-1
0
0
2
1
2
0
-1
-2
-2
-1
0
1
2
1
0
2
1
1
0
0
-1
0
1
-2
-3
-3
-3
-3
-1
0
1
1
1
0
-2
-4
-4
-2
-1
-1
-1
-1
1
2
2
-1
-1
0
3
3
0
0
-1
2
2
0
1
0
0
1
0
0
-2
1
2
2
1
-2
-2
1
3
2
0
-1
0
1
1
0
0
1
1
1
2
1
0
-4
-4
-3
-1
2
1
2
2
3
3
1
-1
-2
-2
1
0
-1
-3
-3
2
3
2
-2
-4
-2
1
1
-1
-4
-1
1
3
0
-1
-1
2
2
-1
-3
-5
-2
3
3
0
-5
-4
0
3
2
-2
-6
-5
0
3
3
0
-3
-4
0
3
4
1
-3
-3
1
4
5
4
2
1
1
3
2
2
0
-1
0
-1
0
-1
0
0
-1
-2
-2
-1
2
1
0
-1
1
2
2
1
-1
-2
-1
1
3
1
-1
-2
-2
1
3
3
1
1
2
1
2
-1
-5
-5
-5
2
3
-2
-5
-6
1
4
4
-2
-7
-2
4
9
7
-3
-9
-7
1
6
3
-3
-9
-6
1
6
7
3
-2
-5
0
7
9
4
-4
-8
-3
3
9
4
-5
-5
-4
2
5
1
-3
-8
-5
0
1
0
-4
-4
-2
-1
0
-2
-2
0
-1
-2
-4
-1
1
2
0
-3
-2
1
3
3
-1
-2
-4
-1
4
2
1
-5
-8
-1
3
6
0
-4
-5
-7
-3
-2
-2
-3
-6
-2
3
8
6
2
-1
1
6
7
5
4
6
8
10
9
5
2
5
9
13
12
7
2
3
7
14
13
9
5
1
10
20
22
13
-1
-1
6
15
15
3
-6
-8
-7
2
4
0
-9
-18
-13
-6
-2
-7
-17
-18
-18
-13
-12
-14
-19
-26
-31
-28
-18
-13
-17
-28
-35
-32
-23
-15
-17
-25
-28
-26
-17
-6
-5
-9
-16
-15
-8
-2
3
2
-1
0
2
9
14
15
12
8
8
11
15
17
15
14
14
18
20
18
17
13
13
15
18
20
18
19
22
22
25
24
24
29
32
37
36
37
41
43
44
45
49
48
44
39
38
44
49
48
37
22
21
32
37
30
9
-4
-1
5
8
-2
-9
-11
-17
-24
-34
-35
-36
-45
-52
-68
-80
-89
-96
-97
-105
-115
-131
-142
-142
-138
-131
-129
-131
-134
-130
-116
-102
-91
-86
-79
-65
-46
-28
-13
-1
14
28
40
52
64
73
78
82
85
89
91
90
88
84
80
73
62
57
52
45
37
29
22
18
17
21
23
22
25
32
41
50
57
66
69
77
86
95
106
107
110
115
122
126
119
111
100
95
90
85
80
72
62
47
34
25
20
14
-1
-19
-34
-42
-44
-42
-41
-50
-62
-73
-77
-70
-49
-27
-40
-85
-97
-59
-4
4
-51
-105
-103
-55
-9
-18
-32
-54
-90
-85
-52
11
37
-54
-187
-307
-246
-59
-20
-153
-395
-488
-381
-261
-192
-293
-436
-482
-459
-341
-266
-254
-270
-314
-278
-194
-104
-11
29
39
49
82
174
259
309
335
329
327
350
387
429
437
414
380
339
342
371
368
318
235
185
186
203
203
152
97
81
82
97
99
87
82
68
78
94
107
126
123
133
155
169
184
187
202
216
209
208
199
192
186
159
147
131
106
90
57
32
5
-31
-50
-87
-103
-106
-124
-134
-164
-168
-164
-180
-189
-200
-177
-160
-180
-193
-207
-189
-173
-161
-143
-158
-191
-220
-200
-159
-145
-170
-204
-213
-215
-208
-222
-246
-253
-247
-234
-252
-274
-286
-284
-261
-255
-276
-286
-286
-278
-273
-280
-274
-294
-316
-311
-299
-252
-239
-254
-261
-267
-216
-172
-139
-115
-114
-80
-35
16
56
75
111
159
195
222
228
258
325
395
427
393
362
395
473
525
509
468
454
488
531
532
497
446
418
426
444
446
409
373
359
359
363
347
329
321
317
313
314
321
330
323
298
281
278
290
301
289
266
245
230
229
226
207
168
113
93
83
61
41
-14
-41
-61
-68
-98
-177
-200
-205
-187
-218
-291
-337
-365
-350
-374
-406
-406
-409
-460
-635
-840
-931
-857
-718
-784
-1087
-1392
-1453
-1265
-1104
-1133
-1299
-1452
-1439
-1316
-1148
-1023
-987
-976
-940
-803
-596
-392
-235
-140
-53
63
217
408
589
721
780
810
867
980
1116
1201
1206
1157
1120
1121
1139
1152
1109
1003
884
796
766
737
654
531
408
324
272
213
159
76
-34
-102
-154
-154
-142
-116
-100
-159
-170
-142
-58
48
98
140
143
199
294
370
457
488
513
534
560
598
583
570
549
508
476
423
376
319
257
189
114
58
-10
-89
-175
-240
-280
-337
-402
-466
-504
-518
-532
-536
-553
-554
-511
-448
-407
-418
-416
-349
-228
-175
-205
-256
-229
-137
-50
35
38
-13
-98
-109
-3
100
138
56
-83
-135
-97
69
245
80
-514
-1208
-1190
-450
19
-378
-1416
-2048
-1845
-1226
-765
-950
-1477
-1903
-1937
-1515
-1020
-729
-813
-1076
-1137
-887
-414
31
246
235
168
244
528
933
1289
1444
1361
1237
1315
1594
1886
1979
1878
1699
1565
1579
1684
1735
1611
1300
986
855
866
871
711
468
266
-6
-305
-559
-520
-270
-223
-479
-969
-1145
-871
-449
-179
-322
-573
-681
-485
-21
312
374
191
61
209
507
798
905
829
726
666
727
866
947
915
730
525
424
430
467
384
182
-57
-239
-293
-281
-297
-415
-611
-765
-796
-729
-660
-670
-758
-811
-791
-675
-533
-463
-437
-409
-275
-127
-50
9
-3
25
121
306
382
309
198
153
268
445
611
219
-663
-1440
-1244
-282
65
-670
-1992
-2657
-2338
-1667
-1259
-1583
-2263
-2787
-2785
-2242
-1688
-1421
-1580
-1840
-1853
-1539
-970
-414
-95
-63
-105
33
431
1005
1522
1773
1725
1636
1795
2190
2581
2727
2643
2424
2268
2301
2462
2544
2359
1961
1600
1441
1441
1412
1218
910
590
333
133
-94
-378
-643
-781
-799
-868
-1072
-1272
-1293
-1130
-946
-892
-952
-995
-863
-583
-286
-109
-62
-40
86
347
582
703
753
810
884
948
1011
1083
1111
1067
996
915
857
792
694
594
451
302
140
4
-109
-239
-371
-537
-661
-752
-818
-839
-873
-889
-896
-863
-810
-762
-655
-518
-426
-367
-290
-210
-85
20
210
335
303
241
161
250
410
568
685
337
-473
-1361
-1423
-446
240
-289
-1842
-2981
-2819
-1900
-1153
-1357
-2274
-3088
-3217
-2589
-1812
-1426
-1611
-2059
-2227
-1876
-1163
-467
-87
-83
-161
-61
394
1065
1656
1963
1908
1746
1819
2228
2748
2999
2897
2601
2364
2393
2613
2778
2653
2230
1782
1568
1580
1608
1416
1023
616
354
175
-17
-333
-676
-906
-934
-857
-1057
-1326
-1459
-1336
-1064
-955
-954
-1063
-1030
-758
-449
-176
-107
-93
-25
157
472
673
781
847
894
949
1003
1116
1211
1178
1062
908
823
791
737
638
448
213
8
-134
-222
-316
-437
-610
-766
-846
-870
-854
-881
-912
-928
-925
-857
-772
-616
-500
-472
-432
-340
-128
54
195
241
209
193
336
557
620
532
374
380
626
793
299
-816
-1579
-1076
-61
103
-1044
-2548
-3045
-2464
-1555
-1304
-1942
-2809
-3253
-2969
-2282
-1775
-1762
-2066
-2205
-1974
-1467
-910
-434
-174
-74
38
288
761
1342
1842
2073
2029
2006
2234
2645
2997
3096
2960
2719
2580
2648
2811
2818
2538
2078
1716
1588
1573
1436
1133
784
457
195
-7
-173
-527
-1055
-1346
-1218
-1016
-1199
-1640
-1879
-1744
-1394
-1161
-1187
-1288
-1239
-994
-651
-352
-181
-151
-123
103
438
673
805
911
1018
1048
1068
1174
1283
1325
1252
1114
995
911
857
770
629
447
225
14
-122
-182
-308
-516
-703
-807
-825
-822
-839
-867
-884
-867
-831
-753
-574
-455
-422
-418
-309
-55
89
240
317
330
276
219
397
646
886
844
555
553
758
548
-493
-1543
-1244
-98
298
-865
-2592
-3249
-2611
-1595
-1337
-2040
-2986
-3461
-3197
-2508
-1948
-1840
-2108
-2341
-2203
-1688
-1041
-467
-155
-73
-11
226
713
1361
1953
2209
2119
2034
2280
2781
3197
3287
3130
2883
2719
2742
2906
2963
2715
2218
1769
1582
1555
1439
1091
678
306
22
-189
-412
-628
-1002
-1420
-1641
-1594
-1421
-1538
-1797
-1936
-1796
-1463
-1308
-1247
-1207
-1085
-855
-617
-316
-66
79
194
369
610
846
1024
1158
1216
1204
1219
1271
1350
1362
1266
1107
946
828
754
663
495
269
10
-207
-327
-395
-505
-698
-891
-979
-998
-979
-967
-933
-904
-873
-809
-706
-549
-414
-352
-326
-225
-12
235
424
478
424
465
613
784
802
752
718
783
893
940
883
345
-570
-1304
-1060
-179
95
-796
-2271
-3064
-2804
-2023
-1519
-1854
-2693
-3380
-3399
-2804
-2134
-1819
-1999
-2302
-2327
-1915
-1180
-450
-28
42
9
178
692
1400
2025
2358
2352
2256
2404
2826
3264
3462
3362
3083
2842
2798
2927
2985
2793
2334
1845
1542
1428
1355
1122
731
316
-38
-320
-515
-739
-1131
-1548
-1702
-1563
-1502
-1729
-2018
-2075
-1808
-1484
-1327
-1346
-1332
-1124
-797
-478
-236
-47
67
237
517
777
950
1027
1117
1207
1251
1338
1403
1433
1365
1226
1097
974
886
772
573
340
110
-86
-261
-403
-498
-644
-829
-1012
-1090
-1098
-1074
-1044
-1028
-962
-946
-911
-825
-701
-526
-426
-332
-221
-69
153
308
443
523
615
729
736
784
783
889
952
865
649
526
600
250
-701
-1606
-1400
-540
-317
-1373
-2926
-3609
-3151
-2182
-1842
-2459
-3380
-3877
-3566
-2823
-2193
-2017
-2244
-2415
-2227
-1626
-834
-164
145
210
338
740
1363
2022
2568
2827
2796
2776
3006
3434
3813
3917
3747
3435
3200
3194
3301
3267
2934
2376
1875
1608
1511
1346
978
508
114
-186
-454
-744
-1087
-1417
-1589
-1622
-1690
-1911
-2141
-2111
-1858
-1554
-1435
-1473
-1435
-1200
-804
-440
-197
-38
108
305
572
838
1015
1126
1210
1301
1361
1406
1489
1532
1485
1357
1207
1077
928
763
554
302
69
-167
-386
-565
-716
-888
-1096
-1276
-1358
-1320
-1277
-1278
-1296
-1263
-1138
-1031
-955
-897
-726
-490
-332
-235
-144
20
212
404
621
683
661
593
649
878
1010
1021
744
538
611
927
899
-34
-1437
-2070
-1301
-271
-397
-1911
-3462
-3872
-3186
-2290
-2121
-2787
-3664
-4046
-3685
-2973
-2379
-2170
-2279
-2403
-2233
-1687
-910
-177
256
427
538
861
1482
2260
2915
3208
3150
3087
3311
3781
4189
4292
4081
3725
3476
3464
3563
3490
3099
2499
1984
1707
1562
1348
977
529
147
-176
-505
-812
-1096
-1419
-1724
-1932
-2005
-2047
-2062
-1986
-1898
-1802
-1727
-1585
-1341
-1031
-730
-535
-351
-95
222
501
720
906
1034
1176
1346
1498
1566
1559
1531
1494
1443
1382
1269
1103
906
695
497
305
97
-151
-406
-630
-783
-932
-1099
-1263
-1376
-1404
-1433
-1456
-1418
-1323
-1179
-1096
-966
-821
-685
-527
-409
-221
-90
99
329
505
659
663
665
660
742
857
910
889
802
744
673
786
485
-521
-1777
-2109
-1087
-314
-969
-2806
-4213
-4121
-3092
-2262
-2493
-3509
-4361
-4401
-3690
-2827
-2334
-2402
-2643
-2631
-2147
-1327
-485
151
403
515
780
1307
2062
2818
3346
3490
3394
3450
3819
4283
4554
4486
4148
3788
3603
3655
3731
3533
2998
2359
1925
1757
1603
1253
756
280
-16
-311
-731
-1170
-1483
-1586
-1771
-2128
-2366
-2265
-1982
-1845
-1847
-1843
-1696
-1382
-949
-567
-338
-246
-135
196
637
1003
1132
1129
1231
1416
1584
1678
1711
1688
1576
1454
1350
1277
1188
973
657
365
123
-85
-279
-487
-703
-968
-1221
-1376
-1445
-1470
-1514
-1553
-1573
-1559
-1401
-1221
-1056
-973
-929
-760
-532
-270
-147
-37
114
276
530
706
781
725
613
629
782
1018
1109
983
659
518
640
357
-690
-1994
-2096
-1071
-488
-1372
-3233
-4355
-4117
-3159
-2518
-2882
-3828
-4481
-4332
-3568
-2806
-2475
-2524
-2639
-2519
-1978
-1194
-373
225
512
738
1036
1550
2266
2988
3506
3634
3542
3647
4042
4485
4714
4597
4256
3881
3691
3744
3759
3488
2911
2259
1817
1568
1358
1021
550
49
-336
-646
-1007
-1410
-1780
-1942
-2033
-2151
-2269
-2341
-2274
-2101
-1853
-1633
-1467
-1263
-976
-609
-240
63
304
554
788
1015
1213
1365
1543
1698
1807
1848
1817
1762
1693
1596
1451
1279
1066
824
564
314
83
-153
-387
-640
-835
-982
-1108
-1257
-1441
-1564
-1556
-1445
-1358
-1321
-1268
-1149
-972
-822
-682
-489
-282
-151
-62
53
237
443
688
896
839
679
553
772
1141
1209
1025
582
492
611
166
-1022
-2246
-2054
-948
-521
-1624
-3500
-4455
-4070
-2968
-2323
-2735
-3782
-4533
-4402
-3580
-2637
-2205
-2314
-2562
-2476
-1866
-971
-76
484
684
781
1005
1558
2346
3118
3576
3575
3380
3426
3809
4279
4522
4379
3967
3524
3332
3416
3472
3205
2581
1899
1445
1245
1073
799
405
-41
-489
-924
-1251
-1465
-1597
-1758
-2013
-2300
-2339
-2155
-1919
-1716
-1611
-1483
-1339
-1053
-668
-287
6
170
357
621
939
1215
1362
1431
1525
1632
1698
1751
1750
1681
1542
1354
1195
1051
869
624
345
87
-146
-363
-557
-783
-995
-1173
-1297
-1371
-1447
-1489
-1489
-1427
-1321
-1232
-1103
-985
-853
-714
-592
-332
-103
121
240
275
384
574
996
1279
1098
632
374
686
1256
1477
1105
398
85
352
276
-811
-2209
-2389
-1364
-754
-1641
-3484
-4640
-4354
-3239
-2518
-2883
-3857
-4529
-4362
-3543
-2655
-2189
-2223
-2381
-2201
-1577
-715
86
601
862
1083
1420
1927
2582
3288
3786
3869
3695
3658
3917
4296
4538
4453
4039
3542
3248
3223
3219
2946
2336
1647
1187
970
812
472
-13
-491
-816
-1016
-1293
-1651
-2001
-2099
-1991
-2041
-2226
-2365
-2210
-1819
-1491
-1280
-1199
-1047
-718
-243
244
554
665
737
926
1231
1517
1615
1608
1595
1595
1610
1638
1658
1573
1352
1104
909
744
550
306
62
-184
-451
-683
-870
-986
-1051
-1172
-1340
-1485
-1492
-1359
-1189
-1069
-1009
-941
-797
-597
-454
-284
-91
135
262
270
316
469
802
1061
1083
802
531
518
739
1047
1041
801
371
262
301
-300
-1590
-2629
-2123
-965
-785
-2227
-4103
-4722
-3918
-2674
-2261
-2953
-4021
-4501
-4044
-3051
-2166
-1842
-1971
-2138
-1901
-1179
-241
596
1041
1205
1334
1598
2110
2805
3498
3886
3791
3496
3465
3797
4213
4354
4109
3585
3042
2778
2788
2801
2492
1821
1106
669
505
392
96
-366
-788
-1072
-1284
-1522
-1797
-1956
-1932
-1924
-2037
-2135
-2021
-1713
-1363
-1093
-978
-884
-652
-241
257
616
746
774
909
1210
1532
1655
1593
1522
1516
1518
1511
1483
1380
1173
923
705
547
384
155
-112
-373
-599
-790
-954
-1068
-1135
-1215
-1328
-1431
-1451
-1352
-1219
-1089
-989
-882
-698
-493
-309
-228
-129
81
315
510
596
666
696
790
990
1113
1078
799
621
587
723
822
723
427
153
60
-493
-1658
-2689
-2402
-1275
-905
-2111
-4063
-4983
-4389
-3048
-2289
-2785
-3883
-4549
-4185
-3107
-2062
-1599
-1706
-1891
-1707
-1034
-87
812
1324
1509
1618
1860
2369
3037
3710
4119
4063
3749
3606
3826
4208
4397
4205
3667
3043
2670
2617
2646
2397
1752
1009
475
216
85
-165
-535
-928
-1246
-1497
-1708
-1899
-2103
-2177
-2101
-1954
-1908
-1944
-1825
-1475
-1011
-683
-510
-373
-130
265
686
998
1152
1196
1232
1388
1608
1733
1718
1597
1473
1368
1300
1254
1137
937
678
424
220
25
-185
-394
-609
-785
-952
-1100
-1173
-1199
-1171
-1192
-1254
-1243
-1123
-934
-792
-687
-564
-374
-198
-49
69
209
367
459
555
607
695
862
972
966
776
557
546
649
749
637
292
88
38
-371
-1463
-2690
-2709
-1650
-1069
-1934
-3759
-4820
-4479
-3360
-2518
-2717
-3589
-4274
-4199
-3374
-2356
-1710
-1602
-1789
-1755
-1217
-324
631
1275
1524
1644
1805
2182
2789
3486
4019
4083
3776
3554
3674
4019
4277
4178
3736
3123
2635
2488
2481
2326
1837
1130
553
203
9
-192
-496
-814
-1097
-1460
-1790
-2026
-2075
-1928
-1810
-1744
-1826
-1905
-1709
-1261
-687
-298
-189
-137
58
483
988
1326
1435
1405
1386
1557
1787
1918
1890
1672
1470
1324
1250
1210
1037
761
442
165
-17
-189
-386
-579
-809
-1024
-1206
-1337
-1358
-1339
-1309
-1316
-1350
-1284
-1116
-896
-721
-616
-500
-284
-75
40
151
291
513
663
727
777
737
781
873
903
881
664
477
351
353
438
333
44
-201
-510
-1278
-2446
-3061
-2367
-1451
-1630
-3160
-4754
-5005
-4021
-2776
-2403
-3152
-4143
-4462
-3802
-2618
-1689
-1377
-1548
-1700
-1362
-523
534
1383
1717
1756
1843
2151
2726
3435
4027
4248
3994
3623
3569
3833
4164
4213
3861
3249
2641
2334
2311
2263
1923
1255
560
115
-69
-190
-430
-778
-1028
-1233
-1524
-1840
-2099
-2052
-1784
-1517
-1465
-1625
-1638
-1317
-719
-108
185
159
124
349
889
1442
1691
1678
1538
1496
1645
1850
1964
1876
1645
1369
1141
1035
989
838
571
219
-119
-358
-546
-663
-773
-986
-1220
-1417
-1495
-1439
-1344
-1280
-1319
-1354
-1248
-985
-724
-578
-499
-390
-178
57
267
379
431
514
619
763
831
779
743
754
704
524
332
328
427
450
201
-49
-374
-1123
-2202
-2966
-2465
-1470
-1375
-2732
-4535
-5167
-4418
-3119
-2454
-2979
-4048
-4597
-4142
-2976
-1894
-1417
-1507
-1766
-1588
-838
237
1233
1740
1862
1871
2053
2579
3304
3998
4378
4258
3882
3703
3884
4238
4420
4201
3644
2981
2534
2432
2395
2137
1529
802
251
-64
-216
-465
-849
-1180
-1388
-1660
-2102
-2442
-2370
-1980
-1683
-1684
-1810
-1788
-1480
-889
-235
215
363
322
444
949
1624
2054
2078
1921
1847
1931
2114
2280
2287
2060
1660
1345
1212
1191
1085
748
320
-86
-379
-602
-786
-919
-1137
-1433
-1689
-1796
-1750
-1633
-1576
-1576
-1578
-1483
-1196
-874
-592
-454
-409
-253
64
391
565
639
688
782
878
1063
1189
1108
900
679
645
724
820
709
352
-18
-60
-385
-1569
-3245
-3961
-2888
-1681
-2022
-4147
-6203
-6466
-5155
-3622
-3215
-4104
-5287
-5671
-4897
-3438
-2253
-1840
-2016
-2180
-1722
-662
641
1711
2218
2374
2479
2788
3451
4340
5120
5412
5108
4634
4520
4809
5199
5256
4796
3986
3194
2803
2759
2650
2179
1330
516
14
-322
-580
-873
-1131
-1421
-1931
-2440
-2694
-2570
-2253
-2025
-2002
-2113
-2101
-1752
-1152
-527
-54
141
249
486
939
1505
1918
2065
2023
1949
2004
2212
2401
2390
2164
1868
1592
1400
1297
1144
871
490
61
-289
-541
-720
-893
-1096
-1354
-1599
-1743
-1760
-1659
-1558
-1518
-1532
-1484
-1292
-1005
-697
-460
-305
-191
-87
67
384
741
975
959
792
750
974
1259
1345
1064
616
373
483
821
899
562
30
-426
-1048
-2116
-3202
-3157
-2113
-1672
-2827
-4924
-6043
-5473
-4085
-3148
-3454
-4536
-5318
-5055
-3844
-2506
-1773
-1774
-2090
-2003
-1167
91
1282
1918
2030
2070
2337
2948
3747
4466
4892
4854
4486
4236
4381
4758
4964
4757
4173
3437
2867
2647
2581
2337
1705
859
178
-171
-355
-634
-1011
-1353
-1510
-1828
-2299
-2598
-2566
-2231
-1991
-1924
-1934
-1946
-1739
-1254
-608
-3
302
376
499
851
1386
1794
1910
1866
1765
1770
1935
2109
2162
1951
1594
1307
1130
1052
938
676
332
-21
-329
-571
-754
-867
-1000
-1223
-1448
-1572
-1566
-1463
-1367
-1318
-1298
-1233
-994
-687
-442
-288
-205
-34
256
550
787
874
871
883
902
1084
1259
1309
1167
835
617
572
707
834
718
270
-217
-846
-1682
-2646
-3028
-2334
-1735
-2237
-3921
-5399
-5423
-4360
-3261
-3095
-3885
-4753
-4899
-4149
-2939
-2035
-1746
-1861
-1934
-1465
-493
675
1591
1946
2017
2123
2500
3196
3958
4517
4682
4434
4134
4128
4379
4626
4545
4071
3409
2811
2520
2439
2267
1824
1100
379
-72
-367
-636
-915
-1172
-1390
-1847
-2352
-2477
-2417
-2362
-2414
-2280
-1898
-1747
-1681
-1503
-1041
-344
138
332
360
461
832
1333
1761
1977
1863
1609
1590
1842
2084
2013
1709
1419
1157
1018
960
832
599
223
-147
-386
-537
-620
-726
-921
-1108
-1240
-1309
-1283
-1149
-1007
-977
-1020
-912
-649
-331
-106
-28
24
163
428
758
1011
1077
1018
960
1002
1136
1243
1177
1044
839
669
545
500
458
415
137
-866
-2361
-3435
-2930
-1615
-1302
-2704
-4808
-5758
-5110
-3721
-2822
-3133
-4185
-4975
-4807
-3688
-2358
-1588
-1547
-1887
-1885
-1193
-33
1161
1856
2005
1950
2062
2576
3375
4131
4521
4383
3964
3741
3903
4298
4539
4349
3765
3017
2494
2335
2302
2083
1488
710
80
-345
-558
-649
-753
-1061
-1716
-2408
-2706
-2513
-2090
-1871
-1941
-2186
-2365
-2145
-1508
-747
-229
-166
-326
-250
243
955
1497
1641
1493
1301
1324
1625
1960
2061
1831
1495
1279
1198
1213
1177
966
612
196
-106
-232
-292
-395
-607
-903
-1135
-1226
-1186
-1108
-1056
-1033
-1045
-1014
-888
-620
-358
-193
-143
-42
205
475
698
832
969
997
946
915
1018
1177
1143
985
809
725
698
610
487
332
-236
-1388
-2626
-2838
-1873
-1219
-1979
-3811
-5120
-4970
-3920
-3043
-3088
-3855
-4558
-4579
-3875
-2868
-2115
-1891
-2012
-2028
-1558
-645
378
1132
1460
1565
1724
2123
2792
3549
4086
4188
3945
3747
3867
4171
4385
4300
3875
3312
2847
2641
2597
2407
1929
1253
665
254
-49
-275
-430
-656
-1169
-1794
-2358
-2515
-2206
-1696
-1424
-1819
-2384
-2497
-1864
-840
-127
-33
-372
-517
-92
740
1457
1658
1384
1060
1140
1569
2025
2153
1928
1593
1287
1184
1238
1294
1189
829
381
24
-138
-198
-288
-491
-786
-1060
-1218
-1211
-1131
-1079
-1113
-1185
-1179
-1012
-740
-444
-262
-224
-204
-85
186
462
640
744
778
787
772
767
869
928
883
718
562
511
456
374
287
-93
-1033
-2229
-2756
-2122
-1423
-1770
-3205
-4560
-4761
-4041
-3211
-3060
-3632
-4342
-4575
-4117
-3230
-2416
-2032
-2009
-2035
-1700
-981
-103
681
1125
1351
1549
1874
2423
3109
3710
3960
3836
3626
3664
3948
4242
4296
4017
3545
3059
2786
2714
2595
2262
1671
1038
503
116
-117
-200
-278
-769
-1597
-2298
-2321
-1747
-1297
-1365
-1942
-2398
-2230
-1509
-643
-208
-274
-556
-574
-38
799
1416
1506
1269
1059
1189
1626
2085
2254
1995
1585
1325
1345
1518
1540
1290
841
410
156
62
11
-120
-410
-793
-1080
-1155
-1057
-978
-1037
-1171
-1265
-1236
-1054
-804
-596
-512
-540
-498
-276
76
376
481
519
564
659
769
870
942
906
810
696
615
528
386
303
204
-303
-1338
-2414
-2592
-1879
-1454
-2151
-3662
-4721
-4638
-3873
-3287
-3411
-4054
-4605
-4591
-3990
-3160
-2557
-2345
-2380
-2295
-1780
-948
-62
614
1000
1254
1523
1956
2587
3279
3800
3961
3854
3792
3982
4299
4506
4434
4088
3621
3211
3010
2940
2736
2271
1616
976
520
253
159
-20
-562
-1381
-2038
-2089
-1681
-1369
-1513
-1980
-2302
-2120
-1524
-850
-467
-450
-526
-436
18
705
1242
1440
1386
1320
1456
1776
2127
2301
2181
1928
1717
1641
1688
1661
1475
1107
657
326
142
50
-96
-399
-796
-1138
-1318
-1329
-1285
-1319
-1437
-1536
-1534
-1401
-1186
-967
-788
-712
-678
-592
-325
78
350
434
396
435
627
821
948
871
699
597
620
685
588
398
156
12
-19
-308
-1149
-2299
-2818
-2290
-1633
-1980
-3392
-4712
-4913
-4157
-3342
-3288
-3950
-4625
-4724
-4153
-3296
-2636
-2370
-2362
-2275
-1790
-975
-97
567
924
1165
1501
2003
2624
3240
3728
3966
3957
3946
4102
4371
4561
4515
4236
3829
3471
3263
3136
2905
2451
1845
1236
775
481
307
51
-490
-1151
-1625
-1687
-1513
-1423
-1549
-1859
-2089
-1991
-1561
-1017
-637
-493
-459
-330
-2
465
882
1141
1294
1379
1503
1702
1923
2075
2049
1911
1768
1695
1675
1595
1392
1089
779
504
280
56
-207
-508
-796
-997
-1136
-1262
-1400
-1511
-1550
-1518
-1454
-1396
-1290
-1141
-999
-888
-751
-547
-310
-119
98
340
501
562
537
674
902
1061
1002
656
511
577
766
794
417
25
-279
-171
-45
-629
-1867
-2973
-2831
-1931
-1636
-2635
-4174
-4954
-4616
-3731
-3236
-3428
-4050
-4488
-4276
-3519
-2628
-2143
-2132
-2212
-1950
-1181
-258
449
867
1127
1418
1805
2298
2913
3491
3844
3905
3816
3851
4060
4295
4348
4174
3828
3422
3144
3015
2888
2526
1956
1306
695
374
292
122
-453
-1173
-1489
-1505
-1510
-1585
-1652
-1661
-1734
-1756
-1597
-1265
-819
-483
-330
-214
-22
249
570
938
1234
1297
1264
1394
1656
1861
1889
1786
1658
1555
1459
1360
1235
1076
867
548
234
2
-181
-403
-704
-936
-1100
-1260
-1374
-1422
-1411
-1382
-1366
-1342
-1283
-1150
-959
-789
-670
-542
-386
-200
33
251
418
494
540
618
715
853
907
842
673
538
502
504
471
298
49
-163
-212
-109
-330
-1186
-2306
-2770
-2156
-1417
-1618
-2839
-4019
-4236
-3572
-2713
-2422
-2849
-3565
-3860
-3372
-2404
-1582
-1379
-1609
-1748
-1390
-572
279
858
1084
1153
1284
1611
2176
2793
3201
3263
3106
3019
3178
3502
3716
3631
3292
2906
2656
2569
2537
2389
1962
1413
862
418
128
-5
36
-255
-888
-1487
-1595
-1225
-961
-1000
-1341
-1589
-1510
-1144
-668
-387
-304
-376
-363
-103
352
773
906
885
858
940
1137
1350
1497
1436
1238
1053
964
982
965
833
584
296
77
-81
-188
-316
-518
-756
-962
-1049
-1033
-1011
-1014
-1059
-1093
-1077
-1008
-856
-688
-511
-424
-395
-308
-158
85
307
455
490
455
480
579
769
872
736
508
418
506
548
387
177
0
-115
-193
-232
-266
-321
-436
-915
-1733
-2364
-2120
-1406
-1252
-1962
-2967
-3356
-2994
-2302
-1922
-2153
-2681
-2960
-2651
-1992
-1393
-1141
-1185
-1248
-1032
-482
128
565
825
991
1156
1382
1714
2136
2477
2636
2653
2627
2662
2787
2934
2971
2839
2564
2269
2087
2072
2052
1683
1085
582
443
480
320
-78
-611
-924
-894
-692
-686
-953
-1218
-1296
-1111
-871
-680
-659
-697
-571
-350
-77
98
206
302
388
540
691
798
860
892
913
907
898
868
793
683
552
451
338
192
39
-133
-289
-444
-591
-676
-721
-737
-800
-913
-980
-973
-858
-720
-652
-618
-579
-462
-300
-167
-77
-11
92
235
357
393
334
315
441
563
542
417
374
400
367
269
149
76
-29
-129
-250
-378
-450
-483
-486
-520
-575
-591
-739
-1084
-1526
-1615
-1150
-786
-1014
-1699
-2078
-1875
-1433
-1093
-1060
-1217
-1423
-1447
-1177
-767
-396
-289
-406
-467
-270
143
499
685
779
833
922
1075
1330
1591
1690
1672
1633
1698
1831
1936
1899
1689
1508
1412
1404
1298
1010
704
492
481
430
219
-67
-301
-299
-223
-217
-335
-491
-540
-461
-285
-176
-186
-241
-207
-68
112
266
328
330
312
349
460
575
627
562
455
379
365
359
291
195
74
-40
-139
-221
-281
-365
-472
-562
-601
-604
-619
-648
-654
-636
-602
-560
-522
-460
-422
-385
-303
-206
-127
-83
-50
-2
75
182
269
263
209
173
184
227
205
96
-49
-121
-95
-77
-121
-274
-491
-639
-647
-557
-506
-513
-580
-691
-723
-666
-554
-479
-414
-392
-560
-798
-890
-605
-247
-187
-450
-843
-922
-730
-368
-154
-251
-426
-581
-475
-249
-20
112
40
-22
-45
84
304
472
559
496
457
488
582
704
748
770
763
749
778
807
871
883
851
852
833
827
767
695
686
678
690
631
522
443
413
493
535
490
384
290
341
451
560
547
440
372
355
428
481
472
400
287
248
253
295
316
258
165
61
22
18
1
-43
-142
-233
-280
-277
-259
-292
-343
-400
-450
-483
-495
-449
-397
-387
-442
-503
-495
-442
-389
-368
-395
-428
-440
-423
-381
-365
-384
-488
-585
-576
-498
-396
-406
-495
-625
-690
-561
-442
-394
-522
-691
-708
-668
-549
-548
-583
-608
-608
-506
-444
-349
-305
-266
-237
-239
-213
-194
-100
-40
-65
-164
-225
-171
-47
21
-43
-178
-263
-199
-97
-3
-26
-92
-110
-86
6
21
50
75
87
117
95
128
155
237
358
398
417
366
389
463
562
691
723
734
681
681
775
878
966
934
887
855
874
953
983
971
882
788
762
766
800
790
758
715
651
629
619
632
618
565
510
449
427
418
396
338
234
155
106
101
112
77
30
-40
-85
-95
-106
-116
-163
-239
-306
-341
-348
-382
-442
-483
-529
-565
-589
-612
-638
-672
-701
-724
-740
-750
-777
-813
-845
-857
-854
-830
-813
-824
-833
-841
-812
-785
-768
-725
-717
-711
-677
-617
-550
-575
-590
-549
-476
-426
-440
-442
-435
-435
-387
-316
-253
-244
-301
-322
-278
-202
-163
-175
-180
-168
-134
-99
-75
-49
-19
17
54
85
138
214
302
366
378
370
374
455
550
602
581
503
492
536
628
653
586
501
441
504
597
683
655
536
457
441
526
601
626
579
503
499
556
647
691
665
606
571
604
680
740
742
701
657
642
665
684
671
606
519
476
478
493
449
353
251
170
144
131
106
38
-55
-109
-123
-124
-144
-201
-252
-286
-305
-311
-330
-351
-377
-403
-420
-455
-491
-522
-530
-514
-520
-558
-605
-630
-631
-641
-667
-690
-706
-688
-679
-696
-742
-786
-766
-725
-689
-702
-751
-766
-726
-653
-580
-548
-560
-583
-590
-532
-456
-365
-318
-315
-347
-365
-284
-166
-45
-74
-163
-197
-126
41
118
92
-21
-110
-49
65
178
175
101
77
102
211
274
252
193
151
202
286
339
332
270
297
396
463
471
414
427
491
560
581
529
518
550
623
649
598
548
528
579
633
631
554
458
438
482
526
500
397
297
267
303
363
354
289
206
162
195
241
273
248
203
171
158
182
184
178
156
125
116
103
104
112
92
63
15
-24
-46
-70
-83
-118
-160
-206
-241
-254
-281
-315
-359
-403
-424
-427
-417
-432
-452
-456
-430
-391
-379
-381
-396
-400
-382
-366
-345
-346
-369
-390
-395
-374
-351
-336
-335
-343
-343
-333
-307
-285
-302
-330
-343
-316
-265
-245
-259
-287
-281
-232
-170
-135
-148
-166
-159
-116
-43
-1
-12
-37
-22
35
76
88
85
82
91
90
110
142
157
156
124
111
151
185
192
154
122
150
190
211
190
169
166
183
232
247
239
192
157
189
215
248
227
204
211
209
244
246
262
253
219
229
243
293
301
267
227
187
189
196
208
197
163
137
112
124
139
137
125
89
82
87
91
86
52
24
1
17
39
47
51
31
34
30
17
-1
-25
-23
-30
-26
-20
-20
-22
-55
-76
-83
-78
-72
-92
-119
-146
-155
-157
-156
-154
-164
-182
-189
-192
-186
-177
-175
-169
-167
-152
-130
-112
-88
-86
-98
-116
-117
-99
-98
-122
-154
-165
-156
-146
-145
-153
-167
-170
-166
-166
-164
-164
-167
-167
-165
-151
-130
-117
-104
-101
-102
-95
-84
-59
-31
-17
-15
-14
2
22
39
55
61
52
38
27
43
68
65
44
14
-1
7
16
29
33
25
9
11
32
61
63
44
21
22
66
98
98
80
62
80
106
130
155
160
175
177
191
207
199
195
189
211
224
210
177
153
170
185
171
132
98
94
110
115
121
109
90
84
81
83
64
36
20
18
33
27
4
-21
-19
2
15
13
4
2
9
23
26
17
-10
-31
-38
-40
-41
-55
-68
-76
-78
-83
-89
-95
-103
-105
-117
-122
-128
-136
-137
-150
-149
-144
-139
-131
-134
-127
-137
-146
-145
-143
-125
-115
-108
-108
-105
-85
-72
-77
-94
-108
-109
-92
-72
-70
-81
-80
-65
-47
-44
-56
-67
-60
-34
-13
-10
-21
-32
-23
2
27
32
26
30
28
29
34
46
68
86
94
88
69
61
79
94
93
74
57
68
91
109
106
89
74
74
84
96
91
75
60
67
88
101
97
82
67
57
63
77
85
78
69
67
66
59
42
31
35
45
42
25
4
-7
-15
-13
-19
-32
-37
-40
-29
-13
-4
-4
-19
-36
-37
-34
-35
-37
-39
-43
-53
-56
-45
-25
-9
-15
-33
-46
-37
-13
1
-3
-18
-29
-26
-16
-11
-27
-42
-55
-55
-44
-40
-39
-45
-44
-42
-45
-43
-49
-53
-55
-58
-57
-58
-54
-47
-39
-25
-9
9
22
33
38
30
22
16
18
23
16
12
6
13
31
34
31
20
17
12
3
6
12
19
17
8
-4
-5
6
12
17
19
21
21
23
32
39
35
30
39
46
43
34
25
20
29
34
35
31
22
22
28
36
37
27
21
24
33
34
24
7
-4
-1
0
-7
-14
-14
-15
-28
-37
-45
-43
-37
-33
-32
-38
-41
-39
-39
-34
-34
-48
-67
-79
-77
-71
-73
-79
-86
-83
-65
-36
-18
-12
-13
-12
-3
13
22
17
8
5
13
21
23
20
10
1
-6
-7
-3
-1
4
3
12
25
37
49
42
30
14
3
7
10
12
8
3
1
6
12
16
8
-1
6
24
42
54
53
44
35
22
16
16
26
39
39
39
36
37
37
36
38
35
34
29
23
28
33
30
18
0
-16
-20
-15
-10
-12
-17
-23
-26
-21
-16
-20
-28
-35
-31
-17
-2
9
13
14
8
1
-5
-4
2
8
14
11
19
26
23
17
-1
-15
-17
-14
-7
-4
-11
-21
-25
-21
-20
-25
-34
-40
-35
-32
-31
-34
-40
-45
-42
-36
-31
-26
-28
-26
-25
-26
-29
-38
-47
-48
-45
-37
-29
-20
-10
-8
-10
-14
-20
-22
-23
-24
-21
-16
-5
6
4
5
3
-2
0
4
5
7
5
4
14
17
16
16
18
23
32
43
41
29
13
-2
0
13
27
33
42
45
44
44
40
39
40
40
40
39
46
48
41
34
30
28
27
30
27
22
16
10
17
29
40
40
32
22
8
-4
-19
-25
-23
-21
-20
-24
-26
-18
-4
3
1
-6
-11
-7
8
23
22
0
-27
-47
-51
-39
-18
-1
2
0
-5
-10
-12
-16
-24
-31
-34
-27
-18
-13
-13
-19
-34
-43
-47
-40
-26
-20
-13
-9
-3
-2
-12
-28
-42
-49
-46
-33
-21
-15
-15
-15
-13
-10
-14
-12
-4
4
17
24
27
30
29
23
15
7
3
6
15
26
33
31
21
12
7
8
14
16
20
22
21
18
11
1
-7
-6
0
8
21
29
34
36
28
15
2
-7
-6
8
23
25
17
6
-1
-6
-13
-15
-14
-4
12
13
10
3
-8
-15
-21
-22
-25
-23
-21
-17
-14
-16
-15
-10
-7
0
-1
-1
-1
-6
-9
-17
-24
-31
-34
-33
-27
-15
-6
-1
1
1
-1
-2
-4
-11
-18
-17
-13
1
15
19
20
16
17
22
26
28
30
36
37
38
32
26
22
21
21
18
13
8
9
9
9
8
13
26
36
41
33
22
12
3
6
11
17
17
15
11
7
11
13
12
11
2
-6
-15
-26
-29
-33
-36
-40
-44
-44
-43
-38
-32
-26
-32
-39
-42
-45
-38
-32
-26
-19
-19
-21
-27
-36
-44
-48
-53
-54
-49
-36
-27
-16
-11
-9
-6
-5
-5
-7
-10
-11
-7
-2
2
5
5
9
11
17
21
22
24
28
31
28
18
12
8
14
24
30
36
39
37
37
38
37
41
47
54
58
53
47
41
32
29
25
14
6
2
4
10
10
2
-6
-13
-17
-26
-31
-26
-16
-10
-9
-11
-20
-25
-21
-11
-1
4
6
5
7
12
17
18
20
25
27
35
44
44
38
28
18
15
14
10
11
11
10
7
1
-7
-21
-34
-39
-38
-33
-25
-16
-7
-6
-14
-22
-32
-36
-35
-38
-40
-43
-51
-55
-55
-53
-46
-41
-42
-39
-36
-31
-27
-27
-31
-34
-30
-19
-15
-20
-19
-14
-4
11
17
18
22
18
17
17
17
18
22
25
28
26
18
16
15
15
18
17
17
16
17
21
22
21
18
11
4
0
3
7
11
13
7
6
8
7
5
0
-2
-3
-2
4
14
27
36
37
34
29
27
30
34
31
24
9
1
0
0
3
7
8
13
14
14
10
1
-2
0
2
1
-3
-9
-14
-17
-17
-15
-12
-10
-13
-18
-20
-14
-8
1
4
-1
-4
-9
-14
-14
-18
-16
-10
-3
1
9
11
6
-1
-8
-13
-9
-5
-7
-14
-21
-27
-25
-24
-24
-23
-26
-25
-25
-24
-21
-18
-14
-16
-15
-14
-13
-10
-9
-10
-9
-7
-7
-3
4
6
6
5
6
10
13
15
15
12
10
11
11
12
16
22
25
23
17
10
6
1
-1
1
5
5
9
13
14
15
9
8
11
16
21
20
16
12
10
5
4
4
7
6
8
12
17
17
10
8
9
8
9
3
-5
-12
-16
-16
-11
-11
-15
-15
-13
-13
-12
-7
-3
-1
-1
-3
-3
-5
-6
-7
-10
-11
-7
-7
-7
-7
-6
-6
-7
-4
-4
-4
-4
-8
-14
-20
-23
-31
-30
-24
-18
-12
-7
-7
-7
-6
-10
-3
1
3
10
12
12
16
15
11
2
-3
-2
-3
1
10
14
22
23
23
23
21
16
8
4
1
0
6
21
35
40
40
34
28
25
27
30
28
27
28
28
28
22
9
-3
-17
-25
-25
-25
-25
-29
-29
-27
-21
-19
-22
-21
-20
-23
-23
-24
-25
-20
-16
-15
-12
-14
-23
-29
-34
-29
-23
-20
-23
-28
-33
-33
-27
-21
-16
-10
-15
-18
-18
-17
-12
-9
-5
2
4
8
7
4
2
4
6
9
15
22
30
29
29
27
24
24
27
32
37
40
37
31
29
25
23
24
21
17
12
6
-1
0
6
15
20
21
23
26
25
26
29
28
30
28
18
13
11
7
3
-1
-11
-20
-26
-27
-28
-30
-29
-26
-23
-21
-18
-15
-14
-14
-11
-9
-10
-9
-14
-19
-20
-22
-25
-29
-28
-28
-24
-17
-15
-19
-22
-21
-18
-14
-11
-13
-15
-18
-16
-10
-7
-6
-9
-17
-21
-17
-7
3
16
21
21
16
12
15
20
24
26
25
20
16
15
19
22
18
11
6
7
5
3
6
13
19
19
16
8
1
-4
-3
3
6
5
4
0
-1
-1
-2
2
5
7
4
2
2
0
-2
0
2
2
2
4
5
4
1
0
-1
-2
1
2
1
-1
-4
-3
1
4
3
0
-4
-4
-3
-2
-3
-5
-8
-10
-14
-16
-17
-15
-8
-1
2
4
4
4
5
2
-2
-7
-12
-9
-1
3
0
-4
-10
-12
-11
-8
-3
-2
-2
-3
-2
0
4
7
5
7
1
-1
-1
-3
-1
-6
-7
-9
-11
-15
-19
-16
-10
-3
3
7
9
12
11
9
7
3
0
0
1
4
10
15
16
16
9
2
-2
-2
3
5
3
0
-2
-1
7
13
15
16
11
10
9
7
7
11
12
11
10
5
0
-3
-3
-4
-5
-4
-2
-1
-3
-5
-8
-5
0
3
8
6
0
-5
-3
3
5
7
9
8
4
-2
-3
-5
-4
-2
1
1
0
-6
-11
-16
-16
-13
-10
-10
-13
-15
-15
-17
-17
-16
-19
-16
-9
-9
-5
-8
-18
-17
-20
-16
-5
0
1
4
1
-7
-2
-8
0
7
11
-7
-1
24
-42
-4
31
-31
18
23
-4
30
11
2
22
19
27
35
21
13
8
-8
-9
-6
1
13
8
13
9
7
16
12
12
13
4
-7
-13
-18
-12
3
9
12
9
9
1
-9
-11
-17
-10
-9
-7
6
7
11
17
17
14
11
8
7
7
3
-2
1
5
13
22
21
18
11
-4
-5
-8
-14
-9
-5
-7
-1
0
-5
-4
-3
-12
-12
-10
-13
-15
-16
-17
-16
-17
-13
-15
-15
-14
-17
-21
-30
-36
-29
-20
-19
-10
-5
-4
0
1
0
0
-3
-9
-8
-1
4
14
22
20
16
12
3
-2
-2
-2
2
4
6
7
8
14
20
23
21
18
17
13
7
8
11
10
10
8
0
-1
-5
-6
-3
1
8
13
10
5
2
-8
-6
1
3
8
9
8
11
14
16
15
10
3
0
0
0
-1
-2
-1
-6
-10
-16
-21
-20
-21
-21
-20
-19
-20
-17
-13
-8
-7
-10
-12
-19
-18
-15
-18
-12
-10
-14
-11
-5
-1
4
3
6
7
4
6
9
12
18
21
21
17
17
16
16
19
18
15
13
11
12
16
16
21
17
4
-3
-12
-14
-9
-10
-7
-1
-1
3
6
4
-2
-8
-12
-13
-12
-6
-3
0
3
6
11
6
1
3
-1
-2
5
8
8
8
9
5
2
2
-2
-10
-12
-11
-10
-5
-4
-2
-4
-9
-5
-1
-3
-1
-3
-9
-14
-19
-23
-22
-20
-10
-9
-15
-15
-21
-26
-19
-13
-13
-12
-14
-15
-11
-5
-3
-3
-2
-2
-3
2
7
10
14
18
21
23
24
27
26
26
29
27
22
19
18
21
21
15
13
10
7
13
11
8
9
-2
-5
-6
-8
-5
-5
-5
-4
-4
1
6
8
12
12
7
4
2
-2
0
-1
-7
-8
-13
-14
-9
-9
-8
-7
-13
-14
-15
-21
-21
-22
-22
-16
-11
-5
-4
-6
-8
-5
-1
3
5
7
9
12
15
17
17
15
10
6
2
-5
-9
-10
-9
-1
2
0
-2
-4
-5
2
6
9
10
1
-5
-11
-13
-9
-3
4
6
7
11
12
10
10
7
0
4
8
9
15
12
6
0
-4
-4
1
3
3
0
-4
-9
-9
-8
-10
-10
-8
-11
-13
-16
-18
-18
-16
-17
-15
-11
-11
-11
-12
-12
-11
-7
-4
-2
2
5
4
4
6
5
5
5
2
5
8
7
12
14
8
6
1
-4
2
2
4
10
9
8
10
8
12
13
14
12
10
7
8
11
13
13
12
8
0
-3
-4
-4
-1
-1
-4
-5
-4
-2
0
-2
-6
-9
-8
-7
-5
-6
-1
1
4
9
11
13
14
11
7
3
-3
-4
-2
1
1
-4
-9
-9
-10
-9
-6
-4
-4
-3
-5
-7
-8
-10
-9
-8
-6
-7
-6
-8
-7
-9
-8
-5
-2
0
3
3
2
-2
-6
-9
-8
-8
-6
-6
-4
-1
-1
1
2
3
8
7
4
4
4
4
8
13
10
8
4
-4
-5
-10
-9
-4
-1
4
5
1
0
-3
-4
-2
2
8
9
6
4
2
2
7
8
5
1
0
1
4
8
9
5
3
0
-1
0
-1
0
0
-3
-8
-11
-10
-7
-4
-3
-3
-2
-5
-3
-1
-2
4
7
8
8
9
12
16
15
11
5
0
-5
-7
-4
2
8
12
13
8
1
-5
-12
-14
-11
-12
-14
-18
-20
-18
-16
-10
-9
-9
-5
-3
0
6
7
12
18
19
21
17
10
3
-1
-1
-2
0
1
-4
-4
-4
-9
-9
-11
-13
-11
-12
-10
-8
-8
-6
-3
-1
2
5
5
5
7
11
15
18
20
20
19
16
9
1
-2
-3
-3
1
3
2
-4
-12
-17
-22
-22
-20
-19
-19
-18
-16
-14
-8
-2
2
5
9
12
14
17
18
18
14
12
9
8
8
6
5
1
-4
-8
-14
-14
-12
-8
-5
-6
-9
-11
-10
-6
-3
-1
1
1
2
7
12
14
18
18
14
14
