1
0
1
1
1
1
0
0
-1
-1
-1
-1
0
-1
0
1
0
1
0
0
0
0
0
0
-1
-1
-1
0
0
0
1
1
1
1
0
-1
0
1
1
0
-1
0
-1
-1
0
0
0
1
1
0
0
-1
0
0
0
0
1
-1
0
0
1
1
0
0
-1
-1
0
0
0
0
0
-1
0
1
0
0
0
1
-1
0
0
-1
-1
0
0
-1
-1
0
1
0
0
0
0
-1
-1
0
0
0
0
-1
-1
-1
0
1
0
0
0
0
0
0
0
1
0
0
0
1
0
0
0
0
0
-1
0
0
0
0
0
0
-1
1
0
0
0
0
1
0
0
0
-1
0
1
0
0
0
0
0
0
0
0
0
0
-1
1
0
0
1
0
0
0
0
0
0
0
0
0
0
0
0
0
0
0
1
0
0
0
0
-1
1
0
-1
0
0
0
0
1
0
0
0
0
0
-1
0
0
0
-1
0
0
1
1
0
0
0
0
-1
0
1
0
-1
0
0
0
0
-1
0
0
0
0
0
-1
-1
0
0
0
0
1
0
0
0
0
-1
0
0
0
0
0
0
0
0
1
0
-1
0
0
-1
0
0
0
0
0
0
0
0
0
0
0
1
0
0
0
0
-1
-1
0
-1
0
0
0
-1
0
0
0
0
1
1
-1
0
0
-1
-1
0
0
-1
0
0
-1
0
0
-1
1
-1
0
0
-1
0
0
0
0
0
0
0
1
0
0
-1
1
1
0
0
0
0
0
0
0
0
0
1
0
0
0
0
0
0
-1
0
0
-1
0
0
1
0
0
1
0
0
0
1
0
0
0
0
0
0
1
-1
0
0
0
1
0
-1
0
0
0
0
0
-1
0
0
0
0
1
0
0
1
0
0
0
1
0
0
0
1
0
1
1
0
1
0
1
0
0
1
0
1
0
1
0
0
1
0
-1
1
0
0
0
0
1
0
0
0
0
-1
0
-1
0
0
0
0
0
0
-2
-2
-1
-1
-1
-1
-1
-1
0
-1
0
0
0
0
0
0
1
1
0
0
0
1
0
1
1
1
1
1
0
1
1
1
2
2
2
4
4
5
5
5
4
4
2
2
1
1
0
0
-1
1
0
0
0
0
-2
-2
-4
-5
-5
-6
-6
-6
-4
-3
-1
0
2
2
2
1
-2
-3
-6
-9
-12
-12
-14
-13
-13
-11
-8
-8
-6
-6
-7
-7
-9
-11
-13
-14
-16
-14
-14
-12
-10
-9
-8
-7
-6
-8
-8
-10
-10
-10
-11
-10
-9
-8
-5
-2
0
1
4
5
6
7
8
9
9
12
13
13
15
16
18
22
27
33
37
40
42
42
40
38
36
31
25
19
12
7
1
-4
-10
-15
-20
-25
-29
-31
-33
-35
-36
-36
-35
-36
-35
-36
-32
-27
-26
-27
-34
-44
-55
-67
-76
-80
-78
-73
-66
-56
-43
-29
-15
-5
2
4
2
-3
-7
-10
-6
2
15
26
39
52
64
72
75
71
57
37
17
-2
-16
-21
-18
-5
16
45
79
110
135
151
157
152
138
118
99
80
69
68
77
93
115
137
157
174
182
181
171
155
137
118
103
92
89
97
111
128
140
147
148
143
133
112
83
47
11
-23
-49
-69
-87
-102
-114
-126
-141
-159
-177
-187
-190
-199
-232
-303
-404
-518
-618
-692
-737
-760
-760
-733
-672
-573
-446
-309
-180
-75
3
54
87
103
111
113
118
127
141
168
204
246
286
313
319
297
247
173
88
1
-79
-144
-189
-204
-187
-137
-62
26
115
192
248
285
303
303
283
250
216
192
185
184
186
191
206
227
239
225
186
134
78
33
5
-13
-19
-10
16
59
111
166
210
232
231
212
185
153
117
85
61
49
54
74
105
147
185
211
216
197
160
116
69
24
-13
-33
-38
-29
-4
34
77
112
130
132
134
137
130
105
54
-3
-54
-88
-110
-131
-157
-183
-201
-204
-189
-175
-198
-303
-501
-757
-1009
-1206
-1349
-1463
-1565
-1622
-1580
-1410
-1138
-823
-525
-267
-45
151
313
433
498
523
532
548
586
639
705
776
835
870
866
816
707
538
321
77
-163
-373
-539
-652
-705
-680
-575
-403
-200
-1
181
334
455
528
544
515
466
414
376
359
363
396
458
541
628
689
700
653
558
428
278
122
-27
-154
-242
-286
-277
-222
-126
-8
102
188
243
270
271
253
211
159
124
121
150
206
274
339
395
428
427
388
314
214
103
-6
-100
-170
-208
-209
-173
-110
-33
46
121
179
205
196
163
125
92
66
44
25
20
46
100
144
101
-102
-472
-962
-1497
-2017
-2494
-2908
-3234
-3421
-3423
-3208
-2793
-2239
-1629
-1027
-475
17
436
759
985
1113
1184
1236
1304
1398
1512
1635
1758
1850
1876
1803
1605
1280
850
355
-162
-659
-1091
-1427
-1633
-1681
-1564
-1310
-961
-564
-164
208
530
789
977
1097
1168
1213
1259
1322
1411
1497
1496
1346
1053
724
478
324
181
-27
-271
-453
-504
-453
-356
-278
-247
-223
-183
-124
-47
8
30
49
100
221
393
560
684
782
902
1034
1116
1096
965
766
552
360
191
28
-146
-329
-464
-508
-471
-404
-375
-385
-388
-350
-279
-218
-190
-168
-99
45
231
408
522
582
602
588
554
484
357
175
-28
-179
-230
-261
-438
-915
-1668
-2488
-3148
-3575
-3864
-4149
-4407
-4472
-4203
-3562
-2680
-1777
-977
-294
315
892
1385
1735
1920
1971
1974
2000
2080
2188
2268
2287
2241
2147
2000
1765
1385
842
191
-466
-1041
-1489
-1825
-2059
-2144
-2032
-1704
-1205
-641
-100
363
747
1088
1378
1584
1699
1729
1742
1793
1886
2003
2091
2013
1637
999
309
-174
-397
-542
-789
-1087
-1225
-1054
-688
-300
8
137
182
263
313
335
308
194
119
168
349
643
914
1080
1186
1327
1513
1590
1447
1119
689
276
-42
-300
-532
-740
-914
-973
-840
-563
-296
-154
-134
-157
-146
-118
-110
-116
-98
28
271
569
874
1106
1241
1274
1180
1003
756
409
-55
-653
-1358
-2135
-3002
-3883
-4674
-5275
-5588
-5654
-5534
-5206
-4694
-3983
-3088
-2134
-1225
-433
234
826
1365
1837
2222
2531
2807
3059
3283
3466
3549
3503
3330
3023
2576
1995
1305
544
-232
-968
-1635
-2157
-2490
-2631
-2572
-2337
-1949
-1446
-896
-341
179
640
1046
1394
1689
1960
2209
2446
2682
2897
3080
3195
3052
2538
1711
804
117
-314
-676
-1089
-1503
-1701
-1568
-1251
-842
-500
-377
-334
-283
-258
-173
-109
-150
-145
-34
253
716
1179
1530
1787
2020
2213
2245
2062
1681
1138
574
90
-306
-609
-851
-1056
-1151
-1054
-814
-573
-446
-464
-536
-576
-585
-583
-585
-570
-474
-243
124
572
995
1301
1470
1519
1488
1377
1118
660
61
-597
-1275
-1995
-2831
-3751
-4625
-5299
-5665
-5740
-5653
-5477
-5189
-4675
-3886
-2941
-1978
-1122
-392
290
965
1626
2240
2756
3154
3461
3712
3932
4089
4114
3961
3628
3148
2565
1927
1227
465
-330
-1087
-1708
-2140
-2393
-2482
-2450
-2300
-2006
-1577
-1067
-559
-92
336
737
1141
1560
1960
2320
2647
2931
3198
3341
3182
2718
2058
1406
898
439
-59
-567
-988
-1173
-1178
-1053
-836
-745
-754
-744
-766
-732
-633
-620
-623
-559
-388
-34
419
849
1218
1555
1894
2148
2258
2224
1982
1592
1167
746
375
59
-263
-568
-750
-787
-732
-660
-635
-654
-679
-696
-693
-680
-660
-618
-522
-339
-62
303
657
958
1173
1277
1310
1240
1033
743
353
-140
-686
-1375
-2247
-3286
-4421
-5397
-5996
-6235
-6239
-6151
-5941
-5438
-4584
-3420
-2199
-1184
-380
290
938
1656
2301
2778
3097
3285
3486
3755
4024
4209
4226
4050
3709
3235
2646
1935
1089
147
-810
-1651
-2287
-2693
-2899
-2971
-2890
-2605
-2108
-1466
-807
-230
253
670
1096
1538
1939
2284
2582
2867
3160
3438
3521
3245
2658
1949
1364
931
484
-74
-683
-1128
-1284
-1243
-1057
-901
-923
-977
-966
-912
-771
-663
-687
-697
-591
-288
215
735
1148
1475
1807
2168
2430
2541
2451
2123
1674
1215
771
359
-46
-460
-793
-951
-949
-866
-800
-820
-866
-853
-801
-738
-707
-714
-688
-586
-337
36
416
732
931
1038
1130
1188
1179
1028
670
180
-426
-1172
-2067
-3148
-4317
-5352
-6080
-6401
-6430
-6339
-6101
-5624
-4811
-3685
-2489
-1430
-601
54
690
1343
1963
2485
2851
3131
3416
3749
4107
4377
4471
4360
4051
3583
2983
2261
1413
446
-550
-1461
-2179
-2634
-2874
-2940
-2845
-2579
-2105
-1488
-838
-258
206
602
987
1387
1785
2138
2450
2753
3074
3417
3549
3340
2829
2154
1593
1169
708
133
-508
-987
-1190
-1205
-1045
-920
-985
-1039
-1020
-983
-848
-745
-769
-761
-656
-355
137
640
1039
1357
1696
2067
2349
2491
2417
2083
1646
1228
833
477
99
-329
-674
-827
-804
-707
-662
-739
-861
-944
-965
-945
-954
-964
-923
-810
-530
-141
259
640
918
1111
1258
1306
1240
1050
753
411
-26
-591
-1365
-2406
-3630
-4854
-5821
-6366
-6590
-6666
-6633
-6375
-5714
-4631
-3307
-2051
-1049
-255
473
1244
2013
2608
2972
3198
3402
3703
4069
4383
4543
4498
4289
3952
3492
2896
2104
1127
49
-1005
-1896
-2547
-2963
-3193
-3266
-3124
-2712
-2056
-1295
-592
-20
445
888
1346
1787
2168
2470
2751
3043
3385
3604
3501
3106
2516
1972
1569
1162
639
-32
-686
-1111
-1326
-1294
-1173
-1251
-1395
-1453
-1421
-1256
-1031
-905
-841
-726
-451
19
581
1047
1363
1669
2015
2340
2581
2644
2430
2024
1615
1242
888
505
17
-469
-789
-924
-916
-888
-954
-1071
-1147
-1138
-1016
-880
-812
-748
-658
-471
-138
219
504
690
733
802
956
1060
1083
904
588
300
-30
-473
-1121
-2231
-3694
-5153
-6317
-6938
-7165
-7274
-7279
-7016
-6270
-4918
-3250
-1708
-545
288
1033
1825
2596
3161
3397
3410
3443
3647
4023
4411
4620
4605
4423
4115
3720
3177
2354
1247
-32
-1297
-2330
-3034
-3442
-3652
-3698
-3498
-2959
-2120
-1149
-273
375
854
1285
1725
2110
2347
2443
2517
2674
2921
3200
3376
3375
3199
2874
2486
2052
1481
750
-85
-918
-1575
-1966
-2201
-2343
-2405
-2359
-2105
-1673
-1177
-727
-406
-154
112
400
733
1039
1262
1454
1678
1967
2274
2482
2497
2346
2089
1743
1330
837
264
-341
-905
-1302
-1519
-1610
-1615
-1593
-1539
-1396
-1177
-940
-741
-632
-586
-504
-327
-77
225
500
703
882
1031
1230
1409
1447
1337
1020
536
-17
-782
-1843
-3226
-4855
-6324
-7331
-7812
-7885
-7787
-7514
-6861
-5717
-4143
-2473
-1056
15
839
1586
2341
2987
3378
3565
3672
3877
4266
4720
5087
5272
5199
4911
4445
3781
2927
1830
514
-877
-2148
-3110
-3698
-3983
-4034
-3857
-3408
-2648
-1691
-733
67
648
1097
1526
1954
2352
2678
2942
3221
3571
3951
4095
3895
3368
2663
2034
1471
872
150
-654
-1286
-1665
-1802
-1681
-1595
-1633
-1629
-1551
-1398
-1153
-941
-881
-838
-671
-299
266
866
1332
1713
2134
2568
2893
3082
3020
2625
2108
1578
1037
524
-14
-582
-1063
-1348
-1415
-1350
-1292
-1323
-1408
-1428
-1352
-1214
-1067
-950
-825
-659
-360
33
411
734
957
1125
1303
1434
1471
1303
931
521
30
-511
-1210
-2274
-3640
-5142
-6499
-7410
-7862
-7992
-7964
-7765
-7194
-6146
-4620
-2943
-1475
-316
608
1476
2390
3245
3868
4191
4344
4511
4807
5200
5476
5530
5338
4932
4405
3753
2917
1829
521
-825
-2043
-2982
-3572
-3902
-4023
-3920
-3547
-2863
-1941
-977
-147
502
1035
1546
2085
2601
3007
3307
3478
3465
3333
3161
3025
2934
2753
2376
1849
1336
976
656
284
-140
-677
-1196
-1558
-1814
-2012
-2129
-2173
-2113
-1885
-1482
-986
-444
68
521
1005
1514
1927
2182
2305
2314
2252
2169
2054
1842
1553
1198
804
480
224
-52
-371
-721
-1051
-1282
-1439
-1565
-1679
-1746
-1703
-1508
-1208
-877
-534
-268
-18
276
532
746
841
798
714
573
463
351
183
57
-208
-725
-1533
-2735
-4171
-5557
-6700
-7524
-8062
-8367
-8384
-7886
-6792
-5263
-3514
-1865
-456
773
1891
2888
3622
4049
4215
4225
4282
4433
4624
4830
4962
4986
4913
4708
4295
3631
2694
1491
146
-1172
-2340
-3257
-3898
-4266
-4316
-4003
-3321
-2384
-1374
-420
400
1117
1712
2120
2335
2357
2325
2363
2522
2792
3064
3297
3488
3582
3597
3431
3007
2354
1497
592
-286
-1120
-1847
-2415
-2774
-2874
-2710
-2340
-1880
-1420
-977
-557
-199
97
358
543
685
853
1084
1415
1793
2111
2345
2510
2589
2563
2402
2056
1525
862
177
-483
-1069
-1511
-1836
-2026
-2047
-1942
-1702
-1386
-1084
-799
-580
-410
-262
-174
-88
-12
11
82
125
223
370
473
627
672
516
82
-839
-2181
-3768
-5377
-6678
-7617
-8200
-8512
-8486
-7947
-6829
-5183
-3340
-1665
-317
728
1632
2460
3094
3455
3518
3478
3552
3820
4285
4760
5106
5309
5344
5208
4855
4185
3152
1798
284
-1189
-2427
-3355
-3974
-4289
-4293
-3936
-3203
-2210
-1142
-206
513
1045
1477
1827
2119
2176
1889
1518
1257
1433
2054
2776
3336
3570
3634
3721
3687
3468
2947
1936
685
-458
-1337
-1936
-2319
-2612
-2763
-2639
-2191
-1488
-762
-293
-96
6
170
370
520
606
604
640
909
1438
2039
2501
2709
2678
2538
2357
2041
1513
742
-140
-889
-1373
-1604
-1688
-1712
-1658
-1505
-1220
-784
-394
-205
-272
-471
-631
-674
-615
-590
-653
-724
-677
-397
-5
286
284
-217
-1149
-2448
-3936
-5334
-6512
-7371
-7880
-8127
-7990
-7285
-5985
-4271
-2478
-908
295
1296
2187
2908
3332
3357
3143
2975
3040
3355
3756
4117
4396
4602
4777
4795
4481
3773
2710
1397
0
-1312
-2422
-3266
-3809
-4042
-3920
-3400
-2551
-1530
-568
180
714
1095
1364
1481
1433
1319
1266
1399
1787
2352
3005
3628
4102
4393
4476
4312
3847
3083
2066
891
-242
-1198
-1919
-2384
-2600
-2580
-2323
-1881
-1376
-900
-535
-334
-253
-208
-169
-125
-72
48
308
736
1314
1925
2460
2854
3050
3040
2844
2433
1816
1058
224
-525
-1075
-1401
-1526
-1532
-1434
-1262
-1019
-781
-680
-710
-874
-1037
-1113
-1173
-1196
-1256
-1282
-1110
-847
-491
-120
105
65
-411
-1352
-2715
-4227
-5501
-6431
-7020
-7373
-7521
-7205
-6254
-4731
-2946
-1271
65
1019
1823
2528
2975
3101
2921
2631
2483
2591
2920
3331
3747
4110
4367
4495
4392
3983
3234
2154
844
-517
-1701
-2599
-3228
-3573
-3644
-3366
-2683
-1691
-615
310
961
1411
1710
1940
1933
1466
815
200
35
496
1262
2069
2696
3226
3781
4152
4291
4068
3261
2056
783
-351
-1302
-1960
-2400
-2674
-2591
-2138
-1426
-618
-9
291
402
464
459
320
142
-93
-312
-226
233
916
1675
2330
2763
3012
3117
3008
2602
1890
968
66
-654
-1121
-1377
-1441
-1334
-1111
-780
-369
1
142
26
-316
-721
-1067
-1335
-1520
-1677
-1792
-1856
-1926
-2087
-2472
-3161
-4048
-4935
-5637
-6060
-6293
-6425
-6361
-5926
-5044
-3756
-2306
-976
130
1037
1846
2574
3119
3400
3425
3296
3178
3152
3218
3321
3379
3347
3227
3030
2745
2343
1740
901
-75
-1037
-1846
-2427
-2781
-2937
-2901
-2608
-2024
-1227
-387
352
943
1404
1767
1866
1722
1471
1246
1237
1437
1731
2046
2376
2803
3247
3552
3692
3513
2963
2164
1295
378
-499
-1223
-1813
-2204
-2297
-2082
-1631
-1067
-563
-122
274
565
681
656
566
411
268
298
519
853
1275
1712
2128
2475
2691
2677
2405
1903
1267
635
39
-481
-866
-1110
-1160
-1049
-860
-573
-375
-335
-416
-573
-730
-935
-1205
-1476
-1764
-1894
-1813
-1705
-1661
-1965
-2674
-3630
-4617
-5375
-5848
-6152
-6389
-6533
-6332
-5624
-4440
-2977
-1589
-455
447
1279
2096
2759
3154
3197
3018
2873
2850
2974
3151
3240
3236
3186
3134
3017
2745
2218
1397
398
-608
-1473
-2118
-2556
-2837
-2960
-2822
-2334
-1558
-658
154
789
1265
1692
1933
1872
1589
1191
1019
1148
1495
1924
2309
2761
3267
3639
3887
3881
3430
2643
1711
759
-164
-939
-1568
-2072
-2305
-2178
-1739
-1121
-526
-77
272
569
721
716
645
476
232
130
270
611
1077
1580
2017
2386
2664
2766
2618
2182
1553
865
210
-324
-738
-1019
-1094
-1057
-932
-635
-367
-202
-154
-320
-549
-921
-1360
-1671
-1960
-2149
-2173
-2227
-2356
-2658
-3215
-3960
-4785
-5494
-5977
-6228
-6363
-6378
-6101
-5418
-4310
-2921
-1527
-332
616
1464
2292
2965
3378
3490
3362
3186
3105
3112
3137
3111
3019
2908
2796
2593
2269
1785
1077
222
-667
-1468
-2098
-2542
-2788
-2844
-2686
-2228
-1513
-690
73
646
1075
1428
1744
2003
2177
2254
2293
2389
2549
2770
2995
3161
3244
3194
3018
2694
2198
1584
855
103
-578
-1154
-1578
-1854
-1951
-1865
-1638
-1254
-809
-386
-16
271
503
698
845
949
1011
1078
1187
1345
1597
1860
2066
2225
2300
2250
2068
1727
1222
644
95
-360
-669
-849
-942
-956
-896
-741
-515
-288
-150
-143
-304
-572
-884
-1267
-1608
-1907
-2150
-2365
-2645
-3064
-3673
-4458
-5250
-5855
-6224
-6378
-6415
-6340
-6053
-5376
-4336
-3030
-1705
-588
367
1270
2132
2877
3398
3629
3655
3600
3571
3561
3520
3406
3222
2991
2736
2426
2011
1453
751
-61
-881
-1602
-2178
-2561
-2775
-2832
-2680
-2254
-1590
-813
-61
557
1079
1541
1943
2247
2431
2521
2616
2752
2909
3053
3124
3153
3147
3077
2881
2525
1996
1320
602
-101
-718
-1224
-1628
-1892
-2002
-1919
-1631
-1213
-755
-304
82
404
685
944
1126
1236
1296
1321
1387
1542
1740
1918
2046
2107
2119
2045
1872
1542
1099
602
108
-300
-605
-803
-918
-930
-838
-676
-499
-382
-407
-460
-567
-715
-857
-1055
-1231
-1424
-1603
-1774
-2101
-2683
-3581
-4782
-5951
-6834
-7320
-7484
-7479
-7328
-6875
-5884
-4414
-2712
-1106
152
1131
2010
2804
3435
3753
3780
3643
3506
3513
3620
3722
3754
3678
3507
3265
2915
2389
1644
689
-428
-1530
-2434
-3077
-3446
-3596
-3559
-3252
-2601
-1657
-598
366
1161
1803
2312
2692
2840
2717
2434
2166
2101
2259
2521
2771
2961
3136
3297
3328
3180
2743
1945
936
-115
-1044
-1804
-2378
-2771
-2967
-2850
-2408
-1715
-900
-167
417
873
1217
1464
1564
1529
1395
1213
1149
1288
1567
1889
2161
2343
2438
2440
2298
1966
1427
743
36
-597
-1052
-1340
-1446
-1348
-1142
-810
-450
-123
136
235
225
26
-352
-802
-1230
-1533
-1794
-2096
-2554
-3323
-4280
-5272
-6111
-6630
-6921
-7044
-7048
-6863
-6292
-5272
-3901
-2464
-1203
-124
840
1800
2740
3482
3925
4063
4082
4119
4185
4249
4190
3990
3695
3348
2964
2476
1825
993
30
-949
-1831
-2515
-2995
-3317
-3476
-3425
-3077
-2426
-1583
-693
110
807
1460
2089
2641
3043
3159
2983
2721
2521
2502
2641
2727
2708
2588
2495
2464
2275
1905
1331
555
-269
-986
-1569
-2106
-2516
-2689
-2674
-2363
-1781
-1112
-416
199
720
1176
1583
1850
1875
1786
1671
1554
1548
1668
1785
1863
1953
2025
2010
1923
1688
1238
678
85
-425
-799
-1047
-1197
-1206
-1034
-771
-453
-134
132
263
251
66
-256
-680
-1125
-1534
-1956
-2429
-3105
-3985
-5025
-6017
-6709
-7007
-7015
-6899
-6704
-6289
-5468
-4232
-2775
-1410
-285
603
1440
2309
3102
3671
3953
4046
4104
4209
4326
4356
4240
3974
3575
3108
2570
1933
1167
261
-738
-1698
-2466
-2989
-3295
-3436
-3433
-3211
-2691
-1924
-1059
-271
355
841
1278
1715
2121
2458
2707
2911
3093
3247
3410
3511
3550
3476
3246
2910
2413
1808
1141
349
-441
-1147
-1728
-2137
-2407
-2495
-2435
-2196
-1804
-1350
-852
-383
29
429
764
1024
1251
1414
1530
1610
1738
1898
2039
2156
2200
2172
2059
1846
1541
1171
736
267
-151
-491
-745
-895
-918
-856
-717
-524
-310
-157
-104
-99
-166
-252
-391
-601
-895
-1235
-1641
-2136
-2769
-3621
-4630
-5608
-6349
-6750
-6835
-6767
-6553
-6075
-5214
-3996
-2595
-1272
-169
761
1606
2416
3113
3570
3789
3857
3890
3957
4026
4048
3966
3774
3493
3116
2634
2027
1265
357
-636
-1584
-2360
-2912
-3242
-3404
-3380
-3138
-2644
-1917
-1073
-254
459
1075
1632
2122
2498
2634
2500
2221
1969
1950
2156
2423
2577
2572
2534
2546
2535
2400
2016
1317
449
-398
-1101
-1676
-2159
-2501
-2673
-2576
-2153
-1519
-824
-216
279
721
1137
1469
1618
1572
1412
1215
1131
1207
1347
1485
1581
1667
1747
1807
1777
1541
1112
586
96
-263
-520
-682
-744
-715
-541
-304
-46
178
261
263
182
5
-256
-661
-1148
-1624
-2134
-2684
-3388
-4267
-5212
-5991
-6403
-6512
-6417
-6259
-5990
-5423
-4492
-3293
-2014
-892
48
881
1707
2495
3134
3579
3821
3961
4085
4196
4241
4166
3954
3614
3154
2630
2049
1376
597
-286
-1180
-1963
-2544
-2905
-3103
-3163
-3071
-2757
-2198
-1476
-728
-57
524
1067
1608
2106
2489
2620
2533
2365
2278
2398
2594
2642
2465
2130
1874
1816
1762
1554
1051
331
-350
-833
-1150
-1431
-1742
-2044
-2191
-2031
-1586
-1024
-488
-103
208
593
1021
1372
1520
1493
1403
1378
1481
1627
1703
1655
1556
1506
1518
1512
1369
1026
559
126
-158
-293
-400
-526
-581
-505
-270
7
235
344
310
201
28
-201
-513
-946
-1418
-1912
-2412
-2920
-3618
-4483
-5392
-6125
-6472
-6489
-6334
-6138
-5833
-5216
-4213
-2907
-1575
-459
446
1253
2075
2857
3474
3845
3975
4001
4022
4036
4020
3901
3644
3276
2829
2322
1753
1107
342
-532
-1408
-2165
-2692
-2973
-3096
-3112
-2984
-2631
-2024
-1243
-440
268
861
1401
1897
2237
2430
2466
2439
2468
2548
2668
2768
2832
2869
2804
2642
2427
2076
1561
891
161
-554
-1185
-1686
-2096
-2380
-2467
-2340
-1978
-1475
-946
-445
3
429
804
1095
1305
1394
1398
1415
1480
1579
1655
1695
1701
1694
1686
1622
1460
1198
817
414
57
-263
-523
-751
-875
-900
-778
-490
-189
63
142
95
54
-29
-136
-386
-834
-1298
-1722
-1967
-2096
-2325
-2736
-3412
-4220
-4923
-5377
-5581
-5703
-5820
-5879
-5680
-5008
-3958
-2722
-1567
-595
331
1303
2312
3183
3731
3944
3937
3878
3852
3805
3658
3359
2987
2632
2332
2067
1699
1172
484
-279
-967
-1525
-1953
-2310
-2625
-2827
-2801
-2451
-1846
-1150
-507
51
605
1190
1761
2232
2521
2639
2675
2745
2857
2961
3022
2975
2834
2664
2503
2307
1959
1423
769
92
-507
-1000
-1423
-1797
-2075
-2174
-2037
-1710
-1292
-854
-427
-15
374
753
1075
1256
1302
1299
1314
1379
1463
1540
1586
1615
1641
1657
1620
1459
1153
758
344
-35
-355
-612
-814
-945
-961
-837
-671
-527
-407
-349
-332
-398
-549
-779
-1066
-1340
-1541
-1719
-1901
-2217
-2781
-3547
-4439
-5221
-5742
-6029
-6198
-6303
-6212
-5771
-4911
-3702
-2411
-1246
-215
768
1746
2621
3282
3643
3755
3770
3756
3744
3709
3599
3431
3232
3017
2759
2427
1985
1367
585
-256
-1058
-1736
-2267
-2676
-2957
-3044
-2843
-2338
-1632
-860
-178
399
921
1380
1817
2154
2362
2480
2565
2708
2916
3132
3312
3399
3396
3315
3119
2785
2262
1571
758
-64
-802
-1439
-1927
-2254
-2421
-2398
-2164
-1772
-1303
-839
-400
24
420
755
970
1080
1135
1177
1252
1383
1520
1629
1731
1814
1853
1837
1711
1447
1072
616
164
-209
-533
-828
-1059
-1168
-1104
-897
-643
-427
-320
-302
-254
-222
-258
-400
-708
-1022
-1227
-1333
-1418
-1653
-2157
-2886
-3718
-4532
-5219
-5782
-6274
-6658
-6822
-6637
-6028
-5088
-3942
-2722
-1543
-379
763
1821
2699
3298
3626
3794
3872
3889
3865
3783
3640
3490
3335
3139
2855
2437
1924
1343
702
-4
-760
-1504
-2136
-2594
-2847
-2889
-2722
-2378
-1894
-1316
-690
-43
581
1155
1630
2025
2374
2708
3028
3299
3531
3710
3839
3923
3887
3673
3302
2783
2162
1486
780
39
-684
-1310
-1792
-2097
-2227
-2205
-2067
-1823
-1483
-1080
-639
-205
171
482
744
940
1094
1250
1403
1534
1651
1759
1859
1913
1895
1794
1593
1340
1032
663
267
-140
-539
-872
-1094
-1225
-1257
-1213
-1145
-1029
-897
-773
-648
-626
-676
-758
-907
-1027
-1088
-1144
-1195
-1338
-1652
-2146
-2814
-3597
-4392
-5091
-5687
-6138
-6409
-6429
-6100
-5427
-4460
-3330
-2184
-1045
57
1063
1943
2613
3040
3284
3411
3455
3449
3420
3384
3351
3320
3280
3197
3005
2680
2204
1577
848
63
-714
-1430
-2064
-2566
-2856
-2882
-2648
-2209
-1627
-970
-295
352
846
1150
1330
1501
1769
2106
2438
2732
3026
3382
3771
4095
4247
4146
3804
3270
2609
1837
966
67
-800
-1536
-2044
-2312
-2353
-2231
-1987
-1636
-1194
-713
-296
4
195
304
393
491
603
720
841
1010
1236
1510
1784
1970
2029
1955
1771
1504
1131
667
148
-355
-740
-989
-1102
-1109
-1072
-1025
-980
-921
-835
-787
-815
-920
-1111
-1293
-1465
-1619
-1706
-1711
-1607
-1479
-1484
-1744
-2276
-2944
-3581
-4111
-4546
-4963
-5323
-5509
-5360
-4798
-3942
-2912
-1852
-825
185
1144
1996
2640
3004
3128
3103
3004
2877
2723
2556
2390
2255
2176
2137
2069
1899
1613
1225
773
291
-223
-748
-1246
-1663
-1925
-2007
-1921
-1713
-1402
-977
-433
228
933
1609
2169
2601
2946
3218
3401
3457
3391
3218
2983
2722
2431
2105
1729
1311
894
502
130
-235
-586
-900
-1162
-1329
-1393
-1363
-1259
-1089
-842
-542
-204
140
450
707
890
1004
1060
1061
1013
940
868
829
830
840
803
706
544
355
162
-56
-301
-579
-862
-1096
-1239
-1266
-1197
-1072
-919
-739
-538
-335
-150
-14
45
-3
-175
-429
-683
-887
-1013
-1112
-1195
-1281
-1445
-1754
-2275
-2977
-3722
-4340
-4786
-5084
-5260
-5278
-5009
-4390
-3468
-2368
-1233
-135
885
1762
2453
2913
3129
3153
3040
2819
2550
2268
1981
1735
1554
1450
1389
1301
1140
888
566
213
-156
-536
-913
-1239
-1453
-1480
-1301
-971
-511
35
645
1293
1917
2453
2860
3121
3243
3242
3138
2940
2660
2331
2000
1703
1441
1194
946
691
444
204
-36
-293
-573
-846
-1069
-1223
-1301
-1306
-1229
-1058
-792
-458
-97
262
572
817
989
1083
1093
1024
892
729
568
422
301
202
111
31
-48
-133
-234
-361
-499
-651
-809
-935
-1007
-1012
-969
-882
-784
-680
-551
-425
-293
-192
-148
-174
-267
-390
-512
-614
-700
-785
-872
-937
-969
-936
-837
-745
-794
-1108
-1725
-2535
-3346
-3961
-4280
-4354
-4231
-3954
-3477
-2743
-1782
-691
382
1318
2033
2480
2672
2635
2427
2101
1712
1304
921
613
422
395
525
738
953
1091
1120
1065
941
753
502
175
-182
-487
-666
-668
-508
-221
165
611
1100
1600
2046
2374
2557
2597
2516
2336
2079
1762
1428
1111
842
645
508
433
392
375
365
327
251
136
1
-131
-251
-350
-429
-473
-454
-362
-197
7
221
414
571
706
790
815
774
664
512
347
192
60
-54
-150
-208
-227
-218
-209
-215
-259
-321
-392
-466
-541
-642
-759
-892
-1026
-1152
-1259
-1334
-1364
-1338
-1291
-1238
-1200
-1176
-1127
-1058
-964
-896
-841
-793
-759
-694
-602
-511
-505
-695
-1105
-1651
-2174
-2553
-2785
-2936
-3069
-3172
-3147
-2892
-2343
-1537
-604
287
1033
1613
2055
2338
2447
2391
2181
1857
1436
986
608
379
332
418
575
736
887
1072
1285
1469
1541
1465
1250
959
692
499
398
352
339
379
515
756
1052
1354
1623
1834
1971
2017
1972
1851
1667
1444
1209
983
781
600
440
324
242
176
99
-3
-92
-159
-214
-268
-325
-372
-393
-378
-324
-234
-121
-8
105
225
339
421
441
400
325
227
123
13
-104
-214
-314
-408
-480
-534
-567
-591
-615
-653
-717
-804
-897
-990
-1064
-1119
-1170
-1214
-1253
-1285
-1310
-1328
-1339
-1337
-1307
-1253
-1186
-1122
-1069
-1023
-969
-896
-810
-711
-604
-501
-410
-331
-302
-360
-524
-784
-1078
-1346
-1553
-1702
-1798
-1815
-1724
-1511
-1191
-805
-387
39
449
802
1065
1234
1306
1294
1213
1078
925
780
674
621
638
728
855
1003
1148
1276
1389
1477
1526
1520
1451
1340
1204
1067
943
851
811
826
881
954
1028
1095
1158
1223
1281
1320
1316
1274
1196
1094
985
883
782
685
603
526
458
399
336
267
183
78
-30
-124
-187
-223
-242
-245
-237
-216
-188
-160
-129
-101
-89
-102
-143
-220
-332
-458
-580
-684
-766
-833
-883
-905
-905
-887
-867
-858
-862
-875
-887
-900
-910
-922
-930
-944
-955
-968
-999
-1046
-1100
-1136
-1148
-1136
-1098
-1034
-959
-865
-768
-679
-598
-524
-460
-417
-389
-367
-338
-308
-281
-270
-274
-283
-290
-284
-259
-214
-158
-94
-32
17
50
62
60
62
69
62
35
-6
-24
1
60
126
182
237
310
408
525
646
762
854
909
937
941
941
943
941
933
923
917
919
918
914
909
897
872
834
794
767
755
752
755
763
778
794
811
827
835
826
795
750
697
638
573
495
414
337
278
244
225
214
201
182
160
136
107
64
1
-75
-158
-238
-305
-362
-403
-430
-442
-448
-451
-445
-434
-413
-396
-402
-431
-486
-549
-615
-677
-737
-793
-853
-906
-932
-931
-910
-882
-851
-815
-774
-729
-698
-693
-707
-727
-749
-765
-772
-793
-827
-871
-909
-913
-886
-822
-745
-669
-596
-529
-454
-367
-272
-177
-104
-59
-47
-52
-56
-62
-52
-37
-21
-2
19
59
124
213
308
390
455
509
562
621
676
714
719
692
639
569
496
431
373
324
295
283
299
335
395
472
563
661
756
843
910
948
957
930
875
792
695
601
517
447
391
352
342
357
395
448
501
547
577
594
586
560
517
452
365
258
145
43
-36
-83
-104
-106
-99
-84
-67
-49
-30
-17
-19
-40
-76
-125
-186
-258
-325
-387
-444
-494
-540
-576
-597
-598
-585
-575
-570
-567
-563
-559
-557
-564
-574
-585
-590
-594
-597
-605
-616
-621
-621
-616
-605
-590
-572
-556
-544
-525
-493
-443
-376
-305
-247
-212
-198
-184
-167
-149
-135
-131
-134
-134
-113
-70
-19
31
66
97
121
141
166
194
219
233
228
215
205
204
208
215
212
196
170
154
175
228
305
378
432
467
500
536
574
611
636
650
640
606
552
485
418
361
317
287
265
240
210
179
150
121
87
52
24
9
6
5
1
-13
-35
-51
-57
-51
-37
-22
-6
11
26
46
66
78
84
89
96
105
109
99
74
33
-14
-56
-88
-110
-135
-164
-195
-226
-256
-275
-277
-254
-215
-175
-151
-147
-150
-154
-158
-167
-188
-212
-240
-263
-274
-277
-271
-262
-247
-219
-179
-135
-88
-42
3
44
81
127
182
248
312
363
399
422
443
457
459
450
420
371
300
219
142
68
-6
-90
-173
-245
-299
-339
-373
-400
-421
-431
-435
-424
-394
-359
-332
-312
-300
-293
-294
-306
-328
-355
-381
-410
-442
-473
-488
-488
-471
-445
-408
-363
-317
-263
-201
-133
-67
-9
41
91
147
211
271
324
367
401
428
452
479
511
561
614
664
702
721
721
708
684
658
631
592
552
512
469
433
400
365
329
291
248
198
137
65
-16
-103
-195
-280
-357
-427
-490
-545
-595
-632
-645
-636
-614
-581
-534
-474
-401
-313
-225
-146
-79
-30
3
27
42
57
66
61
48
33
20
9
4
4
14
32
55
85
121
162
202
234
255
273
283
287
295
306
317
323
313
284
256
235
226
229
237
246
251
254
254
248
242
230
214
188
159
125
85
38
-19
-86
-154
-218
-279
-332
-384
-435
-480
-517
-543
-556
-554
-541
-525
-509
-493
-479
-467
-457
-455
-466
-487
-517
-550
-582
-610
-632
-644
-639
-620
-581
-525
-465
-411
-358
-306
-248
-185
-117
-44
28
92
147
200
254
307
356
408
461
522
586
638
674
703
736
768
799
831
854
872
878
865
830
783
730
680
635
597
556
502
436
367
308
257
207
151
88
23
-33
-88
-138
-176
-205
-225
-243
-257
-263
-260
-254
-251
-253
-261
-272
-282
-290
-292
-286
-274
-256
-230
-195
-153
-107
-68
-41
-28
-19
-15
-15
-24
-42
-68
-101
-137
-174
-206
-219
-220
-219
-217
-215
-207
-198
-192
-190
-194
-204
-219
-229
-231
-228
-228
-231
-232
-232
-223
-204
-177
-140
-102
-66
-33
1
41
82
116
144
166
176
172
160
144
128
113
94
80
68
57
47
38
25
10
-3
-10
-7
-2
5
17
23
24
19
9
-2
-10
-14
-17
-18
-17
-9
11
30
55
78
95
113
131
146
158
175
195
218
240
253
261
265
265
262
261
259
248
233
210
185
160
132
102
71
43
10
-24
-54
-81
-107
-127
-144
-153
-155
-152
-144
-129
-110
-94
-86
-79
-65
-51
-38
-28
-25
-25
-22
-20
-17
-14
-14
-10
-6
4
18
32
42
44
38
25
11
7
7
8
2
-15
-41
-72
-102
-125
-139
-142
-145
-152
-159
-171
-184
-194
-199
-200
-199
-197
-198
-191
-172
-147
-117
-89
-64
-47
-36
-28
-20
-16
-17
-17
-18
-24
-34
-46
-59
-71
-80
-84
-82
-70
-53
-30
-6
17
33
51
72
96
120
140
151
161
168
175
180
183
186
185
182
175
172
170
161
154
147
140
130
116
103
96
93
96
97
94
86
74
58
45
39
39
45
57
72
89
101
112
117
117
111
108
101
94
90
81
73
65
50
28
6
-23
-50
-70
-88
-99
-111
-125
-137
-140
-140
-134
-131
-125
-124
-131
-141
-154
-162
-168
-170
-170
-173
-183
-195
-204
-209
-210
-209
-210
-207
-201
-195
-184
-174
-164
-156
-148
-138
-116
-90
-68
-52
-37
-26
-16
-4
10
26
41
57
73
83
86
78
69
66
71
84
102
124
138
144
146
147
150
164
181
191
203
214
222
228
226
223
212
197
182
165
150
138
120
98
76
52
30
12
-5
-17
-26
-36
-44
-50
-54
-56
-53
-55
-53
-53
-49
-41
-30
-15
1
11
15
18
25
37
45
45
41
36
28
20
17
16
16
10
0
-16
-31
-43
-51
-59
-65
-67
-68
-74
-78
-80
-77
-71
-65
-60
-55
-49
-48
-47
-52
-57
-59
-59
-57
-53
-51
-54
-61
-64
-69
-72
-73
-75
-82
-89
-93
-99
-100
-103
-103
-104
-108
-109
-108
-106
-101
-97
-87
-77
-70
-60
-47
-38
-33
-30
-23
-16
-14
-8
-5
-5
-1
3
7
9
10
12
17
25
34
46
59
69
80
90
104
114
125
135
142
148
154
158
161
164
163
155
145
137
136
139
145
149
148
141
130
125
127
129
132
129
119
110
100
93
90
87
80
70
59
49
43
41
39
36
31
19
3
-14
-29
-43
-53
-56
-58
-63
-73
-84
-95
-106
-117
-119
-118
-119
-120
-123
-128
-130
-124
-119
-112
-109
-112
-115
-121
-124
-127
-133
-139
-143
-139
-132
-126
-122
-127
-136
-147
-152
-147
-135
-123
-111
-98
-85
-69
-55
-41
-25
-11
0
10
21
28
26
22
18
17
18
20
23
26
30
34
39
44
48
51
51
53
57
61
62
61
61
64
75
89
102
113
122
129
134
135
131
127
124
119
115
110
103
94
77
61
49
45
47
50
50
47
45
46
45
42
38
33
29
27
26
27
27
23
18
13
7
6
4
-1
-5
-8
-16
-23
-29
-30
-32
-30
-28
-32
-36
-38
-36
-35
-35
-33
-32
-31
-34
-41
-45
-48
-51
-53
-51
-44
-36
-30
-27
-27
-31
-35
-39
-42
-39
-36
-33
-32
-34
-39
-47
-53
-57
-55
-50
-46
-42
-40
-35
-31
-26
-21
-19
-22
-30
-40
-46
-43
-36
-25
-16
-9
-9
-10
-7
-6
-7
-7
-7
-7
-10
-10
-9
-5
-3
-5
-7
-6
1
9
17
22
22
19
18
22
30
35
34
29
19
6
-2
-7
-13
-15
-13
-8
-3
2
7
13
19
21
23
25
29
31
37
43
47
45
40
36
35
33
35
34
32
29
24
24
24
25
28
35
40
45
48
52
57
57
52
47
44
47
53
60
63
57
46
34
24
17
14
13
14
17
20
20
18
19
18
19
21
19
13
3
-4
-11
-18
-23
-28
-31
-29
-22
-16
-15
-19
-23
-27
-30
-34
-36
-39
-45
-52
-59
-67
-74
-78
-79
-79
-79
-75
-72
-67
-64
-64
-64
-62
-59
-53
-44
-35
-32
-27
-24
-22
-23
-27
-27
-25
-25
-25
-23
-25
-27
-31
-35
-37
-33
-27
-22
-16
-10
-2
9
21
24
23
18
15
17
22
28
29
27
27
27
30
38
44
47
45
45
47
47
45
43
39
37
36
34
35
33
33
37
39
40
39
39
41
42
40
37
35
33
31
20
7
-5
-14
-15
-12
-7
0
4
5
3
-2
-6
-7
-7
-6
-4
1
4
5
4
2
6
12
14
12
7
2
-4
-7
-7
-7
-8
-16
-29
-34
-33
-27
-19
-18
-22
-24
-22
-18
-12
-5
3
7
1
-7
-13
-17
-18
-13
-7
3
9
9
3
-4
-11
-16
-19
-20
-19
-20
-22
-23
-25
-24
-22
-17
-13
-10
-5
2
7
10
9
9
14
18
22
21
18
15
11
6
2
-2
-5
-7
-6
-3
-1
-1
-5
-11
-16
-22
-27
-27
-18
-6
1
0
-3
-4
-2
-1
-1
-1
-2
0
2
8
12
14
12
8
7
9
15
21
25
28
27
25
16
8
5
5
8
14
22
26
25
19
14
7
4
4
9
15
19
22
21
14
10
5
4
2
3
3
1
1
2
1
0
-5
-15
-23
-27
-25
-19
-12
-8
-8
-13
-20
-24
-23
-19
-13
-8
-7
-9
-15
-22
-24
-19
-13
-7
-4
-3
-2
-3
-8
-13
-15
-16
-14
-10
-8
-7
-6
-5
-4
-3
-2
1
1
-1
-2
-1
3
4
2
-1
-4
-7
-7
-3
6
14
18
20
18
15
15
15
13
12
13
11
7
3
2
5
11
17
22
22
21
14
7
5
4
5
8
8
8
7
6
6
4
6
7
9
15
17
17
19
19
15
9
4
-2
-7
-6
-3
2
4
4
2
-2
-8
-12
-12
-10
-8
-9
-15
-18
-18
-13
-9
-6
-9
-14
-22
-27
-25
-19
-10
-8
-7
-8
-12
-17
-21
-20
-16
-13
-8
-12
-17
-21
-26
-30
-30
-28
-25
-22
-16
-12
-11
-10
-10
-8
-6
-1
2
5
7
8
10
11
12
10
9
9
11
14
17
17
13
7
-3
-10
-10
-7
0
10
16
18
14
9
3
2
5
10
18
27
31
32
30
27
22
22
25
29
33
34
30
22
15
11
8
7
6
7
9
13
16
16
13
10
11
13
15
15
18
20
22
23
20
16
10
7
4
2
4
1
-4
-9
-17
-21
-27
-27
-21
-13
-6
-7
-15
-24
-31
-36
-39
-38
-35
-32
-25
-20
-16
-13
-11
-12
-17
-22
-26
-32
-34
-30
-25
-22
-24
-30
-39
-42
-41
-39
-37
-34
-31
-28
-23
-19
-14
-9
-7
-10
-10
-9
-7
-4
-2
-1
3
5
6
9
9
7
8
10
12
14
15
15
16
18
23
29
32
29
27
25
26
29
31
37
42
43
42
43
41
38
39
36
32
32
31
37
40
39
36
27
18
14
15
21
25
25
23
17
11
6
2
-1
-1
2
6
12
12
8
3
-3
-6
-5
-2
-1
-2
-4
-8
-12
-17
-21
-21
-23
-28
-26
-25
-25
-31
-38
-47
-54
-57
-55
-48
-40
-36
-32
-29
-28
-29
-26
-23
-22
-17
-16
-18
-26
-31
-34
-32
-29
-30
-31
-32
-34
-32
-30
-24
-21
-16
-11
-10
-8
-2
3
7
11
19
26
29
28
27
28
33
39
43
47
47
41
39
36
27
17
11
9
13
21
29
34
34
30
27
24
27
31
37
37
31
22
14
10
11
17
24
26
24
21
18
18
15
13
9
4
-1
-5
-6
-7
-10
-12
-18
-23
-28
-31
-31
-32
-32
-31
-29
-26
-23
-19
-14
-10
-6
-8
-12
-20
-25
-26
-26
-23
-22
-21
-20
-20
-19
-20
-24
-25
-27
-29
-27
-25
-22
-18
-14
-9
-3
1
5
7
6
3
0
0
2
4
6
9
9
8
8
11
16
18
16
16
16
18
21
21
19
21
22
25
29
30
29
26
21
18
17
15
16
17
19
17
15
15
13
11
8
3
0
-3
-2
-1
3
3
1
-1
-2
-2
-1
-3
-5
-9
-12
-13
-12
-8
-5
-5
-7
-13
-19
-24
-28
-27
-19
-12
-10
-10
-11
-14
-14
-14
-11
-11
-10
-9
-9
-9
-8
-5
-5
-2
1
3
5
6
6
5
2
-5
-7
-5
-1
2
2
2
2
1
0
1
0
-5
-9
-9
-7
-3
2
6
6
6
4
3
-1
-1
1
2
7
11
16
14
