-16
-17
-9
4
15
16
11
0
-9
-12
-5
2
10
11
5
-2
-7
-7
-2
4
6
6
2
-4
-5
-5
-1
6
8
9
4
-2
-8
-11
-10
-2
6
11
10
3
-3
-9
-9
-6
-1
5
7
6
1
1
-2
-1
3
4
4
6
2
0
-3
-7
-5
-2
-4
-1
-1
-3
0
-2
0
1
1
0
-1
-3
-2
0
2
4
3
1
2
0
1
1
-1
-2
-4
-5
-4
0
2
7
7
5
3
1
0
1
0
1
0
0
-2
-2
-3
-3
-1
3
5
6
4
-2
-7
-7
-8
-5
-3
-1
0
0
0
-2
-4
-7
-8
-5
-5
-4
-2
-2
-3
-5
-7
-8
-6
-4
-1
2
3
2
-1
-4
-4
-2
0
4
7
5
3
1
-2
-2
1
3
8
10
8
8
6
6
7
8
9
9
10
8
4
2
0
1
3
5
5
5
5
3
2
1
2
2
2
1
1
1
1
0
0
0
-2
-1
0
1
2
1
1
0
-2
-5
-8
-9
-9
-6
-3
-2
0
0
-2
-4
-5
-4
-3
-2
-1
-2
-5
-5
-6
-7
-6
-4
-2
-1
-1
-2
-3
-4
-5
-7
-7
-7
-5
-4
-3
-3
-4
-5
-5
-3
0
4
7
8
7
3
2
0
0
1
3
5
7
6
3
1
-1
1
4
7
9
9
7
6
3
2
1
1
1
1
3
3
5
5
5
4
3
2
3
3
3
3
2
3
0
-1
-4
-5
-3
-1
1
4
3
3
2
1
0
0
0
0
0
-1
-1
-2
-3
-4
-4
-4
-2
-2
-2
0
-2
-3
-4
-4
-4
-1
0
0
0
-3
-5
-6
-4
-4
-2
-1
-2
-2
-2
-1
0
0
0
1
1
1
1
0
-1
-2
-2
-1
0
1
0
-1
-2
-1
-1
0
0
-1
0
0
-2
-1
0
0
-1
0
0
0
0
-1
0
0
1
1
1
1
2
1
1
0
0
0
0
2
1
1
0
0
0
0
0
1
1
0
1
1
1
0
0
0
0
0
1
1
0
0
0
0
0
-1
0
0
0
0
-1
0
1
0
0
1
0
0
0
1
0
0
1
0
1
1
0
0
0
0
1
0
0
0
1
1
1
1
1
1
0
1
1
0
1
0
0
0
0
0
0
1
1
0
0
1
0
0
0
1
0
0
0
-1
-1
0
0
0
0
0
0
0
0
-1
0
0
0
0
0
-1
0
0
0
0
0
0
0
0
0
0
-1
0
1
0
0
0
0
0
0
0
-1
0
1
0
0
0
0
-1
1
-1
-1
0
0
0
0
1
0
-1
0
0
0
1
1
0
0
1
0
1
-1
-1
0
1
1
-1
0
0
0
1
0
0
0
0
0
0
1
0
0
0
0
0
0
0
0
0
0
0
0
-1
1
0
1
0
0
1
0
0
0
0
0
0
-1
1
0
-1
-1
0
1
0
1
0
0
-1
-1
-1
0
0
1
3
2
-1
-4
-5
-1
6
7
1
-5
-8
-4
3
5
3
1
-1
-2
-2
-2
-1
2
5
6
3
-4
-8
-5
1
7
7
3
-3
-5
-3
1
3
5
5
3
-2
-6
-5
-2
3
5
3
0
-4
-4
-1
2
4
2
-2
-5
-5
0
5
6
1
-6
-8
-1
5
3
-3
-5
0
8
6
-4
-13
-9
2
9
8
3
-6
-11
-7
4
11
7
-4
-10
-6
2
4
3
2
-1
-3
-2
5
6
-2
-7
-1
10
10
-3
-11
-6
8
8
-5
-10
1
14
11
-10
-23
-15
9
26
26
10
-11
-23
-16
1
15
17
8
4
3
-10
-35
-38
1
56
65
4
-78
-94
-20
73
96
39
-34
-62
-45
-14
10
24
34
29
11
-21
-50
-58
-30
35
84
60
-16
-82
-82
-27
35
62
33
-14
-44
-57
-51
-23
24
64
56
15
-36
-59
-36
7
46
47
17
-26
-49
-26
24
63
55
0
-64
-85
-18
80
95
13
-61
-35
44
70
-10
-112
-90
63
183
135
-31
-147
-136
-24
110
168
87
-84
-175
-85
97
169
68
-67
-96
-51
-15
15
48
37
-50
-97
-29
50
62
37
44
42
-29
-94
-61
78
188
131
-82
-255
-194
21
193
198
39
-171
-278
-145
117
281
211
-64
-308
-292
11
304
296
42
-219
-289
-142
112
284
235
31
-164
-232
-131
77
214
159
-9
-96
-82
-64
-93
-108
-15
135
196
35
-234
-331
-149
169
313
193
-37
-179
-169
-127
-30
143
286
284
86
-167
-328
-263
44
366
416
119
-250
-398
-185
186
367
208
-130
-304
-208
-26
98
129
109
42
-102
-220
-208
-18
212
255
114
-78
-197
-201
-84
166
317
156
-170
-333
-149
184
346
250
5
-173
-192
-69
83
149
110
7
-65
-97
-123
-96
47
231
245
31
-211
-236
-4
217
209
8
-171
-220
-175
-42
104
157
46
-137
-219
-178
-80
22
144
218
117
-103
-222
-96
62
64
29
77
103
-9
-89
7
103
36
-105
-131
-4
87
56
-7
-24
-10
-66
-144
-127
-55
12
69
81
16
-93
-99
7
102
112
33
-58
-65
21
94
63
-5
-43
-64
-109
-124
-19
126
169
38
-155
-201
-24
241
331
132
-182
-311
-116
188
365
311
84
-162
-263
-145
54
179
195
123
23
-61
-87
-37
18
65
116
144
114
-12
-151
-157
36
264
303
160
-114
-318
-232
107
371
234
-102
-303
-317
-210
-60
109
197
109
-104
-278
-255
-77
80
111
73
-44
-232
-325
-219
-51
18
-15
-49
-127
-240
-274
-163
29
128
50
-129
-228
-179
-43
71
155
206
163
48
-44
-21
91
192
241
222
135
20
-36
-39
-25
-6
4
-6
-84
-192
-249
-185
-36
32
-39
-165
-207
-130
-16
99
159
155
120
120
173
230
306
361
394
393
373
360
372
431
482
475
414
320
251
224
240
234
184
121
73
59
-1
-70
-66
51
176
160
7
-98
-89
-66
-80
-73
-60
-142
-217
-201
-183
-268
-324
-233
-184
-228
-242
-231
-313
-481
-426
-200
-17
-25
-213
-430
-562
-457
-213
-13
-37
-299
-573
-611
-330
19
195
202
101
-69
-260
-306
-182
-65
-118
-341
-564
-641
-548
-391
-326
-435
-661
-827
-801
-615
-398
-309
-349
-440
-509
-473
-296
-13
219
306
295
298
372
502
682
835
889
842
738
699
765
886
975
988
937
819
704
682
771
857
834
733
615
549
526
525
545
550
520
443
374
343
367
410
420
380
321
256
183
133
122
123
109
70
-20
-143
-228
-272
-255
-152
-94
-258
-561
-585
-302
-63
-137
-383
-502
-447
-223
-22
75
8
-219
-485
-670
-618
-489
-375
-339
-470
-877
-1568
-2074
-2126
-1699
-1085
-745
-1042
-2007
-2898
-2957
-2031
-799
-81
-131
-685
-1158
-1205
-723
106
846
1164
939
494
216
310
746
1258
1526
1319
796
368
319
588
886
978
775
402
77
-22
148
422
610
601
443
255
164
274
565
881
1010
881
680
626
785
1036
1209
1209
1043
843
736
742
773
783
757
683
548
368
229
189
251
316
291
192
78
38
75
160
234
253
204
99
4
-61
-86
-88
-38
-27
-166
-376
-516
-496
-432
-378
-370
-439
-555
-678
-671
-544
-418
-438
-611
-740
-673
-413
-109
91
119
23
-36
63
321
534
565
382
-41
-578
-1030
-1233
-1359
-1595
-1905
-2149
-2354
-2673
-2997
-3057
-2739
-2361
-2238
-2314
-2253
-1857
-1260
-684
-288
-39
198
555
999
1395
1663
1791
1852
1918
1987
1951
1793
1620
1482
1326
1078
779
502
321
226
137
-6
-193
-316
-310
-191
-42
77
165
273
468
741
1012
1200
1340
1489
1645
1777
1859
1887
1868
1809
1688
1518
1325
1157
1018
844
611
337
87
-95
-208
-291
-414
-618
-850
-1050
-1193
-1181
-1014
-819
-785
-870
-873
-674
-348
-81
48
71
145
279
403
420
346
305
341
427
405
211
-60
-230
-263
-316
-460
-657
-791
-825
-817
-856
-982
-1103
-1115
-1021
-935
-889
-824
-737
-672
-592
-432
-245
-104
23
71
24
39
293
579
583
394
228
205
281
397
423
294
164
107
62
-52
-181
-275
-440
-713
-1120
-1548
-1803
-1660
-1228
-1004
-1203
-1720
-2093
-1965
-1327
-666
-488
-625
-653
-355
18
254
415
617
945
1214
1279
1159
1098
1276
1515
1638
1547
1313
1058
943
1007
1051
956
738
555
463
416
376
324
322
357
381
282
35
-128
36
460
697
486
31
-164
175
727
957
680
234
-34
-41
126
309
370
304
240
161
5
-144
-85
201
479
532
324
70
22
235
518
647
560
335
176
196
306
354
311
263
229
135
-23
-177
-232
-178
-117
-158
-341
-534
-580
-446
-327
-419
-701
-954
-984
-896
-821
-833
-866
-865
-822
-719
-611
-559
-547
-411
-212
-149
-276
-429
-508
-425
-228
-141
-246
-400
-360
-245
-111
-19
28
59
35
63
65
14
-101
-222
-323
-441
-537
-655
-740
-793
-916
-1132
-1375
-1528
-1579
-1507
-1382
-1294
-1229
-1107
-912
-766
-657
-469
-115
290
582
749
817
822
894
1191
1617
1841
1764
1561
1437
1446
1549
1632
1572
1381
1158
987
866
765
700
646
581
468
272
-96
-446
-373
48
310
205
63
-6
-91
-151
-76
136
413
769
1034
1000
703
460
547
886
1207
1235
1000
750
653
654
655
668
635
500
290
103
-35
-130
-128
-30
-4
-176
-444
-580
-520
-374
-261
-234
-301
-465
-600
-578
-400
-253
-298
-477
-646
-723
-738
-662
-572
-595
-722
-804
-766
-738
-755
-765
-711
-677
-779
-905
-887
-725
-613
-619
-686
-734
-796
-848
-718
-410
-210
-296
-409
-372
-305
-223
89
443
442
141
-60
19
151
216
321
475
405
-34
-529
-752
-713
-647
-538
-253
54
-13
-610
-1339
-1762
-1651
-1097
-499
-340
-706
-1197
-1352
-1035
-489
1
313
412
327
230
401
880
1411
1730
1769
1639
1500
1486
1651
1915
2091
2038
1757
1402
1142
1076
1144
1200
1099
776
243
-282
-522
-403
-72
199
170
-292
-953
-1350
-1112
-326
486
837
593
96
-172
99
773
1459
1826
1747
1378
987
805
883
1141
1368
1309
898
339
-52
-107
51
145
-11
-389
-806
-1044
-1000
-775
-579
-551
-652
-766
-856
-886
-817
-610
-382
-312
-454
-665
-776
-714
-491
-228
-175
-368
-559
-557
-439
-420
-468
-539
-609
-723
-796
-831
-908
-955
-973
-940
-944
-889
-799
-663
-464
-366
-399
-532
-495
-341
-151
51
227
402
490
575
617
684
678
452
177
96
288
441
406
131
-105
59
493
531
-359
-1662
-2569
-2681
-2092
-1118
-469
-852
-1974
-2882
-2903
-2026
-661
493
794
366
-112
-77
547
1556
2539
3022
2885
2435
2096
2096
2472
2964
3144
2808
2138
1441
981
870
1002
1039
715
-55
-1073
-1778
-1637
-807
-152
-275
-1093
-2033
-2403
-1763
-429
673
921
487
27
34
588
1441
2228
2620
2493
1987
1417
1157
1310
1665
1866
1660
994
122
-481
-578
-355
-226
-403
-853
-1360
-1685
-1667
-1358
-1012
-833
-879
-1023
-1129
-1068
-771
-330
69
242
150
-67
-197
-126
44
171
135
-51
-227
-362
-473
-571
-554
-527
-668
-979
-1206
-1151
-1047
-1030
-1127
-1140
-1116
-1026
-893
-756
-639
-644
-622
-487
-65
419
652
614
655
855
964
1055
1135
1069
740
335
43
-58
113
403
634
471
-287
-1653
-3317
-4386
-3959
-2088
-299
-296
-2211
-4399
-4929
-3411
-982
808
1141
368
-479
-485
441
1834
3049
3720
3747
3247
2626
2356
2714
3467
4046
3896
2919
1652
798
723
1110
1373
1068
198
-854
-1785
-2400
-2347
-1469
-547
-485
-1088
-1597
-1688
-1266
-313
713
1176
1046
851
974
1411
1944
2349
2515
2409
2075
1626
1333
1365
1519
1464
1114
550
-164
-796
-1035
-917
-860
-1105
-1498
-1798
-1940
-1901
-1656
-1289
-995
-859
-819
-729
-488
-151
195
467
640
657
600
597
627
546
333
122
-11
-109
-252
-438
-679
-981
-1286
-1474
-1515
-1469
-1455
-1513
-1594
-1609
-1502
-1307
-1033
-718
-477
-308
-115
39
-30
-105
209
853
1344
1354
1238
1351
1500
1417
1233
1213
1159
878
295
-393
-883
-1051
-901
-874
-1301
-2308
-3483
-4428
-4755
-4050
-2589
-1418
-1679
-3056
-4040
-3470
-1637
209
1245
1320
962
805
1261
2276
3345
4072
4276
4098
3638
3161
2956
3116
3413
3401
2878
1901
888
288
201
337
254
-150
-791
-1393
-1787
-2035
-2214
-2102
-1437
-627
-319
-603
-882
-646
101
1040
1792
2106
1939
1691
1828
2315
2658
2548
2152
1740
1435
1145
859
644
476
207
-248
-782
-1288
-1700
-1907
-1810
-1556
-1512
-1747
-1975
-1932
-1640
-1236
-830
-498
-248
-82
80
285
555
877
1174
1373
1365
1155
848
651
611
555
362
-31
-544
-994
-1219
-1244
-1239
-1326
-1532
-1718
-1805
-1819
-1788
-1647
-1339
-971
-746
-828
-1012
-924
-399
357
934
1003
594
244
346
873
1609
2235
2330
1597
544
19
424
1279
1713
1212
-191
-1725
-2630
-2560
-1998
-1689
-2018
-3047
-4391
-5407
-5163
-3645
-1975
-1431
-2175
-3067
-3084
-1909
-227
1228
1996
2095
1951
1968
2470
3237
4009
4500
4583
4257
3639
3095
2845
2944
3029
2774
2051
1043
187
-265
-320
-277
-400
-814
-1478
-2241
-2800
-2641
-1753
-718
-173
-261
-624
-750
-224
840
1985
2665
2712
2387
2102
2151
2428
2678
2668
2389
1934
1396
873
426
81
-215
-451
-737
-1167
-1670
-2036
-2112
-1976
-1802
-1744
-1771
-1793
-1669
-1349
-914
-481
-127
149
329
485
650
857
1110
1317
1394
1265
1012
755
583
458
233
-139
-607
-1013
-1284
-1464
-1662
-1923
-2093
-2082
-1965
-1923
-1968
-1987
-1887
-1566
-1139
-776
-553
-392
-225
4
337
683
884
902
886
932
1060
1257
1468
1471
1263
1000
927
1099
1275
1030
201
-792
-1615
-1970
-1864
-1609
-1822
-2643
-3692
-4718
-5271
-4769
-3147
-1768
-1833
-2898
-3566
-3026
-1607
67
1257
1693
1608
1535
1839
2549
3512
4300
4703
4642
4249
3722
3359
3357
3501
3484
3042
2227
1253
496
224
258
170
-378
-1327
-2192
-2391
-1934
-1429
-1267
-1324
-1314
-1166
-843
-283
412
1076
1586
1938
2074
2106
2267
2651
3123
3312
2957
2199
1542
1270
1286
1285
970
239
-703
-1391
-1587
-1533
-1624
-1907
-2164
-2302
-2327
-2298
-2198
-1967
-1560
-1053
-640
-436
-392
-226
239
863
1332
1417
1294
1234
1287
1329
1258
1038
696
305
-106
-546
-989
-1343
-1535
-1637
-1863
-2246
-2575
-2608
-2380
-2099
-1938
-1872
-1797
-1711
-1506
-1104
-539
-130
112
450
912
1105
919
775
1008
1568
2019
2136
1801
1278
991
1150
1535
1680
1380
621
-445
-1491
-2145
-2300
-2221
-2133
-2352
-3045
-4292
-5678
-6164
-5043
-2916
-1618
-2008
-3219
-3706
-2899
-1214
605
1821
2177
2012
2007
2440
3260
4201
4954
5330
5188
4663
3994
3558
3552
3793
3847
3279
2151
909
137
-38
18
-267
-1181
-2301
-2842
-2472
-1836
-1586
-1703
-1819
-1682
-1221
-499
292
967
1495
1945
2242
2380
2484
2751
3206
3588
3519
2935
2254
1901
1854
1777
1382
610
-281
-935
-1236
-1394
-1673
-2072
-2416
-2589
-2609
-2594
-2580
-2421
-2013
-1481
-1078
-891
-760
-466
74
715
1193
1331
1225
1158
1275
1438
1449
1212
776
288
-136
-449
-673
-903
-1228
-1653
-2045
-2336
-2606
-2802
-2753
-2533
-2392
-2313
-2140
-1855
-1537
-1306
-1087
-721
-190
284
603
868
1030
1094
1033
1089
1451
2002
2381
2283
1776
1178
1003
1351
1818
1670
547
-945
-1979
-2286
-2278
-2416
-2981
-3953
-5104
-6069
-6161
-5071
-3681
-3225
-3859
-4437
-3960
-2636
-1108
196
1101
1539
1821
2322
3097
4091
5064
5764
5984
5806
5441
5084
4943
5032
5089
4673
3756
2643
1686
1055
615
99
-788
-1940
-2741
-2693
-2149
-1953
-2274
-2703
-2759
-2276
-1399
-443
285
789
1213
1666
2115
2578
3038
3455
3832
3980
3696
3154
2830
2870
2899
2541
1720
725
-171
-751
-1010
-1233
-1640
-2253
-2801
-3128
-3252
-3305
-3257
-2979
-2567
-2213
-2007
-1815
-1455
-842
-86
566
948
1048
1093
1323
1742
2062
2000
1605
1126
758
448
71
-417
-918
-1294
-1609
-2039
-2642
-3129
-3211
-2987
-2771
-2744
-2864
-2966
-2782
-2223
-1435
-751
-460
-501
-505
-125
643
1450
1826
1652
1325
1206
1515
2124
2662
2829
2581
2067
1500
1224
1150
1018
500
-491
-1793
-3090
-3797
-3695
-3344
-4038
-5953
-7493
-7058
-5084
-3644
-3693
-4460
-4601
-3802
-2305
-541
921
1799
2193
2663
3403
4344
5226
5936
6499
6821
6829
6414
5819
5399
5284
5197
4702
3714
2447
1373
614
-41
-975
-2264
-3240
-3256
-2541
-2246
-2879
-3764
-3946
-3102
-1709
-428
258
457
635
1207
2120
3030
3701
4080
4284
4249
3931
3468
3224
3305
3347
2951
1975
713
-396
-1054
-1293
-1439
-1867
-2679
-3565
-4106
-4134
-3886
-3653
-3474
-3265
-2990
-2632
-2195
-1656
-1017
-263
533
1142
1432
1483
1589
1945
2459
2755
2523
1873
1180
728
494
302
-73
-685
-1355
-1962
-2449
-2821
-3026
-3046
-2955
-2882
-2882
-2867
-2651
-2173
-1604
-1145
-833
-467
139
878
1440
1607
1511
1445
1699
2344
3049
3484
3579
3427
2950
2420
2187
2198
2014
1406
322
-1624
-4136
-5963
-5952
-4900
-4674
-5917
-7592
-8387
-8111
-7286
-6381
-5370
-4304
-3411
-2734
-2097
-1152
195
1914
3661
4991
5617
5713
5867
6425
7363
8230
8428
7751
6643
5709
5114
4655
4035
3177
2071
769
-600
-1961
-3215
-4125
-4216
-3547
-2969
-3339
-4393
-4995
-4340
-2663
-845
409
896
1041
1425
2387
3676
4763
5345
5538
5628
5586
5284
4793
4336
3997
3560
2710
1434
116
-865
-1440
-1891
-2578
-3558
-4480
-4947
-4904
-4659
-4522
-4475
-4291
-3839
-3196
-2477
-1764
-986
-81
845
1621
2108
2364
2567
2925
3402
3700
3480
2766
1992
1457
1127
701
21
-762
-1420
-1958
-2541
-3099
-3553
-3808
-3811
-3663
-3584
-3672
-3708
-3396
-2575
-1515
-706
-449
-585
-499
237
1393
2484
3136
3137
2814
2712
2918
3245
3706
4080
3976
3248
2042
615
-797
-2000
-3009
-3854
-4593
-5384
-6762
-8631
-9490
-8459
-6897
-6397
-6837
-7043
-6323
-4841
-3102
-1439
-67
968
1924
2932
4063
5364
6629
7551
8139
8436
8331
8000
7650
7349
7074
6535
5525
4154
2758
1617
790
35
-853
-2032
-3614
-5002
-5259
-4482
-3746
-3658
-3913
-3968
-3536
-2612
-1282
194
1395
2196
2751
3262
3905
4646
5274
5726
5941
5648
4920
4252
3877
3486
2741
1705
609
-473
-1472
-2221
-2759
-3346
-4043
-4656
-5014
-5062
-4944
-4758
-4428
-3888
-3311
-2847
-2353
-1565
-520
462
1191
1700
2070
2413
2836
3268
3457
3264
2807
2355
2022
1656
1107
409
-262
-854
-1476
-2106
-2531
-2750
-2935
-3194
-3503
-3704
-3652
-3216
-2411
-1524
-1045
-1218
-1501
-1108
148
1464
2053
2006
1886
2060
2595
3242
3549
3517
3431
3486
3643
3582
3127
2274
1222
-224
-2437
-4950
-6447
-6174
-5367
-5684
-7298
-8965
-9643
-9168
-7991
-6710
-5580
-4720
-4034
-3285
-2242
-765
953
2622
3997
5066
5818
6336
6849
7427
8075
8525
8462
7776
6740
5800
5132
4597
3847
2764
1402
-100
-1457
-2539
-3296
-3654
-3712
-3807
-4192
-4587
-4513
-3814
-2797
-1784
-832
-2
742
1508
2421
3439
4410
5100
5384
5446
5404
5315
5181
4998
4668
3997
2965
1757
646
-253
-933
-1493
-2142
-2987
-3916
-4653
-4955
-4868
-4687
-4589
-4501
-4253
-3723
-2990
-2233
-1525
-877
-173
626
1374
1909
2245
2514
2797
3082
3169
2945
2597
2272
1933
1469
789
-51
-863
-1533
-1998
-2287
-2591
-3007
-3430
-3707
-3716
-3462
-3087
-2792
-2573
-2292
-1789
-975
-244
84
230
570
1196
2015
2782
3185
3129
2930
3013
3349
3572
3686
4045
4333
3699
2046
-292
-3201
-6017
-7366
-6471
-4634
-4334
-6462
-9526
-11452
-11140
-8922
-6324
-4777
-4459
-4632
-4459
-3334
-1335
966
3030
4402
5084
5498
5983
6780
7894
8962
9587
9420
8304
6800
5826
5562
5456
4934
3700
1885
35
-1476
-2558
-3288
-3750
-3881
-3880
-4204
-4784
-5055
-4597
-3430
-2042
-917
-137
574
1470
2603
3806
4811
5487
5869
6032
6062
5992
5800
5533
5184
4570
3683
2603
1371
69
-1050
-1713
-2065
-2569
-3505
-4604
-5321
-5396
-5039
-4716
-4715
-4835
-4599
-3805
-2700
-1687
-976
-466
140
918
1688
2249
2589
2863
3163
3406
3364
2941
2317
1783
1451
1120
526
-338
-1271
-1986
-2314
-2428
-2641
-3042
-3516
-3848
-3885
-3631
-3234
-2807
-2363
-2005
-1755
-1348
-550
365
1045
1503
1793
1928
2269
2917
3394
3248
2545
1962
2155
3025
3741
3677
2598
765
-1352
-3744
-6194
-7899
-7965
-6432
-4656
-4688
-7203
-10475
-12120
-10758
-7043
-3267
-1470
-1996
-3494
-3942
-2179
1080
4294
6262
6579
5984
5705
6290
7462
8665
9357
9304
8407
6735
5011
4035
3883
4006
3594
2134
6
-1904
-3014
-3294
-3216
-3228
-3294
-3236
-3229
-3298
-3237
-2723
-1507
117
1513
2304
2622
2887
3597
4722
5753
6252
6060
5513
5106
4962
4780
4330
3546
2410
1137
-33
-872
-1397
-1971
-2791
-3717
-4509
-5064
-5287
-5121
-4642
-4124
-3916
-3907
-3663
-2935
-1911
-900
-80
609
1268
1792
2165
2478
2707
2821
2867
2846
2681
2270
1646
995
441
-115
-739
-1371
-1924
-2361
-2721
-3105
-3506
-3853
-4065
-3998
-3615
-3095
-2679
-2491
-2378
-2041
-1394
-607
252
1187
1916
2093
1730
1271
1354
2306
3576
4202
3741
2625
1916
2204
3342
4288
3217
-1098
-7169
-11274
-10903
-6882
-2771
-2071
-5744
-11426
-15167
-14252
-9313
-3739
-659
-1060
-3554
-5353
-4470
-1018
3357
6740
8074
7598
6430
5791
6495
8482
10738
11913
10998
8252
5287
3675
3815
4923
5463
4240
1507
-1511
-3495
-3878
-3257
-2543
-2252
-2530
-3338
-4213
-4446
-3597
-1661
601
2208
2692
2304
2036
2946
4976
6985
7860
7277
5938
4972
4823
5182
5378
4836
3474
1713
74
-1198
-2054
-2727
-3317
-3754
-4264
-4955
-5649
-6023
-5787
-4978
-4038
-3429
-3211
-3110
-2632
-1548
-166
1057
1843
2182
2272
2360
2502
2657
2869
3036
2976
2488
1528
420
-433
-900
-1154
-1537
-2262
-3130
-3745
-3981
-4034
-4118
-4323
-4408
-4046
-3314
-2699
-2608
-2655
-2172
-969
315
1026
1176
1340
1776
2100
2266
2287
2106
1904
2044
2437
2796
3123
3629
4087
3049
-1212
-7708
-12346
-11558
-6284
-1653
-1872
-6757
-12731
-15966
-14361
-8898
-3076
-166
-1206
-4182
-5824
-4335
-339
4172
7280
8133
7396
6219
5756
6767
8881
10954
11747
10570
7875
5098
3624
3809
4885
5284
3963
1276
-1608
-3335
-3424
-2567
-1723
-1525
-2190
-3253
-3733
-3196
-1908
-352
968
1840
2348
2672
3101
3982
5299
6534
7041
6466
5245
4306
4151
4582
4802
4064
2412
587
-733
-1421
-1815
-2335
-3071
-3812
-4416
-4777
-4912
-4908
-4680
-4127
-3401
-2830
-2550
-2386
-1924
-951
277
1331
1866
1910
1789
1793
2037
2313
2385
2216
1932
1595
1069
277
-664
-1454
-1931
-2094
-2163
-2461
-3021
-3591
-3868
-3786
-3543
-3286
-3085
-2914
-2656
-2066
-1195
-475
37
370
641
954
1352
1702
1940
2166
2097
1599
874
553
964
1920
2963
3616
3504
1756
-2549
-8512
-12404
-10781
-4924
-253
-1120
-6884
-12966
-15085
-11990
-5934
-743
863
-1059
-3929
-4898
-2723
1434
5377
7461
7443
6281
5105
4923
6082
8162
9960
10180
8438
5425
2772
1852
2732
4106
4289
2638
-134
-2594
-3549
-2920
-1614
-719
-730
-1511
-2438
-2687
-1987
-581
993
2217
2799
2811
2782
3206
4193
5259
5824
5665
4948
4196
3721
3521
3384
3062
2338
1261
133
-841
-1560
-2104
-2546
-2872
-3149
-3465
-3816
-4028
-3956
-3508
-2754
-2051
-1559
-1327
-1219
-951
-422
336
1111
1719
1910
1675
1239
878
896
1185
1424
1206
504
-330
-893
-1083
-1252
-1563
-2034
-2562
-2908
-2925
-2658
-2436
-2457
-2688
-2770
-2382
-1630
-966
-675
-506
-312
-48
295
690
894
806
711
773
1029
1112
809
330
323
956
1718
2240
1940
-239
-4723
-9210
-10119
-6739
-2355
-899
-3540
-8020
-11103
-10872
-7458
-2771
566
808
-1107
-2860
-2682
-368
2790
5425
6602
6337
5207
4175
4212
5473
7265
8084
7262
5248
3002
1659
1686
2573
3188
2744
1134
-873
-2072
-2073
-1357
-578
-221
-379
-759
-984
-825
-203
814
1840
2581
2792
2650
2647
3013
3823
4629
4870
4241
3182
2354
2058
2276
2403
2032
1162
69
-891
-1472
-1631
-1660
-1712
-1881
-2194
-2523
-2770
-2731
-2311
-1649
-1023
-729
-793
-959
-802
-230
476
1012
1157
999
741
547
470
451
412
224
-69
-371
-644
-933
-1289
-1670
-2004
-2135
-2073
-1856
-1642
-1743
-2239
-2658
-2399
-1577
-779
-422
-454
-664
-837
-855
-349
479
961
733
28
-381
-269
100
307
424
637
840
865
636
371
-143
-2059
-5516
-8284
-7759
-4551
-1806
-1970
-4707
-7489
-8571
-7379
-4495
-1194
911
901
-451
-1548
-947
1091
3297
4897
5529
5308
4520
3731
3602
4487
5766
6151
5275
3585
1915
1078
1264
2001
2461
2053
766
-663
-1386
-1296
-700
-60
423
708
503
-85
-359
139
1188
2259
2886
2867
2508
2276
2410
2993
3609
3615
2900
1961
1413
1402
1525
1365
966
433
-224
-845
-1226
-1286
-1152
-1057
-1136
-1294
-1458
-1594
-1457
-987
-468
-195
-248
-452
-428
-89
309
585
650
465
151
-85
-160
-128
-188
-476
-767
-934
-1115
-1391
-1703
-1912
-1853
-1584
-1419
-1515
-1775
-2022
-1961
-1522
-1030
-743
-742
-939
-1061
-861
-465
-199
-228
-489
-668
-551
-379
-219
-124
-226
-553
-916
-1084
-958
-451
-24
27
-109
-99
134
-354
-2465
-5243
-6264
-4413
-1596
-303
-1542
-4016
-5760
-5858
-4063
-1238
1071
1494
227
-1109
-1205
190
1930
3060
3649
3655
3180
2448
2059
2514
3596
4514
4401
3429
2092
1057
953
1655
2643
2961
2092
474
-654
-487
528
1652
2089
1734
990
300
206
820
1776
2420
2612
2416
1924
1509
1471
1988
2767
3142
2657
1619
738
499
846
1266
1299
873
128
-625
-1004
-970
-781
-631
-613
-730
-927
-1113
-1144
-879
-431
-140
-126
-360
-602
-616
-351
9
198
112
-208
-522
-694
-771
-852
-891
-801
-747
-938
-1349
-1645
-1622
-1502
-1558
-1753
-1780
-1582
-1446
-1532
-1698
-1755
-1709
-1634
-1402
-1001
-673
-694
-1018
-1209
-1015
-645
-570
-726
-865
-930
-1047
-1171
-1082
-743
-363
-394
-779
-1053
-884
-321
317
718
447
-981
-3049
-4191
-3181
-918
377
-380
-2373
-3724
-3632
-2422
-738
596
966
190
-793
-935
21
1408
2231
2463
2380
2181
1826
1552
1871
2732
3501
3423
2684
1905
1514
1618
1916
2110
2049
1852
1620
1412
1308
1221
1140
1151
1312
1528
1573
1401
1247
1310
1546
1759
1835
1747
1566
1449
1481
1676
1846
1782
1422
947
579
418
500
620
621
447
144
-176
-387
-422
-400
-353
-343
-403
-529
-663
-723
-681
-553
-475
-472
-570
-703
-748
-659
-501
-404
-440
-634
-880
-1031
-1041
-976
-1014
-1260
-1546
-1582
-1284
-1018
-1148
-1606
-1957
-1939
-1640
-1290
-1154
-1347
-1658
-1758
-1586
-1433
-1414
-1327
-1025
-724
-815
-1211
-1481
-1222
-668
-328
-360
-676
-1066
-1417
-1443
-991
-298
75
-175
-699
-902
-603
-145
236
527
788
784
229
-650
-1342
-1161
-247
540
469
-442
-1312
-1602
-1072
-131
499
418
-188
-501
-189
488
970
1026
955
964
1135
1326
1424
1479
1552
1769
1938
1878
1564
1223
1187
1538
2056
2209
1750
982
559
794
1382
1803
1731
1329
935
811
903
1040
1187
1326
1435
1389
1219
1023
958
1115
1365
1508
1352
983
657
574
714
856
817
555
233
6
-72
-62
-58
-102
-188
-313
-455
-566
-595
-546
-448
-348
-336
-426
-579
-689
-715
-702
-705
-758
-808
-827
-859
-989
-1278
-1542
-1534
-1259
-1017
-1048
-1243
-1365
-1338
-1314
-1396
-1523
-1549
-1426
-1238
-1136
-1279
-1570
-1759
-1613
-1150
-688
-556
-840
-1153
-1088
-690
-417
-552
-862
-966
-803
-584
-481
-560
-706
-803
-672
-302
53
155
-48
-279
-329
-144
127
305
414
496
498
278
-41
-115
215
739
1044
965
585
181
69
263
583
677
492
196
89
320
555
498
152
-50
112
478
756
833
818
752
759
881
1060
1141
1075
1036
1158
1346
1397
1249
1041
952
1032
1170
1208
1148
1092
1082
1055
980
925
909
944
999
1036
972
803
674
686
814
896
843
667
487
398
375
382
389
371
283
124
-40
-150
-172
-143
-142
-217
-368
-542
-657
-664
-587
-545
-603
-729
-844
-882
-868
-846
-852
-861
-893
-965
-1056
-1144
-1188
-1171
-1121
-1127
-1223
-1339
-1361
-1246
-1112
-1093
-1183
-1235
-1131
-955
-829
-837
-902
-946
-936
-824
-626
-388
-331
-530
-807
-857
-633
-377
-288
-361
-428
-441
-384
-274
-148
-97
-172
-281
-314
-239
-112
9
102
200
264
310
308
307
366
474
625
727
795
808
756
614
423
354
458
671
820
781
590
372
330
503
750
887
809
627
487
512
638
712
736
745
761
661
449
246
157
290
559
815
813
527
178
31
219
541
736
624
292
-24
-137
-11
197
337
331
225
107
53
126
278
441
529
496
356
164
37
28
127
246
297
237
84
-67
-144
-109
-19
63
92
38
-70
-205
-302
-315
-273
-219
-206
-261
-347
-410
-407
-336
-247
-197
-212
-264
-324
-367
-388
-401
-405
-401
-410
-468
-575
-677
-706
-652
-604
-621
-699
-749
-727
-701
-712
-736
-723
-680
-652
-667
-697
-677
-592
-527
-537
-609
-650
-582
-429
-273
-244
-350
-461
-408
-150
162
346
304
107
-30
67
356
621
662
481
287
275
445
631
673
580
479
489
606
749
841
821
724
642
655
742
830
856
793
642
444
323
306
373
452
481
439
320
205
117
88
123
187
240
195
62
-102
-179
-123
-20
6
-131
-308
-391
-340
-252
-244
-342
-510
-697
-828
-869
-814
-723
-662
-640
-644
-632
-607
-582
-525
-390
-176
36
153
165
125
100
151
265
391
466
482
468
459
466
483
496
480
451
431
453
487
494
468
407
323
225
139
71
16
-29
-53
-88
-141
-196
-229
-211
-173
-121
-80
-52
-27
-1
39
70
97
93
55
-2
-57
-85
-77
-31
8
10
-14
-33
-38
-43
-21
46
130
173
165
148
143
131
87
24
-14
8
65
108
129
133
129
100
43
16
35
83
107
68
-12
-104
-180
-232
-258
-251
-247
-292
-401
-530
-598
-585
-532
-511
-550
-620
-693
-750
-782
-770
-724
-677
-683
-770
-859
-855
-722
-538
-425
-414
-459
-465
-367
-210
-68
8
16
7
14
47
101
154
215
278
326
342
332
334
401
504
577
591
580
602
648
688
688
638
575
529
511
492
440
343
218
112
69
84
117
145
148
138
148
204
312
427
512
563
599
673
786
922
1038
1104
1122
1107
1094
1082
1070
1046
992
873
694
509
354
254
183
113
15
-114
-242
-339
-397
-436
-475
-525
-559
-568
-572
-611
-703
-777
-781
-709
-626
-583
-589
-638
-675
-681
-648
-596
-553
-533
-542
-562
-583
-590
-558
-489
-408
-376
-426
-528
-606
-609
-547
-470
-426
-443
-519
-617
-671
-642
-540
-430
-380
-419
-495
-541
-521
-443
-347
-261
-220
-237
-276
-267
-185
-85
-15
15
27
51
91
137
188
246
302
346
395
459
515
527
484
428
411
448
503
515
475
417
382
390
416
449
473
490
501
502
501
498
491
491
513
539
528
482
431
393
358
326
304
289
244
159
85
58
61
57
34
22
46
103
174
240
301
353
394
425
450
460
451
418
376
342
311
276
224
155
75
-15
-102
-164
-190
-197
-221
-274
-343
-402
-426
-425
-412
-407
-434
-478
-507
-507
-493
-481
-464
-444
-439
-459
-486
-491
-467
-420
-383
-363
-343
-306
-254
-212
-173
-136
-108
-89
-82
-90
-96
-92
-80
-73
-91
-120
-147
-157
-145
-124
-105
-102
-112
-120
-121
-101
-66
-30
-7
-14
-35
-49
-48
-35
-11
22
50
63
57
51
59
85
128
170
196
194
171
155
171
223
290
351
386
393
380
363
360
375
399
415
409
374
324
270
222
184
173
171
153
104
37
-21
-49
-39
-10
4
-30
-95
-137
-128
-63
23
75
64
-15
-140
-275
-394
-477
-533
-605
-704
-805
-858
-820
-713
-591
-495
-433
-379
-323
-251
-167
-83
-9
43
69
81
102
162
258
359
429
447
437
441
477
532
594
651
679
671
639
604
576
565
567
555
517
450
368
288
223
181
159
153
146
138
125
108
93
77
76
88
92
72
44
15
-9
-34
-64
-95
-122
-149
-181
-217
-257
-295
-329
-343
-343
-347
-359
-382
-407
-431
-455
-473
-492
-516
-543
-577
-612
-632
-636
-633
-634
-639
-640
-619
-568
-503
-434
-376
-328
-282
-230
-167
-95
-23
47
104
147
179
213
251
291
331
354
354
335
313
304
312
329
334
319
290
249
206
171
162
179
207
230
241
240
230
221
227
247
273
286
279
254
228
209
201
203
210
211
195
163
125
100
91
88
88
78
54
22
-6
-16
-13
-2
4
-3
-19
-28
-15
27
85
137
163
153
125
101
99
124
168
216
249
252
226
188
155
140
144
163
173
152
104
39
-20
-65
-102
-141
-192
-252
-319
-388
-444
-487
-512
-524
-540
-566
-610
-659
-695
-708
-696
-668
-632
-589
-546
-504
-454
-395
-322
-239
-158
-78
1
87
183
275
354
413
447
461
457
447
438
435
435
429
420
406
389
374
368
372
377
375
369
358
340
313
273
226
180
147
117
85
44
-6
-58
-107
-147
-173
-188
-200
-208
-215
-231
-259
-291
-316
-322
-305
-283
-276
-287
-304
-321
-335
-346
-348
-347
-343
-342
-347
-348
-337
-313
-293
-278
-264
-257
-246
-227
-195
-158
-129
-109
-95
-77
-50
-12
37
88
124
134
135
149
181
225
266
296
320
343
365
382
405
435
468
499
520
524
511
491
477
479
492
513
530
541
536
514
489
469
457
444
422
395
361
328
296
261
223
183
139
98
74
71
68
49
5
-58
-125
-187
-227
-251
-269
-296
-342
-395
-439
-466
-477
-481
-490
-504
-521
-533
-529
-512
-487
-461
-441
-429
-421
-412
-394
-361
-319
-286
-271
-269
-270
-265
-252
-234
-212
-202
-204
-212
-223
-233
-236
-237
-233
-221
-210
-198
-186
-175
-155
-124
-94
-80
-72
-61
-43
-13
21
53
81
102
116
128
142
159
183
203
217
234
247
252
254
250
246
245
253
268
287
304
313
317
321
323
330
330
329
332
339
353
371
386
394
409
431
461
491
505
498
474
444
411
375
321
251
173
103
41
-17
-69
-111
-147
-177
-202
-224
-248
-269
-277
-275
-267
-264
-266
-275
-286
-292
-292
-284
-275
-262
-249
-235
-221
-212
-202
-192
-183
-176
-175
-175
-171
-162
-143
-120
-106
-104
-112
-119
-119
-110
-100
-88
-76
-72
-68
-59
-50
-40
-32
-29
-31
-38
-38
-31
-14
-1
1
-11
-36
-57
-66
-59
-38
-13
2
2
-10
-15
-1
18
33
42
49
50
55
63
77
97
107
100
73
37
11
0
0
4
6
-5
-24
-47
-72
-91
-97
-88
-75
-70
-73
-78
-75
-52
-16
19
43
58
65
65
57
36
10
-22
-48
-56
-48
-34
-24
-19
-11
4
29
61
96
133
167
196
222
239
255
264
272
275
274
269
263
265
272
280
281
277
268
256
239
219
199
184
177
169
150
132
116
98
76
48
21
3
-7
-16
-23
-30
-41
-58
-88
-122
-151
-161
-160
-154
-152
-159
-169
-185
-201
-212
-217
-216
-213
-203
-189
-180
-174
-173
-175
-178
-182
-181
-179
-178
-175
-168
-152
-129
-112
-101
-99
-106
-117
-123
-115
-91
-72
-73
-89
-114
-133
-137
-128
-116
-112
-118
-128
-141
-150
-148
-131
-109
-95
-88
-87
-90
-90
-88
-79
-62
-45
-30
-14
-1
8
18
38
58
72
72
68
70
79
95
115
133
146
157
166
174
186
195
198
204
211
221
231
238
245
247
243
232
217
201
192
194
203
207
201
189
180
179
184
189
189
186
180
172
162
153
142
132
129
130
136
141
135
120
96
66
38
11
-9
-22
-31
-42
-61
-82
-102
-117
-126
-135
-143
-146
-151
-160
-171
-181
-186
-180
-172
-167
-167
-174
-180
-183
-177
-165
-160
-163
-169
-177
-178
-180
-185
-189
-189
-190
-188
-186
-188
-187
-186
-181
-172
-165
-159
-153
-147
-139
-133
-129
-128
-127
-120
-114
-106
-97
-90
-81
-72
-65
-64
-68
-69
-65
-55
-41
-24
-5
15
27
31
32
36
49
70
89
112
132
147
163
179
192
203
212
224
245
269
292
305
315
326
336
343
344
341
336
330
328
326
321
312
296
274
254
238
229
222
212
200
185
175
159
138
108
75
44
18
-1
-13
-23
-35
-52
-77
-108
-145
-177
-198
-212
-220
-227
-229
-232
-243
-262
-284
-305
-326
-351
-384
-420
-461
-505
-546
-593
-644
-691
-722
-734
-727
-708
-687
-673
-654
-630
-585
-518
-437
-347
-253
-161
-74
7
87
164
235
299
364
432
503
568
618
650
671
685
704
731
756
782
802
811
809
793
769
747
730
715
696
667
628
586
541
498
458
419
382
332
274
215
153
94
35
-27
-91
-149
-201
-242
-277
-317
-365
-417
-466
-507
-537
-561
-578
-588
-593
-595
-601
-605
-602
-592
-577
-562
-549
-534
-517
-499
-479
-454
-424
-393
-366
-347
-328
-302
-271
-236
-200
-172
-151
-128
-99
-67
-43
-30
-25
-17
4
40
91
141
178
199
199
189
181
187
212
246
273
278
257
223
196
192
202
213
223
225
219
209
202
199
197
191
186
186
188
201
221
240
244
236
218
201
190
196
216
232
234
219
189
157
138
138
152
168
174
168
155
138
118
109
116
130
140
140
128
109
89
72
61
49
39
27
16
9
1
-7
-22
-48
-83
-119
-143
-148
-143
-144
-157
-180
-209
-233
-241
-234
-219
-213
-221
-244
-277
-295
-299
-293
-286
-282
-286
-295
-299
-290
-270
-244
-224
-224
-232
-239
-236
-219
-194
-168
-150
-147
-147
-145
-137
-122
-104
-89
-80
-73
-58
-39
-22
-8
6
14
21
29
39
54
69
83
93
101
111
120
130
146
162
176
187
194
192
182
170
164
167
178
192
204
204
193
182
172
164
154
146
140
140
140
142
138
134
129
117
106
100
101
107
112
107
90
74
57
49
45
44
43
37
24
13
9
7
7
0
-10
-17
-18
-14
-8
-2
1
-5
-12
-17
-23
-24
-20
-15
-16
-24
-34
-40
-44
-43
-39
-35
-34
-38
-47
-61
-75
-88
-95
-100
-110
-119
-123
-119
-109
-97
-93
-97
-104
-109
-106
-94
-84
-76
-74
-78
-81
-80
-75
-70
-66
-68
-74
-84
-90
-86
-72
-53
-37
-32
-34
-35
-40
-40
-34
-23
-15
-13
-21
-33
-41
-40
-33
-21
-11
-5
-6
-10
-12
-12
-8
-6
-7
-6
-7
-3
6
21
31
34
33
33
37
46
59
65
63
56
48
43
42
45
51
64
76
89
93
86
75
69
70
74
80
83
88
88
86
92
100
102
96
91
88
88
92
95
95
88
75
67
70
80
90
93
90
82
73
66
59
53
43
28
14
6
5
8
12
16
22
22
17
12
4
0
-5
-10
-15
-22
-34
-48
-61
-68
-71
-71
-76
-90
-105
-125
-131
-126
-120
-116
-123
-136
-143
-144
-140
-133
-127
-129
-137
-144
-146
-138
-123
-112
-106
-105
-105
-98
-88
-78
-71
-71
-76
-79
-74
-63
-51
-45
-43
-39
-32
-21
-7
4
15
26
31
33
33
39
57
77
92
100
102
99
100
105
114
122
128
131
127
120
115
118
126
137
144
145
141
133
128
122
114
100
87
76
68
64
61
61
62
55
41
24
10
5
9
19
22
17
5
-10
-18
-24
-22
-17
-12
-11
-17
-26
-35
-39
-36
-30
-23
-23
-23
-27
-27
-27
-27
-27
-33
-40
-44
-45
-39
-31
-26
-32
-43
-54
-58
-54
-51
-50
-53
-60
-66
-73
-81
-87
-92
-93
-91
-83
-78
-73
-74
-77
-86
-89
-83
-76
-70
-67
-64
-57
-50
-46
-49
-52
-53
-46
-34
-21
-19
-18
-16
-13
-7
0
8
15
16
22
26
31
42
48
53
57
60
67
72
73
71
71
73
79
83
85
87
87
92
100
105
102
91
81
75
76
79
83
85
84
77
74
75
79
87
89
84
74
61
52
53
57
59
59
55
49
36
16
-3
-19
-30
-30
-25
-17
-13
-22
-36
-52
-66
-71
-74
-72
-70
-68
-69
-72
-72
-70
-72
-75
-79
-79
-77
-74
-74
-77
-83
-93
-97
-98
-90
-77
-66
-60
-63
-69
-74
-71
-66
-60
-50
-39
-28
-26
-32
-43
-52
-55
-55
-47
-35
-19
-7
-2
1
-2
-7
-6
3
17
33
44
44
37
24
13
12
17
29
42
55
62
64
60
52
48
46
47
51
52
52
48
48
51
57
71
75
77
76
72
62
49
35
29
31
35
40
41
39
33
31
33
31
30
27
23
13
1
-8
-13
-11
-12
-17
-20
-19
-15
-2
12
17
14
6
-4
-10
-13
-14
-9
-8
-13
-21
-25
-23
-15
-6
0
0
-9
-23
-33
-40
-42
-38
-26
-18
-20
-26
-33
-33
-33
-31
-33
-37
-41
-42
-35
-19
-13
-13
-21
-32
-38
-37
-29
-19
-10
-7
-8
-8
-2
9
19
24
19
7
-2
-10
-12
-10
-6
1
11
16
18
16
14
11
6
5
0
-2
-5
-6
3
11
13
10
8
14
28
40
46
42
29
15
6
8
19
36
47
46
36
24
15
10
9
11
17
21
21
14
4
-8
-15
-14
-3
9
18
16
7
-5
-14
-20
-19
-13
-10
-5
3
8
9
8
6
2
-8
-18
-25
-28
-31
-32
-34
-31
-26
-23
-20
-18
-21
-28
-35
-43
-50
-50
-46
-31
-18
-18
-23
-27
-28
-23
-12
-1
9
10
0
-10
-17
-17
-10
2
9
9
6
3
6
11
19
23
22
14
0
-8
-8
1
13
21
23
19
15
13
15
23
35
40
35
22
9
5
9
16
25
31
31
27
19
11
10
11
14
19
21
21
24
31
37
37
26
8
-11
-22
-25
-17
-4
3
4
1
-9
-9
-4
3
10
14
14
11
7
3
0
-5
-7
-6
-1
3
2
-5
-18
-31
-41
-43
-37
-28
-20
-15
-18
-27
-35
-34
-23
-8
5
11
9
-7
-24
-35
-35
-22
-4
7
5
-3
-16
-23
-22
-11
2
13
14
8
-4
-17
-16
-6
3
8
9
5
-4
-9
-7
-2
6
18
29
38
37
34
28
19
11
6
6
6
7
14
18
23
22
17
11
5
-2
-6
-5
-6
-7
-9
-17
-20
-19
-17
-16
-13
-6
3
3
2
0
-8
-16
-18
-10
-1
6
9
6
2
-1
3
9
13
18
21
23
18
11
6
0
-2
-1
-1
0
5
8
10
8
5
3
2
3
7
12
12
16
17
14
9
3
0
2
9
19
24
21
15
9
4
2
2
-3
-9
-16
-20
-24
-23
-21
-24
-28
-33
-38
-38
-28
-18
-12
-15
-21
-26
-27
-20
-13
-9
-11
-12
-11
-10
-3
2
5
5
3
-5
-11
-12
-10
-7
-4
-5
-9
-15
-16
-12
-3
3
7
7
8
11
17
23
29
27
21
15
12
16
21
24
24
18
8
1
-2
2
12
20
18
11
2
-8
-15
-14
-8
0
11
22
30
33
31
27
23
18
15
12
13
16
22
28
26
19
6
-1
-1
2
8
11
5
-4
-14
-20
-24
-23
-22
-19
-19
-17
-14
-13
-16
-22
-26
-25
-17
-8
-3
-5
-15
-26
-33
-34
-29
-23
-16
-10
-6
-3
-6
-10
-13
-10
-8
-10
-16
-21
-18
-11
-3
4
7
3
0
-2
2
6
6
7
6
5
2
4
6
9
12
18
19
14
6
-2
-3
2
10
14
12
8
3
0
-2
-5
-6
-4
0
5
4
2
-3
-4
2
11
23
28
25
18
11
6
7
9
11
13
17
18
16
14
11
12
16
21
22
15
3
-7
-13
-13
-7
1
4
5
0
-13
-25
-31
-32
-28
-19
-9
-3
-2
-3
-2
-3
-8
-15
-23
-24
-20
-16
-15
-17
-20
-20
-15
-7
2
8
10
5
-3
-7
-9
-8
-2
5
11
14
12
12
11
14
18
23
27
26
17
6
-2
-4
2
12
17
14
9
2
1
3
9
11
9
2
-5
-6
-3
1
6
8
11
9
9
9
11
13
14
11
6
-3
-7
-8
-2
5
10
10
7
-1
-9
-13
-15
-17
-19
-18
-17
-12
-7
-3
1
1
-3
-10
-18
-20
-20
-22
-24
-30
-33
-32
-25
-16
-9
-7
-11
-18
-23
-28
-32
-36
-38
-37
-32
-26
-23
-21
-16
-8
-3
-2
-3
-6
-4
4
13
22
27
25
22
16
15
17
19
21
23
25
29
32
32
29
24
23
27
29
27
22
17
14
15
19
27
36
38
39
36
38
38
34
29
23
16
9
4
4
4
6
2
-3
-7
-7
-7
-8
-7
-3
2
7
8
4
1
-1
-2
0
4
6
4
-1
-6
-9
-10
-14
-16
-16
-17
-21
-22
-28
-31
-34
-33
-30
-24
-19
-18
-17
-16
-15
-13
-15
-17
-17
-15
-7
2
8
8
1
-10
-20
-23
-20
-10
2
10
11
4
-9
-23
-34
-36
-30
-22
-18
-18
-22
-24
-24
-23
-20
-18
-16
-13
-7
-4
-3
-2
-1
4
10
18
22
24
19
13
7
5
6
9
17
21
23
18
11
8
8
14
19
23
24
23
20
17
14
13
16
27
39
47
48
43
30
16
2
-5
-8
-3
6
20
28
28
20
5
-12
-19
-15
-5
5
10
7
-1
-6
-8
-7
-1
8
15
21
22
18
7
-6
-16
-19
-14
-8
-2
1
-5
-15
-24
-28
-25
-16
-9
-3
-1
-5
-12
-17
-23
-27
-28
-26
-21
-13
-4
4
7
0
-7
-15
-13
-8
-2
2
1
-1
-5
-8
-10
-11
-12
-13
-12
-11
-13
-14
-14
-14
-11
-7
-4
-1
0
0
2
4
7
8
10
8
7
9
12
13
11
7
3
2
3
10
14
15
11
6
1
-1
-1
4
7
9
4
-1
-6
-10
-11
-6
1
3
5
2
-2
-7
-9
-6
-5
-6
-1
3
11
15
15
13
8
2
1
1
9
15
16
14
9
2
-3
-5
-2
7
15
18
14
6
-4
-12
-14
-7
4
12
15
11
9
3
1
0
3
6
9
13
11
7
-1
-8
-11
-11
-11
-11
-9
-8
-12
-15
-18
-16
-10
-7
-9
-12
-12
-9
-3
4
8
7
1
-4
-5
-1
5
6
5
3
-2
-9
-12
-12
-12
-9
-11
-14
-15
-11
-7
-1
0
0
-4
-7
-10
-9
-5
-1
5
9
12
19
21
20
14
9
8
7
10
12
14
16
14
10
4
1
-1
1
4
8
11
12
13
11
10
5
-2
-6
-7
-5
2
7
13
18
19
17
11
2
-6
-9
-9
-2
4
8
10
5
-3
-12
-15
-15
-15
-14
-16
-14
-12
-13
-13
-16
-18
-16
-16
-11
-1
8
15
17
14
6
-5
-17
-22
-22
-15
-6
1
-1
-10
-17
-19
-17
-12
-6
-1
1
1
0
-3
-4
-2
1
6
7
5
-4
-12
-17
-17
-14
-10
-6
1
5
7
6
7
9
12
15
16
15
15
15
14
12
13
12
10
7
6
7
9
12
14
10
7
6
7
8
9
10
11
15
15
18
16
14
11
3
3
5
10
14
13
10
1
-6
-8
-11
-13
-15
-18
-22
-26
-27
-24
-18
-11
-5
0
-3
-7
-8
-7
-7
-6
-8
-12
-14
-13
-10
-9
-8
-8
-9
-9
-6
-5
-3
-2
2
4
3
2
2
4
4
5
-1
-7
-8
-6
0
3
1
1
3
8
15
16
13
5
-1
-2
2
8
11
7
1
0
2
8
14
13
16
15
11
5
-3
-9
-17
-19
-13
-2
8
12
9
4
-2
-4
-4
-3
-3
-3
-6
-10
-13
-14
-10
-5
0
3
5
3
-2
-7
-11
-11
-6
4
11
13
11
1
-11
-17
-15
-8
-1
2
0
-5
-5
-3
-3
-2
0
5
10
16
19
16
7
-6
-18
-25
-28
-25
-16
-4
10
22
27
25
20
15
12
12
13
10
3
-4
-8
-7
-1
6
12
15
12
7
2
-1
-1
3
5
7
10
17
21
24
21
10
-2
-7
-4
1
7
2
-5
-9
-12
-10
-3
5
12
13
11
3
-7
-14
-16
-12
-5
-1
-3
-7
-11
-9
-4
-1
1
-1
-8
-15
-18
-16
-13
-9
-7
-8
-11
-11
-5
1
3
0
-8
-20
-25
-23
-18
-8
1
6
7
3
-1
-6
-9
-8
-1
5
7
5
-3
-12
-16
-16
-9
2
6
5
0
-6
-9
-9
-4
2
7
8
5
-3
-6
-6
-1
4
6
6
3
2
3
7
10
11
13
12
12
15
19
23
27
25
21
15
9
9
17
24
27
24
16
6
3
6
11
16
18
13
5
-4
-9
-10
-6
-1
6
9
6
2
-4
-6
-4
-1
