-5
-2
-2
-3
-3
-2
2
3
4
4
2
-2
-3
-4
-3
0
1
2
1
0
-1
-1
-2
-2
-4
-5
-7
-11
-12
-12
-11
-7
-4
-1
1
0
-2
-5
-5
-4
-2
1
4
8
8
7
5
3
2
0
-1
0
1
3
4
4
4
6
6
5
4
1
-3
-3
0
3
8
10
8
4
-3
-7
-4
2
6
10
9
6
2
-1
-2
0
2
3
2
2
-1
-1
-3
-6
-6
-8
-7
-3
1
5
6
6
5
3
2
1
-1
-2
-2
1
4
7
7
3
-3
-9
-14
-17
-15
-8
-1
3
3
0
-5
-6
-5
-4
-1
1
1
0
-4
-8
-6
-5
-2
-1
1
2
3
3
3
4
3
0
1
0
1
-2
-1
0
-1
-2
-5
-8
-8
-5
-3
-2
0
1
4
5
5
4
4
6
6
7
6
5
1
0
-2
-2
-1
2
5
7
5
2
-1
-2
1
1
2
2
0
0
2
5
6
6
2
-4
-8
-9
-9
-6
-2
4
7
8
8
7
6
2
0
-3
-5
-4
-3
-2
-2
-2
-3
-2
1
5
7
7
4
-2
-6
-7
-6
-4
0
2
4
5
4
3
1
-3
-8
-13
-15
-15
-12
-9
-5
-2
-3
-2
-3
-4
-3
-4
-3
-3
-2
-1
0
2
2
2
5
7
9
13
14
14
9
3
1
1
2
5
5
4
2
-1
-2
-3
-5
-7
-7
-8
-8
-7
-5
-2
-1
-1
0
1
5
11
15
14
11
6
5
5
6
6
4
2
0
-1
-1
1
4
7
8
7
7
4
3
-3
-10
-18
-24
-24
-20
-11
-4
3
5
4
4
5
6
8
5
0
-4
-7
-7
-5
-2
2
5
7
7
5
2
0
-5
-10
-12
-12
-11
-11
-11
-12
-14
-14
-10
-3
5
7
6
1
-3
-3
-1
1
4
5
4
2
1
4
8
11
10
7
3
-2
-4
-5
-3
-2
-2
-3
-2
-1
1
3
6
6
6
5
5
5
7
9
9
10
8
8
7
8
8
9
8
9
7
5
1
-3
-5
-7
-9
-9
-10
-11
-13
-14
-12
-7
0
6
10
13
14
15
11
5
0
-2
1
4
4
-1
-7
-12
-14
-11
-8
-9
-13
-15
-15
-17
-17
-16
-10
-4
-3
-4
-5
-1
4
9
11
11
7
3
0
0
4
2
-2
-7
-11
-12
-12
-12
-10
-6
-3
1
4
7
10
10
9
6
3
-1
-3
-2
1
6
8
9
11
12
12
11
8
8
9
11
14
15
13
9
5
2
2
3
5
5
6
8
9
8
7
7
7
5
2
-1
-2
0
2
6
6
7
8
7
5
2
-1
-3
-6
-8
-11
-16
-21
-23
-21
-18
-17
-19
-18
-18
-19
-20
-19
-16
-15
-15
-16
-16
-13
-11
-11
-12
-11
-13
-13
-10
-7
-4
-1
-2
-2
-1
0
0
0
-1
-2
-4
-6
-7
-7
-7
-7
-8
-9
-8
-5
-3
-1
0
1
0
1
2
4
5
7
8
9
12
14
15
18
22
27
30
33
38
43
47
46
45
45
47
47
49
50
48
50
54
60
66
68
70
68
63
56
46
36
29
23
10
-4
-16
-22
-21
-21
-20
-20
-22
-26
-32
-39
-46
-53
-63
-72
-77
-77
-74
-72
-67
-62
-63
-71
-86
-103
-124
-143
-159
-166
-164
-154
-135
-108
-74
-39
-9
16
34
47
51
49
41
30
15
-2
-17
-27
-35
-41
-46
-45
-38
-28
-21
-17
-10
-2
7
16
25
37
55
75
99
120
141
157
169
179
187
191
192
191
190
193
197
201
205
208
208
204
193
175
154
130
108
89
74
65
60
64
74
92
109
122
128
126
123
119
107
82
45
4
-31
-57
-73
-79
-75
-73
-74
-83
-96
-120
-162
-215
-281
-376
-517
-684
-831
-919
-944
-928
-883
-801
-681
-530
-370
-207
-61
48
109
132
139
137
127
121
129
156
189
222
252
278
288
274
230
157
60
-49
-150
-225
-269
-282
-258
-193
-91
29
144
238
309
357
387
399
398
381
349
307
269
241
224
208
184
146
88
28
-14
-31
-32
-30
-21
3
44
90
141
197
252
287
296
287
269
243
212
187
181
185
186
186
194
212
222
215
197
169
133
93
59
33
11
-4
-4
18
57
94
123
143
160
176
187
189
176
144
107
78
52
4
-60
-114
-118
-93
-89
-126
-190
-255
-319
-395
-497
-645
-855
-1106
-1336
-1478
-1536
-1543
-1513
-1426
-1257
-1028
-782
-544
-314
-114
43
158
249
318
363
403
462
539
605
645
662
667
654
601
494
340
158
-34
-201
-329
-411
-455
-456
-396
-276
-122
33
170
287
380
453
515
567
600
615
631
669
725
781
817
827
807
761
666
473
151
-275
-672
-925
-1004
-975
-893
-736
-487
-164
166
452
663
774
775
693
579
457
321
201
153
214
335
438
513
583
651
661
577
405
179
-60
-284
-446
-529
-551
-529
-456
-310
-110
78
185
216
212
193
152
94
36
7
24
96
207
327
420
460
455
418
345
205
-7
-257
-472
-592
-623
-602
-610
-726
-982
-1334
-1678
-1935
-2091
-2198
-2283
-2302
-2185
-1920
-1538
-1081
-597
-144
234
512
705
829
902
937
946
948
944
928
916
923
940
934
859
707
486
230
-31
-272
-484
-670
-808
-871
-820
-653
-403
-127
142
397
627
814
936
986
980
949
931
948
986
1028
1059
1073
1070
1043
968
792
483
35
-468
-933
-1264
-1440
-1475
-1386
-1196
-909
-559
-167
217
531
730
816
816
763
676
575
498
479
513
572
642
714
786
826
802
685
474
198
-99
-368
-584
-739
-829
-836
-755
-600
-403
-209
-60
31
76
107
126
118
83
39
36
98
222
369
497
589
647
669
639
519
287
-20
-341
-593
-746
-815
-839
-877
-1010
-1315
-1753
-2184
-2468
-2583
-2621
-2648
-2629
-2481
-2143
-1636
-1040
-445
74
483
800
1060
1252
1356
1375
1343
1291
1240
1193
1152
1120
1085
1030
937
783
551
247
-77
-371
-614
-811
-958
-1022
-965
-776
-486
-151
180
471
718
929
1099
1200
1227
1205
1175
1172
1191
1221
1235
1224
1191
1138
1051
904
682
379
-6
-492
-1045
-1574
-1962
-2142
-2115
-1915
-1574
-1120
-596
-50
464
895
1185
1311
1289
1174
1015
833
664
550
532
589
677
755
802
794
703
517
255
-71
-429
-772
-1033
-1154
-1137
-1011
-808
-542
-229
77
319
461
507
481
408
322
247
190
160
187
302
493
707
874
951
918
753
485
171
-104
-315
-513
-815
-1324
-2026
-2768
-3358
-3696
-3820
-3828
-3745
-3523
-3093
-2461
-1715
-971
-310
233
653
974
1215
1388
1500
1571
1640
1734
1834
1916
1950
1939
1873
1727
1472
1080
576
22
-498
-932
-1270
-1518
-1660
-1655
-1469
-1126
-693
-245
159
498
772
997
1166
1271
1326
1368
1441
1555
1687
1799
1872
1900
1875
1782
1594
1287
879
413
-43
-441
-774
-1053
-1318
-1596
-1878
-2099
-2159
-2026
-1787
-1565
-1376
-1123
-725
-230
257
685
1042
1331
1539
1667
1726
1688
1538
1311
1088
898
696
438
155
-77
-231
-351
-489
-643
-788
-895
-953
-953
-912
-866
-823
-726
-528
-250
23
228
377
521
675
811
870
835
749
671
648
659
677
655
596
556
555
558
491
319
89
-105
-241
-393
-686
-1174
-1828
-2561
-3282
-3877
-4244
-4337
-4172
-3806
-3273
-2587
-1771
-905
-93
577
1071
1384
1542
1593
1597
1593
1608
1659
1750
1869
1983
2064
2085
2008
1792
1422
914
326
-291
-882
-1391
-1763
-1961
-1972
-1797
-1457
-994
-471
51
515
882
1136
1282
1341
1348
1337
1346
1402
1520
1683
1860
2002
2073
2048
1906
1647
1278
814
278
-304
-913
-1522
-2067
-2465
-2651
-2616
-2413
-2118
-1753
-1331
-863
-379
52
397
630
796
933
1057
1171
1247
1296
1331
1370
1406
1384
1276
1070
787
451
86
-283
-643
-970
-1229
-1377
-1406
-1345
-1230
-1067
-869
-643
-413
-205
-39
83
182
275
380
491
581
648
710
806
934
1037
1065
1000
874
736
608
481
329
132
-98
-303
-443
-504
-548
-661
-918
-1375
-2051
-2844
-3569
-4045
-4222
-4198
-4048
-3734
-3169
-2339
-1359
-393
430
1055
1496
1784
1946
1986
1923
1804
1699
1673
1724
1815
1904
1959
1973
1909
1727
1399
904
285
-364
-951
-1424
-1763
-1953
-1975
-1790
-1402
-871
-284
267
730
1083
1339
1506
1566
1529
1441
1383
1407
1512
1656
1788
1880
1916
1893
1797
1586
1237
761
208
-380
-1008
-1695
-2388
-2930
-3163
-3051
-2680
-2193
-1671
-1130
-576
-15
480
833
994
1000
961
958
1007
1056
1079
1111
1187
1313
1415
1407
1249
958
590
183
-243
-687
-1124
-1480
-1673
-1668
-1507
-1267
-1005
-723
-405
-81
187
340
358
299
233
213
253
318
397
511
686
921
1157
1317
1354
1262
1070
825
531
180
-209
-591
-856
-943
-902
-822
-826
-979
-1311
-1889
-2640
-3397
-3987
-4312
-4450
-4434
-4196
-3650
-2772
-1688
-589
388
1173
1760
2159
2377
2417
2285
2052
1814
1650
1592
1609
1691
1796
1891
1951
1907
1710
1317
728
32
-670
-1289
-1778
-2114
-2249
-2156
-1812
-1259
-590
92
701
1197
1575
1829
1946
1923
1797
1653
1559
1546
1613
1721
1854
1974
2057
2065
1929
1599
1053
338
-470
-1319
-2145
-2832
-3255
-3337
-3126
-2735
-2223
-1617
-949
-271
321
743
960
991
921
846
814
836
884
981
1168
1426
1669
1806
1773
1562
1206
721
153
-460
-1077
-1610
-1966
-2090
-1992
-1738
-1395
-1006
-593
-184
154
343
371
277
141
31
-9
20
117
292
556
906
1279
1567
1679
1593
1346
1029
681
308
-81
-455
-740
-873
-865
-782
-763
-952
-1415
-2170
-3084
-3941
-4614
-5054
-5303
-5358
-5111
-4467
-3442
-2192
-923
219
1166
1927
2487
2809
2887
2731
2456
2191
2030
2002
2049
2144
2271
2407
2509
2491
2256
1768
1051
205
-633
-1386
-2008
-2471
-2722
-2693
-2350
-1738
-979
-198
512
1109
1590
1936
2122
2141
2034
1902
1836
1866
1969
2103
2240
2368
2475
2509
2400
2012
1255
234
-852
-1787
-2489
-3045
-3483
-3691
-3541
-3018
-2263
-1432
-665
-53
418
775
1017
1107
1018
806
609
603
786
1046
1315
1559
1790
1990
2068
1935
1548
921
177
-538
-1122
-1578
-1946
-2188
-2229
-2017
-1588
-1079
-642
-316
-95
36
101
85
-29
-193
-298
-241
13
409
834
1222
1549
1790
1910
1875
1663
1297
826
330
-119
-493
-791
-1058
-1282
-1408
-1495
-1676
-2094
-2807
-3650
-4383
-4865
-5111
-5240
-5289
-5117
-4558
-3562
-2290
-1017
92
1004
1776
2447
2947
3180
3139
2926
2697
2584
2588
2616
2601
2544
2498
2483
2423
2194
1721
1014
200
-580
-1250
-1799
-2248
-2555
-2629
-2398
-1872
-1179
-469
180
758
1293
1765
2113
2279
2279
2195
2137
2170
2270
2365
2419
2439
2451
2416
2193
1659
826
-158
-1080
-1832
-2427
-2911
-3264
-3386
-3201
-2715
-2034
-1326
-726
-262
115
436
680
787
750
667
670
815
1077
1371
1639
1877
2068
2184
2165
1931
1447
779
65
-580
-1121
-1574
-1928
-2129
-2111
-1877
-1497
-1080
-717
-459
-285
-159
-79
-64
-120
-191
-174
-1
328
737
1121
1400
1565
1649
1672
1610
1423
1131
803
510
258
-5
-323
-662
-934
-1125
-1329
-1767
-2615
-3805
-4984
-5768
-6058
-6051
-5988
-5866
-5426
-4453
-3031
-1482
-152
827
1553
2189
2780
3201
3331
3171
2901
2764
2857
3083
3260
3288
3208
3108
3019
2829
2367
1555
504
-555
-1428
-2075
-2576
-2971
-3188
-3085
-2605
-1835
-975
-219
375
868
1344
1796
2114
2235
2198
2152
2226
2435
2685
2857
2915
2917
2837
2556
1982
1096
58
-907
-1721
-2391
-2925
-3291
-3402
-3239
-2793
-2130
-1443
-851
-404
-72
213
440
546
533
503
568
751
1049
1417
1775
2087
2307
2426
2414
2182
1690
988
228
-467
-1066
-1544
-1908
-2123
-2108
-1889
-1529
-1113
-755
-520
-399
-342
-308
-304
-341
-389
-361
-173
174
617
1087
1498
1818
2033
2100
2009
1750
1347
889
440
57
-279
-607
-873
-1076
-1243
-1505
-2096
-3059
-4197
-5195
-5819
-6128
-6284
-6324
-6107
-5399
-4200
-2712
-1216
67
1123
2017
2793
3405
3716
3693
3443
3172
3059
3092
3185
3231
3192
3152
3116
3026
2755
2170
1278
223
-790
-1651
-2370
-2962
-3391
-3555
-3347
-2776
-1962
-1080
-265
460
1118
1714
2183
2448
2508
2460
2435
2499
2630
2764
2856
2900
2860
2651
2200
1526
724
-103
-894
-1646
-2360
-2930
-3276
-3382
-3232
-2861
-2366
-1845
-1334
-835
-347
68
372
555
662
805
987
1179
1387
1620
1862
2093
2262
2331
2251
1966
1500
941
349
-257
-853
-1390
-1790
-2005
-2043
-1928
-1713
-1438
-1135
-854
-604
-393
-259
-199
-167
-124
-7
182
434
747
1082
1406
1659
1808
1858
1824
1718
1536
1266
928
514
81
-308
-655
-988
-1495
-2327
-3473
-4727
-5723
-6286
-6500
-6535
-6476
-6163
-5390
-4146
-2632
-1158
77
1058
1870
2604
3198
3544
3606
3471
3351
3367
3507
3661
3711
3665
3553
3396
3161
2723
1996
1008
-105
-1137
-1988
-2677
-3227
-3603
-3703
-3450
-2855
-2043
-1198
-426
263
902
1508
2016
2346
2487
2519
2580
2724
2919
3093
3168
3118
2905
2496
1906
1158
312
-543
-1355
-2060
-2592
-2916
-3035
-2993
-2771
-2390
-1917
-1404
-937
-561
-269
-31
170
337
510
703
907
1169
1479
1816
2135
2344
2411
2340
2131
1776
1271
668
14
-628
-1174
-1576
-1794
-1843
-1780
-1642
-1443
-1197
-954
-762
-618
-521
-441
-354
-246
-73
181
498
849
1181
1444
1625
1733
1770
1750
1640
1384
978
482
36
-258
-432
-589
-889
-1469
-2300
-3315
-4300
-5078
-5651
-6049
-6328
-6373
-5993
-5123
-3875
-2510
-1217
-45
1025
2013
2840
3392
3636
3608
3473
3369
3328
3334
3303
3239
3196
3176
3130
2930
2476
1772
890
-37
-918
-1735
-2476
-3104
-3501
-3563
-3275
-2699
-1971
-1191
-403
375
1119
1760
2217
2458
2538
2562
2610
2683
2758
2797
2804
2795
2589
2131
1461
701
58
-504
-1171
-1956
-2689
-3106
-3140
-2958
-2620
-2261
-1904
-1467
-982
-467
13
336
475
555
735
1030
1296
1466
1581
1760
2011
2224
2321
2223
1934
1500
1006
539
45
-516
-1091
-1570
-1793
-1757
-1625
-1475
-1321
-1129
-879
-638
-432
-322
-314
-339
-304
-125
162
440
675
918
1205
1517
1765
1917
1947
1882
1731
1448
1075
645
165
-384
-1134
-2188
-3531
-4991
-6228
-6979
-7231
-7162
-6954
-6546
-5748
-4503
-2964
-1441
-190
764
1531
2202
2763
3149
3329
3334
3318
3439
3709
4012
4194
4203
4083
3885
3584
3076
2261
1145
-129
-1332
-2317
-3059
-3579
-3900
-3966
-3679
-3035
-2161
-1233
-378
348
970
1536
2014
2342
2509
2585
2669
2839
3109
3399
3576
3536
3284
2875
2316
1598
701
-344
-1352
-2199
-2827
-3218
-3398
-3345
-3105
-2714
-2135
-1470
-854
-348
-1
271
538
786
985
1105
1212
1393
1660
1992
2317
2542
2593
2455
2182
1815
1327
685
-60
-771
-1349
-1749
-1983
-2091
-2066
-1908
-1648
-1334
-1012
-745
-580
-495
-426
-322
-172
6
219
481
826
1226
1597
1869
2000
2049
2055
1953
1683
1210
618
82
-343
-707
-1209
-2071
-3316
-4775
-6108
-6987
-7368
-7390
-7270
-7018
-6418
-5315
-3765
-2064
-562
612
1523
2323
3069
3637
3905
3881
3743
3694
3810
3988
4077
4009
3828
3618
3391
3032
2383
1387
137
-1123
-2179
-2972
-3546
-3952
-4148
-4009
-3475
-2606
-1573
-584
269
1013
1702
2333
2820
3081
3138
3119
3154
3296
3492
3630
3557
3179
2573
1876
1238
673
-1
-903
-1878
-2650
-3020
-3051
-2948
-2810
-2626
-2283
-1726
-1066
-441
41
330
539
811
1166
1493
1663
1698
1754
1971
2305
2560
2591
2386
2018
1601
1182
711
108
-623
-1342
-1864
-2090
-2106
-2083
-2071
-1978
-1717
-1301
-869
-571
-453
-443
-393
-214
78
401
673
922
1235
1624
1979
2185
2187
2016
1761
1417
986
483
-97
-701
-1281
-1882
-2615
-3619
-4865
-6099
-7008
-7402
-7381
-7190
-6874
-6290
-5277
-3835
-2205
-674
583
1577
2419
3172
3782
4142
4214
4103
3977
3964
4046
4085
3974
3718
3400
3050
2631
2025
1139
19
-1141
-2154
-2930
-3464
-3813
-3966
-3834
-3345
-2531
-1523
-504
412
1201
1898
2518
3020
3335
3466
3487
3504
3566
3649
3676
3572
3229
2637
1913
1120
363
-365
-1162
-1983
-2686
-3119
-3216
-3120
-2908
-2596
-2207
-1682
-1079
-506
-36
315
590
863
1184
1520
1781
1940
2063
2257
2497
2638
2612
2387
2005
1539
1006
440
-164
-806
-1400
-1850
-2084
-2112
-2034
-1936
-1793
-1557
-1218
-853
-576
-427
-343
-253
-84
190
514
825
1098
1369
1654
1930
2092
2040
1827
1509
1197
907
541
123
-371
-959
-1688
-2758
-4183
-5800
-7294
-8248
-8623
-8593
-8337
-7880
-6983
-5516
-3619
-1633
63
1342
2316
3133
3839
4325
4499
4376
4134
4011
4092
4297
4436
4387
4195
3923
3587
3080
2249
1051
-385
-1804
-2983
-3842
-4421
-4761
-4813
-4468
-3664
-2499
-1202
6
1021
1868
2610
3237
3671
3845
3807
3710
3694
3790
3953
4064
4054
3846
3300
2460
1405
285
-702
-1597
-2475
-3370
-4112
-4484
-4473
-4073
-3421
-2722
-1988
-1213
-384
450
1121
1580
1789
1880
2037
2224
2376
2455
2492
2574
2696
2765
2674
2356
1798
1090
371
-329
-1038
-1745
-2385
-2825
-2960
-2807
-2494
-2171
-1838
-1450
-1016
-565
-175
68
184
265
405
645
936
1224
1515
1802
2078
2317
2425
2382
2174
1813
1380
871
278
-398
-1204
-2165
-3303
-4646
-6086
-7402
-8332
-8742
-8726
-8420
-7835
-6868
-5456
-3711
-1896
-243
1143
2278
3230
3993
4512
4762
4782
4690
4625
4650
4719
4734
4609
4350
3992
3514
2861
1946
761
-583
-1910
-3050
-3906
-4488
-4797
-4798
-4446
-3708
-2663
-1480
-325
711
1622
2418
3089
3571
3825
3902
3899
3915
3987
4055
4069
3959
3702
3263
2465
1368
107
-1151
-2234
-3184
-4074
-4790
-5106
-4943
-4403
-3667
-2810
-1911
-1022
-162
617
1219
1621
1814
1843
1871
1994
2163
2292
2391
2542
2760
2929
2899
2601
2073
1371
578
-220
-961
-1653
-2276
-2721
-2873
-2714
-2340
-1910
-1516
-1118
-682
-270
40
209
284
350
509
811
1168
1531
1836
2083
2398
2699
2836
2729
2346
1884
1445
949
278
-738
-2155
-3891
-5814
-7607
-8895
-9552
-9664
-9429
-8934
-8014
-6515
-4561
-2461
-600
837
1948
2859
3634
4208
4492
4528
4464
4468
4636
4890
5085
5137
5036
4792
4410
3796
2842
1536
-36
-1650
-3066
-4164
-4941
-5409
-5551
-5278
-4522
-3364
-2011
-691
444
1387
2182
2846
3337
3581
3609
3555
3549
3674
3871
3985
3950
3576
2877
2031
1104
259
-534
-1415
-2330
-3118
-3577
-3641
-3507
-3261
-2922
-2534
-2000
-1363
-778
-274
107
380
669
1009
1377
1693
1895
2063
2307
2592
2813
2841
2644
2272
1771
1197
599
-44
-731
-1367
-1845
-2092
-2092
-1963
-1807
-1597
-1310
-940
-551
-274
-98
14
106
273
510
765
987
1165
1334
1555
1801
1982
2061
1964
1770
1573
1326
1065
729
210
-464
-1397
-2684
-4225
-5879
-7318
-8258
-8691
-8681
-8351
-7724
-6624
-5044
-3186
-1291
342
1595
2581
3353
3920
4256
4307
4153
3968
3884
3951
4108
4227
4242
4144
3935
3588
2995
2084
889
-498
-1882
-3056
-3945
-4540
-4823
-4769
-4327
-3481
-2350
-1106
66
1061
1888
2555
3058
3364
3453
3387
3267
3201
3218
3299
3295
2981
2392
1662
961
412
-123
-863
-1790
-2624
-3129
-3292
-3230
-3050
-2848
-2586
-2101
-1409
-686
-64
352
576
788
1110
1449
1639
1657
1619
1684
1907
2150
2277
2197
1919
1574
1255
941
492
-134
-814
-1381
-1693
-1735
-1650
-1575
-1471
-1246
-886
-441
-53
180
251
289
425
636
826
906
890
926
1094
1363
1634
1753
1719
1623
1530
1406
1137
607
-257
-1507
-3091
-4834
-6547
-7934
-8752
-8970
-8687
-8056
-7105
-5744
-3998
-2059
-244
1181
2167
2838
3326
3660
3799
3762
3629
3531
3594
3848
4176
4435
4544
4475
4210
3713
2925
1798
395
-1123
-2528
-3640
-4398
-4797
-4850
-4546
-3854
-2807
-1553
-301
778
1632
2282
2747
3041
3154
3089
2940
2817
2779
2800
2743
2529
2174
1747
1355
985
545
-32
-728
-1387
-1874
-2184
-2361
-2484
-2550
-2478
-2210
-1762
-1234
-752
-370
-52
267
622
947
1170
1289
1371
1504
1695
1867
1934
1867
1696
1487
1272
1003
620
121
-412
-862
-1159
-1312
-1377
-1386
-1322
-1142
-844
-502
-203
14
165
300
459
608
716
752
747
776
876
1025
1163
1220
1180
1111
1018
925
775
469
-4
-696
-1677
-2946
-4420
-5889
-7073
-7817
-8085
-7949
-7503
-6681
-5437
-3866
-2133
-486
882
1923
2684
3214
3541
3645
3555
3383
3245
3237
3377
3583
3758
3856
3839
3693
3346
2725
1816
646
-640
-1865
-2898
-3662
-4125
-4257
-4027
-3437
-2540
-1449
-321
699
1550
2224
2711
3010
3115
3057
2919
2776
2715
2727
2764
2615
2102
1390
654
131
-141
-463
-987
-1571
-1940
-1931
-1702
-1450
-1259
-1195
-1094
-826
-499
-188
14
35
55
234
595
998
1212
1275
1377
1603
1902
2070
1983
1683
1246
822
501
207
-163
-604
-1001
-1191
-1115
-900
-748
-717
-690
-552
-339
-137
-33
-42
-47
38
253
555
774
855
844
857
944
982
859
574
265
112
128
100
-182
-885
-2084
-3615
-5195
-6470
-7245
-7642
-7830
-7826
-7417
-6378
-4769
-2899
-1152
232
1325
2257
3052
3618
3834
3707
3414
3194
3169
3303
3460
3544
3567
3590
3602
3488
3096
2313
1187
-92
-1310
-2338
-3182
-3858
-4290
-4347
-3910
-3020
-1884
-724
312
1205
1994
2658
3122
3314
3253
3068
2930
2889
2935
2932
2626
2104
1510
1001
724
469
21
-593
-1160
-1460
-1505
-1493
-1486
-1522
-1535
-1325
-963
-584
-254
-94
-10
172
481
858
1114
1163
1200
1342
1599
1848
1915
1804
1556
1255
982
724
366
-110
-616
-1006
-1169
-1150
-1080
-1069
-1089
-1013
-797
-535
-323
-223
-210
-155
5
250
498
661
767
892
1041
1191
1225
1077
836
551
333
174
-52
-420
-1076
-2070
-3273
-4543
-5683
-6545
-7151
-7509
-7606
-7350
-6601
-5398
-3922
-2399
-1021
214
1332
2286
3029
3475
3637
3653
3631
3638
3671
3688
3669
3635
3614
3572
3409
3021
2358
1434
366
-705
-1704
-2584
-3317
-3842
-4063
-3881
-3305
-2459
-1481
-505
431
1328
2131
2762
3166
3338
3371
3361
3367
3383
3361
3293
3039
2544
1905
1234
634
121
-439
-1126
-1752
-2131
-2259
-2252
-2160
-1991
-1787
-1474
-1033
-576
-166
156
372
560
826
1155
1431
1589
1687
1835
2058
2262
2324
2208
1944
1583
1173
758
305
-227
-777
-1239
-1527
-1612
-1570
-1502
-1422
-1263
-958
-579
-227
38
200
323
457
614
797
940
1031
1100
1149
1187
1189
1106
928
670
370
11
-490
-1266
-2436
-3982
-5692
-7189
-8178
-8648
-8773
-8660
-8219
-7245
-5683
-3782
-1895
-293
965
1987
2853
3527
3917
3995
3861
3701
3681
3844
4076
4243
4286
4215
4073
3817
3315
2463
1259
-156
-1547
-2733
-3645
-4309
-4729
-4806
-4443
-3613
-2442
-1165
33
1081
1984
2757
3352
3683
3718
3549
3344
3236
3247
3270
3176
2931
2642
2394
2163
1865
1360
618
-231
-1025
-1670
-2184
-2611
-2933
-3082
-2962
-2552
-1956
-1332
-771
-270
235
771
1264
1611
1777
1829
1880
1996
2137
2210
2165
2028
1872
1725
1513
1177
655
-20
-680
-1227
-1622
-1879
-2050
-2103
-1984
-1688
-1252
-773
-340
46
393
704
944
1058
1028
916
795
733
757
774
763
705
666
695
715
683
515
106
-715
-2095
-3971
-5970
-7590
-8563
-9004
-9178
-9135
-8602
-7325
-5358
-3107
-1050
565
1791
2797
3619
4152
4291
4055
3650
3346
3306
3518
3813
4048
4168
4222
4220
4060
3585
2643
1255
-339
-1839
-3067
-4021
-4756
-5219
-5249
-4711
-3630
-2243
-838
399
1447
2346
3095
3612
3802
3690
3423
3194
3117
3180
3268
3223
2948
2474
1956
1400
799
108
-763
-1616
-2237
-2580
-2709
-2734
-2638
-2356
-1926
-1340
-684
-159
245
551
778
1028
1267
1432
1507
1528
1652
1940
2277
2525
2590
2466
2211
1841
1376
814
151
-558
-1199
-1644
-1860
-1882
-1790
-1635
-1391
-1002
-525
-49
333
597
789
926
1015
1068
1068
1016
947
832
728
640
547
487
402
226
-204
-1142
-2653
-4527
-6307
-7578
-8314
-8757
-9059
-9081
-8458
-7011
-5020
-2948
-1168
247
1467
2578
3487
4041
4144
3934
3668
3564
3682
3900
4085
4161
4174
4172
4113
3872
3242
2152
737
-748
-2052
-3118
-4020
-4751
-5171
-5097
-4439
-3323
-2030
-785
327
1346
2301
3100
3623
3792
3675
3460
3325
3323
3372
3374
3155
2658
2075
1454
958
548
1
-677
-1365
-1848
-2035
-2083
-2073
-2005
-1922
-1677
-1233
-778
-361
-64
108
310
581
932
1262
1436
1538
1710
1991
2302
2482
2432
2187
1838
1453
1051
585
-13
-643
-1185
-1529
-1614
-1532
-1400
-1265
-1075
-760
-332
61
332
496
591
733
905
1022
1064
1025
963
917
871
780
622
432
211
-74
-604
-1586
-3036
-4737
-6257
-7306
-7920
-8262
-8452
-8337
-7602
-6187
-4358
-2510
-944
338
1476
2492
3301
3777
3881
3762
3627
3617
3758
3940
4056
4073
4018
3945
3812
3470
2765
1666
320
-1028
-2197
-3166
-3960
-4547
-4826
-4632
-3941
-2902
-1725
-597
417
1342
2177
2839
3223
3264
3072
2807
2599
2519
2517
2523
2480
2421
2388
2352
2236
1913
1327
554
-231
-927
-1559
-2158
-2675
-2990
-3021
-2729
-2205
-1605
-1005
-433
146
736
1242
1580
1689
1600
1480
1445
1498
1587
1630
1642
1664
1676
1645
1503
1176
695
161
-328
-726
-1067
-1355
-1552
-1585
-1396
-1023
-569
-161
184
495
778
1003
1110
1094
968
797
638
494
348
201
75
1
-37
-99
-335
-972
-2108
-3606
-5140
-6369
-7175
-7677
-8002
-8088
-7666
-6553
-4904
-3070
-1393
-1
1202
2285
3186
3780
3964
3812
3531
3304
3227
3279
3360
3401
3408
3431
3452
3346
2950
2173
1076
-157
-1318
-2314
-3166
-3885
-4366
-4453
-4045
-3202
-2112
-987
55
1011
1912
2672
3174
3348
3247
3041
2862
2721
2533
2254
1944
1719
1663
1703
1680
1484
1110
651
179
-276
-724
-1221
-1736
-2138
-2329
-2269
-1999
-1632
-1230
-782
-253
338
868
1236
1432
1504
1532
1564
1589
1579
1499
1373
1284
1251
1207
1078
828
486
120
-211
-493
-747
-965
-1107
-1132
-1031
-819
-534
-249
10
252
475
662
773
769
691
582
445
304
120
-105
-290
-397
-407
-412
-601
-1141
-2107
-3376
-4655
-5690
-6412
-6894
-7239
-7351
-7009
-6099
-4703
-3110
-1610
-307
834
1860
2725
3310
3552
3509
3328
3167
3105
3117
3137
3139
3151
3204
3248
3162
2824
2165
1243
216
-774
-1663
-2444
-3112
-3586
-3720
-3432
-2765
-1881
-950
-41
821
1629
2335
2826
3031
3001
2846
2687
2604
2526
2344
2031
1640
1341
1204
1162
1074
800
385
-21
-327
-542
-764
-1057
-1358
-1549
-1563
-1409
-1170
-920
-669
-383
-10
419
809
1061
1169
1220
1309
1448
1554
1548
1431
1278
1158
1076
960
745
417
38
-278
-472
-575
-650
-744
-820
-792
-628
-378
-129
55
186
320
499
665
709
606
376
170
80
31
-73
-284
-534
-681
-756
-922
-1385
-2287
-3464
-4612
-5502
-6045
-6360
-6588
-6669
-6415
-5654
-4418
-3008
-1702
-593
364
1288
2153
2812
3157
3191
3067
2974
3006
3119
3211
3199
3115
3053
3024
2934
2628
2020
1168
235
-639
-1394
-2056
-2651
-3098
-3256
-3042
-2488
-1734
-932
-162
580
1300
1966
2499
2805
2874
2805
2695
2632
2593
2416
2079
1674
1352
1237
1222
1115
824
412
62
-151
-320
-534
-839
-1195
-1431
-1488
-1387
-1199
-1031
-875
-648
-283
199
652
953
1120
1238
1400
1587
1702
1676
1516
1325
1173
1066
934
686
335
-47
-354
-532
-640
-755
-893
-988
-951
-768
-525
-286
-94
62
256
480
689
824
817
699
519
318
158
1
-194
-405
-627
-793
-882
-987
-1254
-1860
-2804
-3887
-4866
-5575
-6018
-6316
-6509
-6461
-5984
-5016
-3710
-2333
-1079
8
998
1911
2678
3173
3344
3273
3113
3012
3011
3044
3034
2965
2890
2862
2838
2682
2287
1626
801
-50
-844
-1564
-2227
-2801
-3159
-3177
-2828
-2189
-1420
-647
104
855
1586
2221
2655
2832
2803
2666
2496
2300
2047
1758
1521
1423
1461
1534
1521
1388
1162
887
601
261
-185
-709
-1237
-1633
-1816
-1813
-1686
-1490
-1220
-821
-307
230
691
1005
1192
1309
1383
1423
1403
1320
1219
1152
1150
1166
1125
979
732
442
152
-128
-418
-722
-989
-1154
-1184
-1075
-873
-638
-400
-161
73
305
484
579
587
554
527
490
423
305
154
26
-69
-159
-288
-508
-807
-1196
-1745
-2504
-3465
-4520
-5434
-6064
-6406
-6512
-6433
-6087
-5368
-4302
-3021
-1728
-571
428
1285
2000
2553
2900
3038
3032
2960
2927
2969
3044
3100
3105
3057
2978
2839
2558
2071
1370
521
-347
-1145
-1832
-2377
-2752
-2896
-2750
-2338
-1725
-1004
-265
454
1129
1739
2227
2524
2581
2415
2144
1922
1844
1892
1964
1989
1984
2014
2087
2109
1969
1636
1138
549
-41
-607
-1119
-1546
-1854
-1986
-1904
-1614
-1204
-781
-388
-14
352
689
920
1010
1003
963
955
996
1068
1148
1209
1245
1254
1214
1079
811
412
-38
-440
-745
-965
-1129
-1233
-1232
-1093
-836
-523
-238
-26
132
259
379
463
451
334
176
60
29
57
57
-8
-115
-202
-241
-238
-259
-408
-774
-1431
-2359
-3423
-4438
-5245
-5824
-6216
-6416
-6332
-5856
-4972
-3830
-2610
-1433
-360
606
1427
2042
2424
2591
2611
2584
2578
2627
2719
2819
2919
3032
3157
3229
3151
2846
2303
1595
808
13
-762
-1484
-2078
-2461
-2564
-2379
-1965
-1412
-791
-150
491
1086
1569
1882
2011
2004
1911
1746
1524
1296
1158
1188
1378
1613
1777
1832
1813
1729
1566
1291
856
302
-292
-832
-1248
-1518
-1662
-1686
-1569
-1277
-836
-352
74
387
612
785
898
936
897
809
730
709
768
875
967
993
942
838
686
466
156
-225
-610
-924
-1125
-1206
-1186
-1077
-888
-632
-344
-77
135
258
292
268
219
164
95
17
-45
-52
-1
74
146
184
182
121
-23
-238
-540
-988
-1646
-2535
-3525
-4406
-5033
-5388
-5545
-5541
-5319
-4795
-3973
-2955
-1893
-912
-59
660
1257
1731
2055
2217
2247
2229
2258
2379
2555
2719
2823
2878
2913
2905
2770
2439
1906
1249
570
-64
-637
-1153
-1587
-1878
-1948
-1770
-1397
-928
-461
-45
325
642
868
980
995
981
1016
1131
1310
1513
1727
1953
2172
2346
2436
2370
2125
1737
1256
748
246
-249
-722
-1116
-1359
-1407
-1296
-1093
-848
-594
-334
-89
112
254
319
318
287
272
305
393
502
617
736
853
943
959
876
700
469
210
-54
-316
-565
-769
-901
-930
-858
-723
-573
-457
-380
-306
-225
-154
-112
-113
-147
-175
-167
-142
-138
-194
-318
-459
-559
-601
-631
-698
-794
-866
-838
-750
-773
-1076
-1666
-2351
-2898
-3219
-3417
-3617
-3810
-3834
-3541
-2925
-2123
-1325
-626
-16
544
1072
1521
1798
1851
1736
1598
1559
1625
1713
1750
1757
1820
1980
2160
2219
2067
1730
1321
932
567
185
-243
-661
-947
-1010
-859
-587
-298
-39
217
477
681
745
642
461
337
345
445
568
695
872
1129
1450
1757
1942
1933
1748
1456
1131
795
415
-21
-461
-789
-929
-895
-765
-611
-445
-255
-49
139
257
265
179
59
-19
-25
6
31
58
128
273
463
608
650
588
475
352
219
63
-124
-324
-489
-573
-567
-514
-470
-464
-464
-428
-359
-304
-296
-318
-326
-300
-243
-179
-139
-132
-147
-171
-202
-240
-322
-464
-618
-736
-778
-780
-757
-710
-660
-665
-815
-1152
-1619
-2083
-2460
-2736
-2936
-3059
-3058
-2874
-2477
-1898
-1214
-537
54
524
894
1182
1373
1436
1370
1246
1146
1123
1166
1239
1327
1428
1552
1669
1739
1712
1559
1303
996
689
391
104
-162
-362
-451
-403
-249
-50
154
344
506
602
591
470
307
191
158
208
310
458
665
930
1226
1493
1665
1704
1605
1398
1126
806
452
88
-252
-508
-632
-630
-536
-389
-217
-44
119
239
289
265
176
52
-65
-142
-177
-177
-147
-79
29
163
290
369
384
340
250
115
-55
-239
-412
-541
-618
-640
-621
-582
-542
-509
-486
-473
-472
-491
-517
-531
-533
-520
-494
-460
-406
-328
-266
-238
-268
-362
-480
-597
-693
-777
-862
-939
-977
-930
-766
-534
-371
-367
-560
-874
-1184
-1441
-1655
-1852
-2018
-2081
-1963
-1655
-1215
-724
-261
148
511
832
1081
1214
1201
1080
920
794
742
723
719
743
817
950
1116
1249
1295
1240
1110
947
773
578
352
114
-78
-166
-138
-22
130
288
463
657
857
1022
1121
1144
1119
1087
1072
1073
1056
1009
950
907
890
880
845
755
623
473
322
169
5
-152
-275
-334
-327
-274
-206
-150
-100
-43
21
70
78
38
-33
-104
-154
-183
-196
-199
-196
-176
-125
-54
8
26
-16
-104
-220
-353
-502
-663
-812
-920
-965
-955
-920
-878
-822
-746
-640
-527
-438
-390
-382
-399
-420
-434
-445
-464
-487
-499
-491
-476
-474
-498
-544
-585
-605
-614
-633
-668
-700
-701
-640
-526
-382
-256
-200
-238
-356
-503
-641
-756
-872
-986
-1055
-1036
-910
-706
-458
-181
128
438
711
911
1020
1049
1013
945
859
769
687
619
592
636
749
886
1004
1073
1091
1077
1041
966
848
698
537
401
316
282
287
319
369
442
535
630
700
719
700
660
613
566
510
446
397
382
408
461
505
516
496
463
429
381
300
179
32
-97
-190
-244
-268
-276
-266
-234
-181
-114
-66
-55
-81
-133
-195
-254
-308
-356
-386
-385
-350
-295
-236
-203
-200
-223
-263
-315
-384
-473
-573
-672
-737
-762
-750
-714
-670
-620
-564
-512
-465
-431
-418
-424
-446
-464
-468
-456
-436
-415
-392
-358
-312
-262
-230
-233
-251
-270
-284
-289
-295
-302
-304
-292
-265
-206
-131
-63
-12
22
57
94
107
73
-20
-146
-251
-317
-351
-373
-390
-380
-318
-206
-59
85
199
285
361
438
506
543
536
498
456
436
436
440
445
452
471
510
560
593
596
560
509
467
437
409
368
325
294
290
311
340
369
403
443
488
534
571
585
575
548
523
506
489
464
430
397
375
362
343
303
250
189
131
65
-1
-66
-129
-183
-221
-243
-247
-241
-231
-211
-182
-143
-104
-82
-78
-85
-93
-85
-71
-58
-52
-63
-90
-122
-151
-186
-226
-277
-323
-359
-389
-417
-452
-490
-521
-543
-561
-582
-610
-645
-682
-710
-719
-711
-690
-660
-619
-561
-482
-390
-311
-256
-229
-211
-191
-176
-178
-201
-245
-303
-351
-377
-390
-398
-403
-394
-361
-306
-236
-170
-111
-47
23
101
177
235
266
269
245
205
166
118
64
12
-22
-22
10
66
134
211
305
421
540
646
719
753
765
755
737
716
680
632
583
551
535
543
560
578
595
606
611
610
598
564
512
437
357
290
240
207
176
143
110
84
67
53
39
22
10
9
21
37
50
52
49
53
58
65
72
63
39
10
-24
-65
-112
-171
-235
-295
-342
-370
-388
-401
-406
-405
-398
-389
-386
-393
-412
-429
-439
-440
-438
-437
-439
-445
-447
-449
-456
-469
-493
-524
-563
-613
-671
-723
-759
-770
-753
-715
-660
-599
-531
-443
-339
-229
-122
-20
83
185
276
351
409
456
493
518
529
530
525
515
504
493
498
516
532
547
561
582
600
607
592
555
501
436
360
277
190
100
18
-51
-108
-150
-183
-214
-241
-252
-244
-220
-187
-154
-126
-106
-94
-97
-115
-146
-188
-234
-273
-306
-336
-363
-376
-368
-336
-289
-236
-175
-106
-35
34
94
140
167
173
161
133
100
70
49
49
73
120
184
257
328
390
437
465
478
473
453
425
391
360
335
316
306
308
327
358
390
414
417
388
332
249
152
66
4
-27
-25
1
37
69
80
68
37
3
-37
-89
-154
-228
-302
-356
-381
-381
-361
-325
-275
-214
-160
-132
-148
-198
-262
-319
-356
-367
-358
-327
-282
-238
-199
-173
-173
-201
-256
-325
-400
-466
-516
-547
-552
-531
-490
-437
-390
-363
-357
-363
-368
-362
-346
-326
-311
-304
-289
-256
-201
-124
-38
40
94
115
103
53
-24
-105
-158
-161
-111
-28
57
130
193
261
330
393
451
503
545
570
577
569
543
500
456
422
402
401
405
411
421
437
462
490
509
511
492
450
389
322
263
222
215
243
303
369
418
445
453
453
449
442
424
389
337
269
183
85
-20
-131
-237
-322
-379
-408
-427
-446
-462
-475
-483
-486
-493
-503
-505
-490
-447
-376
-294
-219
-172
-151
-146
-154
-165
-174
-179
-180
-177
-168
-155
-142
-138
-150
-178
-216
-260
-303
-344
-371
-367
-325
-243
-123
19
171
326
465
572
637
646
586
461
280
75
-132
-312
-452
-548
-601
-626
-634
-623
-595
-551
-497
-440
-382
-321
-262
-207
-155
-105
-53
-5
32
56
68
70
67
57
50
50
55
75
111
160
221
291
354
405
440
454
445
421
388
356
338
339
358
388
419
438
438
419
385
344
304
272
249
222
178
115
33
-53
-131
-181
-191
-165
-119
-69
-26
3
22
32
35
32
23
5
-23
-49
-63
-68
-66
-62
-51
-36
-24
-20
-29
-47
-66
-84
-96
-98
-89
-71
-47
-24
-1
20
33
39
27
-7
-62
-132
-202
-256
-282
-281
-260
-221
-163
-86
5
108
212
309
391
447
473
459
404
311
188
53
-74
-181
-262
-311
-326
-306
-259
-197
-128
-60
3
53
79
72
32
-41
-135
-234
-331
-415
-489
-545
-583
-604
-603
-582
-545
-497
-444
-384
-324
-264
-206
-153
-103
-63
-31
-3
23
56
93
128
156
176
186
187
179
167
155
140
119
91
60
34
18
21
35
62
94
132
179
237
305
381
456
527
588
634
660
665
649
614
558
486
402
310
219
135
61
-1
-48
-81
-105
-120
-131
-138
-146
-150
-147
-138
-121
-99
-73
-48
-26
-14
-12
-15
-16
-11
0
14
25
34
43
57
74
95
110
113
102
81
55
29
1
-31
-64
-94
-113
-126
-132
-128
-114
-95
-81
-79
-85
-99
-113
-122
-129
-133
-132
-128
-126
-124
-124
-130
-140
-147
-149
-145
-141
-137
-138
-144
-150
-150
-141
-125
-106
-86
-72
-71
-80
-101
-129
-153
-176
-191
-202
-207
-206
-207
-207
-207
-207
-207
-205
-203
-203
-202
-202
-204
-207
-206
-194
-171
-130
-75
-12
58
121
167
201
228
254
282
307
326
333
327
316
307
304
311
330
350
371
387
394
391
376
353
327
299
273
252
234
217
200
187
181
177
172
170
168
165
157
144
122
88
50
8
-30
-61
-82
-96
-101
-104
-114
-131
-150
-166
-176
-185
-196
-207
-217
-222
-220
-214
-206
-193
-170
-142
-107
-69
-38
-22
-10
-5
-12
-27
-43
-63
-84
-107
-129
-153
-170
-185
-192
-196
-201
-212
-223
-230
-230
-222
-213
-206
-198
-189
-177
-161
-146
-127
-103
-76
-49
-25
-2
19
33
39
36
20
6
2
12
36
69
104
143
185
224
265
304
336
364
384
390
380
348
303
247
187
131
80
31
-12
-44
-66
-74
-68
-52
-21
21
70
120
162
192
205
205
197
181
160
139
120
100
79
52
17
-21
-54
-79
-94
-102
-102
-95
-87
-83
-80
-79
-76
-74
-75
-78
-84
-96
-113
-132
-153
-168
-178
-185
-192
-199
-205
-207
-205
-200
-191
-183
-175
-167
-155
-146
-140
-136
-138
-145
-150
-148
-137
-120
-98
-78
-56
-28
5
39
70
94
117
142
165
181
190
189
184
183
187
194
198
200
198
195
191
186
174
157
141
125
111
96
79
65
54
44
34
27
22
19
20
22
26
23
16
5
-10
-24
-36
-48
-59
-69
-74
-76
-75
-68
-55
-41
-30
-21
-13
-2
8
17
20
14
3
-11
-26
-35
-42
-43
-36
-24
-8
8
20
29
38
45
46
42
28
13
-7
-28
-44
-55
-60
-62
-64
-64
-64
-63
-59
-54
-52
-53
-55
-56
-53
-50
-44
-40
-37
-31
-22
-11
0
11
18
19
18
13
11
8
6
4
-2
-10
-18
-26
-31
-32
-25
-18
-13
-12
-15
-20
-26
-32
-38
-47
-61
-77
-98
-119
-137
-147
-146
-138
-124
-109
-99
-91
-79
-63
-41
-18
2
16
23
26
30
39
51
64
78
91
102
113
124
133
142
149
156
160
166
168
169
172
173
173
169
162
149
134
122
110
103
97
91
80
70
59
50
46
45
43
39
33
28
25
23
19
15
13
12
12
11
8
4
3
5
5
0
-7
-14
-15
-14
-13
-11
-11
-10
-9
-11
-17
-34
-55
-74
-92
-111
-132
-158
-183
-200
-205
-201
-195
-189
-183
-176
-164
-146
-128
-110
-92
-75
-59
-40
-24
-11
-4
-6
-21
-39
-61
-81
-103
-124
-144
-163
-178
-186
-186
-179
-168
-151
-128
-104
-85
-72
-64
-52
-34
-10
17
41
62
84
105
125
142
153
161
164
164
163
159
160
165
178
191
205
214
221
226
228
227
223
218
209
202
196
190
185
179
172
161
150
137
127
115
105
92
78
61
42
22
-1
-26
-52
-73
-90
-102
-110
-119
-128
-135
-138
-138
-138
-138
-138
-139
-137
-135
-134
-136
-140
-142
-132
-116
-96
-80
-72
-73
-77
-82
-82
-80
-78
-77
-74
-72
-70
-72
-73
-74
-74
-67
-56
-43
-30
-19
-8
1
4
8
12
17
27
35
41
42
38
35
36
40
46
51
48
45
38
34
34
37
39
39
34
27
23
28
40
54
64
66
60
48
45
46
49
51
49
46
43
44
50
52
49
39
28
19
11
3
-9
-23
-34
-39
-39
-40
-41
-43
-43
-42
-35
-27
-23
-25
-30
-35
-39
-41
-40
-32
-21
-10
-3
-3
-10
-19
-25
-26
-21
-14
-8
-5
-10
-14
-18
-19
-17
-12
-3
7
18
25
33
39
49
54
54
47
40
38
40
42
41
35
33
33
34
33
30
25
19
14
11
8
1
-11
-23
-31
-31
-28
-20
-16
-16
-16
-14
-6
2
11
15
16
14
9
3
-4
-11
-19
-21
-19
-15
-15
-17
-19
-21
-23
-26
-32
-37
-38
-36
-30
-24
-21
-24
-26
-24
-17
-7
3
9
12
12
9
3
-2
-3
-2
2
5
3
1
-2
-4
-6
-11
-20
-29
-37
-45
-49
-47
-43
-38
-35
-36
-41
-44
-45
-40
-31
-21
-13
-6
3
12
26
39
47
52
54
58
64
71
75
77
80
85
94
106
116
123
122
119
116
114
112
108
98
86
71
56
47
38
30
22
13
3
-10
-26
-41
-57
-73
-86
-98
-103
-102
-103
-106
-113
-122
-130
-130
-121
-108
-95
-89
-90
-93
-93
-89
-79
-69
-58
-46
-36
-27
-18
-11
-6
3
8
11
11
8
4
5
7
8
6
3
1
0
-1
-3
-5
-6
1
9
20
29
33
33
32
34
36
37
33
30
28
29
30
31
33
34
34
34
35
38
40
42
40
36
30
22
19
22
29
34
37
38
38
38
40
44
52
64
74
80
80
76
68
63
55
49
42
34
27
20
12
-4
-24
-42
-51
-53
-54
-53
-56
-59
-59
-55
-50
-47
-45
-46
-51
-55
-55
-53
-49
-45
-46
-49
-54
-56
-52
-42
-33
-27
-22
-23
-31
-41
-50
-53
-53
-49
-44
-40
-39
-38
-38
-35
-30
-22
-13
-2
10
21
30
35
36
37
41
47
50
50
47
44
41
40
41
41
39
36
35
32
32
31
29
24
20
16
13
10
6
6
7
8
9
3
-4
-13
-18
-17
-12
-5
-1
-1
-2
-4
-9
-11
-8
-3
2
7
9
8
6
1
-7
-13
-19
-21
-19
-17
-14
-10
-5
1
7
12
13
9
4
2
8
18
28
34
35
34
30
24
16
10
9
9
12
14
12
6
-4
-16
-26
-28
-23
-15
-7
-2
-3
-5
-5
-5
-3
-1
0
-3
-8
-14
-19
-23
-25
-26
-26
-25
-20
-14
-8
-5
-4
-8
-17
-23
-28
-28
-29
-31
-29
-23
-14
-3
2
5
5
10
17
22
23
20
11
-1
-9
-14
-14
-9
-6
3
13
20
24
23
20
18
18
24
28
28
22
11
0
-4
-4
2
10
16
19
17
14
10
8
9
10
10
7
3
-2
-4
-5
-6
-5
-2
4
11
20
26
26
23
17
8
1
-5
-3
0
2
0
-1
0
0
4
12
15
13
4
-9
-15
-19
-19
-17
-16
-20
-25
-27
-26
-20
-12
-6
-4
-6
-14
-21
-24
-23
-19
-15
-12
-14
-16
-16
-14
-10
-6
-5
-5
-9
-12
-12
-14
-15
-13
-8
-4
1
5
9
11
13
17
20
23
28
31
33
30
25
19
16
13
15
15
12
6
1
-1
-3
-1
2
7
9
8
4
0
-2
-4
-3
0
3
6
11
13
11
5
-1
-5
-3
2
6
7
3
-2
-5
-4
-2
-2
0
3
5
3
0
-7
-12
-14
-14
-13
-12
-12
-10
-7
-4
-2
0
1
5
11
17
19
15
7
-2
-9
-11
-13
-13
-10
-7
-5
-6
-9
-12
-16
-17
-16
-14
-11
-9
-5
-2
2
6
8
9
10
8
4
-1
-6
-12
-20
-26
-29
-27
-25
-21
-19
-22
-27
-30
-31
-31
-28
-28
-28
-31
-34
-34
-29
-21
-12
-5
0
2
3
6
12
17
24
30
33
34
33
29
27
26
31
33
29
22
14
15
22
30
34
35
32
33
35
38
40
37
37
40
42
46
47
44
39
35
32
30
27
28
28
28
25
22
17
14
9
4
-1
-4
-7
-9
-11
-14
-19
-23
-27
-31
-32
-33
-30
-24
-17
-15
-15
-18
-22
-24
-26
-29
-34
-40
-45
-47
-49
-53
-58
-64
-68
-66
-62
-57
-54
-53
-53
-52
-51
-48
-45
-38
-30
-20
-11
-5
-1
-1
2
6
13
22
28
31
28
21
15
12
13
14
17
21
23
27
32
35
35
33
32
28
24
22
20
18
17
19
22
24
26
30
33
34
33
30
29
27
26
23
21
19
16
14
12
8
3
1
-1
-3
-4
-2
-1
-1
1
0
-2
-1
2
5
6
7
5
5
1
-1
-1
1
2
5
6
3
0
-2
-4
-4
-2
0
1
3
7
9
10
10
11
9
7
4
6
10
13
12
9
7
5
6
5
1
-4
-9
-15
-21
-28
-29
-31
-29
-27
-29
-31
-31
-32
-31
-31
-34
-37
-40
-40
-38
-35
-33
-33
-35
-36
-37
-36
-34
-31
-27
-23
-19
-15
-14
-13
-13
-14
-12
-9
-10
-10
-12
-11
-10
-10
-9
-6
-2
2
5
6
5
7
10
16
21
27
31
36
42
45
45
47
48
49
50
51
47
43
40
36
36
37
37
36
34
32
28
26
24
24
24
24
28
30
29
29
25
22
24
21
22
21
20
17
11
5
0
-7
-14
-19
-22
-23
-22
-22
-25
-30
-36
-42
-44
-43
-40
-35
-31
-28
-25
-22
-18
-14
-12
-5
0
1
1
-5
-9
-9
-6
-4
-2
-6
-7
-12
-15
-18
-22
-26
-30
-33
-37
-40
-37
-33
-28
-22
-13
-11
-10
-7
-6
-3
1
6
9
12
14
12
9
8
8
9
9
11
10
10
8
5
-2
-8
-13
-14
-13
-9
-7
-5
-3
1
1
4
9
10
12
14
14
16
18
18
16
17
19
19
16
10
6
7
6
5
-1
-5
-7
-5
-4
-4
0
3
5
6
4
2
-1
-3
-5
-7
-4
4
15
24
25
23
20
20
20
18
15
11
10
8
1
-3
-10
-17
-22
-20
-16
-11
-5
-2
0
2
3
5
4
5
8
10
12
10
10
12
14
18
18
17
19
19
16
13
6
0
-4
-6
-7
-10
-16
-18
-19
-18
-15
-13
-10
-8
-8
-7
-5
-6
-7
-8
-7
-6
-6
-7
-6
-9
-10
-9
-5
0
3
0
-4
-8
-11
-14
-15
-15
-17
-16
-13
-11
-13
-13
-15
-16
-15
-13
-9
-6
-3
-1
-1
1
2
5
5
5
3
0
-2
-4
-6
-4
-2
-1
-1
-3
-5
-4
-1
2
1
-2
-4
-5
-4
2
5
4
5
4
4
5
5
6
7
8
12
14
16
17
18
16
13
11
8
5
3
0
-1
1
5
9
11
13
14
14
15
14
14
13
13
15
15
14
15
14
15
19
21
22
22
19
19
17
16
14
10
7
2
-3
-7
-7
-5
-2
-3
-3
-7
-9
-11
-12
-13
-13
-14
-12
-10
-9
-8
-9
-10
-10
-12
-13
-14
-13
-13
-14
-17
-20
-21
-22
-21
-19
-18
-19
-21
-22
-22
-22
-20
-21
-24
-25
-23
-17
-9
-3
0
-2
-5
-6
-6
-4
-4
-6
-6
-7
-8
-8
-6
-2
4
4
4
6
6
5
3
0
-3
-4
-2
2
7
11
14
14
11
7
7
8
12
15
17
17
15
12
12
14
18
23
26
27
23
17
13
14
17
20
19
20
23
27
27
23
19
16
19
21
24
21
14
6
3
4
3
0
-2
-1
2
6
10
8
4
-2
-9
-13
-18
-22
-21
-16
-12
-9
-8
-9
-12
-16
-21
-25
-26
-24
-21
-17
-13
-8
-8
-10
-14
-17
-21
-23
-20
-19
-18
-18
-19
-19
-15
-13
-13
-14
-16
-18
-16
-17
-17
-17
-16
-11
-7
-3
-1
2
5
7
8
6
3
0
-2
-3
-2
0
4
6
8
11
12
11
11
9
9
11
17
21
24
20
13
7
3
6
12
18
20
19
16
13
11
11
12
15
17
20
20
16
11
4
-1
-2
-1
2
5
8
10
13
13
12
9
5
4
2
-1
1
5
8
11
13
12
6
0
-5
-7
-7
-6
-5
-6
-11
-15
-16
-15
-13
-15
-16
-18
-18
-16
-17
-19
-21
-20
-18
-17
-17
-17
-14
-11
-6
-4
-5
-7
-8
-6
-3
-1
-2
-4
-4
-5
-5
-5
-8
-9
-8
-5
1
3
5
3
1
0
0
1
3
5
10
14
12
6
0
-4
-3
3
10
14
13
10
7
5
6
8
9
9
10
12
9
4
2
0
2
2
1
1
2
2
4
7
8
8
8
9
8
7
5
3
2
1
1
0
-2
-6
-10
-10
-8
-4
0
2
4
5
4
3
-3
-8
-9
-6
-2
2
4
6
5
4
2
2
0
0
0
2
3
5
6
2
-1
-5
-6
-4
0
7
10
11
7
-2
-10
-15
-13
-9
-4
1
5
6
6
3
-3
-7
-10
-11
-10
-9
-7
-6
-9
-11
-12
-11
-7
-3
1
4
5
2
-5
-11
-15
-13
-9
-4
4
7
6
4
-1
-6
-6
-4
2
5
6
3
1
-1
-4
-6
-5
-2
2
7
13
14
11
4
-5
-11
-9
-5
1
7
9
9
9
7
5
3
3
2
4
6
8
8
3
1
0
2
5
7
7
7
8
8
8
8
9
7
4
0
-1
0
3
6
9
9
6
2
-1
-2
-1
1
1
1
-1
-2
-1
-4
-5
-6
-5
-4
-3
-2
-4
-6
-6
-8
-10
-14
-14
-10
-6
-5
-4
-5
-6
-8
-10
-12
-14
-12
-10
-7
-4
-2
-1
-2
-2
-2
-3
-2
1
2
3
4
5
4
4
4
4
2
1
-1
-1
-1
-2
-3
-2
1
5
8
7
6
3
-1
-2
0
3
5
2
0
-1
-2
-2
0
1
4
7
10
8
6
1
-2
-2
1
0
-3
-2
2
7
10
9
6
4
1
-2
-3
-5
-8
-8
-8
-3
-1
2
2
-1
-6
-9
-11
-9
-4
-4
-7
-11
-13
-11
-8
-3
-1
1
3
4
4
4
2
4
6
7
9
7
7
8
8
9
10
11
10
9
7
4
2
4
7
9
10
11
9
9
9
10
9
6
4
1
-1
3
6
8
5
1
-1
0
2
4
2
0
-4
-5
-5
-4
-4
-4
-6
-7
-9
-11
-11
-11
-9
-9
-8
-10
-10
-10
-10
-10
-12
-13
-14
-14
-11
-8
-6
-5
-6
-9
-14
-16
-14
-11
-7
-5
-5
-8
-13
-16
-11
-4
3
8
7
4
-2
-10
-14
-12
-4
5
11
13
10
5
1
0
4
10
18
22
22
21
14
11
11
11
14
11
10
10
11
13
13
10
8
5
6
10
15
16
11
7
5
4
4
5
3
2
1
2
4
6
9
8
6
1
-4
-8
-10
-8
-2
1
1
-4
-9
-11
-11
-6
0
0
-2
-8
-14
-15
-15
-11
-7
-5
-3
-3
-4
-4
-2
2
2
0
-4
-8
-12
-11
-7
-3
1
2
1
0
1
1
3
4
2
0
0
1
3
3
3
0
0
1
4
4
2
-1
-3
-6
-8
-8
-11
-10
-9
-7
-6
-6
-7
-11
-11
-10
-9
-7
-7
-7
-9
-8
-6
-4
-1
2
5
5
5
4
1
1
-1
1
3
6
7
8
8
8
9
12
12
10
8
6
6
5
6
6
7
6
6
7
9
9
8
5
3
3
4
8
11
14
14
12
7
3
-1
-3
-1
-1
-1
-2
-2
-3
-1
3
8
10
9
6
3
0
-2
-1
2
3
2
-2
-6
-9
-8
-5
-1
0
-1
-2
-2
0
3
5
5
1
-6
-14
-16
-18
-13
-8
-5
-3
-4
-4
-2
0
1
0
-3
-10
-16
-21
-20
-16
-11
-9
-10
-12
-13
-12
-11
-8
-4
-1
-3
-4
-8
-14
-19
-21
-18
-14
-9
-3
-1
1
3
5
5
6
6
7
7
7
8
9
10
10
11
12
11
11
11
14
15
18
19
19
17
14
10
6
4
7
10
14
16
15
12
7
4
3
5
10
14
14
14
10
3
-3
-4
-2
1
6
7
7
1
-3
-5
-6
-6
-6
-7
-6
-5
-3
-2
-4
-6
-9
-11
-13
-13
-10
-7
-8
-8
-9
-10
-9
-7
-6
-5
-4
0
3
6
6
4
0
-1
-4
-3
-3
-2
1
2
1
-1
-2
-3
-3
-2
-1
0
1
0
-2
-7
-9
-10
-8
-7
-6
-6
-9
-10
-10
-9
-9
-10
-10
-11
