-6
-7
-5
-2
3
5
5
3
2
2
4
5
5
2
-3
-8
-8
-4
2
6
6
2
-2
-6
-8
-10
-9
-6
-1
5
10
12
10
8
3
2
3
6
12
18
22
16
6
-4
-13
-11
-5
0
1
-1
-5
-10
-14
-12
-9
-3
1
6
8
9
8
5
1
-2
-4
-1
3
8
10
10
4
-4
-10
-12
-9
-4
2
6
9
7
2
-2
-4
-7
-8
-6
-3
3
6
8
8
3
-4
-11
-14
-12
-7
0
6
9
8
4
-1
-3
-3
-1
2
5
8
6
5
-1
-5
-8
-8
-6
-2
0
1
-1
-2
-5
-6
-5
-4
-3
-1
1
2
2
3
2
0
-2
-3
-3
-1
2
3
3
1
-2
-3
-4
-3
-1
1
2
2
1
1
0
-1
-1
-1
0
2
3
4
4
3
2
0
-1
-1
0
2
3
4
3
1
-1
-2
-1
0
0
-1
0
0
0
0
-1
-1
0
-1
0
0
0
0
-1
-1
0
0
-1
1
0
0
0
0
0
0
1
1
1
0
-1
0
-1
0
0
0
0
0
1
-1
-1
0
0
0
0
0
1
2
1
1
0
0
-1
-1
-1
0
0
0
0
-1
-1
-1
-2
-1
-1
0
1
1
1
0
0
1
0
0
0
1
1
0
0
-1
0
0
0
0
-1
0
0
0
0
1
0
0
0
1
0
1
1
0
0
0
0
0
0
0
0
0
-1
0
0
0
0
0
0
0
1
0
0
1
-1
0
0
-1
2
0
-1
-1
0
0
0
0
0
0
0
0
0
0
0
-1
0
0
0
0
0
0
0
-1
0
0
0
-1
0
1
-1
-1
0
0
0
0
0
1
1
0
0
-1
0
0
0
0
0
0
0
0
1
0
0
0
0
-1
1
0
0
1
0
0
0
0
0
1
1
0
0
0
0
0
-1
0
-1
1
0
1
0
0
1
0
0
1
0
0
0
0
-1
-1
1
0
0
0
-1
0
0
1
0
0
0
0
0
0
-1
1
0
0
-1
0
0
1
1
-1
0
0
0
0
0
0
0
0
0
-1
1
0
0
1
0
0
0
0
0
-1
0
0
0
0
-1
0
0
0
-1
0
0
0
0
0
-1
0
-1
1
0
0
1
0
0
0
0
0
0
0
0
-1
0
0
0
1
0
1
0
-1
0
0
-1
0
0
1
1
0
0
0
-1
-1
0
0
0
-1
0
0
1
0
1
0
0
1
0
0
1
0
0
0
0
0
0
0
0
0
0
0
-1
1
0
0
0
0
0
0
0
0
0
0
-1
0
-1
0
0
0
0
0
-1
0
0
0
1
0
0
0
0
0
0
0
0
0
-1
1
1
-1
0
0
0
0
0
0
0
0
0
0
0
0
0
-1
0
0
0
0
0
0
0
0
-1
0
0
0
0
-1
0
-1
0
0
0
0
0
-1
0
0
-1
0
0
0
1
0
0
0
0
0
0
1
0
0
0
0
0
1
0
0
0
1
1
0
0
0
0
0
0
0
0
1
1
1
0
0
-1
0
0
0
-1
-1
0
0
0
0
0
0
0
0
0
0
0
0
0
0
0
0
0
0
0
0
0
1
1
1
0
-1
0
0
0
0
0
0
1
-1
-1
0
0
0
0
0
1
0
-1
0
0
0
0
0
0
0
0
-1
0
0
0
0
1
0
0
0
0
0
-1
1
1
0
0
0
0
1
0
0
0
0
0
0
0
0
0
0
0
0
1
0
0
0
0
0
0
1
0
0
0
0
0
0
0
0
0
0
1
0
-1
0
0
0
0
-1
0
0
0
0
0
0
-1
0
0
-1
0
0
0
-1
1
0
0
0
0
0
0
0
0
0
0
0
0
0
-1
0
-1
0
0
0
0
0
0
0
0
0
1
0
0
0
0
0
0
0
0
0
0
0
1
0
0
0
0
0
0
0
0
0
-1
0
0
1
0
0
0
0
0
0
0
1
0
0
0
0
0
0
-1
0
1
0
0
0
0
0
0
0
0
-1
0
0
0
0
0
0
0
0
1
0
-1
0
1
0
0
-1
0
0
0
0
-1
0
0
0
0
1
0
0
0
0
0
0
0
0
-1
0
0
0
0
0
0
0
0
0
1
0
0
0
0
0
1
0
0
1
0
1
-1
0
0
0
0
0
0
0
0
-1
0
-1
-1
0
0
0
0
0
0
0
0
0
0
-1
0
-1
0
0
0
0
0
0
-1
0
0
0
0
0
0
0
0
0
0
0
0
0
0
0
0
1
1
1
0
0
1
0
1
1
1
2
2
1
1
-1
-1
-1
-2
-2
-3
-3
-2
-3
-2
-1
0
0
1
1
1
1
2
2
2
2
1
2
3
3
3
3
3
2
2
2
2
2
1
2
0
-1
-2
-1
-1
-2
-1
-1
-1
-1
0
0
0
0
0
0
0
0
0
1
0
1
1
4
7
9
11
12
15
18
20
22
21
18
15
13
13
12
8
4
-1
-5
-9
-10
-8
-11
-15
-19
-22
-23
-28
-33
-37
-40
-41
-42
-43
-40
-39
-35
-29
-20
-13
-6
2
11
19
22
22
20
14
8
4
-2
-7
-16
-25
-32
-34
-34
-33
-34
-36
-37
-37
-35
-35
-34
-35
-35
-33
-21
-2
14
22
28
35
42
48
50
50
46
35
23
13
11
5
-3
-10
-14
-17
-17
-17
-17
-16
-14
-14
-13
-12
-12
-11
-12
-14
-15
-17
-19
-20
-18
-17
-18
-16
-15
-13
-11
-5
3
8
11
17
24
27
27
25
23
20
13
5
5
7
-11
-64
-149
-233
-280
-298
-311
-343
-387
-422
-436
-411
-348
-271
-224
-210
-187
-132
-59
17
85
134
142
126
140
196
252
276
297
346
404
442
460
479
490
479
458
432
392
322
231
155
77
-16
-105
-180
-217
-216
-194
-142
-81
-30
22
79
160
249
316
342
348
353
369
393
399
395
385
370
372
387
406
379
248
41
-145
-249
-312
-398
-496
-578
-617
-631
-591
-450
-294
-180
-122
-64
59
173
246
293
318
334
336
340
362
390
408
420
447
474
508
541
552
550
518
466
370
220
77
-35
-114
-206
-319
-407
-448
-462
-460
-403
-307
-197
-101
-20
103
219
286
290
232
158
56
-119
-445
-904
-1409
-1784
-1953
-2018
-2053
-2134
-2175
-2110
-1899
-1554
-1180
-855
-647
-495
-345
-177
8
153
225
233
207
254
395
566
712
811
916
1050
1197
1326
1396
1410
1363
1278
1154
972
744
480
225
3
-185
-307
-378
-401
-383
-328
-215
-65
93
225
331
427
513
570
572
529
473
440
444
463
477
492
508
536
578
638
682
627
444
224
68
-20
-152
-345
-546
-707
-816
-888
-834
-711
-627
-591
-548
-397
-180
-35
60
128
146
165
163
175
215
241
260
301
360
403
451
479
497
541
572
605
574
473
360
240
107
-62
-221
-366
-475
-544
-564
-497
-417
-374
-324
-228
-79
65
174
264
331
356
335
310
254
155
-4
-185
-384
-658
-1056
-1516
-1891
-2100
-2141
-2143
-2174
-2221
-2209
-2076
-1825
-1505
-1195
-951
-775
-596
-356
-78
160
328
436
523
635
809
1057
1282
1409
1463
1504
1591
1672
1696
1666
1586
1479
1317
1132
923
671
398
136
-48
-171
-258
-321
-355
-350
-318
-239
-135
-26
56
124
221
327
412
449
462
471
487
513
530
517
463
409
390
409
416
390
335
253
162
90
64
33
-53
-188
-296
-339
-358
-382
-421
-452
-466
-461
-404
-320
-232
-163
-108
-43
20
83
129
164
194
234
292
347
377
381
370
363
363
368
386
398
384
339
280
210
138
58
8
-4
-4
-5
-30
-64
-92
-115
-131
-127
-114
-84
-64
-68
-119
-221
-378
-678
-1180
-1887
-2559
-2992
-3138
-3174
-3284
-3440
-3502
-3307
-2895
-2338
-1768
-1292
-931
-604
-229
200
584
850
1002
1052
1086
1181
1390
1631
1787
1863
1967
2185
2429
2580
2596
2518
2399
2230
1986
1652
1227
758
300
-103
-440
-720
-921
-1019
-1004
-883
-689
-445
-207
-21
127
272
446
596
661
646
606
606
626
569
363
159
127
277
468
583
703
782
799
744
777
906
904
697
378
163
1
-205
-465
-703
-856
-949
-967
-874
-708
-566
-481
-409
-256
-64
95
171
184
208
238
273
259
226
226
244
283
324
403
481
505
466
451
499
527
460
337
238
174
105
-16
-115
-181
-240
-279
-353
-394
-408
-482
-525
-537
-512
-506
-694
-1148
-1868
-2714
-3445
-3841
-3954
-4072
-4318
-4560
-4482
-3995
-3306
-2588
-1946
-1400
-938
-439
182
840
1342
1561
1605
1613
1644
1756
1956
2151
2247
2268
2373
2636
2902
3023
2998
2928
2851
2714
2468
2089
1596
1023
452
-40
-452
-801
-1084
-1252
-1293
-1211
-1018
-748
-464
-221
-13
215
463
646
660
495
294
148
59
25
45
131
223
344
534
823
1159
1398
1543
1617
1630
1561
1362
1064
690
288
-91
-416
-660
-827
-909
-913
-837
-683
-491
-305
-152
-31
86
171
190
116
-10
-142
-259
-336
-374
-358
-305
-230
-102
98
334
538
669
740
791
807
787
701
550
366
158
-30
-183
-293
-394
-496
-564
-563
-488
-382
-324
-343
-501
-909
-1662
-2697
-3664
-4276
-4499
-4655
-4964
-5311
-5421
-5111
-4447
-3576
-2677
-1906
-1268
-643
66
786
1335
1663
1786
1766
1692
1718
1929
2185
2307
2322
2445
2779
3176
3473
3631
3691
3671
3533
3282
2885
2309
1606
875
212
-376
-904
-1324
-1612
-1765
-1778
-1608
-1260
-841
-486
-208
87
410
627
581
309
4
-188
-267
-312
-306
-228
-64
183
546
1092
1680
2125
2327
2388
2443
2449
2317
1974
1485
942
408
-51
-390
-612
-791
-935
-958
-816
-562
-326
-192
-112
-51
-3
-30
-154
-332
-544
-741
-896
-940
-875
-760
-642
-492
-219
171
570
871
1059
1170
1218
1179
1064
889
656
352
-12
-317
-537
-671
-768
-836
-829
-770
-696
-673
-821
-1325
-2257
-3321
-4058
-4314
-4454
-4918
-5557
-5962
-5842
-5306
-4571
-3700
-2898
-2241
-1568
-712
324
1217
1789
2087
2211
2202
2186
2375
2633
2713
2555
2468
2723
3134
3414
3511
3570
3638
3640
3557
3346
2951
2326
1572
871
256
-343
-896
-1336
-1660
-1867
-1892
-1664
-1291
-957
-729
-459
-86
217
288
175
48
-60
-184
-283
-283
-208
-151
-29
303
860
1456
1928
2271
2511
2662
2726
2694
2508
2120
1587
1007
482
46
-316
-616
-878
-1043
-1048
-884
-646
-450
-303
-164
-48
0
-24
-83
-190
-383
-589
-717
-719
-678
-639
-552
-382
-127
141
414
693
915
1054
1097
1071
1000
834
579
257
-50
-283
-468
-591
-691
-766
-835
-973
-1244
-1787
-2647
-3569
-4231
-4478
-4632
-5038
-5593
-5951
-5826
-5367
-4727
-4007
-3327
-2703
-2081
-1270
-301
579
1243
1672
1945
2110
2256
2552
2880
3018
2922
2852
3068
3419
3667
3737
3731
3738
3688
3591
3411
3077
2561
1910
1283
710
139
-408
-903
-1308
-1624
-1762
-1652
-1402
-1180
-1056
-890
-608
-361
-283
-351
-418
-447
-483
-480
-388
-230
-82
86
413
931
1480
1922
2243
2495
2698
2828
2850
2708
2397
1953
1434
936
509
145
-192
-504
-713
-762
-659
-498
-367
-258
-150
-51
-12
-50
-136
-289
-498
-720
-871
-913
-905
-868
-775
-588
-325
-18
314
646
945
1142
1234
1209
1076
857
581
310
19
-275
-562
-785
-929
-1057
-1178
-1408
-1876
-2644
-3545
-4197
-4490
-4642
-4950
-5442
-5815
-5865
-5556
-4995
-4346
-3708
-3166
-2568
-1794
-879
13
706
1229
1596
1845
2104
2455
2853
3066
3059
3053
3218
3533
3781
3888
3920
3910
3892
3837
3714
3458
3006
2448
1876
1329
780
216
-313
-804
-1222
-1474
-1506
-1383
-1276
-1274
-1322
-1298
-1186
-1075
-1020
-1016
-1003
-952
-857
-694
-436
-100
250
619
1072
1601
2097
2456
2687
2848
2959
2951
2788
2494
2107
1673
1242
890
616
357
88
-139
-233
-193
-75
29
57
23
-52
-131
-213
-318
-462
-657
-859
-1000
-1006
-895
-745
-595
-426
-177
130
426
667
835
924
910
818
676
515
289
15
-235
-427
-581
-775
-1066
-1531
-2283
-3267
-4183
-4717
-4896
-5112
-5575
-6091
-6291
-6055
-5555
-4937
-4308
-3752
-3243
-2654
-1860
-994
-260
282
713
1080
1397
1786
2295
2765
2999
3054
3243
3669
4100
4327
4373
4400
4436
4417
4337
4133
3734
3151
2515
1960
1443
895
336
-200
-682
-1075
-1276
-1246
-1175
-1285
-1549
-1715
-1666
-1541
-1523
-1570
-1571
-1513
-1401
-1214
-866
-430
-34
306
724
1287
1861
2313
2590
2757
2900
3007
3022
2892
2640
2286
1877
1506
1231
1046
864
648
450
366
407
433
355
192
13
-153
-335
-508
-670
-855
-1065
-1241
-1268
-1132
-930
-737
-547
-278
53
376
636
799
866
826
738
609
467
264
-21
-261
-414
-480
-591
-866
-1369
-2239
-3341
-4344
-4928
-5131
-5416
-5966
-6558
-6811
-6594
-6114
-5513
-4918
-4397
-3870
-3206
-2285
-1310
-513
81
528
919
1278
1741
2343
2855
3126
3234
3494
3999
4484
4767
4864
4920
4977
4993
4958
4777
4371
3756
3069
2454
1860
1235
605
-13
-584
-1073
-1332
-1333
-1303
-1464
-1830
-2119
-2143
-2010
-1940
-2010
-2086
-2065
-1936
-1723
-1374
-868
-366
75
548
1201
1956
2559
2926
3117
3286
3418
3424
3312
3085
2781
2390
2018
1771
1606
1441
1189
968
880
909
933
817
585
313
53
-227
-557
-876
-1158
-1409
-1599
-1642
-1473
-1199
-949
-735
-470
-101
247
477
590
600
549
405
244
86
-96
-293
-559
-811
-1054
-1289
-1589
-2073
-2730
-3548
-4291
-4802
-5141
-5448
-5881
-6285
-6464
-6350
-5993
-5542
-5036
-4503
-3913
-3214
-2428
-1576
-778
-111
464
970
1491
2049
2583
3036
3322
3538
3818
4219
4635
4899
5025
5079
5121
5126
5030
4820
4463
3972
3402
2814
2245
1654
1031
391
-223
-718
-1053
-1252
-1384
-1620
-1997
-2339
-2504
-2523
-2558
-2629
-2645
-2540
-2327
-2008
-1544
-953
-359
140
702
1389
2085
2629
2963
3176
3296
3361
3370
3294
3155
2904
2606
2341
2148
2028
1890
1738
1591
1481
1427
1328
1098
723
296
-120
-545
-944
-1293
-1576
-1795
-1934
-1894
-1674
-1382
-1134
-928
-642
-271
111
410
571
609
506
340
180
48
-63
-238
-430
-604
-791
-1023
-1453
-2166
-3120
-4098
-4812
-5224
-5545
-6002
-6576
-6976
-7017
-6714
-6210
-5654
-5097
-4534
-3880
-3075
-2174
-1272
-508
85
563
1005
1539
2169
2768
3178
3417
3704
4165
4727
5194
5464
5607
5694
5759
5769
5653
5363
4866
4224
3535
2842
2171
1486
777
69
-551
-984
-1211
-1346
-1639
-2180
-2690
-2907
-2873
-2854
-2965
-3063
-3050
-2897
-2612
-2127
-1423
-750
-195
369
1121
1972
2638
3105
3375
3548
3679
3716
3699
3571
3346
3047
2746
2565
2466
2379
2234
2026
1866
1761
1665
1404
920
360
-228
-782
-1296
-1690
-1955
-2198
-2367
-2382
-2166
-1781
-1411
-1090
-777
-455
-154
120
355
466
404
252
156
111
103
34
-122
-309
-559
-871
-1406
-2270
-3351
-4337
-4908
-5290
-5789
-6453
-7034
-7237
-7103
-6702
-6153
-5582
-5038
-4494
-3781
-2898
-1994
-1148
-440
138
571
983
1586
2270
2821
3116
3343
3788
4387
4962
5399
5692
5920
6047
6109
6099
5908
5500
4890
4201
3469
2717
2017
1323
600
-148
-769
-1105
-1253
-1495
-2008
-2554
-2854
-2897
-2881
-3013
-3156
-3217
-3169
-2971
-2586
-1927
-1242
-711
-224
408
1281
2114
2727
3109
3385
3661
3843
3954
3944
3791
3493
3101
2827
2717
2668
2550
2314
2096
1981
1908
1711
1305
783
184
-445
-1036
-1515
-1845
-2106
-2317
-2403
-2260
-1922
-1593
-1322
-1042
-712
-341
-46
188
349
373
293
121
25
21
-9
-110
-324
-529
-820
-1327
-2120
-3188
-4182
-4900
-5330
-5728
-6322
-6918
-7254
-7156
-6737
-6212
-5650
-5097
-4498
-3789
-2986
-2102
-1266
-558
-2
405
812
1322
1974
2592
2979
3266
3647
4256
4904
5367
5644
5801
5944
6040
6036
5878
5493
4936
4255
3510
2772
2048
1371
693
-8
-611
-997
-1140
-1220
-1398
-1736
-2245
-2743
-3068
-3184
-3170
-3231
-3320
-3275
-2993
-2459
-1821
-1041
-234
480
1192
1959
2781
3411
3735
3814
3787
3789
3717
3555
3297
2977
2693
2477
2391
2366
2316
2232
2101
1971
1832
1636
1288
693
-36
-788
-1465
-2012
-2416
-2616
-2643
-2520
-2280
-1941
-1520
-1142
-811
-441
-62
271
481
561
562
444
322
193
77
-4
-188
-371
-583
-929
-1538
-2496
-3490
-4270
-4779
-5207
-5839
-6556
-7072
-7177
-6905
-6464
-5944
-5429
-4930
-4334
-3613
-2737
-1857
-1075
-403
118
571
1051
1657
2303
2737
2990
3283
3797
4444
4966
5332
5579
5756
5873
5915
5859
5607
5130
4507
3853
3223
2561
1887
1205
467
-267
-825
-1092
-1187
-1386
-1873
-2540
-3012
-3164
-3128
-3104
-3197
-3223
-3118
-2776
-2210
-1462
-574
104
608
1156
1898
2684
3209
3490
3552
3602
3656
3622
3544
3358
3108
2787
2568
2552
2594
2572
2385
2143
1923
1734
1466
985
346
-351
-1054
-1699
-2198
-2481
-2572
-2583
-2519
-2302
-1920
-1478
-1110
-777
-398
-18
284
484
582
551
430
273
192
192
230
227
126
-153
-814
-1858
-3031
-3928
-4425
-4829
-5458
-6305
-6993
-7198
-7005
-6648
-6215
-5743
-5236
-4657
-3911
-2999
-2119
-1388
-838
-374
13
416
991
1632
2122
2369
2654
3247
3996
4591
4943
5216
5508
5738
5868
5896
5730
5302
4670
4007
3378
2720
2034
1347
667
-12
-541
-767
-845
-1146
-1814
-2497
-2817
-2835
-2789
-2850
-2925
-2908
-2817
-2506
-1980
-1224
-514
-54
432
1081
1931
2677
3168
3429
3509
3636
3708
3730
3675
3497
3258
2967
2802
2760
2716
2564
2268
2029
1896
1773
1486
940
262
-467
-1163
-1738
-2141
-2363
-2539
-2657
-2612
-2350
-1892
-1469
-1196
-946
-647
-296
2
162
232
236
241
196
167
217
232
156
-95
-514
-1236
-2256
-3268
-4010
-4468
-5008
-5772
-6508
-6866
-6801
-6536
-6175
-5718
-5231
-4760
-4197
-3431
-2550
-1798
-1206
-717
-295
71
479
1051
1640
2040
2310
2738
3413
4064
4509
4847
5182
5475
5628
5666
5598
5309
4797
4164
3559
2966
2317
1671
1056
457
-103
-496
-755
-1152
-1740
-2292
-2589
-2660
-2715
-2764
-2747
-2668
-2540
-2299
-1761
-1090
-512
-13
495
1148
1826
2441
2927
3208
3384
3463
3569
3677
3698
3640
3461
3277
3147
3086
3075
2952
2719
2451
2214
1979
1558
971
263
-498
-1203
-1774
-2113
-2288
-2383
-2423
-2369
-2131
-1795
-1447
-1119
-871
-634
-402
-186
28
180
253
230
88
-10
-54
-81
-167
-542
-1267
-2297
-3342
-4106
-4632
-5136
-5853
-6638
-7127
-7165
-6861
-6442
-6003
-5544
-5084
-4514
-3769
-2930
-2125
-1519
-1041
-623
-184
361
971
1557
1937
2201
2614
3278
4048
4649
5056
5381
5666
5898
6002
5942
5672
5180
4574
3948
3358
2746
2079
1386
687
74
-392
-774
-1224
-1786
-2282
-2540
-2632
-2663
-2716
-2748
-2708
-2588
-2291
-1809
-1221
-684
-247
230
788
1412
1978
2430
2775
3017
3262
3486
3689
3809
3784
3667
3499
3399
3348
3298
3157
2907
2650
2393
2103
1673
1090
434
-267
-937
-1496
-1885
-2091
-2203
-2206
-2076
-1835
-1524
-1266
-1080
-900
-773
-608
-424
-281
-175
-253
-335
-373
-377
-298
-269
-240
-343
-711
-1404
-2423
-3421
-4236
-4827
-5389
-6098
-6822
-7310
-7376
-7111
-6691
-6196
-5644
-5036
-4325
-3523
-2650
-1804
-1076
-497
-56
353
802
1324
1820
2177
2469
2855
3449
4121
4676
5110
5466
5787
6040
6146
6083
5823
5382
4794
4128
3434
2702
1956
1187
424
-242
-721
-1053
-1460
-2000
-2497
-2818
-2945
-2990
-3032
-3008
-2931
-2779
-2485
-1986
-1307
-737
-265
222
783
1457
2096
2644
3026
3304
3523
3696
3854
3934
3930
3813
3675
3600
3588
3586
3471
3223
2930
2654
2329
1861
1224
490
-301
-1038
-1599
-1945
-2104
-2206
-2262
-2214
-2044
-1759
-1488
-1258
-1028
-781
-510
-289
-155
-91
-56
-30
-39
-26
50
26
-159
-648
-1536
-2733
-4021
-4939
-5494
-6018
-6781
-7656
-8088
-7971
-7535
-7031
-6491
-5870
-5245
-4561
-3726
-2786
-1940
-1323
-854
-425
-44
409
1011
1668
2148
2455
2977
3828
4746
5378
5747
6119
6493
6759
6850
6759
6437
5832
5057
4288
3545
2764
1938
1147
400
-264
-701
-1001
-1449
-2099
-2694
-2991
-3024
-3106
-3208
-3232
-3171
-3006
-2802
-2251
-1576
-1081
-626
-108
652
1394
2067
2640
3028
3383
3648
3935
4195
4306
4290
4147
4032
3962
3923
3926
3786
3510
3192
2895
2560
2000
1308
545
-233
-953
-1542
-1872
-2037
-2170
-2296
-2310
-2125
-1853
-1577
-1298
-991
-730
-490
-240
-57
32
-7
-65
-93
-94
-60
-114
-270
-689
-1556
-2743
-3968
-4886
-5521
-6187
-6999
-7870
-8436
-8500
-8215
-7681
-7095
-6502
-5866
-5152
-4242
-3288
-2382
-1594
-994
-489
-63
463
1159
1815
2307
2650
3157
3943
4769
5477
5976
6388
6755
7031
7232
7197
6885
6306
5592
4878
4121
3350
2540
1674
784
-69
-636
-942
-1357
-2067
-2831
-3269
-3378
-3404
-3527
-3626
-3636
-3531
-3312
-2888
-2148
-1455
-937
-462
206
1052
1835
2475
2859
3174
3481
3805
4098
4283
4374
4286
4152
4067
4088
4129
4015
3735
3381
3123
2871
2389
1661
808
-30
-786
-1411
-1817
-2015
-2162
-2312
-2392
-2257
-1892
-1532
-1256
-991
-706
-400
-152
45
154
178
217
220
265
335
276
75
-400
-1195
-2278
-3466
-4440
-5275
-6079
-6958
-7786
-8285
-8407
-8196
-7827
-7361
-6811
-6187
-5445
-4572
-3669
-2793
-2028
-1393
-831
-329
215
801
1376
1862
2287
2847
3590
4395
5090
5642
6149
6591
6936
7123
7105
6885
6435
5827
5124
4366
3578
2733
1870
1030
291
-290
-790
-1330
-1910
-2402
-2716
-2931
-3134
-3282
-3352
-3310
-3246
-3083
-2706
-2215
-1696
-1217
-608
83
750
1406
1990
2529
2941
3294
3597
3845
4058
4139
4168
4115
4048
3999
3906
3785
3564
3336
3089
2771
2343
1755
1094
356
-413
-1090
-1598
-1893
-2071
-2185
-2212
-2192
-2085
-1904
-1635
-1271
-888
-496
-148
86
205
224
288
354
346
308
185
44
-341
-1131
-2278
-3587
-4651
-5422
-6060
-6764
-7503
-8008
-8136
-7911
-7443
-6885
-6285
-5637
-4944
-4124
-3285
-2459
-1737
-1205
-802
-501
-59
560
1213
1743
2130
2633
3361
4194
4941
5505
5945
6296
6574
6757
6764
6547
6061
5400
4666
3891
3148
2426
1705
959
258
-230
-489
-714
-1176
-1829
-2320
-2548
-2650
-2836
-3073
-3231
-3300
-3241
-3056
-2596
-1948
-1368
-873
-286
551
1403
2104
2653
3041
3384
3677
3883
3998
4012
3949
3780
3611
3557
3559
3551
3418
3221
3070
2946
2754
2309
1658
899
76
-742
-1454
-1913
-2166
-2328
-2474
-2532
-2402
-2164
-1886
-1593
-1170
-661
-227
82
234
290
282
246
233
236
251
167
-141
-716
-1622
-2733
-3759
-4581
-5237
-5964
-6712
-7285
-7586
-7541
-7333
-6947
-6431
-5869
-5222
-4541
-3756
-2977
-2295
-1682
-1183
-737
-298
222
810
1333
1787
2260
2869
3615
4295
4859
5346
5785
6143
6346
6430
6339
6035
5562
4961
4324
3648
2950
2267
1567
907
344
-30
-318
-781
-1421
-1985
-2281
-2437
-2660
-2949
-3143
-3197
-3125
-2983
-2633
-2046
-1506
-1046
-554
149
916
1580
2147
2541
2900
3217
3464
3637
3705
3717
3639
3522
3465
3469
3488
3423
3245
3069
2928
2750
2371
1805
1193
534
-146
-830
-1398
-1800
-2099
-2312
-2413
-2305
-2060
-1814
-1557
-1229
-852
-490
-205
22
190
274
317
328
276
226
103
-156
-588
-1379
-2444
-3590
-4524
-5162
-5806
-6506
-7180
-7557
-7487
-7155
-6631
-6068
-5504
-4927
-4344
-3603
-2806
-2074
-1457
-1041
-711
-411
-33
497
1017
1470
1854
2362
3131
3927
4591
5054
5438
5791
6008
6142
6123
5902
5461
4828
4173
3490
2800
2113
1426
797
242
-121
-295
-452
-854
-1540
-2081
-2292
-2384
-2527
-2802
-2984
-3014
-2908
-2628
-2200
-1521
-942
-516
39
820
1711
2360
2818
3091
3280
3504
3623
3681
3631
3519
3364
3203
3196
3227
3208
3094
2884
2744
2645
2484
2064
1380
654
-91
-807
-1411
-1831
-2056
-2185
-2233
-2196
-1981
-1633
-1350
-1111
-813
-395
-17
228
367
351
260
147
60
7
-80
-347
-1046
-2126
-3324
-4333
-5004
-5493
-6068
-6788
-7402
-7594
-7322
-6802
-6247
-5798
-5352
-4795
-4120
-3355
-2594
-1893
-1362
-986
-663
-266
284
857
1324
1686
2115
2765
3573
4330
4885
5225
5512
5826
6078
6137
5955
5588
5059
4438
3804
3179
2575
1919
1224
595
153
-88
-386
-880
-1421
-1820
-2020
-2198
-2429
-2644
-2800
-2820
-2770
-2567
-2150
-1699
-1287
-901
-342
394
1117
1764
2247
2661
3035
3326
3550
3669
3712
3647
3491
3381
3341
3341
3281
3095
2903
2748
2641
2434
2044
1546
982
393
-228
-782
-1191
-1472
-1670
-1817
-1833
-1744
-1630
-1500
-1286
-962
-596
-267
-44
107
186
192
177
127
77
-36
-297
-759
-1563
-2635
-3740
-4649
-5324
-5967
-6655
-7268
-7612
-7595
-7344
-6918
-6379
-5795
-5157
-4509
-3776
-3002
-2280
-1620
-1110
-703
-349
60
592
1099
1511
1898
2424
3159
3916
4553
5064
5488
5852
6092
6208
6183
5953
5526
4923
4252
3569
2885
2214
1544
896
330
-95
-451
-877
-1347
-1743
-1959
-2095
-2303
-2523
-2690
-2732
-2733
-2675
-2448
-2115
-1727
-1331
-814
-137
572
1251
1822
2343
2845
3266
3605
3808
3900
3909
3822
3707
3563
3438
3303
3099
2876
2664
2527
2354
2053
1659
1212
774
273
-262
-726
-1096
-1372
-1607
-1768
-1808
-1744
-1592
-1410
-1175
-868
-550
-220
26
166
287
358
428
394
247
23
-401
-1039
-1929
-2947
-3930
-4819
-5584
-6339
-7054
-7614
-7909
-7804
-7433
-6921
-6317
-5686
-4996
-4318
-3632
-2936
-2288
-1688
-1208
-787
-345
144
694
1203
1694
2220
2839
3593
4339
5011
5570
6012
6382
6588
6607
6424
6053
5551
4918
4227
3507
2794
2090
1365
698
130
-305
-644
-1010
-1376
-1686
-1914
-2093
-2350
-2657
-2935
-3086
-3074
-2961
-2735
-2403
-2010
-1572
-1065
-403
386
1181
1910
2543
3138
3655
4034
4253
4298
4240
4113
3945
3762
3562
3359
3109
2852
2641
2471
2304
2056
1711
1304
862
385
-145
-722
-1261
-1682
-1944
-2039
-1995
-1867
-1693
-1484
-1225
-905
-546
-171
166
426
596
655
618
489
269
-54
-530
-1221
-2156
-3268
-4316
-5211
-5956
-6645
-7327
-7845
-8116
-8052
-7742
-7278
-6682
-6082
-5446
-4780
-4075
-3340
-2649
-2015
-1467
-976
-476
84
704
1323
1901
2517
3235
4057
4854
5524
6081
6514
6832
6989
6980
6798
6418
5889
5225
4505
3763
3009
2280
1565
904
328
-130
-507
-920
-1370
-1784
-2100
-2330
-2549
-2798
-3073
-3302
-3376
-3300
-3052
-2694
-2312
-1859
-1300
-568
254
1114
1922
2584
3152
3648
4072
4381
4518
4489
4342
4149
3951
3751
3546
3304
3037
2796
2616
2465
2229
1900
1488
1029
553
29
-507
-1051
-1548
-1912
-2114
-2132
-2030
-1871
-1666
-1420
-1097
-695
-231
205
509
684
757
750
658
487
170
-331
-1050
-2009
-3082
-4157
-5138
-6013
-6824
-7533
-8075
-8387
-8403
-8144
-7691
-7129
-6504
-5812
-5080
-4331
-3601
-2918
-2291
-1769
-1293
-811
-258
354
974
1635
2337
3114
3948
4769
5524
6163
6677
7075
7342
7437
7307
6944
6399
5703
4920
4102
3292
2519
1786
1102
510
-10
-532
-1064
-1543
-1908
-2180
-2420
-2698
-3012
-3287
-3449
-3489
-3385
-3158
-2860
-2473
-1968
-1330
-616
178
978
1689
2354
2967
3543
3966
4223
4375
4403
4369
4263
4107
3916
3695
3461
3207
2997
2802
2567
2267
1889
1467
984
460
-79
-647
-1159
-1536
-1778
-1867
-1859
-1781
-1668
-1508
-1277
-987
-624
-245
49
259
418
514
513
417
269
59
-226
-684
-1414
-2405
-3477
-4473
-5352
-6133
-6887
-7529
-8002
-8198
-8118
-7843
-7335
-6733
-6067
-5367
-4648
-3871
-3108
-2374
-1749
-1234
-752
-233
357
968
1528
2074
2671
3364
4103
4794
5448
6018
6488
6810
6965
6977
6794
6430
5885
5212
4499
3760
3013
2234
1453
739
152
-279
-679
-1153
-1691
-2177
-2531
-2804
-3039
-3244
-3389
-3423
-3343
-3126
-2757
-2286
-1757
-1228
-619
109
864
1569
2156
2662
3099
3473
3792
4000
4086
4066
3991
3909
3833
3753
3615
3402
3146
2882
2645
2384
2037
1593
1074
532
-62
-668
-1237
-1730
-2077
-2259
-2244
-2070
-1811
-1528
-1285
-1024
-727
-419
-133
81
200
218
179
84
-57
-236
-418
-621
-1028
-1703
-2594
-3457
-4124
-4692
-5286
-5991
-6634
-7067
-7211
-7108
-6861
-6480
-6043
-5555
-5005
-4369
-3635
-2886
-2184
-1574
-1050
-522
66
691
1252
1701
2145
2691
3335
3971
4510
4966
5378
5749
6030
6186
6200
6047
5736
5297
4793
4254
3668
3018
2300
1552
831
193
-353
-841
-1299
-1723
-2096
-2410
-2657
-2821
-2898
-2900
-2822
-2662
-2419
-2105
-1747
-1342
-899
-404
106
616
1137
1653
2137
2550
2909
3208
3436
3587
3655
3680
3668
3622
3537
3404
3227
3003
2728
2421
2073
1687
1272
824
345
-157
-651
-1102
-1442
-1626
-1656
-1567
-1410
-1236
-1074
-924
-764
-578
-399
-243
-140
-109
-109
-157
-250
-383
-542
-666
-796
-1038
-1553
-2343
-3167
-3862
-4396
-4928
-5564
-6196
-6696
-6925
-6924
-6740
-6379
-5921
-5408
-4867
-4219
-3461
-2678
-1934
-1297
-764
-268
253
819
1321
1698
2017
2410
2938
3489
3969
4375
4747
5105
5401
5626
5748
5729
5545
5200
4762
4276
3747
3156
2495
1794
1110
516
2
-533
-1129
-1700
-2124
-2386
-2541
-2640
-2681
-2664
-2584
-2407
-2109
-1718
-1327
-976
-622
-195
291
771
1189
1528
1828
2117
2416
2698
2927
3099
3221
3307
3363
3389
3361
3263
3091
2879
2655
2392
2039
1581
1078
572
77
-411
-878
-1271
-1548
-1695
-1707
-1601
-1442
-1273
-1112
-929
-725
-520
-337
-212
-175
-206
-296
-413
-535
-673
-788
-877
-927
-927
-947
-1106
-1575
-2268
-2940
-3447
-3836
-4360
-5031
-5693
-6158
-6362
-6382
-6208
-5899
-5509
-5059
-4503
-3769
-2970
-2191
-1492
-889
-346
168
718
1253
1668
1937
2173
2530
2982
3393
3729
4025
4353
4681
4977
5241
5403
5416
5252
4976
4648
4246
3755
3158
2491
1797
1141
576
18
-619
-1280
-1785
-2072
-2267
-2451
-2587
-2608
-2488
-2277
-2006
-1655
-1279
-953
-672
-318
129
547
871
1116
1351
1592
1864
2159
2415
2634
2804
2957
3092
3186
3226
3177
3056
2881
2682
2481
2200
1784
1269
729
209
-311
-799
-1209
-1523
-1722
-1812
-1760
-1587
-1376
-1205
-1067
-909
-734
-597
-504
-441
-422
-469
-566
-690
-842
-988
-1113
-1193
-1197
-1132
-1006
-895
-966
-1388
-2070
-2734
-3196
-3538
-4032
-4705
-5402
-5868
-6065
-6077
-5882
-5566
-5160
-4709
-4136
-3366
-2521
-1699
-995
-417
79
547
1049
1510
1820
1982
2130
2417
2811
3188
3502
3795
4145
4478
4788
5076
5282
5353
5232
5003
4709
4332
3838
3197
2459
1652
855
174
-387
-890
-1383
-1822
-2144
-2312
-2321
-2203
-2014
-1808
-1592
-1332
-1021
-719
-462
-237
-40
140
348
597
861
1107
1338
1593
1908
2260
2569
2805
2985
3126
3218
3235
3157
2966
2658
2277
1863
1441
1011
565
98
-372
-802
-1155
-1413
-1588
-1671
-1656
-1552
-1407
-1281
-1173
-1086
-1012
-957
-903
-843
-809
-807
-842
-907
-958
-981
-979
-953
-923
-876
-824
-767
-727
-710
-706
-841
-1237
-1879
-2638
-3328
-3884
-4360
-4808
-5258
-5600
-5758
-5666
-5271
-4701
-4067
-3463
-2853
-2176
-1497
-804
-182
313
662
899
1145
1391
1625
1827
2023
2289
2626
3027
3469
3899
4290
4613
4905
5153
5283
5247
5001
4623
4141
3595
2990
2287
1513
702
-30
-629
-1121
-1519
-1828
-1991
-2013
-1949
-1777
-1536
-1289
-1104
-945
-726
-491
-291
-166
-79
32
164
351
578
854
1170
1498
1853
2225
2603
2920
3139
3268
3298
3256
3113
2858
2505
2085
1649
1190
698
169
-372
-865
-1285
-1599
-1781
-1823
-1758
-1653
-1510
-1363
-1245
-1169
-1132
-1110
-1105
-1115
-1135
-1155
-1154
-1136
-1125
-1147
-1179
-1155
-1077
-961
-832
-730
-663
-607
-546
-521
-528
-557
-613
-705
-934
-1350
-1886
-2453
-2911
-3302
-3677
-4029
-4332
-4473
-4478
-4326
-3992
-3555
-3054
-2595
-2121
-1586
-1056
-536
-132
199
482
730
997
1224
1453
1681
1944
2273
2612
3013
3408
3781
4147
4405
4598
4690
4677
4545
4266
3934
3520
3059
2536
1938
1323
642
-46
-710
-1257
-1616
-1854
-1971
-2044
-2065
-1984
-1793
-1498
-1150
-756
-398
-175
26
238
505
814
1088
1339
1529
1725
1909
2100
2321
2544
2757
2897
2962
2973
2933
2845
2690
2442
2090
1606
1005
351
-283
-855
-1362
-1815
-2182
-2429
-2536
-2508
-2386
-2201
-1986
-1752
-1533
-1307
-1040
-811
-656
-581
-559
-540
-492
-450
-447
-477
-510
-520
-486
-418
-348
-294
-294
-389
-589
-839
-1083
-1301
-1508
-1702
-1872
-2000
-2123
-2343
-2597
-2818
-2946
-3015
-3092
-3127
-3156
-3100
-2992
-2805
-2513
-2173
-1806
-1451
-1071
-623
-164
313
723
1073
1364
1601
1855
2048
2200
2297
2377
2449
2480
2496
2516
2527
2539
2505
2489
2438
2351
2229
2051
1866
1570
1155
681
258
-91
-394
-653
-905
-1092
-1170
-1140
-1000
-736
-398
-103
183
496
838
1182
1476
1682
1821
1928
2006
2025
2017
1994
1960
1919
1866
1813
1765
1743
1702
1645
1577
1453
1261
997
700
390
82
-257
-625
-978
-1277
-1481
-1603
-1641
-1620
-1546
-1450
-1321
-1134
-936
-760
-599
-431
-265
-119
-27
-1
-43
-106
-178
-260
-359
-469
-606
-726
-839
-952
-1017
-1068
-1110
-1181
-1251
-1334
-1418
-1490
-1584
-1684
-1767
-1837
-1892
-1898
-1826
-1698
-1548
-1371
-1197
-1013
-898
-863
-847
-853
-810
-814
-830
-879
-938
-946
-947
-866
-753
-614
-473
-339
-141
91
308
523
688
855
984
1097
1200
1230
1245
1207
1181
1165
1125
1100
1032
989
960
952
988
991
1002
982
965
938
907
856
780
702
633
575
534
522
514
524
566
671
787
920
1038
1164
1287
1397
1500
1562
1598
1573
1515
1423
1291
1153
1009
874
755
647
547
437
329
230
144
70
-1
-73
-139
-198
-241
-261
-286
-326
-381
-453
-528
-578
-596
-609
-633
-646
-654
-653
-628
-590
-554
-525
-516
-539
-584
-634
-700
-781
-858
-947
-1029
-1108
-1180
-1240
-1294
-1330
-1367
-1377
-1374
-1359
-1314
-1243
-1150
-1070
-1000
-948
-912
-861
-789
-697
-596
-500
-415
-352
-289
-231
-169
-97
-40
-6
1
5
12
0
-29
-66
-99
-131
-168
-212
-249
-277
-305
-328
-329
-319
-291
-246
-185
-117
-53
10
69
138
204
273
351
431
514
604
695
793
888
981
1077
1181
1294
1387
1461
1515
1537
1532
1501
1459
1402
1342
1270
1195
1117
1035
960
899
845
784
722
664
617
579
553
527
508
490
462
416
358
309
267
241
231
227
221
205
173
126
71
22
-17
-47
-75
-109
-155
-215
-274
-329
-375
-418
-465
-525
-603
-689
-788
-864
-922
-959
-985
-1000
-996
-996
-983
-979
-951
-907
-851
-802
-771
-751
-750
-750
-749
-741
-729
-715
-724
-727
-727
-700
-662
-628
-589
-560
-505
-453
-385
-310
-249
-206
-189
-193
-202
-211
-223
-238
-261
-263
-258
-214
-151
-84
-7
58
132
193
266
321
366
397
407
408
386
358
319
291
264
251
235
228
225
229
238
239
248
243
248
254
270
293
307
318
318
319
328
355
385
423
470
520
572
622
658
685
712
733
758
780
792
787
762
730
678
626
574
523
478
433
390
349
308
265
223
194
162
134
102
67
34
-4
-35
-53
-64
-68
-70
-67
-58
-46
-26
-12
-9
-19
-47
-78
-116
-145
-175
-215
-255
-310
-367
-416
-451
-478
-496
-510
-526
-538
-555
-578
-592
-594
-583
-568
-555
-546
-536
-521
-509
-494
-467
-433
-399
-378
-370
-371
-382
-394
-396
-380
-338
-301
-270
-268
-285
-291
-295
-261
-222
-168
-137
-137
-149
-174
-186
-191
-185
-175
-158
-134
-98
-66
-28
2
40
78
111
150
174
206
232
262
289
303
309
291
278
264
262
264
273
286
296
298
291
282
277
277
288
319
341
356
348
331
317
308
317
315
310
302
298
305
314
330
341
350
354
356
363
361
364
368
373
370
359
331
294
261
227
192
154
123
102
98
103
107
106
93
77
61
53
45
32
13
-10
-38
-70
-98
-119
-128
-126
-124
-127
-127
-132
-135
-140
-156
-178
-203
-219
-229
-239
-255
-272
-298
-329
-359
-380
-394
-394
-382
-365
-348
-329
-320
-320
-328
-333
-331
-320
-304
-293
-288
-296
-312
-326
-327
-310
-288
-265
-243
-220
-188
-153
-117
-97
-97
-112
-125
-122
-105
-87
-80
-91
-112
-143
-160
-156
-137
-95
-60
-34
-22
-18
-17
-16
3
30
56
72
83
94
105
124
144
154
156
153
149
148
156
172
193
206
210
211
218
228
238
251
256
254
250
240
234
237
250
262
272
273
266
257
245
235
239
251
273
301
327
350
362
369
367
354
338
315
288
265
246
228
214
195
177
160
144
127
107
90
66
46
33
21
9
-3
-16
-35
-55
-78
-101
-124
-134
-136
-130
-126
-129
-131
-135
-133
-134
-135
-141
-160
-177
-199
-223
-245
-258
-268
-282
-298
-312
-318
-316
-319
-330
-342
-358
-367
-375
-370
-362
-348
-329
-314
-299
-294
-291
-296
-291
-281
-263
-243
-220
-196
-172
-146
-133
-119
-115
-112
-110
-106
-97
-80
-56
-29
-2
14
20
18
28
48
70
86
87
89
83
82
84
89
103
117
126
127
133
148
166
181
193
199
213
231
251
271
275
269
259
250
244
241
243
249
251
250
247
251
266
280
290
286
269
241
211
190
178
179
180
176
165
153
146
146
152
155
153
144
134
121
105
94
90
82
73
53
30
9
-7
-21
-39
-59
-80
-96
-106
-109
-115
-124
-142
-160
-169
-175
-177
-174
-174
-178
-190
-201
-207
-205
-200
-195
-192
-192
-200
-213
-225
-228
-228
-225
-224
-225
-221
-216
-207
-199
-196
-195
-191
-185
-177
-164
-148
-136
-128
-119
-111
-96
-82
-67
-51
-34
-17
-5
7
17
28
40
50
56
59
61
63
64
63
62
61
65
75
87
94
102
105
102
100
90
88
88
92
95
103
114
124
134
141
144
141
127
113
101
92
88
91
100
110
109
100
89
75
61
53
49
47
46
42
40
37
39
44
48
48
42
32
20
12
11
15
21
22
22
16
4
-5
-10
-11
-16
-21
-29
-37
-46
-52
-51
-51
-47
-45
-42
-44
-42
-39
-41
-48
-62
-73
-78
-77
-76
-71
-62
-54
-50
-48
-48
-47
-49
-50
-50
-49
-45
-40
-35
-33
-36
-41
-46
-53
-55
-52
-41
-26
-5
13
23
31
33
30
29
32
40
49
56
55
47
38
29
25
24
23
29
32
34
34
29
23
21
18
19
22
27
29
30
29
22
9
-6
-17
-26
-29
-26
-19
-11
-4
5
13
19
21
24
25
24
27
27
27
26
25
20
12
6
2
1
3
5
5
6
7
10
11
14
15
13
13
11
7
4
-1
-4
-9
-14
-13
-7
-2
0
-1
-6
-15
-20
-23
-26
-28
-33
-38
-40
-42
-39
-36
-34
-32
-34
-40
-44
-50
-56
-65
-74
-83
-85
-83
-80
-79
-81
-83
-83
-77
-62
-44
-27
-15
-12
-18
-28
-37
-41
-38
-29
-15
0
15
24
27
28
31
35
40
47
53
58
60
59
62
65
69
71
72
74
76
78
77
76
76
80
84
87
90
95
96
93
86
77
67
56
50
43
36
32
28
24
24
22
17
9
1
-6
-6
-2
5
13
18
18
13
8
1
1
4
2
0
-6
-15
-25
-29
-31
-30
-30
-34
-41
-45
-44
-39
-32
-30
-29
-32
-39
-46
-52
-52
-51
-50
-57
-66
-73
-76
-73
-67
-58
-51
-47
-47
-46
-39
-31
-24
-23
-27
-33
-39
-43
-41
-35
-24
-22
-24
-24
-24
-18
-10
-3
3
12
21
29
35
37
32
24
17
13
14
19
24
24
20
9
0
-5
-5
-1
9
20
26
25
19
11
5
4
9
16
21
22
18
8
1
0
-4
-3
0
2
7
10
12
13
11
11
9
7
6
10
17
20
23
22
20
16
10
8
11
15
23
27
30
33
34
34
30
25
22
22
21
22
24
23
24
24
19
10
2
-7
-9
-6
4
12
15
10
-1
-9
-10
-8
-4
2
3
1
-9
