0
0
0
0
1
0
1
0
0
0
0
1
0
1
1
0
0
1
1
0
0
0
0
0
0
0
0
-1
1
0
0
0
0
0
0
0
1
0
0
-1
0
0
0
-1
-1
0
0
1
0
-1
0
0
0
0
0
0
-1
-1
0
0
-1
1
0
1
0
0
0
0
0
0
1
0
-1
0
-1
0
0
0
0
0
1
-1
0
0
0
0
0
0
0
0
0
1
0
0
0
0
0
0
-1
0
0
0
0
0
0
0
0
0
0
0
0
0
0
1
0
0
-1
1
0
0
-1
-1
0
0
0
1
-1
0
0
0
-1
1
0
0
0
1
-1
0
0
0
0
0
0
0
0
0
0
0
-1
0
0
0
0
0
0
0
0
0
0
1
-1
0
0
-1
1
0
0
-1
0
0
0
0
0
0
0
0
0
0
0
-1
0
0
0
0
0
0
0
-1
0
0
0
-1
0
0
-1
-1
0
0
0
0
0
1
1
-1
0
0
0
0
0
0
0
0
0
0
1
0
0
0
0
-1
0
0
0
1
0
0
0
0
0
0
1
0
0
0
0
0
-1
0
-1
1
0
1
0
0
1
0
0
1
0
0
0
1
-1
-1
1
0
0
0
-1
0
0
1
0
0
0
0
0
0
-1
1
0
0
-1
0
0
1
1
-1
0
0
0
0
0
0
0
-1
0
-1
0
0
0
1
0
0
0
1
1
0
1
1
1
1
0
1
1
0
0
0
0
0
0
-1
-1
0
-1
1
0
0
1
0
1
1
2
2
2
3
2
2
3
3
3
4
3
3
2
2
2
2
2
2
2
2
2
1
1
1
0
-1
0
0
0
-1
-1
0
0
-2
-1
-3
-3
-2
-3
-3
-2
-3
-4
-3
-3
-2
-2
-2
-2
0
0
2
3
4
4
4
7
8
9
9
9
10
10
13
13
14
13
14
16
17
17
18
18
19
19
19
23
28
32
35
36
37
37
39
42
44
42
38
32
28
28
25
19
14
7
1
-4
-8
-11
-16
-19
-22
-23
-25
-25
-23
-21
-19
-16
-14
-10
-6
-2
3
6
7
7
8
10
9
8
6
3
-1
-4
-7
-10
-14
-19
-21
-22
-24
-25
-26
-26
-26
-24
-21
-19
-14
-11
-6
-2
-1
-2
0
7
16
18
20
20
21
22
31
44
48
43
38
46
57
60
64
69
73
72
73
74
71
68
70
73
64
45
32
32
33
24
8
-9
-31
-48
-55
-53
-64
-93
-115
-117
-109
-112
-123
-134
-147
-162
-167
-161
-164
-175
-186
-192
-196
-203
-208
-207
-215
-245
-294
-342
-370
-381
-386
-391
-406
-432
-449
-429
-370
-309
-280
-264
-232
-178
-115
-42
32
91
124
157
205
248
270
279
292
292
270
238
209
183
145
99
53
-7
-65
-103
-111
-118
-140
-157
-156
-131
-95
-35
27
78
121
181
268
347
408
454
501
546
593
641
679
699
702
704
708
706
701
704
708
706
692
675
647
609
571
548
530
487
430
366
322
264
203
119
-22
-210
-436
-625
-811
-991
-1158
-1295
-1394
-1492
-1539
-1524
-1471
-1402
-1307
-1149
-981
-835
-683
-498
-282
-104
54
204
328
422
481
551
587
572
533
493
470
425
374
342
308
269
213
180
155
109
54
-1
-43
-92
-148
-196
-239
-273
-301
-312
-301
-287
-260
-227
-182
-135
-82
-19
40
84
106
110
126
149
181
222
261
292
293
297
324
369
408
431
454
460
458
453
456
455
432
402
369
333
299
265
238
207
175
146
113
81
42
18
7
1
-11
-26
-18
-7
1
-3
-16
-28
-47
-53
-47
-38
-41
-54
-57
-47
-31
-30
-84
-201
-360
-500
-581
-628
-660
-711
-768
-821
-854
-831
-772
-702
-664
-635
-574
-484
-382
-278
-167
-61
23
99
172
230
262
285
328
360
366
354
354
366
365
355
335
304
263
226
214
206
181
130
70
13
-50
-123
-237
-383
-521
-605
-610
-587
-546
-499
-427
-319
-178
6
190
349
469
580
703
816
907
961
984
978
932
863
773
684
605
537
486
434
392
374
387
421
442
444
422
387
359
344
339
320
278
223
160
102
17
-120
-302
-515
-724
-948
-1167
-1340
-1453
-1510
-1566
-1584
-1571
-1519
-1438
-1325
-1153
-971
-805
-652
-476
-259
-59
114
257
365
446
494
552
594
608
595
583
588
578
558
538
518
485
427
376
330
274
203
132
74
4
-85
-173
-253
-312
-362
-394
-407
-410
-385
-330
-257
-180
-126
-98
-130
-201
-228
-178
-62
30
103
175
245
320
412
556
671
707
683
673
701
711
700
670
620
549
459
378
294
219
174
145
120
82
53
65
93
132
160
171
153
96
73
91
132
130
95
85
77
89
98
127
158
148
152
128
41
-169
-455
-678
-831
-925
-1052
-1212
-1387
-1555
-1631
-1594
-1436
-1276
-1172
-1065
-909
-676
-437
-216
-25
115
247
362
483
577
620
649
656
660
616
546
495
471
482
483
479
473
448
427
416
423
391
296
175
60
-21
-95
-168
-246
-320
-385
-460
-603
-799
-935
-936
-814
-684
-542
-391
-240
-81
138
472
772
928
962
995
1070
1110
1112
1075
1004
911
792
678
544
422
338
294
275
248
232
235
263
296
338
392
380
297
209
184
163
87
-6
-57
-53
-55
-32
-5
18
18
-28
-100
-253
-479
-742
-981
-1138
-1244
-1352
-1517
-1699
-1821
-1863
-1797
-1676
-1513
-1336
-1168
-946
-675
-367
-103
86
258
412
536
610
671
736
753
751
741
727
681
603
573
562
564
545
516
525
507
482
453
389
292
141
1
-95
-190
-278
-363
-427
-465
-496
-503
-525
-568
-608
-601
-542
-462
-362
-219
-30
155
351
545
719
827
877
933
987
1003
965
916
880
822
753
670
580
478
378
322
280
252
236
239
247
243
241
233
218
197
182
193
202
190
177
188
224
249
266
312
365
410
435
403
297
92
-157
-444
-789
-1126
-1430
-1667
-1926
-2180
-2364
-2461
-2466
-2414
-2234
-1956
-1669
-1413
-1156
-830
-495
-204
54
274
456
572
687
803
863
867
845
849
841
816
811
836
866
866
866
887
898
863
774
672
537
350
130
-77
-248
-397
-520
-615
-695
-739
-753
-748
-799
-887
-897
-811
-638
-479
-277
-53
148
323
508
778
1001
1118
1149
1195
1273
1304
1313
1295
1244
1161
1039
920
784
678
602
530
468
397
361
326
289
251
219
199
129
39
-3
33
92
114
149
206
263
299
348
419
459
488
494
474
381
180
-114
-537
-1028
-1518
-1937
-2267
-2604
-2905
-3117
-3202
-3191
-3097
-2855
-2523
-2187
-1885
-1547
-1131
-723
-359
-49
211
426
602
781
920
995
1015
1017
1041
1050
1057
1092
1174
1263
1307
1334
1350
1335
1248
1107
942
734
485
204
-80
-336
-551
-723
-871
-982
-1046
-1068
-1112
-1197
-1251
-1197
-1002
-766
-505
-231
46
298
531
830
1161
1432
1577
1677
1791
1872
1906
1877
1802
1700
1572
1441
1278
1128
1003
901
800
684
589
483
387
288
227
216
203
164
110
119
161
194
215
271
362
441
509
574
636
666
655
577
439
206
-189
-803
-1518
-2135
-2585
-2967
-3373
-3753
-4033
-4182
-4200
-4028
-3657
-3205
-2814
-2487
-2082
-1567
-1033
-538
-98
260
499
681
879
1037
1107
1129
1192
1281
1319
1335
1398
1531
1654
1711
1731
1723
1651
1482
1279
1081
843
531
169
-192
-523
-802
-1000
-1149
-1252
-1288
-1253
-1200
-1231
-1243
-1172
-947
-683
-427
-136
151
416
604
871
1208
1507
1688
1785
1914
2022
2081
2099
2060
1997
1903
1793
1628
1429
1266
1115
968
800
659
536
414
306
228
236
278
284
238
220
260
300
337
394
489
562
630
694
737
774
795
792
687
509
242
-189
-827
-1623
-2348
-2915
-3369
-3821
-4286
-4639
-4848
-4904
-4783
-4445
-3963
-3514
-3115
-2679
-2137
-1528
-937
-399
0
300
560
827
1076
1233
1337
1435
1560
1676
1745
1830
1959
2104
2179
2194
2176
2105
1958
1732
1477
1180
822
405
-45
-462
-805
-1070
-1290
-1450
-1546
-1595
-1647
-1698
-1669
-1547
-1335
-1106
-817
-490
-137
196
528
941
1356
1699
1939
2138
2311
2427
2512
2556
2513
2421
2295
2141
1938
1746
1569
1369
1147
932
746
581
451
341
281
282
284
262
242
273
297
300
331
413
510
594
689
756
807
838
880
885
804
657
360
-117
-832
-1681
-2479
-3135
-3649
-4194
-4761
-5212
-5461
-5505
-5403
-5067
-4569
-4046
-3564
-3094
-2489
-1793
-1099
-519
-81
295
592
878
1148
1372
1520
1623
1791
1953
2057
2147
2316
2520
2629
2641
2603
2534
2377
2118
1811
1472
1092
620
96
-389
-792
-1127
-1404
-1617
-1745
-1798
-1788
-1824
-1876
-1800
-1564
-1256
-1014
-718
-364
-21
268
588
1031
1448
1731
1924
2141
2365
2521
2604
2609
2554
2460
2334
2162
1956
1787
1635
1448
1226
1008
828
662
501
355
301
323
292
220
188
253
285
277
292
345
408
462
560
627
686
736
797
811
757
644
405
18
-562
-1321
-2164
-2943
-3579
-4160
-4728
-5221
-5563
-5701
-5678
-5471
-5069
-4518
-3942
-3442
-2907
-2250
-1533
-896
-365
109
489
802
1089
1371
1577
1720
1899
2098
2256
2353
2476
2657
2808
2874
2866
2828
2739
2529
2219
1870
1493
1035
501
-27
-518
-958
-1315
-1566
-1766
-1939
-2086
-2162
-2158
-2055
-1850
-1601
-1284
-948
-594
-247
135
560
971
1361
1711
2009
2212
2359
2474
2535
2558
2562
2520
2415
2281
2151
1985
1809
1635
1441
1233
1030
863
704
574
481
385
303
252
221
171
133
126
125
163
272
433
577
702
810
884
936
973
970
867
647
317
-164
-842
-1719
-2637
-3434
-4087
-4702
-5328
-5826
-6102
-6171
-6078
-5770
-5245
-4637
-4052
-3480
-2844
-2149
-1471
-848
-318
110
458
796
1129
1401
1605
1779
2006
2256
2463
2638
2833
3071
3253
3329
3334
3286
3150
2894
2556
2150
1679
1133
543
-51
-581
-1017
-1344
-1588
-1741
-1822
-1866
-1945
-2036
-2039
-1931
-1710
-1495
-1229
-916
-584
-276
26
443
893
1286
1611
1920
2210
2449
2671
2819
2888
2911
2875
2737
2510
2312
2107
1860
1605
1357
1131
930
756
583
449
366
271
174
115
131
116
84
104
146
205
254
355
443
518
604
661
721
772
833
775
605
377
8
-601
-1469
-2408
-3241
-3920
-4541
-5211
-5806
-6203
-6370
-6381
-6202
-5754
-5181
-4601
-4013
-3355
-2647
-1948
-1254
-629
-107
325
735
1121
1427
1666
1860
2117
2412
2645
2810
2985
3245
3480
3614
3662
3642
3527
3301
3004
2631
2201
1705
1133
516
-89
-612
-1050
-1421
-1729
-2008
-2219
-2273
-2218
-2173
-2147
-2002
-1750
-1485
-1235
-921
-521
-127
243
609
1003
1365
1638
1889
2149
2396
2563
2673
2735
2749
2756
2743
2667
2512
2347
2170
1955
1726
1536
1374
1190
981
781
626
498
333
159
44
8
3
-4
52
154
271
396
494
553
576
610
625
594
513
351
54
-421
-1038
-1818
-2684
-3503
-4218
-4868
-5519
-6061
-6388
-6477
-6396
-6184
-5806
-5265
-4633
-4012
-3377
-2688
-2017
-1409
-874
-375
77
467
852
1209
1506
1761
2052
2375
2674
2937
3183
3449
3692
3876
3959
3953
3878
3685
3354
2912
2411
1861
1276
691
136
-353
-778
-1126
-1403
-1627
-1807
-1950
-2005
-1976
-1913
-1844
-1719
-1519
-1302
-1099
-896
-634
-332
-24
311
677
1041
1374
1725
2072
2363
2614
2831
2969
3008
3030
3021
2913
2729
2523
2286
2016
1754
1512
1289
1107
954
799
665
570
449
303
209
175
156
154
179
188
195
257
362
452
507
549
555
510
437
332
173
-77
-477
-1128
-2054
-3064
-3952
-4676
-5353
-6070
-6709
-7099
-7199
-7108
-6858
-6407
-5789
-5112
-4427
-3681
-2883
-2099
-1387
-771
-270
141
538
943
1301
1579
1842
2180
2559
2893
3157
3428
3771
4119
4376
4493
4514
4453
4284
3982
3564
3061
2467
1801
1109
451
-122
-593
-989
-1357
-1679
-1911
-2041
-2097
-2129
-2121
-2031
-1856
-1650
-1474
-1303
-1096
-847
-559
-224
163
549
906
1278
1668
2036
2372
2674
2903
3074
3230
3331
3316
3214
3087
2907
2662
2410
2150
1875
1617
1396
1195
1033
911
755
554
370
241
129
22
-54
-114
-145
-118
-41
28
93
188
271
340
400
428
364
170
-149
-636
-1333
-2245
-3263
-4213
-5026
-5789
-6559
-7184
-7524
-7622
-7546
-7285
-6797
-6163
-5474
-4730
-3930
-3130
-2381
-1697
-1082
-553
-121
260
645
994
1293
1597
1989
2462
2906
3315
3751
4228
4677
5009
5203
5290
5266
5090
4767
4318
3769
3130
2414
1684
990
361
-180
-638
-1034
-1378
-1677
-1890
-1993
-2039
-2081
-2130
-2139
-2093
-1995
-1867
-1736
-1572
-1335
-1019
-648
-211
266
754
1281
1822
2319
2755
3124
3374
3518
3617
3654
3557
3364
3160
2935
2702
2500
2310
2105
1914
1751
1586
1440
1308
1138
916
671
418
133
-137
-345
-489
-559
-540
-456
-363
-255
-142
-57
1
25
0
-119
-348
-736
-1366
-2248
-3250
-4162
-4952
-5715
-6520
-7233
-7677
-7832
-7773
-7557
-7146
-6551
-5864
-5127
-4330
-3496
-2702
-1973
-1315
-746
-274
132
530
891
1200
1519
1928
2424
2913
3337
3766
4267
4799
5246
5557
5735
5786
5683
5412
5007
4481
3844
3112
2333
1554
821
173
-378
-835
-1229
-1586
-1888
-2093
-2174
-2214
-2309
-2428
-2468
-2400
-2303
-2230
-2118
-1879
-1546
-1169
-744
-224
356
914
1464
2040
2615
3116
3487
3742
3911
4031
4060
3951
3734
3482
3232
2973
2729
2512
2329
2164
1993
1818
1636
1421
1127
745
355
6
-303
-573
-758
-833
-824
-762
-668
-572
-460
-345
-237
-161
-136
-193
-373
-703
-1246
-2053
-3064
-4072
-4945
-5707
-6484
-7284
-7903
-8149
-8103
-7915
-7593
-7051
-6327
-5542
-4721
-3827
-2933
-2134
-1441
-850
-349
95
508
888
1225
1518
1862
2341
2901
3415
3851
4342
4927
5455
5822
6032
6119
6070
5861
5501
4998
4381
3648
2822
1962
1152
427
-220
-771
-1276
-1753
-2133
-2342
-2419
-2515
-2690
-2849
-2869
-2776
-2677
-2601
-2449
-2171
-1813
-1367
-839
-253
351
953
1542
2148
2759
3260
3598
3849
4088
4274
4330
4257
4097
3890
3685
3475
3256
3074
2924
2737
2507
2265
2001
1624
1130
600
112
-279
-559
-783
-950
-1021
-1015
-1006
-976
-874
-695
-501
-322
-158
-57
-70
-225
-521
-1005
-1782
-2817
-3894
-4851
-5714
-6568
-7397
-8049
-8376
-8414
-8244
-7913
-7379
-6655
-5844
-4988
-4088
-3198
-2401
-1705
-1106
-620
-205
185
561
892
1189
1538
2002
2571
3138
3637
4161
4770
5375
5834
6138
6331
6345
6166
5804
5301
4656
3890
3036
2151
1296
532
-114
-714
-1291
-1832
-2239
-2469
-2588
-2693
-2773
-2738
-2613
-2445
-2258
-2020
-1754
-1483
-1182
-811
-367
96
539
971
1455
1976
2477
2928
3297
3624
3925
4168
4284
4295
4251
4144
3966
3771
3590
3356
3062
2725
2361
1985
1588
1109
536
-6
-436
-756
-975
-1096
-1155
-1187
-1153
-1053
-900
-685
-443
-251
-114
-9
20
-97
-378
-843
-1546
-2489
-3534
-4511
-5372
-6178
-6985
-7690
-8087
-8135
-7977
-7697
-7230
-6584
-5836
-5035
-4194
-3368
-2637
-2013
-1463
-981
-568
-187
176
529
874
1240
1715
2318
2947
3525
4084
4698
5324
5827
6141
6298
6309
6153
5824
5332
4718
3987
3162
2315
1503
767
107
-445
-934
-1462
-1975
-2310
-2430
-2531
-2698
-2852
-2859
-2724
-2557
-2405
-2176
-1805
-1442
-1086
-596
-18
477
914
1428
1927
2406
2894
3288
3495
3679
3945
4087
4072
4036
3999
3879
3738
3627
3466
3269
3017
2664
2253
1874
1439
829
196
-299
-670
-954
-1134
-1245
-1312
-1297
-1197
-1063
-924
-748
-568
-441
-346
-275
-261
-345
-590
-1040
-1743
-2690
-3698
-4531
-5230
-6001
-6824
-7434
-7680
-7648
-7444
-7087
-6587
-5975
-5277
-4536
-3764
-2981
-2274
-1697
-1195
-751
-385
-45
318
635
868
1170
1656
2230
2769
3277
3813
4391
4966
5420
5681
5795
5798
5638
5291
4827
4272
3590
2795
1992
1240
555
-23
-501
-967
-1431
-1815
-2078
-2249
-2406
-2558
-2659
-2640
-2515
-2358
-2170
-1926
-1639
-1309
-866
-347
172
695
1218
1740
2263
2791
3236
3567
3805
3988
4114
4168
4171
4112
4031
3938
3801
3627
3436
3199
2884
2546
2188
1748
1201
598
15
-474
-798
-975
-1091
-1172
-1189
-1138
-1030
-887
-735
-602
-472
-335
-212
-155
-212
-431
-899
-1665
-2720
-3870
-4854
-5651
-6437
-7306
-8055
-8419
-8372
-8101
-7720
-7172
-6429
-5565
-4683
-3787
-2912
-2137
-1485
-936
-485
-125
196
502
769
992
1273
1723
2310
2898
3390
3869
4474
5152
5701
6014
6144
6140
5969
5620
5115
4477
3721
2871
1972
1100
337
-292
-823
-1341
-1858
-2301
-2553
-2623
-2690
-2828
-2896
-2791
-2596
-2408
-2209
-1940
-1580
-1201
-818
-334
237
756
1215
1736
2305
2828
3274
3622
3847
4053
4291
4406
4351
4280
4225
4103
3937
3814
3679
3467
3187
2825
2371
1865
1244
498
-172
-583
-754
-843
-895
-932
-1000
-1038
-984
-885
-761
-613
-465
-351
-285
-294
-434
-794
-1479
-2450
-3517
-4468
-5263
-6048
-6916
-7706
-8184
-8271
-8103
-7834
-7399
-6752
-5982
-5136
-4234
-3355
-2590
-1935
-1368
-899
-509
-134
202
441
642
901
1301
1856
2441
2930
3397
3984
4656
5242
5660
5926
6033
5975
5770
5413
4885
4220
3445
2593
1730
958
306
-285
-848
-1402
-1873
-2167
-2300
-2403
-2549
-2635
-2589
-2433
-2254
-2048
-1800
-1497
-1146
-769
-302
211
687
1094
1542
2032
2480
2880
3206
3453
3664
3903
4065
4069
4032
4005
3923
3796
3702
3567
3329
3011
2624
2159
1621
1034
368
-250
-633
-804
-897
-961
-1028
-1115
-1160
-1110
-980
-787
-547
-299
-116
-12
32
-22
-227
-703
-1527
-2579
-3629
-4546
-5368
-6174
-7026
-7781
-8189
-8217
-8014
-7677
-7156
-6469
-5684
-4822
-3908
-3043
-2280
-1607
-1080
-683
-326
28
327
565
819
1136
1589
2176
2760
3266
3805
4464
5134
5686
6062
6258
6282
6152
5871
5410
4782
4033
3177
2276
1425
687
57
-523
-1112
-1705
-2179
-2444
-2554
-2648
-2774
-2876
-2877
-2756
-2616
-2465
-2245
-1944
-1634
-1280
-794
-280
199
701
1248
1793
2359
2908
3282
3545
3864
4186
4337
4372
4392
4339
4225
4133
4006
3766
3483
3141
2691
2200
1688
1092
474
2
-254
-384
-496
-615
-768
-919
-974
-943
-869
-768
-649
-545
-451
-384
-347
-363
-526
-953
-1732
-2777
-3860
-4778
-5583
-6458
-7422
-8211
-8557
-8528
-8328
-7994
-7465
-6756
-5927
-5021
-4101
-3199
-2370
-1653
-1057
-555
-94
319
665
947
1184
1479
1972
2602
3179
3670
4198
4841
5504
6036
6385
6579
6638
6537
6245
5752
5111
4347
3460
2517
1623
823
118
-516
-1183
-1877
-2425
-2695
-2814
-2952
-3097
-3192
-3144
-2985
-2799
-2621
-2322
-1940
-1615
-1215
-647
-79
343
845
1437
1988
2555
3117
3500
3731
4076
4408
4506
4522
4583
4535
4366
4266
4158
3949
3672
3287
2710
2052
1412
677
-40
-479
-638
-668
-713
-835
-1059
-1258
-1326
-1273
-1131
-927
-728
-653
-641
-626
-565
-508
-706
-1380
-2436
-3574
-4635
-5541
-6348
-7226
-8171
-8827
-8973
-8829
-8577
-8108
-7403
-6587
-5669
-4667
-3685
-2776
-1938
-1268
-767
-292
206
621
893
1123
1397
1818
2434
3103
3653
4149
4768
5490
6150
6640
6937
7047
6995
6772
6343
5736
4973
4070
3058
2044
1150
409
-267
-984
-1722
-2344
-2708
-2885
-3028
-3218
-3397
-3393
-3180
-2936
-2739
-2455
-2062
-1674
-1286
-760
-161
351
828
1391
2035
2654
3189
3576
3856
4161
4498
4727
4796
4807
4786
4704
4574
4437
4274
4003
3606
3095
2531
1955
1327
650
55
-350
-622
-853
-1106
-1325
-1422
-1408
-1310
-1144
-961
-839
-773
-717
-709
-796
-1003
-1482
-2434
-3724
-4944
-5915
-6739
-7594
-8527
-9341
-9743
-9634
-9261
-8801
-8171
-7303
-6291
-5210
-4053
-2931
-1940
-1096
-403
144
586
1002
1339
1526
1631
1852
2302
2932
3585
4147
4744
5492
6314
6976
7354
7508
7499
7314
6920
6348
5618
4700
3634
2517
1457
515
-278
-969
-1746
-2561
-3166
-3426
-3542
-3699
-3876
-3987
-3884
-3605
-3301
-3065
-2722
-2259
-1840
-1364
-704
1
523
1059
1719
2378
2987
3526
3899
4122
4442
4801
4956
4933
4911
4884
4766
4669
4581
4383
4021
3484
2832
2167
1533
860
224
-168
-279
-224
-170
-220
-324
-361
-294
-206
-79
70
144
112
63
0
-258
-833
-1838
-3197
-4560
-5680
-6685
-7772
-8840
-9700
-10215
-10297
-10016
-9546
-8995
-8254
-7309
-6241
-5072
-3882
-2813
-1961
-1249
-651
-121
397
853
1179
1412
1785
2390
3112
3776
4333
4896
5542
6241
6833
7220
7375
7303
7050
6608
5988
5183
4202
3068
1872
781
-142
-911
-1673
-2481
-3185
-3572
-3617
-3631
-3760
-3868
-3770
-3515
-3243
-2962
-2655
-2275
-1893
-1477
-938
-269
359
849
1385
2051
2774
3396
3883
4210
4502
4901
5234
5354
5357
5396
5359
5201
5053
4904
4624
4159
3584
2930
2281
1677
1042
450
75
-62
-120
-216
-334
-448
-488
-412
-280
-145
-36
25
-53
-258
-575
-1126
-2024
-3246
-4556
-5714
-6633
-7449
-8296
-9046
-9507
-9586
-9320
-8795
-8150
-7442
-6603
-5638
-4616
-3633
-2719
-1944
-1344
-853
-441
-74
276
604
862
1151
1646
2313
3000
3579
4089
4610
5160
5676
6020
6144
6075
5853
5497
5023
4432
3703
2863
1959
1072
305
-316
-933
-1663
-2348
-2785
-2993
-3116
-3233
-3340
-3325
-3117
-2827
-2556
-2181
-1701
-1296
-908
-327
345
864
1340
1882
2401
2913
3485
3918
4101
4306
4635
4882
5001
5136
5217
5147
5046
4950
4766
4459
4016
3366
2594
1856
1183
581
145
-70
-193
-314
-467
-662
-806
-805
-718
-624
-485
-353
-315
-343
-398
-576
-1056
-1916
-3111
-4350
-5353
-6186
-7124
-8110
-8805
-9144
-9190
-8954
-8438
-7750
-6943
-6000
-4988
-3963
-2982
-2115
-1430
-890
-449
-101
237
564
806
975
1256
1769
2404
3005
3542
4124
4788
5428
5916
6196
6267
6096
5687
5107
4401
3570
2621
1603
576
-356
-1107
-1737
-2382
-3035
-3515
-3729
-3759
-3700
-3612
-3438
-3109
-2662
-2261
-1889
-1432
-985
-667
-311
269
845
1262
1679
2181
2688
3223
3770
4118
4288
4539
4859
5061
5234
5502
5686
5675
5595
5485
5267
4912
4421
3756
2995
2235
1413
581
-53
-392
-541
-645
-779
-967
-1111
-1140
-1048
-847
-599
-462
-548
-732
-977
-1448
-2240
-3325
-4591
-5808
-6785
-7596
-8329
-8863
-9059
-8978
-8683
-8148
-7481
-6797
-6057
-5211
-4319
-3433
-2551
-1782
-1211
-768
-398
-49
295
623
909
1220
1697
2368
3135
3865
4549
5235
5897
6481
6912
7164
7207
7024
6665
6168
5521
4712
3794
2777
1728
751
-50
-733
-1457
-2214
-2876
-3314
-3593
-3801
-4017
-4183
-4175
-4014
-3806
-3571
-3180
-2709
-2289
-1819
-1180
-526
21
575
1150
1715
2289
2842
3199
3409
3693
3996
4171
4265
4385
4464
4456
4435
4408
4297
4035
3581
2937
2206
1463
725
80
-343
-514
-511
-446
-396
-354
-241
-72
108
339
588
760
788
713
457
-143
-1112
-2326
-3580
-4693
-5656
-6607
-7551
-8250
-8597
-8667
-8483
-7992
-7281
-6501
-5633
-4658
-3647
-2681
-1772
-993
-414
19
381
695
933
1106
1273
1526
1946
2490
3067
3628
4237
4918
5585
6128
6509
6728
6734
6489
6027
5408
4606
3636
2565
1446
341
-594
-1425
-2317
-3162
-3753
-4074
-4296
-4406
-4428
-4344
-4109
-3757
-3425
-3083
-2578
-2122
-1802
-1413
-834
-352
17
492
987
1456
1957
2488
2840
3148
3597
4008
4263
4497
4773
4893
4913
4918
4839
4620
4252
3732
3064
2394
1727
1002
358
-49
-294
-417
-420
-397
-364
-275
-135
-23
136
362
498
464
373
224
-217
-983
-2078
-3418
-4708
-5726
-6562
-7417
-8205
-8767
-8955
-8769
-8306
-7698
-6983
-6105
-5154
-4182
-3221
-2288
-1486
-888
-427
-79
246
588
890
1129
1377
1776
2365
3093
3795
4407
5017
5679
6326
6810
7100
7171
6996
6615
6033
5267
4351
3375
2352
1302
344
-467
-1160
-1841
-2481
-2969
-3227
-3358
-3514
-3665
-3738
-3658
-3485
-3306
-3125
-2845
-2478
-2165
-1815
-1290
-667
-155
295
827
1409
1987
2504
2897
3172
3472
3796
3974
4024
4093
4177
4170
4125
4094
4015
3805
3426
2934
2391
1827
1219
595
115
-138
-239
-308
-398
-442
-418
-359
-332
-302
-184
-34
46
2
-138
-422
-979
-1836
-2957
-4118
-5143
-6029
-6905
-7805
-8523
-8923
-8955
-8704
-8203
-7531
-6742
-5796
-4758
-3688
-2708
-1815
-1038
-437
16
359
704
1028
1298
1520
1810
2280
2884
3520
4110
4719
5384
6042
6592
6951
7123
7080
6840
6412
5807
5048
4162
3212
2214
1238
381
-327
-928
-1564
-2202
-2686
-2932
-3078
-3248
-3389
-3455
-3361
-3183
-3016
-2858
-2565
-2142
-1782
-1377
-797
-172
295
771
1343
1876
2372
2816
3127
3304
3547
3806
3882
3860
3901
3946
3883
3821
3743
3563
3278
2897
2436
1954
1489
929
315
-173
-463
-603
-684
-729
-755
-723
-651
-624
-612
-540
-410
-350
-322
-350
-550
-1040
-1861
-2929
-4072
-5071
-5970
-6875
-7761
-8464
-8841
-8885
-8611
-8119
-7480
-6711
-5801
-4821
-3853
-2940
-2134
-1438
-861
-411
-48
280
575
809
1033
1365
1865
2482
3109
3705
4315
4999
5690
6258
6636
6807
6773
6548
6174
5640
4936
4119
3232
2312
1435
667
0
-630
-1258
-1811
-2171
-2347
-2484
-2655
-2795
-2812
-2704
-2563
-2431
-2293
-2040
-1682
-1298
-858
-293
301
806
1351
1999
2643
3178
3629
3988
4250
4507
4705
4725
4595
4497
4415
4266
4100
3940
3708
3351
2931
2475
1998
1482
892
315
-150
-474
-694
-898
-1099
-1273
-1395
-1463
-1502
-1472
-1324
-1145
-1014
-903
-818
-887
-1207
-1841
-2767
-3807
-4781
-5680
-6621
-7588
-8431
-9029
-9340
-9341
-9095
-8668
-8048
-7243
-6297
-5284
-4272
-3315
-2473
-1763
-1179
-667
-199
227
579
878
1239
1725
2326
2959
3560
4189
4893
5616
6260
6770
7117
7246
7170
6910
6450
5793
4987
4092
3133
2198
1358
614
-68
-677
-1220
-1739
-2126
-2336
-2488
-2669
-2822
-2881
-2851
-2729
-2557
-2370
-2097
-1657
-1135
-628
-39
643
1273
1864
2520
3163
3666
4080
4418
4647
4813
4961
5002
4890
4771
4709
4630
4501
4356
4132
3792
3384
2910
2379
1798
1184
544
-22
-443
-777
-1046
-1255
-1412
-1537
-1558
-1478
-1374
-1239
-1066
-938
-876
-814
-860
-1180
-1844
-2734
-3777
-4827
-5791
-6767
-7804
-8735
-9324
-9597
-9601
-9364
-8905
-8286
-7524
-6618
-5657
-4682
-3771
-2957
-2270
-1686
-1156
-687
-289
20
296
637
1121
1730
2379
3013
3647
4364
5149
5859
6385
6730
6900
6861
6629
6239
5684
4937
4042
3084
2128
1267
536
-109
-699
-1192
-1587
-1906
-2094
-2160
-2214
-2319
-2371
-2291
-2115
-1892
-1632
-1361
-1002
-499
55
581
1147
1803
2438
3060
3715
4294
4692
4985
5235
5369
5386
5337
5150
4798
4466
4210
3913
3586
3280
2950
2568
2167
1717
1184
594
39
-450
-814
-1022
-1193
-1389
-1555
-1631
-1622
-1516
-1389
-1279
-1161
-1011
-858
-769
-740
-848
-1177
-1789
-2627
-3610
-4606
-5558
-6557
-7580
-8492
-9111
-9425
-9453
-9267
-8893
-8304
-7526
-6622
-5686
-4753
-3858
-3038
-2319
-1672
-1115
-637
-200
182
546
969
1523
2195
2896
3579
4262
5005
5777
6469
7006
7369
7578
7607
7442
7075
6488
5720
4822
3842
2842
1887
1010
223
-523
-1241
-1851
-2272
-2529
-2715
-2848
-2909
-2857
-2708
-2499
-2285
-2038
-1689
-1303
-923
-497
-10
447
889
1407
1964
2495
2958
3367
3702
4005
4308
4516
4596
4589
4552
4437
4244
4034
3802
3489
3063
2563
2029
1493
913
287
-335
-887
-1294
-1556
-1685
-1727
-1684
-1568
-1443
-1338
-1231
-1108
-1001
-913
-832
-786
-765
-765
-868
-1185
-1764
-2513
-3324
-4078
-4769
-5504
-6292
-6966
-7385
-7588
-7626
-7499
-7178
-6697
-6114
-5442
-4703
-3927
-3174
-2490
-1887
-1323
-779
-257
217
600
960
1379
1883
2431
2958
3461
3971
4538
5121
5615
5948
6138
6196
6071
5785
5385
4876
4247
3508
2728
1984
1303
676
71
-518
-1114
-1651
-2076
-2377
-2594
-2746
-2802
-2786
-2646
-2407
-2133
-1853
-1500
-1057
-608
-108
432
914
1299
1713
2157
2522
2834
3122
3372
3564
3787
4004
4083
4077
4071
4043
3951
3853
3706
3431
3033
2555
2004
1370
692
-43
-789
-1428
-1881
-2166
-2305
-2338
-2325
-2242
-2109
-1963
-1834
-1684
-1486
-1300
-1145
-1039
-1008
-1032
-1030
-1049
-1215
-1578
-2090
-2641
-3158
-3653
-4211
-4828
-5352
-5701
-5922
-6037
-5976
-5714
-5312
-4822
-4247
-3593
-2908
-2254
-1656
-1106
-593
-124
302
685
1006
1315
1676
2103
2553
2990
3404
3836
4301
4752
5117
5362
5524
5573
5467
5237
4917
4509
3972
3332
2639
1958
1267
519
-232
-912
-1451
-1891
-2269
-2593
-2830
-2936
-2932
-2865
-2729
-2490
-2226
-1972
-1681
-1317
-945
-610
-269
89
466
851
1233
1564
1875
2230
2574
2859
3090
3294
3453
3544
3586
3595
3551
3420
3197
2898
2531
2084
1554
982
390
-204
-782
-1310
-1743
-2007
-2066
-2007
-1910
-1811
-1658
-1490
-1334
-1184
-1080
-1019
-988
-936
-918
-909
-885
-865
-862
-860
-854
-1026
-1395
-1815
-2136
-2402
-2729
-3187
-3720
-4142
-4403
-4560
-4691
-4718
-4573
-4330
-4021
-3576
-2986
-2352
-1740
-1152
-571
-2
538
1055
1510
1861
2177
2541
2936
3269
3501
3717
3945
4160
4331
4447
4493
4501
4478
4384
4217
3985
3679
3226
2620
1942
1223
480
-253
-947
-1603
-2169
-2600
-2911
-3110
-3204
-3171
-3050
-2861
-2593
-2281
-1959
-1639
-1293
-956
-639
-356
-76
204
477
770
1044
1315
1579
1870
2173
2480
2775
3023
3220
3330
3362
3317
3184
2945
2593
2151
1619
1042
464
-84
-595
-1038
-1345
-1497
-1535
-1486
-1373
-1229
-1053
-850
-650
-499
-405
-367
-366
-371
-375
-375
-394
-405
-392
-354
-287
-207
-69
40
-46
-406
-888
-1331
-1763
-2252
-2898
-3622
-4263
-4729
-5074
-5355
-5459
-5357
-5124
-4816
-4336
-3720
-3079
-2417
-1754
-1086
-478
80
584
975
1269
1539
1862
2188
2472
2712
2972
3317
3703
4100
4448
4726
4950
5089
5129
5037
4819
4438
3875
3164
2383
1599
783
0
-723
-1344
-1822
-2151
-2324
-2404
-2337
-2122
-1820
-1506
-1172
-837
-562
-312
-60
177
323
419
534
678
868
1087
1320
1530
1752
2009
2286
2555
2779
2967
3056
3025
2864
2595
2214
1679
1033
325
-455
-1363
-2326
-3145
-3633
-3714
-3541
-3333
-3161
-2912
-2597
-2338
-2074
-1765
-1490
-1305
-1191
-1127
-1080
-1031
-1006
-1000
-919
-742
-540
-341
-103
215
625
1093
1538
1807
1767
1408
855
314
-196
-770
-1498
-2320
-3061
-3653
-4077
-4317
-4328
-4140
-3806
-3357
-2786
-2102
-1401
-738
-145
377
785
1082
1278
1359
1391
1438
1551
1700
1868
2081
2363
2728
3142
3576
3969
4293
4517
4579
4492
4259
3877
3302
2574
1786
990
243
-466
-1115
-1676
-2068
-2296
-2424
-2427
-2290
-2055
-1797
-1488
-1166
-861
-606
-407
-248
-132
-25
24
25
62
171
317
485
690
905
1177
1513
1869
2192
2390
2395
2220
2233
2510
2604
2303
1676
879
51
-694
-1305
-1821
-2214
-2423
-2461
-2333
-2045
-1696
-1381
-1121
-882
-682
-540
-464
-496
-570
-483
-146
229
417
418
294
122
12
21
108
248
394
454
430
378
313
227
115
-89
-483
-1040
-1657
-2281
-2888
-3441
-3908
-4250
-4419
-4423
-4309
-4073
-3708
-3292
-2853
-2384
-1875
-1392
-974
-610
-312
-75
108
249
349
480
682
952
1280
1655
2040
2373
2674
2970
3284
3557
3726
3758
3645
3450
3206
2913
2572
2223
1865
1480
1074
677
336
57
-142
-258
-286
-221
-87
74
240
440
658
878
1057
1157
1211
1251
1312
1390
1467
1544
1611
1640
1630
1600
1530
1448
1375
1299
1226
1154
1075
1005
935
846
703
484
215
-87
-398
-702
-1026
-1434
-1990
-2712
-3451
-3966
-4148
-4053
-3764
-3363
-2950
-2602
-2337
-2136
-1981
-1839
-1697
-1531
-1323
-1061
-772
-491
-223
9
215
395
548
688
812
870
841
731
569
373
156
-46
-204
-362
-565
-853
-1221
-1600
-1981
-2341
-2686
-3014
-3316
-3580
-3788
-3942
-3943
-3708
-3210
-2532
-1783
-1075
-479
46
529
1013
1489
1915
2206
2329
2324
2212
2044
1852
1715
1686
1709
1707
1702
1766
1841
1866
1799
1625
1437
1388
1474
1528
1470
1299
1050
765
388
-100
-626
-1053
-1142
-719
59
853
1479
1863
2044
2161
2300
2362
2148
1654
1181
1047
1336
1924
2554
3012
3205
3148
2960
2763
2611
2466
2239
1920
1580
1264
1024
894
892
1012
1176
1387
1632
1815
1805
1491
761
-187
-945
-1343
-1431
-1376
-1331
-1361
-1447
-1528
-1556
-1542
-1524
-1523
-1548
-1599
-1646
-1664
-1638
-1576
-1503
-1442
-1392
-1347
-1300
-1239
-1169
-1095
-1024
-977
-962
-976
-1006
-1035
-1064
-1084
-1088
-1082
-1073
-1070
-1070
-1062
-1048
-1020
-982
-928
-864
-798
-743
-702
-651
-573
-463
-335
-208
-99
-17
49
109
170
223
261
275
268
246
216
183
149
119
99
88
84
88
97
95
80
55
19
-18
-24
-10
1
10
18
29
44
51
50
50
52
54
42
16
-19
-53
-81
-99
-114
-129
-139
-129
-101
-70
-61
-84
-134
-189
-232
-255
-255
-244
-231
-222
-213
-195
-168
-136
-107
-85
-74
-77
-94
-116
-144
-178
-205
-213
-186
-110
-12
63
95
91
75
68
74
90
107
117
122
124
126
130
137
143
147
146
143
139
135
132
129
126
122
115
107
101
96
93
91
89
88
86
83
79
75
69
64
58
51
43
34
27
18
10
1
-5
-9
-12
-13
-14
-11
-9
-5
0
4
8
12
15
20
23
24
26
25
25
24
24
25
28
28
30
33
36
37
36
32
27
25
26
27
27
25
22
20
15
7
-1
-9
-11
-4
9
21
29
36
37
37
39
40
36
28
22
20
23
31
38
43
46
43
41
38
35
33
30
26
22
18
15
14
13
13
14
14
16
16
13
9
4
-4
-10
-15
-17
-18
-18
-17
-17
-15
-14
-13
-12
-12
-12
-12
-12
-12
-10
-8
-6
-5
-5
-3
-3
-2
-1
1
1
1
1
0
-1
-2
-2
-5
-5
-5
-6
-6
-8
-9
-9
-10
-10
-10
-11
-12
-11
-11
-11
-10
-7
-5
-3
0
2
4
5
8
9
10
11
12
11
12
11
9
9
8
8
8
8
9
8
8
7
6
3
4
5
5
5
7
6
6
5
3
2
0
0
1
4
5
8
8
9
9
8
9
8
6
4
4
5
7
7
8
8
7
7
6
6
5
4
4
3
3
4
3
2
2
2
3
2
3
2
2
2
2
2
2
2
2
2
2
1
2
2
2
3
3
2
2
1
2
2
3
2
2
1
3
2
2
1
2
1
2
2
2
2
2
2
2
2
2
2
2
2
2
2
2
1
2
2
2
2
3
1
2
1
1
2
1
2
2
1
2
2
2
1
2
1
2
1
2
2
2
2
2
2
1
2
1
2
2
1
2
2
2
2
2
2
1
2
1
2
1
1
1
1
2
2
1
2
2
2
2
2
2
2
2
2
2
1
1
2
2
2
2
1
2
1
2
1
2
1
1
0
2
2
2
1
1
2
2
3
0
1
1
1
1
2
1
2
2
2
2
2
2
2
2
2
1
2
1
2
1
1
1
1
1
1
1
2
1
1
1
2
1
2
2
1
1
2
2
1
2
2
2
2
1
2
1
1
1
1
1
2
1
2
1
1
2
1
1
1
1
1
2
2
1
2
1
1
1
2
1
1
1
1
1
1
1
1
1
1
1
2
1
1
1
2
2
1
1
2
1
1
1
1
1
1
1
1
1
2
1
2
1
2
1
1
1
1
1
1
1
1
1
1
1
2
1
1
1
1
2
1
2
1
1
1
1
1
2
2
1
1
2
0
1
1
1
0
0
1
1
1
2
2
1
1
1
1
2
1
0
1
1
1
1
1
1
1
1
0
1
0
1
2
1
1
1
1
2
1
1
1
1
1
0
1
1
1
1
1
1
1
2
1
2
1
1
1
1
0
1
1
1
0
1
1
1
1
1
1
1
1
0
1
1
1
2
1
2
1
0
1
2
1
1
0
1
1
1
1
1
1
2
1
2
1
1
1
1
1
2
1
2
1
1
1
2
1
1
1
1
1
0
1
1
1
1
1
1
0
1
1
0
1
1
1
1
1
1
1
1
0
1
1
1
2
1
1
2
1
1
2
1
1
2
1
1
1
1
1
1
1
1
1
1
1
1
0
1
2
1
1
0
1
1
0
1
0
1
1
2
1
1
1
1
0
1
1
1
1
1
1
1
1
1
0
0
1
1
1
0
