10
10
10
11
9
7
4
1
-3
-4
-2
1
5
5
4
2
0
0
-1
-3
-2
-2
-2
-4
-5
-4
-2
2
4
5
3
1
0
-1
-1
0
0
1
3
4
6
7
8
9
9
11
10
9
5
2
-3
-4
-5
-3
-2
-1
1
1
-1
-4
-7
-9
-9
-6
-5
-3
-3
-3
-6
-9
-12
-13
-11
-7
-3
0
1
-4
-8
-13
-14
-11
-5
-1
3
5
4
2
0
0
-2
-4
-4
-3
-2
1
3
2
1
0
-1
2
3
7
8
7
5
0
-4
-4
-3
1
5
5
5
2
-1
-3
-3
-2
2
3
4
5
6
6
7
8
7
4
0
-2
-3
-2
-4
-3
0
4
10
16
17
16
11
2
-3
-8
-9
-8
-3
3
9
12
13
11
5
-2
-10
-15
-15
-12
-6
-1
2
5
8
11
12
9
4
-3
-9
-15
-19
-17
-15
-10
-4
1
4
3
-2
-6
-9
-9
-10
-9
-10
-7
-3
1
4
5
5
3
0
-3
-4
-5
-5
-6
-10
-11
-12
-6
2
10
16
18
14
6
-3
-8
-7
-4
-3
-2
0
3
7
11
13
11
7
0
-7
-10
-8
-2
5
11
15
17
17
16
14
7
-1
-11
-16
-12
-2
14
25
28
19
6
-4
-9
-10
-7
-5
-1
1
2
4
7
8
10
8
4
-2
-9
-15
-19
-17
-12
-3
4
7
8
7
0
-11
-22
-26
-24
-17
-12
-7
-3
-2
-1
0
0
-1
-6
-11
-14
-15
-14
-14
-10
-5
0
6
12
15
14
7
-2
-10
-12
-11
-8
-3
4
9
12
11
12
11
7
2
-2
-4
-4
-1
2
4
9
12
14
13
13
11
7
3
3
3
2
-2
-1
5
12
16
13
10
8
6
4
-1
-2
0
3
6
8
10
11
11
11
13
13
6
-6
-15
-18
-11
-3
1
0
-4
-4
-5
-5
-8
-10
-11
-11
-10
-10
-7
-7
-3
3
8
13
10
4
-4
-9
-10
-11
-11
-12
-9
-7
-9
-10
-15
-17
-16
-10
-5
-2
-4
-5
-3
4
8
7
1
-4
-7
-7
-5
-1
1
2
-1
0
2
2
1
1
5
7
5
2
2
4
9
8
1
-3
-5
-5
-4
-5
-7
-9
-9
-4
3
9
14
14
15
13
10
7
4
4
6
9
11
9
8
9
13
16
9
4
-4
-5
-5
-6
-4
-3
-1
0
3
12
21
25
20
9
2
-6
-15
-22
-21
-11
-1
6
7
10
15
22
25
20
9
-5
-19
-25
-24
-16
-8
-7
-6
-7
-6
-3
-2
-8
-16
-25
-33
-34
-30
-22
-9
6
19
24
20
12
1
-3
-3
-3
-6
-12
-20
-20
-15
-4
6
11
6
-6
-21
-24
-18
-8
-2
1
1
-2
-8
-10
-8
2
14
19
17
9
2
-1
0
2
0
-4
-6
-4
5
13
20
24
22
19
9
1
-3
-1
6
14
18
18
13
7
6
10
14
14
8
0
-3
-3
-3
-4
-1
7
18
26
28
26
25
22
21
18
9
-3
-13
-14
-5
6
11
4
-13
-30
-39
-36
-29
-22
-24
-28
-25
-16
-6
-5
-11
-19
-22
-22
-22
-26
-30
-30
-25
-19
-12
-2
2
-1
-5
-5
-4
-11
-27
-39
-36
-19
0
13
22
29
35
32
23
10
-4
-17
-25
-25
-18
-11
-4
11
34
57
74
72
51
25
2
-5
3
16
28
33
36
43
52
62
67
66
61
52
45
39
41
49
57
69
76
74
60
42
37
45
62
71
59
28
-8
-25
-24
-11
-1
-11
-35
-56
-60
-46
-27
-13
-15
-25
-42
-57
-63
-64
-60
-62
-72
-89
-103
-107
-106
-105
-109
-118
-129
-143
-158
-168
-167
-154
-144
-135
-126
-112
-94
-74
-56
-45
-43
-45
-45
-36
-21
-9
-1
3
12
20
24
23
17
13
13
15
17
18
13
3
-5
-2
11
30
45
60
76
94
113
123
135
145
157
173
187
198
201
204
207
212
214
213
218
226
241
254
263
262
249
236
227
231
242
250
243
226
208
194
175
144
93
35
-23
-70
-99
-110
-108
-108
-112
-119
-127
-137
-154
-179
-209
-244
-286
-331
-354
-339
-291
-243
-231
-268
-359
-477
-585
-660
-700
-719
-718
-683
-601
-471
-318
-171
-46
42
93
103
89
62
38
18
1
-2
7
24
43
62
87
98
81
29
-41
-109
-159
-187
-191
-171
-133
-64
32
149
269
367
430
461
474
476
465
442
410
385
382
396
420
442
460
468
462
442
407
358
302
251
222
214
222
236
261
305
361
413
443
450
441
423
405
379
342
292
235
186
156
145
133
101
47
-8
-57
-107
-178
-274
-386
-502
-605
-683
-715
-699
-661
-649
-708
-846
-1022
-1185
-1292
-1345
-1355
-1330
-1259
-1126
-928
-678
-414
-165
43
192
288
337
338
309
265
237
232
244
263
276
291
308
318
301
242
132
-5
-136
-236
-295
-316
-306
-260
-174
-48
102
252
384
482
549
580
564
478
329
155
18
-45
-41
2
62
141
244
360
460
517
521
473
393
304
225
165
127
119
154
229
320
398
440
452
445
422
375
299
202
110
39
11
26
73
147
228
311
374
398
378
318
247
185
137
95
54
23
16
42
93
152
202
225
224
204
177
129
54
-51
-178
-302
-408
-479
-520
-558
-653
-855
-1161
-1508
-1800
-1994
-2110
-2188
-2236
-2218
-2091
-1836
-1472
-1054
-634
-264
45
304
529
720
865
958
1018
1055
1074
1068
1047
1017
972
898
770
579
332
53
-207
-429
-604
-732
-819
-843
-789
-643
-424
-161
98
318
507
676
825
942
1003
1011
964
870
740
593
480
415
392
374
343
312
294
292
286
269
238
195
146
101
77
84
114
165
236
333
441
535
603
640
655
643
599
531
448
371
313
275
257
245
239
234
238
243
239
216
149
54
-40
-111
-141
-147
-132
-94
-46
18
88
165
240
280
279
230
148
62
-30
-118
-205
-273
-311
-317
-299
-316
-499
-962
-1709
-2576
-3319
-3810
-4082
-4255
-4350
-4267
-3902
-3247
-2408
-1544
-769
-137
348
738
1060
1291
1409
1458
1526
1662
1856
2041
2174
2253
2271
2211
2018
1641
1067
377
-314
-906
-1349
-1656
-1842
-1888
-1744
-1390
-873
-310
204
607
914
1153
1331
1440
1479
1472
1491
1579
1760
1936
1884
1513
908
368
110
53
-63
-367
-679
-763
-566
-207
159
409
537
588
597
631
674
618
445
288
320
510
716
824
874
995
1178
1312
1313
1147
840
463
139
-63
-193
-320
-504
-645
-604
-400
-191
-114
-165
-230
-208
-124
-89
-141
-233
-302
-281
-149
61
241
310
266
215
262
328
285
105
-134
-282
-318
-248
-194
-350
-906
-1966
-3241
-4306
-4914
-5195
-5444
-5709
-5763
-5322
-4354
-3094
-1844
-799
32
690
1259
1738
2061
2158
2080
2025
2119
2355
2604
2777
2874
2927
2934
2814
2477
1855
986
46
-798
-1463
-1984
-2413
-2693
-2713
-2376
-1722
-914
-142
458
910
1291
1627
1872
1971
1932
1860
1872
2035
2292
2532
2657
2430
1807
912
-3
-645
-1024
-1329
-1686
-1924
-1820
-1375
-717
-14
568
974
1249
1336
1255
1122
880
529
240
194
372
626
852
1028
1305
1690
1980
2015
1781
1316
695
94
-421
-848
-1173
-1457
-1631
-1531
-1140
-645
-234
19
140
238
335
337
238
73
-114
-231
-194
0
272
549
775
961
1154
1245
1117
815
456
113
-287
-925
-1964
-3312
-4659
-5733
-6399
-6734
-6881
-6878
-6611
-5955
-4890
-3578
-2295
-1213
-339
411
1086
1687
2170
2495
2730
2969
3277
3641
3978
4195
4238
4146
3926
3542
2927
2046
983
-114
-1099
-1902
-2504
-2931
-3186
-3185
-2871
-2292
-1562
-823
-172
370
840
1270
1651
1961
2189
2384
2618
2913
3266
3611
3859
3952
3883
3631
2910
1673
47
-1621
-2823
-3502
-3842
-4057
-4020
-3542
-2681
-1507
-294
666
1258
1521
1523
1403
1295
1071
680
332
311
673
1267
1862
2333
2765
3097
3194
2974
2426
1539
381
-763
-1705
-2353
-2706
-2896
-2911
-2604
-1945
-1139
-424
46
279
376
415
396
293
111
-117
-227
-59
412
1045
1608
1967
2143
2279
2330
2173
1771
1153
439
-301
-1043
-1920
-3073
-4504
-6057
-7344
-8079
-8299
-8246
-8120
-7832
-7146
-5924
-4327
-2689
-1302
-215
679
1530
2395
3160
3726
4061
4291
4590
5008
5396
5560
5463
5149
4731
4220
3532
2608
1420
90
-1173
-2180
-2886
-3380
-3708
-3857
-3721
-3230
-2453
-1574
-772
-112
448
1007
1583
2130
2583
2927
3221
3559
3979
4386
4660
4716
4569
4078
3117
1738
84
-1430
-2581
-3393
-3991
-4343
-4264
-3791
-2986
-2021
-1079
-301
220
470
466
400
330
197
38
39
364
941
1639
2309
2951
3518
3871
3897
3567
2921
1936
766
-392
-1363
-2072
-2552
-2814
-2816
-2465
-1895
-1293
-807
-483
-279
-181
-163
-224
-296
-364
-379
-257
28
514
1089
1652
2189
2658
3005
3067
2781
2268
1645
1000
285
-589
-1596
-2767
-4078
-5510
-6925
-8046
-8770
-9050
-9055
-8829
-8273
-7333
-5970
-4404
-2813
-1361
-109
1012
2040
3008
3829
4437
4870
5221
5563
5899
6145
6224
6101
5783
5301
4651
3832
2788
1546
202
-1105
-2217
-3122
-3792
-4225
-4372
-4192
-3736
-3040
-2246
-1443
-676
54
766
1450
2088
2623
3076
3485
3902
4333
4716
4969
5030
4891
4278
3162
1688
96
-1148
-2069
-2837
-3605
-4166
-4210
-3821
-3058
-2243
-1572
-1071
-709
-419
-206
43
151
65
-20
147
685
1400
2051
2544
3037
3511
3853
3886
3575
2912
1927
881
-102
-917
-1588
-2168
-2657
-2842
-2621
-2199
-1744
-1423
-1191
-979
-760
-578
-498
-454
-452
-395
-167
240
735
1204
1607
2005
2484
2924
3086
2835
2260
1606
1051
630
223
-335
-1053
-1946
-3033
-4269
-5688
-7082
-8261
-9088
-9538
-9711
-9498
-8871
-7706
-6069
-4228
-2384
-716
833
2201
3369
4301
4934
5327
5501
5575
5644
5742
5834
5855
5763
5576
5264
4768
4042
3040
1819
440
-945
-2226
-3329
-4207
-4820
-5042
-4851
-4276
-3438
-2473
-1463
-461
532
1451
2233
2846
3292
3617
3881
4154
4436
4666
4809
4779
4324
3441
2270
1040
89
-662
-1399
-2233
-2919
-3203
-3128
-2787
-2461
-2212
-1997
-1762
-1469
-1160
-812
-591
-500
-374
3
663
1384
2008
2503
3021
3544
3917
3995
3738
3170
2374
1536
731
17
-651
-1326
-1918
-2240
-2212
-2014
-1819
-1725
-1668
-1576
-1452
-1320
-1254
-1214
-1189
-1098
-834
-377
206
751
1226
1620
2011
2391
2566
2477
2120
1643
1229
879
563
96
-615
-1559
-2747
-4061
-5512
-6962
-8226
-9184
-9760
-10011
-9861
-9297
-8246
-6729
-4981
-3160
-1429
173
1620
2835
3803
4530
5044
5388
5626
5826
6040
6222
6343
6358
6256
5983
5477
4748
3736
2511
1112
-348
-1734
-2954
-3909
-4591
-4921
-4865
-4452
-3753
-2861
-1864
-839
182
1114
1924
2601
3135
3566
3924
4261
4588
4873
5100
5177
4863
4127
3058
1862
863
29
-785
-1652
-2373
-2789
-2914
-2766
-2548
-2309
-2068
-1824
-1566
-1295
-980
-728
-566
-418
-113
393
979
1543
2058
2601
3142
3570
3766
3712
3363
2752
2000
1200
456
-277
-994
-1654
-2102
-2265
-2270
-2226
-2204
-2156
-2092
-2004
-1921
-1840
-1744
-1644
-1452
-1138
-659
-82
497
979
1417
1875
2237
2453
2372
2069
1657
1173
739
285
-103
-414
-718
-1150
-1990
-3251
-4893
-6570
-7961
-9000
-9709
-10248
-10515
-10272
-9316
-7680
-5672
-3606
-1670
101
1745
3221
4422
5242
5642
5752
5748
5801
5953
6122
6231
6238
6237
6186
5976
5497
4606
3360
1877
354
-1095
-2445
-3644
-4635
-5240
-5358
-4945
-4129
-3110
-1993
-879
231
1309
2261
2986
3441
3704
3863
4057
4303
4535
4689
4434
3875
3141
2438
2028
1634
1055
173
-631
-1133
-1392
-1510
-1789
-2145
-2515
-2688
-2611
-2416
-2121
-1897
-1694
-1375
-763
54
794
1310
1667
2092
2599
3050
3260
3203
2868
2404
1970
1605
1250
730
98
-593
-1074
-1302
-1453
-1680
-2054
-2332
-2458
-2427
-2321
-2240
-2171
-2083
-1845
-1424
-838
-199
335
776
1124
1478
1863
2077
2040
1731
1294
841
485
199
-118
-363
-503
-433
-327
-596
-1524
-3195
-5215
-7052
-8431
-9426
-10270
-10956
-11157
-10534
-8982
-6753
-4332
-2066
-101
1671
3272
4620
5534
5828
5667
5296
5092
5141
5330
5543
5691
5849
6043
6257
6243
5785
4766
3306
1677
49
-1492
-2965
-4319
-5363
-5849
-5682
-4921
-3812
-2580
-1327
-95
1151
2306
3195
3688
3827
3777
3732
3803
3930
4069
3897
3428
2872
2336
2086
1926
1578
866
51
-588
-1073
-1357
-1684
-2063
-2422
-2601
-2501
-2232
-1843
-1518
-1270
-982
-491
194
816
1195
1364
1576
1906
2286
2551
2639
2510
2227
1974
1796
1622
1281
763
92
-501
-875
-1155
-1498
-1949
-2332
-2562
-2552
-2401
-2215
-2019
-1828
-1519
-1082
-529
1
346
555
728
991
1367
1659
1751
1614
1378
1135
980
954
924
871
645
163
-757
-2254
-4264
-6535
-8597
-10179
-11247
-11933
-12234
-11965
-10877
-8965
-6555
-4012
-1667
376
2099
3538
4669
5405
5708
5628
5455
5398
5599
5970
6360
6718
6991
7176
7166
6845
6029
4702
2968
1032
-876
-2661
-4228
-5521
-6377
-6657
-6300
-5382
-4116
-2708
-1321
22
1281
2376
3198
3675
3842
3831
3726
3601
3493
3428
3488
3632
3812
3927
3854
3603
3122
2430
1635
712
-352
-1531
-2654
-3551
-4109
-4287
-4205
-3887
-3356
-2612
-1712
-814
23
698
1169
1464
1668
1866
2018
2097
2123
2213
2384
2587
2757
2795
2666
2367
1899
1269
514
-317
-1170
-1988
-2650
-3088
-3287
-3304
-3164
-2836
-2372
-1799
-1206
-657
-181
167
388
534
659
816
987
1101
1178
1255
1386
1579
1774
1911
1900
1743
1344
528
-877
-2965
-5455
-7871
-9768
-11020
-11786
-12218
-12214
-11482
-9864
-7559
-5031
-2679
-693
977
2424
3651
4525
4951
4994
4875
4900
5188
5717
6314
6812
7201
7480
7643
7542
6951
5764
4033
1996
-22
-1872
-3520
-4949
-6048
-6630
-6547
-5802
-4626
-3277
-1936
-670
534
1635
2522
3091
3310
3305
3255
3256
3319
3400
3494
3618
3812
4016
4084
3891
3372
2602
1691
743
-278
-1356
-2431
-3392
-4042
-4323
-4233
-3894
-3397
-2771
-2050
-1243
-454
233
716
1020
1221
1380
1598
1843
2101
2355
2596
2834
3041
3147
3056
2733
2201
1517
730
-92
-936
-1749
-2457
-2990
-3247
-3251
-3031
-2655
-2207
-1661
-1082
-457
134
547
818
972
1091
1190
1283
1426
1502
1580
1658
1719
1908
2127
2360
2379
1986
1013
-780
-3274
-6161
-8852
-10890
-12256
-13114
-13605
-13468
-12353
-10217
-7394
-4500
-1934
213
2010
3539
4709
5401
5563
5305
4976
4877
5169
5740
6368
6949
7427
7872
8144
8028
7298
5827
3786
1448
-839
-2947
-4825
-6389
-7489
-7892
-7513
-6446
-4959
-3340
-1777
-304
1074
2297
3202
3689
3807
3743
3724
3870
4132
4192
4005
3668
3409
3478
3631
3514
2838
1820
819
0
-641
-1396
-2285
-3205
-3895
-4153
-4009
-3567
-3087
-2668
-2219
-1542
-617
294
892
1160
1338
1638
2084
2505
2772
2808
2765
2779
2911
3056
2950
2482
1664
788
49
-553
-1160
-1917
-2672
-3251
-3458
-3307
-2948
-2538
-2152
-1710
-1129
-412
296
862
1099
1168
1248
1444
1754
1896
1876
1700
1582
1594
1698
1850
1865
1682
1001
-361
-2468
-5091
-7647
-9712
-11113
-12028
-12656
-12878
-12321
-10740
-8305
-5525
-2932
-734
1113
2745
4140
5188
5730
5790
5577
5404
5532
5889
6359
6741
7047
7330
7504
7467
6968
5859
4144
2088
-15
-1989
-3783
-5407
-6696
-7430
-7434
-6707
-5460
-3978
-2472
-1018
377
1682
2769
3499
3770
3588
3190
2789
2603
2711
3013
3330
3612
3938
4243
4440
4310
3754
2843
1640
297
-1107
-2448
-3624
-4529
-5071
-5208
-4856
-4123
-3165
-2160
-1159
-160
709
1350
1670
1757
1720
1649
1666
1815
2076
2398
2715
3022
3293
3441
3350
2908
2161
1242
263
-727
-1728
-2682
-3458
-3911
-3960
-3650
-3073
-2374
-1684
-986
-313
297
750
981
990
901
848
777
773
767
869
1089
1381
1822
2234
2593
2559
1786
20
-2708
-5827
-8705
-10782
-12147
-13134
-13843
-13974
-12929
-10611
-7481
-4308
-1640
481
2303
3906
5203
5948
6011
5594
5045
4866
5150
5769
6404
6915
7415
7888
8347
8423
7830
6378
4187
1739
-650
-2805
-4786
-6526
-7813
-8322
-7876
-6640
-4936
-3162
-1512
25
1497
2818
3793
4242
4157
3627
2957
2413
2169
2360
2811
3347
3827
4326
4841
5090
4958
4295
3154
1688
39
-1587
-3140
-4454
-5381
-5811
-5647
-4960
-3897
-2709
-1583
-508
507
1355
1860
1971
1777
1433
1176
1147
1384
1792
2255
2737
3182
3564
3779
3665
3127
2178
1034
-137
-1254
-2289
-3241
-3984
-4390
-4322
-3833
-3090
-2276
-1531
-855
-276
231
582
649
512
270
198
342
642
986
1224
1531
1947
2556
3203
3535
3126
1542
-1193
-4599
-7933
-10538
-12325
-13637
-14669
-15214
-14667
-12699
-9593
-6109
-3028
-564
1426
3181
4678
5633
5903
5553
5028
4735
4933
5559
6304
7015
7645
8309
8935
9254
8896
7629
5540
2997
462
-1881
-4036
-6026
-7668
-8631
-8597
-7569
-5879
-3987
-2224
-597
944
2387
3531
4167
4197
3732
3043
2430
2170
2301
2742
3346
3988
4669
5422
5989
6092
5622
4566
3115
1398
-385
-2141
-3741
-4955
-5665
-5732
-5219
-4229
-3023
-1847
-719
306
1209
1807
1983
1814
1457
1136
1015
1165
1549
2057
2601
3176
3705
4088
4147
3734
2827
1567
234
-1047
-2224
-3274
-4104
-4585
-4635
-4226
-3553
-2717
-1930
-1241
-661
-208
173
277
191
-65
-297
-247
-14
388
842
1296
1819
2327
2742
2749
1940
69
-2842
-6190
-9238
-11507
-12951
-13978
-14624
-14581
-13438
-11008
-7839
-4560
-1781
392
2195
3719
4947
5620
5696
5325
4895
4794
5144
5826
6550
7204
7825
8418
8860
8889
8163
6592
4296
1696
-780
-2999
-4936
-6595
-7766
-8188
-7681
-6363
-4608
-2760
-1063
500
1951
3139
3825
3831
3335
2730
2401
2469
2774
3204
3769
4508
5393
6309
6984
7117
6553
5336
3701
1883
36
-1824
-3624
-5129
-6032
-6151
-5626
-4711
-3633
-2480
-1298
-159
816
1439
1600
1389
1047
838
895
1170
1558
2026
2620
3351
4080
4552
4554
4050
3118
1903
584
-732
-1985
-3113
-4016
-4497
-4475
-4040
-3368
-2638
-1899
-1192
-563
-96
120
84
27
21
99
247
372
515
683
1052
1587
2241
2815
2972
2398
728
-1897
-5121
-8311
-10963
-12967
-14410
-15492
-15922
-15242
-13211
-10163
-6798
-3713
-1146
1056
3027
4706
5771
6115
5877
5469
5260
5420
5947
6595
7260
7875
8535
9114
9334
8906
7603
5550
3008
399
-2086
-4366
-6420
-8062
-8953
-8879
-7832
-6155
-4208
-2278
-417
1363
2978
4163
4619
4351
3603
2955
2766
3094
3626
4123
4684
5426
6401
7309
7772
7447
6370
4778
2901
937
-1050
-2974
-4738
-6056
-6620
-6315
-5364
-4174
-2957
-1773
-540
657
1580
2012
1931
1546
1158
1038
1222
1656
2139
2634
3201
3879
4541
4816
4517
3618
2392
1069
-252
-1577
-2914
-4093
-4946
-5257
-5004
-4312
-3416
-2583
-1815
-1105
-493
3
162
87
-87
-172
1
256
621
934
1272
1735
2333
3035
3452
3112
1448
-1682
-5717
-9678
-12682
-14594
-15949
-17126
-17828
-17260
-14879
-11111
-6921
-3297
-529
1707
3728
5579
6783
7107
6634
5869
5485
5740
6580
7515
8296
8924
9572
10260
10632
10230
8690
6116
2987
-92
-2824
-5249
-7473
-9321
-10380
-10254
-8863
-6662
-4246
-2055
-105
1706
3392
4766
5426
5211
4268
3191
2551
2603
3243
4009
4672
5298
6149
7190
8001
8037
7030
5208
3013
854
-1206
-3209
-5097
-6610
-7375
-7140
-6014
-4457
-2934
-1641
-443
768
1890
2582
2605
2051
1327
933
1075
1629
2263
2826
3379
4031
4779
5293
5188
4282
2767
1045
-523
-1875
-3124
-4337
-5302
-5698
-5364
-4395
-3203
-2094
-1285
-677
-121
403
814
827
525
62
-242
-139
200
701
1142
1649
2287
2965
3521
3255
1587
-1718
-6032
-10168
-13296
-15246
-16626
-17875
-18553
-17825
-15163
-11069
-6653
-2809
89
2423
4514
6325
7496
7642
6980
6015
5470
5702
6485
7440
8165
8768
9426
10145
10616
10233
8678
5986
2721
-446
-3225
-5674
-7945
-9814
-10800
-10494
-8897
-6522
-3977
-1696
281
1981
3291
4082
4161
3759
3238
2910
2978
3386
4117
5026
5982
6997
7954
8616
8639
7839
6244
4087
1752
-583
-2810
-4803
-6324
-7108
-7117
-6376
-5090
-3625
-2200
-979
76
932
1438
1537
1250
824
506
516
911
1617
2488
3415
4350
5125
5596
5615
5079
3994
2490
821
-827
-2302
-3561
-4494
-4973
-4944
-4407
-3604
-2706
-1909
-1236
-685
-308
-32
19
-20
-174
-263
-164
-6
290
605
1142
1875
2705
3113
2318
-43
-3774
-7760
-10986
-13066
-14457
-15815
-16992
-17140
-15501
-12180
-8078
-4274
-1239
1128
3223
5165
6658
7330
7026
6221
5484
5384
5904
6704
7467
8018
8632
9308
9944
10047
9122
7068
4208
1238
-1469
-3853
-6116
-8167
-9596
-9933
-8966
-7010
-4654
-2421
-621
794
2002
2953
3618
3786
3483
2975
2704
3082
3918
4930
5810
6579
7322
7924
8211
7758
6476
4513
2210
-87
-2202
-3972
-5420
-6492
-6998
-6714
-5682
-4275
-2908
-1791
-869
-56
598
968
953
624
252
179
589
1405
2414
3354
4124
4769
5290
5571
5324
4404
2963
1298
-242
-1587
-2721
-3620
-4260
-4425
-4090
-3353
-2451
-1690
-1089
-646
-252
112
293
188
-190
-553
-747
-617
-193
372
1128
1971
2822
3114
2106
-440
-4122
-7812
-10630
-12447
-13825
-15233
-16271
-16064
-14007
-10474
-6509
-3000
-323
1822
3803
5538
6715
6953
6328
5357
4624
4584
5129
5887
6545
7092
7727
8448
9060
9043
7998
5888
3117
334
-2175
-4433
-6554
-8387
-9479
-9435
-8215
-6182
-3931
-1894
-175
1089
1975
2430
2421
2191
1849
1662
1767
2415
3588
5012
6474
7763
8812
9400
9381
8592
6943
4696
2170
-332
-2604
-4438
-5659
-6278
-6264
-5567
-4308
-2791
-1338
-180
644
1126
1279
1073
617
92
-318
-322
156
1056
2204
3425
4517
5337
5847
5953
5476
4387
2820
1021
-655
-2042
-3075
-3775
-4085
-3983
-3510
-2763
-1908
-1110
-544
-235
-231
-440
-813
-1266
-1684
-2046
-2158
-1948
-1352
-428
538
977
221
-1887
-4813
-7547
-9477
-10671
-11836
-13273
-14349
-14162
-12245
-9112
-5717
-2871
-628
1383
3411
5266
6407
6603
5990
5125
4550
4508
4856
5245
5530
5824
6381
7115
7740
7750
6788
4944
2709
597
-1254
-3003
-4872
-6572
-7631
-7625
-6540
-4822
-3045
-1726
-753
125
1155
2245
2937
2984
2556
2368
2838
3853
5000
5892
6508
7003
7552
7995
7943
7136
5584
3610
1633
-34
-1367
-2573
-3759
-4614
-4745
-4081
-2981
-1954
-1222
-727
-271
229
666
825
574
114
-161
86
819
1773
2612
3164
3642
4207
4714
4838
4338
3263
1921
614
-490
-1398
-2182
-2853
-3317
-3394
-3052
-2462
-1895
-1573
-1447
-1320
-1140
-1046
-1232
-1729
-2273
-2515
-2197
-1441
-642
-486
-1555
-3756
-6441
-8643
-9912
-10540
-11209
-12216
-12970
-12603
-10709
-7794
-4824
-2459
-712
868
2565
4209
5343
5635
5244
4665
4418
4686
5211
5647
5852
5985
6282
6735
7070
6826
5742
3963
1933
106
-1420
-2848
-4325
-5646
-6385
-6184
-5076
-3518
-1992
-883
-257
233
801
1519
2177
2506
2502
2514
3082
4224
5560
6652
7330
7718
7910
7941
7598
6617
5036
3113
1202
-417
-1627
-2522
-3302
-3897
-4005
-3447
-2482
-1567
-981
-705
-485
-232
33
187
111
-112
-238
30
713
1661
2605
3294
3751
4119
4433
4493
4056
3072
1792
539
-475
-1243
-1848
-2282
-2576
-2583
-2318
-1879
-1382
-1126
-1050
-1196
-1493
-1798
-2190
-2551
-2858
-2948
-2713
-2236
-1570
-1137
-1492
-2929
-5282
-7641
-9332
-10220
-10774
-11616
-12409
-12460
-11111
-8488
-5473
-2778
-753
901
2477
3984
5184
5663
5451
4827
4291
4182
4457
4945
5314
5506
5690
5982
6326
6346
5678
4224
2259
325
-1298
-2658
-3981
-5258
-6127
-6217
-5376
-3973
-2633
-1655
-984
-232
885
2135
3089
3415
3378
3507
4114
5123
6126
6823
7113
7220
7340
7406
7165
6335
4911
3156
1508
223
-815
-1813
-2821
-3576
-3785
-3396
-2649
-1935
-1442
-1157
-852
-378
144
501
504
327
276
579
1246
2017
2620
2972
3278
3659
4006
4110
3719
2851
1730
610
-251
-937
-1554
-2131
-2635
-2791
-2560
-2160
-1766
-1602
-1628
-1661
-1658
-1633
-1695
-1922
-2230
-2398
-2238
-1696
-995
-732
-1421
-3238
-5862
-8379
-10152
-11082
-11632
-12340
-12955
-12802
-11326
-8626
-5521
-2809
-755
862
2390
3889
5014
5452
5253
4707
4318
4406
4875
5473
5908
6154
6443
6801
7061
6898
5949
4235
2110
40
-1673
-3097
-4437
-5622
-6357
-6317
-5389
-3859
-2237
-831
237
1004
1658
2123
2358
2398
2366
2504
2941
3777
4877
5988
6970
7782
8385
8626
8358
7444
5891
3957
1941
103
-1482
-2774
-3668
-4170
-4186
-3647
-2741
-1714
-853
-244
158
405
536
477
262
-5
-159
-6
527
1360
2286
3149
3863
4343
4592
4528
4035
3121
1907
632
-542
-1549
-2314
-2792
-2918
-2714
-2320
-1833
-1447
-1172
-1072
-1159
-1357
-1771
-2227
-2737
-3131
-3264
-3038
-2413
-1619
-999
-1223
-2593
-5043
-7745
-9728
-10832
-11468
-12328
-13291
-13521
-12297
-9608
-6310
-3313
-1011
800
2478
4105
5393
6006
5852
5220
4579
4365
4672
5156
5609
5907
6235
6663
7083
7206
6547
5034
2905
773
-1019
-2517
-3935
-5318
-6290
-6497
-5741
-4292
-2655
-1187
-173
597
1366
2102
2813
3256
3372
3345
3567
4303
5300
6218
6827
7193
7431
7503
7317
6572
5223
3478
1622
-49
-1451
-2501
-3308
-3945
-4167
-3839
-3023
-2082
-1352
-856
-493
-90
254
474
518
396
285
372
848
1579
2425
3170
3656
3995
4254
4355
4093
3396
2333
1126
36
-853
-1591
-2184
-2635
-2836
-2722
-2336
-1822
-1480
-1284
-1338
-1441
-1501
-1664
-1826
-2159
-2408
-2417
-2130
-1560
-1010
-998
-2077
-4228
-6890
-9055
-10231
-10733
-11269
-12144
-12722
-12096
-10011
-7066
-4165
-1976
-369
1078
2572
4007
4892
5039
4584
4020
3837
4172
4825
5403
5735
5893
6181
6598
6843
6493
5260
3348
1287
-450
-1810
-3014
-4265
-5315
-5786
-5384
-4157
-2606
-1162
-77
815
1627
2290
2647
2478
2049
1781
2044
2817
3784
4712
5511
6287
7070
7756
8053
7659
6516
4846
3003
1267
-269
-1649
-2915
-3871
-4220
-3904
-3094
-2126
-1247
-554
-4
437
728
781
525
83
-303
-358
-20
598
1344
2043
2690
3335
3942
4263
4144
3541
2560
1474
425
-476
-1266
-1967
-2411
-2540
-2288
-1794
-1365
-1056
-919
-826
-816
-1022
-1440
-2015
-2464
-2718
-2690
-2415
-1958
-1496
-1659
-2743
-4825
-7259
-9121
-10132
-10519
-11007
-11687
-11897
-10963
-8759
-5912
-3193
-1077
538
2010
3419
4615
5271
5292
4851
4253
3974
4146
4602
5051
5253
5388
5580
5843
5924
5404
4156
2322
427
-1165
-2434
-3585
-4697
-5470
-5623
-4981
-3726
-2359
-1278
-548
55
875
1896
2772
3228
3290
3357
3771
4576
5495
6179
6492
6546
6535
6445
6137
5395
4133
2552
966
-285
-1215
-2013
-2752
-3353
-3562
-3256
-2568
-1803
-1224
-860
-559
-174
249
567
668
562
480
623
1076
1713
2263
2630
2880
3110
3333
3407
3189
2633
1814
926
132
-496
-1025
-1530
-1998
-2335
-2292
-2007
-1648
-1396
-1390
-1415
-1343
-1192
-1160
-1363
-1812
-2208
-2314
-2018
-1392
-759
-460
-930
-2306
-4468
-6768
-8557
-9612
-10248
-10971
-11595
-11572
-10371
-8100
-5432
-2936
-928
727
2213
3521
4437
4777
4611
4140
3707
3614
3916
4387
4814
5138
5518
5964
6332
6349
5698
4390
2641
891
-658
-2052
-3384
-4578
-5306
-5352
-4639
-3423
-2047
-835
182
1045
1677
2030
1963
1645
1367
1449
1926
2608
3413
4253
5156
6058
6856
7304
7175
6427
5141
3586
1949
380
-1067
-2377
-3382
-3892
-3821
-3297
-2525
-1704
-955
-310
223
564
649
493
165
-182
-354
-238
140
726
1408
2140
2900
3587
4017
4066
3743
3051
2145
1160
210
-634
-1351
-1886
-2195
-2177
-1874
-1404
-983
-727
-666
-792
-1038
-1360
-1706
-2077
-2466
-2800
-2894
-2683
-2138
-1390
-1024
-1384
-2717
-4714
-6560
-7795
-8344
-8861
-9662
-10315
-10132
-8722
-6454
-3984
-1894
-271
1133
2469
3696
4498
4687
4336
3681
3214
3182
3505
3912
4116
4278
4613
5109
5554
5527
4822
3479
1920
545
-611
-1722
-2902
-3914
-4491
-4414
-3675
-2567
-1390
-452
142
568
894
1209
1506
1682
1777
1899
2272
2947
3787
4576
5187
5633
5879
5912
5575
4780
3600
2199
822
-419
-1421
-2159
-2667
-2934
-2901
-2483
-1814
-1124
-590
-246
-15
113
151
123
11
-126
-189
-36
390
977
1614
2176
2630
2990
3253
3310
3055
2474
1654
811
54
-557
-1072
-1480
-1768
-1891
-1746
-1447
-1073
-851
-777
-811
-898
-950
-1125
-1406
-1822
-2181
-2308
-2192
-1850
-1452
-912
-482
-527
-1309
-3043
-5119
-6937
-8106
-8764
-9423
-10029
-10178
-9389
-7601
-5267
-2938
-1009
481
1701
2734
3520
3880
3795
3322
2747
2507
2674
3148
3620
3959
4347
4816
5313
5518
5184
4249
2886
1476
195
-919
-1995
-2928
-3534
-3649
-3123
-2142
-987
60
894
1661
2414
3062
3435
3434
3202
2955
2875
3011
3271
3531
3709
3848
3977
4065
4001
3636
2937
1982
973
21
-835
-1597
-2277
-2764
-2940
-2738
-2259
-1675
-1141
-733
-372
-35
250
418
400
240
74
62
293
687
1093
1448
1763
2076
2338
2444
2254
1739
988
167
-556
-1169
-1642
-2015
-2275
-2330
-2139
-1730
-1290
-930
-709
-586
-541
-592
-761
-1048
-1359
-1627
-1717
-1649
-1458
-1222
-965
-572
-201
-123
-668
-1999
-3713
-5315
-6480
-7265
-7933
-8475
-8641
-8136
-6910
-5179
-3292
-1594
-201
944
1903
2673
3137
3232
2968
2579
2400
2546
2953
3383
3746
4107
4509
4942
5193
5033
4345
3260
2056
907
-146
-1137
-2006
-2634
-2868
-2613
-1960
-1122
-325
365
991
1568
2057
2367
2441
2323
2164
2116
2229
2476
2754
2976
3167
3353
3504
3529
3288
2759
2006
1164
352
-393
-1073
-1669
-2083
-2256
-2146
-1785
-1336
-914
-577
-293
-33
174
303
290
176
64
62
244
559
942
1316
1677
1990
2215
2297
2126
1696
1056
340
-347
-956
-1462
-1870
-2124
-2178
-2018
-1728
-1399
-1089
-861
-724
-710
-793
-964
-1240
-1567
-1881
-2102
-2164
-2043
-1804
-1484
-1104
-662
-152
178
72
-607
-1842
-3247
-4485
-5415
-6116
-6692
-7043
-6941
-6247
-5059
-3566
-2048
-722
342
1176
1824
2243
2352
2168
1791
1451
1364
1535
1875
2273
2727
3267
3812
4247
4387
4145
3513
2616
1675
775
-35
-772
-1371
-1711
-1734
-1383
-787
-116
537
1113
1618
2027
2267
2310
2200
2003
1843
1798
1894
2081
2311
2556
2819
3076
3219
3185
2885
2377
1747
1064
419
-186
-719
-1139
-1394
-1442
-1281
-978
-656
-359
-90
128
271
321
263
143
33
-5
75
251
492
747
980
1171
1335
1417
1337
1073
627
120
-387
-850
-1246
-1584
-1818
-1933
-1900
-1723
-1485
-1270
-1135
-1088
-1099
-1169
-1288
-1471
-1724
-1981
-2167
-2200
-2127
-1978
-1781
-1546
-1264
-1006
-775
-699
-923
-1440
-2268
-3205
-4025
-4667
-5099
-5392
-5453
-5163
-4512
-3592
-2552
-1489
-510
340
1031
1539
1852
1956
1910
1769
1645
1670
1850
2119
2416
2748
3127
3459
3668
3674
3436
2992
2393
1738
1097
487
-45
-446
-660
-655
-433
-77
311
678
1008
1334
1621
1793
1809
1725
1642
1628
1707
1871
2080
2282
2464
2631
2769
2819
2726
2465
2052
1571
1068
570
113
-284
-557
-692
-694
-593
-446
-310
-217
-145
-73
-23
-39
-115
-219
-291
-271
-159
2
143
239
302
327
313
239
71
-203
-576
-994
-1347
-1624
-1823
-1959
-2043
-2041
-1979
-1876
-1758
-1657
-1577
-1523
-1505
-1516
-1542
-1567
-1591
-1588
-1538
-1424
-1255
-1073
-903
-760
-619
-505
-428
-409
-450
-530
-635
-746
-829
-891
-1006
-1182
-1420
-1648
-1801
-1871
-1890
-1917
-1938
-1909
-1782
-1546
-1215
-855
-504
-172
165
518
856
1156
1358
1496
1589
1690
1813
1905
1974
2014
2062
2109
2148
2160
2105
1997
1853
1714
1566
1406
1220
1026
881
798
786
823
876
933
1019
1135
1276
1403
1471
1494
1492
1482
1467
1453
1410
1329
1221
1109
1010
906
787
640
481
320
156
-10
-190
-383
-570
-729
-840
-904
-934
-944
-941
-891
-788
-672
-565
-496
-455
-419
-393
-384
-394
-419
-440
-448
-428
-401
-385
-381
-422
-474
-531
-614
-740
-916
-1097
-1247
-1340
-1392
-1409
-1421
-1392
-1310
-1192
-1058
-957
-882
-842
-812
-790
-758
-712
-643
-537
-410
-239
-64
121
267
364
402
347
273
156
13
-157
-335
-478
-580
-601
-590
-564
-553
-535
-479
-398
-300
-239
-197
-152
-62
79
253
414
545
649
720
777
795
787
745
645
493
296
110
-44
-142
-165
-112
33
246
499
762
1029
1286
1517
1694
1786
1794
1715
1571
1370
1156
950
756
596
464
374
326
306
301
293
269
213
139
54
-34
-121
-199
-251
-270
-249
-201
-148
-98
-66
-57
-70
-117
-197
-291
-379
-458
-526
-570
-576
-543
-487
-414
-317
-210
-103
-32
-12
-49
-148
-278
-414
-537
-608
-604
-514
-345
-90
265
678
1084
1419
1639
1734
1710
1587
1356
1014
557
14
-547
-1081
-1554
-1948
-2242
-2406
-2463
-2440
-2367
-2265
-2107
-1871
-1554
-1176
-798
-450
-151
97
304
480
629
714
773
811
843
878
887
893
874
846
812
750
669
561
424
283
167
85
43
50
98
181
289
383
420
355
182
-62
-374
-701
-990
-1203
-1308
-1305
-1237
-1160
-1119
-1159
-1277
-1445
-1600
-1686
-1689
-1566
-1280
-825
-220
466
1158
1764
2182
2324
2126
1607
858
37
-691
-1217
-1464
-1440
-1193
-788
-319
143
517
833
1209
1730
2429
3232
4016
4620
4908
4818
4344
3535
2557
1648
978
557
283
59
-164
-359
-460
-416
-169
298
921
1557
2006
2118
1829
1181
336
-540
-1312
-1882
-2220
-2329
-2266
-2093
-1877
-1657
-1445
-1223
-945
-580
-206
14
-1
-285
-885
-1725
-2604
-3310
-3691
-3731
-3508
-3155
-2810
-2527
-2336
-2227
-2129
-1994
-1801
-1532
-1197
-771
-244
274
529
300
-385
-1256
-1968
-2273
-2088
-1510
-746
-18
523
828
948
983
985
973
976
1158
1673
2290
2604
2495
1910
983
219
-10
552
1755
3075
4054
4224
3365
1720
52
-871
-868
-223
505
791
538
83
-104
239
948
1655
2140
2429
2534
2168
1341
588
233
214
392
638
838
916
840
657
437
279
270
439
747
1065
1284
1302
1104
796
524
341
159
-154
-653
-1293
-1954
-2451
-2655
-2572
-2325
-2057
-1863
-1751
-1656
-1514
-1289
-982
-647
-334
-63
181
395
543
583
503
275
-147
-732
-1408
-2073
-2612
-2955
-3071
-2952
-2597
-2016
-1250
-429
272
734
913
891
773
651
584
558
535
496
460
426
387
312
156
-96
-395
-678
-879
-978
-1007
-1012
-1018
-1015
-995
-927
-799
-602
-355
-82
188
410
563
622
589
471
258
-1
-277
-543
-704
-619
-141
771
1941
3058
3827
4029
3615
2702
1512
341
-521
-871
-618
191
1351
2535
3403
3698
3324
2411
1261
192
-559
-892
-841
-512
-38
482
967
1324
1474
1385
1090
630
104
-378
-768
-1041
-1178
-1160
-1000
-691
-272
165
504
608
465
122
-307
-716
-1055
-1325
-1561
-1760
-1930
-2087
-2270
-2575
-3059
-3654
-4190
-4440
-4190
-3373
-2193
-982
-37
478
603
469
227
16
-60
54
335
673
949
1093
1098
975
758
477
160
-152
-406
-540
-515
-303
79
552
994
1341
1603
1842
2089
2337
2561
2663
2493
1962
1148
311
-271
-489
-406
-163
58
138
82
-40
-117
-105
-27
72
146
207
272
343
409
459
461
384
237
25
-205
-421
-597
-689
-711
-682
-613
-556
-536
-549
-583
-598
-575
-522
-461
-433
-437
-468
-502
-513
-485
-437
-382
-307
-224
-134
-30
108
294
503
702
878
999
1069
1104
1151
1245
1341
1376
1248
895
354
-269
-849
-1263
-1461
-1437
-1212
-849
-421
5
387
658
785
764
606
355
45
-263
-482
-560
-482
-288
-48
176
336
399
380
291
137
-42
-211
-345
-415
-443
-468
-503
-573
-647
-692
-715
-737
-778
-809
-797
-705
-529
-310
-108
8
36
17
23
100
251
418
528
572
562
536
535
588
683
787
842
796
623
338
-5
-363
-676
-910
-1055
-1120
-1139
-1121
-1043
-886
-652
-388
-162
-41
-70
-207
-353
-420
-353
-182
34
225
369
485
605
726
820
865
852
799
714
630
567
533
540
564
602
637
648
633
603
600
676
862
1132
1398
1539
1461
1133
617
47
-417
-639
-578
-328
-44
118
75
-148
-464
-764
-996
-1154
-1219
-1178
-1053
-892
-745
-664
-654
-636
-496
-145
385
919
1225
1146
711
86
-510
-908
-1035
-902
-573
-126
347
751
1008
1044
798
281
-405
-1106
-1670
-2021
-2136
-2029
-1774
-1480
-1242
-1110
-1063
-1044
-976
-809
-557
-285
-76
31
51
40
60
144
304
526
764
966
1089
1120
1077
992
880
751
582
349
56
-266
-568
-794
-904
-882
-734
-485
-170
162
478
749
966
1143
1286
1397
1480
1537
1552
1530
1479
1411
1335
1249
1169
1092
1022
970
943
945
965
973
943
881
795
687
565
441
313
154
-47
-277
-500
-693
-852
-965
-1033
-1085
-1123
-1151
-1178
-1202
-1222
-1232
-1236
-1230
-1219
-1197
-1131
-984
-712
-271
296
849
1210
1275
1065
666
187
-280
-668
-966
-1178
-1324
-1431
-1516
-1596
-1657
-1696
-1692
-1625
-1495
-1314
-1114
-927
-764
-633
-541
-496
-478
-450
-352
-129
224
659
1094
1455
1692
1781
1723
1543
1282
986
709
497
386
384
471
607
743
826
819
720
545
322
82
-145
-329
-457
-528
-565
-605
-678
-807
-981
-1167
-1315
-1379
-1335
-1209
-1047
-889
-760
-670
-610
-556
-464
-286
7
405
858
1299
1668
1928
2083
2176
2258
2381
2543
2708
2827
2864
2829
2748
2635
2486
2291
2044
1740
1409
1092
799
539
324
152
23
-47
-62
-40
-35
-91
-208
-351
-500
-663
-879
-1222
-1704
-2238
-2691
-2926
-2894
-2664
-2394
-2256
-2355
-2652
-3015
-3281
-3350
-3213
-2925
-2579
-2242
-1941
-1662
-1391
-1103
-787
-454
-139
103
223
215
123
11
-56
-50
17
120
235
339
425
513
615
722
828
923
1003
1074
1131
1183
1231
1275
1317
1352
1379
1395
1401
1404
1426
1493
1639
1874
2150
2385
2485
2391
2098
1639
1086
524
26
-377
-687
-922
-1107
-1256
-1376
-1475
-1536
-1530
-1433
-1230
-924
-545
-130
264
592
843
1028
1169
1273
1333
1345
1312
1225
1086
915
718
507
291
68
-146
-330
-468
-544
-560
-543
-513
-482
-459
-439
-422
-410
-424
-496
-634
-825
-1019
-1165
-1230
-1204
-1094
-934
-768
-643
-588
-605
-669
-750
-834
-916
-990
-1061
-1135
-1208
-1276
-1321
-1335
-1309
-1238
-1130
-990
-832
-667
-494
-309
-109
109
334
557
783
1007
1220
1424
1609
1757
1852
1883
1842
1733
1569
1373
1161
947
742
563
410
294
232
232
285
371
473
569
643
675
665
612
529
424
300
168
32
-104
-246
-390
-521
-634
-715
-757
-764
-751
-723
-682
-634
-581
-536
-500
-467
-448
-435
-412
-373
-317
-254
-193
-138
-91
-54
-21
-3
-11
-27
-44
-62
-77
-83
-65
-18
59
176
335
530
753
983
1194
1365
1482
1552
1583
1588
1578
1549
1504
1440
1344
1214
1044
833
590
316
11
-318
-661
-1005
-1327
-1610
-1833
-1990
-2091
-2150
-2178
-2187
-2176
-2133
-2052
-1930
-1767
-1571
-1356
-1146
-963
-840
-798
-837
-943
-1092
-1246
-1371
-1427
-1392
-1254
-1017
-708
-384
-110
61
113
86
58
108
269
519
808
1089
1328
1521
1685
1830
1968
2082
2159
2202
2217
2215
2206
2196
2187
2177
2167
2155
2128
2083
2008
1902
1768
1619
1467
1307
1140
964
762
535
288
41
-188
-387
-554
-685
-786
-865
-932
-999
-1078
-1169
-1253
-1315
-1354
-1371
-1377
-1385
-1408
-1441
-1476
-1505
-1522
-1521
-1503
-1471
-1432
-1380
-1324
-1263
-1195
-1126
-1063
-1009
-964
-927
-889
-835
-753
-632
-470
-282
-94
70
198
308
430
576
724
832
848
750
563
341
149
28
-14
14
79
149
199
227
252
297
376
490
617
724
785
785
728
637
542
467
423
405
403
406
407
406
410
423
446
474
503
521
524
505
471
437
416
408
405
380
318
214
81
-50
-158
-228
-259
-272
-283
-289
-283
-242
-156
-28
131
294
445
559
613
583
459
249
-21
-312
-590
-815
-966
-1037
-1028
-954
-827
-671
-507
-355
-227
-129
-64
-34
-35
-59
-107
-164
-209
-241
-252
-237
-201
-159
-118
-96
-99
-114
-132
-147
-154
-152
-146
-146
-151
-165
-184
-190
-171
-129
-68
1
67
118
160
193
222
252
284
313
334
344
344
331
310
284
251
202
142
81
20
-31
-68
-99
-125
-150
-174
-192
-192
-172
-136
-92
-52
-23
-19
-32
-57
-89
-119
-136
-148
-150
-149
-155
-160
-144
-82
42
228
454
691
904
1074
1205
1303
1376
1402
1364
1241
1021
727
403
89
-183
-396
-565
-693
-784
-841
-863
-862
-850
-838
-832
-830
-823
-801
-762
-703
-634
-561
-483
-394
-300
-206
-114
-15
90
200
309
405
480
529
557
568
562
534
487
430
371
318
264
211
157
105
61
27
2
-18
-40
-71
-115
-170
-227
-282
-333
-388
-448
-510
-558
-582
-583
-566
-542
-517
-490
-456
-405
-333
-253
-168
-81
6
92
174
254
322
371
393
389
372
355
340
321
298
264
222
180
147
132
138
166
218
291
366
421
428
378
272
129
-25
-161
-248
-283
-274
-234
-170
-96
-14
70
144
191
203
186
162
148
137
132
124
110
89
61
38
28
28
33
39
41
34
20
-2
-23
-52
-102
-171
-251
-325
-379
-396
-372
-315
-238
-163
-99
-42
16
86
165
250
327
390
438
474
499
513
509
489
462
438
418
401
374
328
258
168
64
-54
-186
-338
-505
-688
-869
-1029
-1143
-1191
-1170
-1094
-984
-867
-759
-663
-577
-502
-442
-405
-382
-363
-334
-297
-251
-198
-137
-66
14
99
188
288
386
476
552
612
662
704
731
734
705
637
535
409
270
140
34
-43
-91
-113
-114
-98
-71
-30
12
44
58
59
54
50
55
68
88
108
132
162
196
240
302
384
477
564
624
647
629
579
513
444
376
309
242
184
140
109
88
66
42
15
-20
-63
-119
-186
-262
-339
-404
-444
-453
-434
-399
-361
-333
-325
-334
-352
-370
-384
-391
-392
-395
-398
-401
-406
-407
-403
-392
-366
-333
-297
-259
-218
-179
-141
-106
-69
-34
2
39
82
121
149
164
169
173
176
180
184
190
198
207
211
209
201
190
177
167
158
146
134
116
96
73
52
36
30
30
32
41
47
48
49
51
56
65
80
96
118
136
147
148
142
131
116
97
76
56
33
7
-20
-47
-73
-97
-112
-122
-128
-133
-138
-137
-130
-117
-104
-90
-71
-56
-47
-45
-51
-53
-51
-49
-50
-60
-78
-97
-112
-121
-127
-126
-119
-104
-85
-69
-50
-32
-12
7
26
44
65
86
108
127
146
166
184
201
208
211
210
214
216
209
195
179
164
154
144
133
117
92
65
40
22
11
2
-9
-27
-51
-75
-97
-114
-125
-130
-130
-125
-118
-113
-106
-99
-92
-85
-77
-69
-69
-74
-84
-93
-94
-87
-73
-55
-29
4
42
81
116
147
172
180
167
120
45
-51
-147
-232
-299
-344
-365
-372
-369
-357
-339
-313
-277
-231
-179
-124
-57
15
91
172
250
324
385
437
476
499
507
493
459
408
344
274
201
131
65
5
-46
-89
-117
-131
-133
-130
-123
-113
-105
-101
-96
-91
-84
-82
-86
-103
-127
-156
-184
-213
-235
-250
-257
-250
-230
-200
-161
-125
-89
-58
-31
-7
14
34
47
51
46
37
29
30
42
60
85
104
109
104
92
83
78
80
84
87
85
75
60
44
33
32
36
41
42
39
37
37
38
38
37
37
39
40
40
39
31
21
8
0
-2
4
15
24
26
27
25
25
27
29
32
33
28
22
16
9
5
3
2
0
-8
-9
-7
-1
5
7
5
3
-4
-14
-26
-34
-33
-30
-31
-36
-48
-62
-67
-63
-52
-38
-27
-20
-18
-20
-25
-30
-34
-33
-30
-26
-26
-31
-34
-37
-41
-47
-53
-49
-41
-32
-20
-11
-6
-6
-11
-12
-16
-19
-17
-10
-7
-2
1
1
-2
-10
-14
-18
-16
-10
-6
-3
-3
-5
-9
-11
-13
-19
-29
-36
-38
-36
-26
-13
-5
-2
-6
-16
-20
-16
-3
19
42
56
60
55
47
40
34
34
36
39
45
48
50
54
60
63
66
71
78
91
104
113
119
116
110
105
102
106
107
102
89
73
51
27
7
-7
-16
-16
-8
-2
-1
-8
-23
-43
-62
-72
-75
-72
-71
-70
-70
-74
-79
-87
-94
-95
-91
-87
-86
-93
-101
-109
-111
-110
-109
-107
-98
-85
-73
-63
-60
-61
-64
-65
-58
-44
-25
-9
2
8
13
20
27
38
53
69
77
77
75
73
74
75
81
87
90
86
79
73
72
76
78
76
69
57
47
42
40
39
41
40
37
30
21
13
6
1
-2
-5
-11
-17
-23
-25
-21
-18
-22
-29
-37
-45
-48
-46
-40
-35
-35
-41
-48
-50
-50
-46
-39
-30
-25
-25
-27
-30
-30
-30
-25
-16
-10
-6
-3
-3
-4
-8
-13
-16
-15
-13
-8
1
7
12
11
11
11
11
14
15
15
17
14
15
17
18
16
14
13
15
17
21
25
29
30
26
22
18
13
13
17
21
22
15
11
10
14
19
23
24
22
17
14
16
19
19
21
19
13
4
-5
-9
-12
-13
-15
-11
-7
0
5
4
-4
-16
-24
-31
-30
-24
-15
-3
2
1
-4
-9
-13
-12
-9
-6
1
7
10
5
-7
-17
-19
-17
-14
-8
-3
-4
-6
-9
-14
-20
-25
-28
-30
-32
-32
-33
-34
-31
-25
-16
-9
-7
-13
-22
-28
-30
-28
-23
-15
-8
1
4
5
3
-2
-6
-6
-8
-10
-10
-4
-1
2
3
1
-2
-3
0
5
10
12
10
12
16
17
22
30
39
44
46
43
36
28
24
20
15
11
12
14
13
9
8
10
13
15
15
18
22
24
22
20
16
14
10
4
1
0
5
16
24
26
24
20
14
6
1
-1
-4
-4
-4
-9
-19
-25
-29
-28
-27
-25
-21
-22
-21
-15
-7
1
4
7
6
6
6
5
5
5
5
3
-1
-7
-15
-23
-29
-30
-27
-23
-20
-20
-26
-30
-35
-37
-37
-37
-34
-29
-21
-11
-4
2
6
10
13
17
21
19
12
4
1
0
4
11
15
15
13
9
7
10
17
21
22
21
19
15
7
-2
-8
-10
-5
1
1
-2
-5
-7
-1
8
18
24
22
17
13
9
13
19
23
22
12
1
-5
-5
-5
-3
-4
-10
-15
-19
-14
-9
-5
-4
-7
-10
-11
-9
-4
5
15
24
29
28
26
18
8
1
-2
-4
-6
-7
-9
-13
-17
-21
-24
-23
-18
-11
-4
-1
-3
-10
-18
-27
-26
-15
0
14
21
19
11
2
-4
-6
-4
-5
-5
-6
-4
1
4
4
1
-1
-1
-2
-3
-4
-3
-2
2
6
7
7
5
1
2
9
18
27
30
28
20
9
-1
-5
-4
3
12
18
23
21
13
4
-6
-12
-13
-11
-10
-11
-16
-23
-30
-31
-27
-20
-14
-7
-1
2
5
3
-2
-3
0
3
7
7
3
-2
-6
-8
-9
-13
-15
-13
-10
-4
0
1
-1
-7
-10
-7
0
4
6
4
1
1
3
6
5
0
-7
-10
-8
0
8
15
15
8
-2
-9
-7
2
11
15
15
13
10
11
13
14
9
5
-1
1
9
19
27
26
20
10
4
-2
-5
-5
-3
-1
2
6
7
7
9
11
11
9
8
8
9
11
11
8
1
-5
-13
-16
-17
-14
-12
-14
-15
-17
-16
-12
-8
-7
-7
-8
-5
-4
-6
-10
-14
-17
-14
-6
1
2
-4
-13
-19
-21
-18
-13
-8
-7
-7
-7
-15
-23
-27
-28
-22
-13
-7
-1
1
-2
-4
-6
-3
3
7
8
9
8
8
8
6
6
6
10
18
26
30
30
24
16
9
8
11
15
17
15
11
7
5
11
16
23
28
31
28
20
11
5
0
0
3
7
7
7
5
4
4
4
1
-4
-4
1
11
16
15
4
-11
-20
-20
-15
-11
-13
-17
-19
-20
-20
-22
-26
-31
-34
-34
-31
-25
-16
-12
-10
-11
-11
-9
-7
-3
2
5
6
5
3
-2
-7
-10
-13
-12
-10
-11
-14
-14
-9
-5
-2
-2
-3
-4
-1
6
9
8
6
6
10
15
18
18
16
10
10
12
13
16
21
19
13
5
-6
-10
-8
2
15
26
27
22
15
13
16
20
19
16
8
6
9
20
31
32
23
9
-3
-4
1
5
6
3
-3
-9
-11
-13
-13
-13
-12
-13
-15
-22
-30
-33
-27
-19
-7
-4
-6
-9
-12
-11
-9
-9
-12
-13
-13
-12
-9
-9
-13
-18
-17
-14
-8
-3
-1
-5
-12
-19
-19
-15
-8
1
4
6
7
5
4
1
2
7
12
17
23
23
21
18
13
7
-2
-7
-7
-3
0
4
5
4
8
11
15
16
16
12
10
8
10
12
12
14
15
18
19
18
13
6
2
2
1
-2
-3
-2
-1
0
1
-2
-3
-5
-3
-2
-1
-2
-8
-15
-20
-21
-17
-14
-12
-14
-15
-14
-13
-11
-11
-13
-15
-17
-17
-12
-6
0
2
0
-5
-6
-3
2
0
-5
-10
-11
-5
2
7
10
13
17
16
12
6
4
3
6
8
10
10
5
1
-4
-7
-3
4
8
9
9
11
13
13
6
2
-4
-3
-1
1
0
-4
-6
-6
-3
3
5
4
0
-4
-3
-2
0
4
10
15
15
12
7
4
2
2
3
3
1
-1
-2
0
4
7
4
-3
-7
-11
-12
-12
-8
-7
-7
-8
-12
-12
-11
-12
-12
-12
-7
-3
3
4
-1
-8
-15
-14
-8
-1
1
2
3
2
1
1
1
5
6
7
5
4
2
3
5
6
5
2
-2
-3
0
5
11
14
12
5
-5
-10
-10
-3
4
8
10
9
10
11
8
7
7
7
3
-2
-6
-8
-10
-10
-11
-12
-11
-10
-10
-7
-4
-2
0
1
1
1
3
2
