2
0
-1
-2
-1
-2
-2
-4
-5
-4
-1
1
2
2
1
0
1
1
-1
-2
-3
-3
-3
-3
-2
1
1
4
4
3
1
0
-2
-2
-2
0
0
-1
-1
0
0
0
0
-3
-3
-4
-2
-1
0
-1
-1
-1
2
3
4
3
2
2
2
1
-1
-2
-1
1
1
0
-2
-3
-1
1
3
3
3
2
1
1
0
-1
-3
-4
-2
-2
1
1
1
1
2
1
1
-1
-1
1
1
1
0
-1
-1
-2
0
4
7
6
1
-1
-2
-1
-2
-3
-4
-1
1
1
2
0
1
3
2
1
-3
-5
-5
-4
-2
1
2
1
1
0
0
2
0
-1
-3
-2
-2
-1
-2
-2
-1
0
1
3
5
3
2
0
-1
-1
-2
-2
-2
0
2
2
1
-1
-1
0
-1
0
-1
-1
-2
-3
-2
0
3
6
6
3
2
0
-3
-3
-2
0
0
-1
-1
0
2
3
4
3
3
2
0
-2
-3
-3
-4
-4
-5
-4
0
3
5
7
5
3
-1
-3
-3
-2
-1
1
2
2
1
-2
-3
-2
1
3
4
2
2
2
2
1
2
3
4
3
0
0
-2
-4
-6
-6
-4
-1
0
-2
-1
1
3
2
3
2
3
2
0
-3
-4
-6
-6
-6
-4
-2
-2
-2
-3
-1
2
4
4
3
2
1
0
-1
-2
-2
-1
-1
0
2
3
0
-1
-1
0
1
0
-1
-2
-1
-1
1
2
2
3
2
4
6
6
5
2
-1
-3
-3
-2
-1
-2
-2
-1
1
2
0
-1
-2
-2
-2
1
2
1
1
1
-1
-1
1
2
1
1
2
3
2
1
1
2
4
4
4
3
5
5
4
2
1
1
1
2
1
-1
-2
-3
-3
-1
0
0
-3
-5
-4
-2
1
0
-1
-5
-7
-7
-4
-2
-4
-5
-7
-6
-4
-5
-4
-4
-4
-5
-8
-9
-9
-7
-4
1
1
1
0
-1
-2
-1
0
-2
-3
-4
-3
0
1
-1
-2
-4
-5
-5
-4
-5
-7
-7
-6
-5
-5
-3
-4
-5
-3
-1
1
1
1
0
1
2
2
1
1
3
5
6
8
10
11
12
12
13
13
13
13
14
16
19
21
22
24
27
32
35
37
37
35
33
33
32
32
33
37
42
47
49
51
53
52
50
44
35
27
16
2
-14
-31
-44
-54
-59
-64
-72
-79
-83
-84
-83
-79
-76
-72
-68
-65
-60
-55
-49
-44
-39
-34
-32
-36
-40
-43
-43
-40
-38
-40
-41
-41
-36
-29
-22
-14
-9
-4
-2
1
4
3
-1
-5
-8
-9
-9
-6
0
9
23
39
51
62
72
81
90
96
99
99
96
97
102
113
125
136
144
151
160
167
170
168
162
153
144
129
112
95
78
64
55
51
51
55
65
80
99
115
126
127
120
110
94
70
39
8
-15
-30
-41
-53
-69
-87
-99
-112
-124
-143
-174
-215
-265
-313
-348
-361
-367
-396
-478
-604
-741
-846
-910
-940
-952
-941
-896
-805
-664
-488
-299
-115
38
156
244
311
360
386
395
395
396
399
405
420
438
451
452
427
377
303
214
122
29
-60
-142
-205
-239
-236
-193
-124
-35
58
145
224
285
320
318
282
226
179
160
171
200
246
306
382
468
549
608
625
599
535
447
349
248
150
67
7
-21
-15
15
55
96
132
159
174
180
178
163
137
112
99
103
127
167
215
266
317
355
370
363
336
290
216
127
30
-53
-106
-132
-123
-87
-33
21
56
71
62
25
-41
-142
-256
-377
-501
-624
-756
-907
-1104
-1348
-1598
-1807
-1955
-2058
-2141
-2177
-2136
-1990
-1748
-1444
-1097
-735
-375
-34
273
540
747
897
1006
1078
1130
1154
1154
1134
1096
1046
971
871
746
586
404
201
-5
-204
-387
-534
-634
-661
-608
-494
-333
-146
54
269
485
689
869
1015
1117
1177
1217
1238
1245
1229
1194
1150
1086
993
858
680
445
65
-476
-1097
-1602
-1837
-1838
-1739
-1623
-1414
-1021
-468
119
639
1028
1282
1390
1379
1294
1163
1004
798
601
494
484
527
545
531
539
551
510
337
49
-279
-606
-878
-1078
-1194
-1209
-1136
-958
-673
-308
64
329
473
540
585
613
566
449
328
272
306
374
454
534
594
635
634
583
462
263
-3
-271
-479
-687
-1047
-1682
-2499
-3231
-3662
-3805
-3838
-3882
-3874
-3664
-3164
-2428
-1607
-840
-194
337
788
1179
1484
1672
1758
1791
1825
1879
1930
1954
1934
1880
1800
1676
1479
1169
753
271
-225
-677
-1071
-1395
-1629
-1727
-1639
-1370
-971
-514
-69
359
761
1126
1425
1618
1708
1736
1749
1781
1821
1852
1856
1828
1779
1705
1586
1394
1112
646
-30
-853
-1632
-2186
-2474
-2580
-2585
-2435
-2039
-1405
-658
87
708
1153
1413
1499
1451
1310
1105
849
608
482
494
607
749
859
963
1042
1044
894
568
133
-358
-823
-1198
-1488
-1676
-1753
-1698
-1477
-1100
-640
-220
98
321
492
625
672
603
447
290
207
218
295
410
539
689
852
995
1060
979
744
430
133
-74
-225
-463
-948
-1701
-2592
-3396
-3925
-4171
-4297
-4426
-4509
-4371
-3876
-3070
-2141
-1274
-547
71
635
1154
1598
1906
2070
2142
2187
2259
2339
2385
2372
2313
2232
2110
1895
1573
1131
595
33
-504
-978
-1393
-1723
-1926
-1946
-1742
-1365
-901
-423
27
467
896
1280
1586
1782
1882
1928
1973
2044
2113
2135
2105
2032
1935
1810
1628
1346
840
64
-880
-1749
-2326
-2583
-2662
-2687
-2601
-2238
-1581
-790
-19
620
1083
1362
1458
1408
1252
1031
761
505
379
418
580
779
922
1053
1185
1247
1132
801
329
-215
-743
-1186
-1530
-1753
-1857
-1831
-1633
-1260
-765
-278
108
383
584
739
811
758
616
453
326
260
267
344
475
634
828
1032
1200
1272
1167
890
519
117
-325
-865
-1543
-2314
-3096
-3793
-4352
-4725
-4877
-4841
-4630
-4254
-3713
-3031
-2258
-1468
-740
-106
446
917
1335
1697
1982
2206
2391
2561
2715
2836
2879
2822
2675
2427
2064
1597
1044
436
-177
-746
-1236
-1617
-1860
-1952
-1898
-1709
-1401
-999
-537
-65
374
770
1117
1410
1654
1849
2013
2157
2294
2414
2490
2520
2496
2408
2243
1986
1582
947
92
-832
-1627
-2162
-2479
-2689
-2785
-2668
-2248
-1606
-875
-198
316
653
857
990
1066
1056
942
773
668
727
909
1138
1315
1416
1486
1516
1455
1226
809
263
-337
-888
-1327
-1652
-1864
-1970
-1932
-1712
-1335
-900
-524
-236
4
221
420
523
506
427
345
335
412
541
680
813
957
1148
1358
1505
1481
1253
887
438
-48
-576
-1144
-1775
-2497
-3323
-4209
-4988
-5476
-5614
-5482
-5218
-4881
-4375
-3634
-2669
-1617
-655
147
795
1354
1871
2314
2644
2852
2972
3058
3136
3198
3204
3118
2921
2614
2228
1772
1241
623
-70
-768
-1387
-1867
-2186
-2350
-2358
-2196
-1865
-1381
-811
-234
313
813
1279
1698
2052
2326
2516
2644
2736
2819
2885
2893
2828
2679
2467
2144
1605
847
-64
-968
-1707
-2260
-2678
-2945
-3015
-2817
-2404
-1859
-1241
-674
-178
254
585
826
974
1025
1009
979
1011
1116
1275
1444
1563
1666
1737
1701
1514
1172
710
171
-395
-931
-1423
-1823
-2072
-2175
-2112
-1891
-1575
-1230
-905
-594
-289
-11
201
322
383
424
463
513
587
681
797
935
1087
1250
1398
1494
1492
1369
1115
734
250
-296
-870
-1476
-2191
-3082
-4077
-5009
-5682
-5974
-5938
-5711
-5374
-4903
-4196
-3222
-2080
-954
2
763
1399
1973
2491
2893
3142
3258
3314
3366
3427
3478
3450
3310
3065
2724
2286
1747
1094
342
-445
-1180
-1800
-2262
-2551
-2679
-2637
-2399
-1967
-1388
-735
-82
521
1059
1550
1980
2334
2600
2771
2877
2951
3013
3045
3020
2923
2678
2219
1537
690
-176
-937
-1554
-2051
-2442
-2690
-2741
-2594
-2259
-1789
-1278
-789
-377
-47
230
464
629
732
806
881
1001
1176
1373
1571
1756
1900
1955
1883
1667
1313
844
303
-261
-798
-1261
-1632
-1884
-1983
-1927
-1756
-1528
-1274
-997
-702
-419
-196
-39
75
181
296
428
565
703
849
1012
1194
1384
1556
1644
1638
1529
1305
978
560
66
-525
-1286
-2258
-3415
-4619
-5671
-6418
-6813
-6908
-6787
-6456
-5829
-4863
-3614
-2247
-981
78
946
1683
2329
2847
3190
3366
3447
3516
3613
3733
3838
3871
3797
3613
3320
2900
2316
1549
635
-338
-1251
-2027
-2628
-3035
-3246
-3224
-2944
-2431
-1744
-977
-217
492
1139
1715
2195
2560
2812
2973
3069
3140
3194
3228
3213
3018
2580
1959
1289
701
183
-379
-1017
-1599
-1962
-2116
-2169
-2157
-2087
-1931
-1664
-1331
-984
-654
-355
-96
142
444
798
1133
1421
1631
1811
2024
2206
2256
2149
1911
1587
1213
819
390
-74
-536
-969
-1315
-1517
-1585
-1594
-1594
-1550
-1421
-1213
-980
-791
-632
-445
-234
-15
198
404
618
837
1051
1270
1478
1624
1650
1567
1429
1262
1015
623
66
-696
-1687
-2893
-4246
-5558
-6595
-7265
-7598
-7659
-7471
-6960
-6056
-4800
-3357
-1942
-682
401
1337
2156
2818
3263
3493
3593
3664
3776
3939
4106
4226
4268
4207
4027
3723
3246
2551
1654
612
-474
-1484
-2344
-3010
-3464
-3674
-3592
-3212
-2591
-1819
-986
-162
620
1339
1965
2464
2812
3024
3151
3237
3310
3378
3284
2917
2342
1719
1270
1009
719
247
-328
-794
-1017
-1083
-1090
-1135
-1283
-1437
-1483
-1396
-1195
-977
-824
-686
-433
-16
489
966
1300
1510
1740
2022
2242
2308
2181
1895
1528
1180
880
564
190
-253
-690
-976
-1086
-1135
-1223
-1372
-1494
-1506
-1398
-1234
-1084
-945
-801
-647
-397
-50
277
514
624
686
805
948
1060
1072
954
818
680
498
229
-266
-1072
-2181
-3514
-4843
-5950
-6766
-7301
-7612
-7674
-7365
-6578
-5342
-3870
-2401
-1079
70
1117
2049
2801
3295
3508
3550
3562
3628
3762
3902
4021
4102
4121
4096
3979
3683
3150
2356
1366
292
-757
-1696
-2509
-3160
-3574
-3686
-3446
-2898
-2160
-1348
-535
274
1066
1789
2382
2781
3005
3109
3125
3077
2887
2506
2037
1640
1450
1435
1424
1318
1136
957
834
683
443
75
-463
-1064
-1590
-1951
-2103
-2119
-2063
-1895
-1542
-980
-290
385
946
1360
1678
1920
2048
2028
1859
1583
1284
1054
933
870
798
682
516
358
219
37
-239
-611
-1015
-1373
-1640
-1769
-1781
-1698
-1491
-1199
-824
-384
52
429
699
874
963
971
918
813
662
524
415
264
-40
-639
-1600
-2839
-4128
-5242
-6096
-6740
-7283
-7697
-7747
-7249
-6235
-4918
-3570
-2331
-1167
4
1178
2221
2993
3442
3635
3742
3880
4053
4217
4310
4325
4306
4277
4219
4031
3606
2909
1989
968
-36
-980
-1864
-2669
-3314
-3682
-3686
-3358
-2813
-2158
-1446
-666
177
1017
1764
2347
2718
2862
2811
2645
2442
2272
2144
2021
1918
1870
1895
1987
2058
2020
1837
1490
1026
480
-139
-780
-1397
-1933
-2291
-2419
-2326
-2022
-1582
-1066
-480
146
731
1201
1491
1610
1615
1553
1478
1403
1334
1278
1256
1275
1310
1318
1232
1037
747
386
-10
-443
-899
-1328
-1674
-1874
-1904
-1787
-1550
-1258
-963
-667
-392
-150
44
133
116
32
-62
-79
-11
89
168
76
-347
-1136
-2235
-3438
-4504
-5346
-6024
-6649
-7181
-7371
-6980
-6028
-4761
-3466
-2279
-1152
-25
1082
2034
2686
3020
3143
3189
3257
3373
3506
3618
3716
3814
3921
4010
3979
3727
3203
2440
1543
611
-312
-1207
-2049
-2757
-3197
-3299
-3073
-2612
-2024
-1357
-618
178
949
1617
2106
2426
2486
2211
1738
1250
999
1071
1272
1444
1622
1924
2410
2905
3202
3195
2809
2151
1376
553
-275
-1092
-1858
-2443
-2704
-2584
-2158
-1568
-952
-373
219
793
1217
1389
1311
1086
833
654
607
654
754
910
1103
1371
1688
1897
1877
1603
1149
624
68
-492
-1053
-1554
-1893
-2043
-1995
-1727
-1338
-924
-533
-210
49
154
89
-106
-330
-455
-481
-484
-598
-1033
-1867
-3007
-4178
-5043
-5543
-5865
-6222
-6618
-6726
-6248
-5222
-3927
-2714
-1728
-864
22
979
1868
2501
2809
2899
2948
3067
3275
3504
3651
3694
3678
3678
3699
3623
3323
2745
1933
1047
212
-545
-1251
-1936
-2516
-2844
-2829
-2497
-1992
-1449
-908
-336
299
956
1539
1995
2197
2064
1709
1334
1169
1257
1431
1509
1512
1609
1920
2353
2719
2843
2643
2185
1605
1001
368
-322
-1049
-1719
-2146
-2227
-2021
-1627
-1182
-764
-299
230
733
1061
1148
1066
916
824
842
907
976
1010
1047
1163
1365
1550
1562
1359
1012
612
215
-186
-641
-1089
-1431
-1625
-1620
-1446
-1175
-899
-675
-470
-277
-132
-85
-147
-286
-410
-445
-376
-205
-69
-205
-811
-1899
-3209
-4342
-5115
-5648
-6179
-6789
-7200
-7034
-6182
-4860
-3461
-2249
-1201
-179
903
1936
2708
3096
3142
3056
3025
3108
3259
3377
3433
3455
3522
3668
3774
3674
3256
2526
1636
738
-106
-923
-1759
-2550
-3132
-3342
-3156
-2692
-2101
-1479
-815
-88
686
1375
1800
1916
1783
1534
1329
1236
1228
1298
1442
1690
2057
2532
3009
3314
3294
2928
2340
1629
862
36
-876
-1745
-2395
-2707
-2646
-2328
-1882
-1365
-802
-203
380
849
1088
1080
921
759
695
732
838
965
1121
1356
1661
1968
2151
2126
1880
1466
959
409
-167
-742
-1274
-1683
-1872
-1816
-1586
-1289
-1001
-741
-487
-224
6
110
15
-217
-460
-574
-496
-326
-262
-585
-1442
-2682
-3904
-4743
-5149
-5438
-5895
-6446
-6674
-6209
-5099
-3740
-2539
-1609
-799
107
1131
2060
2668
2897
2897
2906
3023
3236
3442
3530
3500
3435
3437
3503
3489
3218
2611
1754
842
26
-692
-1381
-2090
-2729
-3107
-3102
-2747
-2206
-1639
-1087
-508
164
878
1537
1997
2142
1992
1645
1337
1212
1241
1347
1436
1516
1700
2022
2434
2767
2826
2567
2074
1482
856
177
-572
-1316
-1899
-2190
-2157
-1867
-1446
-980
-487
30
576
1047
1317
1362
1236
1078
993
994
1056
1118
1178
1288
1475
1699
1836
1764
1462
1013
502
5
-472
-953
-1390
-1710
-1863
-1814
-1598
-1325
-1034
-757
-512
-290
-153
-160
-302
-534
-685
-650
-489
-373
-580
-1274
-2373
-3600
-4595
-5217
-5626
-6063
-6571
-6869
-6617
-5723
-4426
-3126
-2043
-1136
-238
741
1685
2398
2761
2843
2841
2909
3101
3352
3547
3625
3614
3623
3693
3728
3560
3068
2290
1364
455
-356
-1092
-1799
-2451
-2917
-3035
-2784
-2292
-1716
-1144
-551
108
812
1475
1983
2179
2002
1597
1229
1135
1316
1551
1669
1738
1954
2405
2933
3299
3324
2973
2387
1720
1046
331
-466
-1294
-1987
-2360
-2345
-2033
-1590
-1136
-683
-167
402
897
1164
1162
995
810
733
783
885
973
1041
1156
1383
1687
1919
1911
1624
1169
666
179
-309
-843
-1381
-1810
-2026
-1978
-1724
-1373
-1053
-765
-478
-176
49
82
-77
-349
-605
-705
-659
-566
-628
-1175
-2220
-3543
-4714
-5401
-5735
-6062
-6574
-7092
-7131
-6416
-5121
-3685
-2499
-1603
-777
195
1274
2233
2838
3040
3052
3100
3290
3602
3879
4004
3993
3928
3927
3961
3837
3414
2642
1655
687
-134
-840
-1549
-2291
-2914
-3198
-3042
-2559
-1952
-1371
-825
-212
489
1229
1851
2125
2018
1673
1383
1393
1648
1941
2121
2216
2418
2801
3238
3541
3515
3112
2459
1721
989
241
-581
-1430
-2147
-2544
-2556
-2256
-1832
-1397
-940
-419
166
682
984
1031
895
748
722
850
1053
1218
1345
1494
1729
2017
2205
2157
1840
1355
802
253
-298
-874
-1412
-1854
-2103
-2100
-1897
-1602
-1335
-1127
-897
-640
-384
-253
-317
-501
-676
-664
-480
-316
-455
-1143
-2347
-3729
-4883
-5586
-6003
-6432
-6958
-7317
-7099
-6177
-4780
-3349
-2172
-1225
-321
673
1669
2452
2868
2957
2938
3016
3251
3571
3846
3999
4042
4069
4147
4200
4045
3533
2673
1638
609
-304
-1124
-1916
-2641
-3169
-3338
-3090
-2560
-1930
-1301
-683
-31
676
1357
1939
2246
2105
1662
1188
991
1205
1566
1803
1907
2067
2494
3086
3567
3724
3448
2827
2057
1296
536
-283
-1182
-2030
-2575
-2676
-2380
-1862
-1321
-829
-323
249
823
1209
1292
1150
915
752
768
931
1127
1268
1375
1548
1833
2120
2210
1995
1522
947
399
-132
-661
-1183
-1649
-1949
-2044
-1903
-1565
-1201
-920
-701
-498
-317
-253
-369
-605
-856
-957
-905
-854
-1084
-1839
-3067
-4453
-5541
-6112
-6362
-6656
-7103
-7407
-7103
-6059
-4560
-3084
-1938
-1065
-243
710
1731
2562
3023
3143
3132
3220
3477
3827
4101
4208
4162
4080
4060
4043
3825
3240
2312
1227
210
-620
-1314
-1990
-2627
-3076
-3160
-2814
-2194
-1504
-883
-317
279
937
1591
2146
2430
2215
1666
1125
927
1223
1670
1923
1995
2126
2566
3211
3713
3847
3482
2750
1903
1109
363
-451
-1349
-2189
-2701
-2725
-2356
-1798
-1260
-812
-344
223
811
1191
1227
1014
724
548
616
838
1055
1192
1286
1480
1823
2174
2274
1994
1441
819
260
-251
-765
-1258
-1667
-1874
-1861
-1670
-1319
-972
-726
-565
-455
-339
-315
-477
-744
-1011
-1109
-1014
-928
-1105
-1808
-2983
-4303
-5341
-5905
-6203
-6548
-7031
-7363
-7091
-6107
-4663
-3209
-2059
-1146
-261
748
1810
2676
3159
3283
3261
3318
3527
3831
4083
4182
4126
4032
4012
3999
3808
3277
2419
1408
447
-361
-1052
-1717
-2364
-2849
-2993
-2724
-2176
-1545
-946
-387
210
866
1509
2061
2267
2039
1569
1100
1006
1287
1630
1846
1919
2104
2524
3027
3439
3512
3142
2458
1651
906
196
-580
-1415
-2167
-2599
-2598
-2228
-1691
-1172
-701
-226
311
822
1126
1175
1012
765
626
685
878
1082
1243
1378
1588
1900
2163
2205
1942
1432
853
313
-166
-612
-1060
-1461
-1724
-1807
-1644
-1297
-930
-627
-393
-198
-37
32
-72
-326
-598
-771
-865
-1166
-2016
-3417
-5046
-6328
-6913
-7023
-7068
-7321
-7558
-7232
-6129
-4506
-2890
-1653
-758
0
841
1761
2551
3021
3134
3102
3147
3403
3852
4279
4533
4550
4404
4275
4163
3892
3263
2218
976
-167
-1058
-1723
-2308
-2854
-3231
-3258
-2861
-2144
-1337
-623
-31
512
1067
1607
1936
1886
1527
1100
966
1274
1799
2239
2479
2658
2971
3395
3764
3855
3501
2750
1798
879
76
-678
-1452
-2214
-2747
-2865
-2570
-2019
-1450
-964
-530
-87
364
694
818
751
571
449
511
740
1047
1304
1497
1711
1995
2305
2455
2307
1878
1280
656
82
-436
-892
-1281
-1563
-1673
-1565
-1265
-885
-549
-363
-332
-384
-447
-509
-619
-820
-1037
-1159
-1102
-881
-698
-830
-1481
-2598
-3843
-4825
-5433
-5862
-6366
-6953
-7265
-6938
-5924
-4482
-3046
-1841
-791
276
1429
2513
3264
3572
3548
3417
3359
3407
3511
3590
3584
3509
3475
3543
3603
3481
3020
2238
1321
423
-368
-1099
-1851
-2561
-3064
-3197
-2922
-2386
-1760
-1119
-466
224
957
1645
2187
2417
2216
1759
1306
1130
1255
1402
1393
1306
1356
1703
2177
2510
2573
2311
1811
1198
560
-83
-773
-1514
-2164
-2518
-2493
-2148
-1657
-1155
-655
-103
510
1067
1395
1450
1329
1174
1075
1068
1123
1168
1191
1228
1385
1671
1929
1993
1806
1436
1020
629
248
-164
-582
-921
-1099
-1108
-980
-755
-534
-364
-248
-174
-130
-191
-379
-621
-826
-927
-1046
-1466
-2335
-3591
-4899
-5837
-6289
-6445
-6601
-6823
-6814
-6249
-5083
-3601
-2212
-1104
-226
576
1386
2149
2725
3006
3051
3014
3051
3232
3510
3758
3885
3873
3780
3673
3499
3134
2468
1519
465
-510
-1306
-1944
-2490
-2927
-3139
-3006
-2526
-1826
-1095
-460
64
513
931
1306
1564
1648
1589
1505
1551
1743
1983
2158
2243
2320
2429
2555
2588
2403
1970
1351
691
96
-444
-942
-1424
-1842
-2070
-2041
-1778
-1402
-1030
-680
-329
49
413
684
825
849
829
866
1004
1208
1413
1578
1696
1808
1911
1952
1867
1614
1229
788
356
-29
-343
-609
-823
-931
-926
-811
-641
-499
-365
-239
-140
-96
-207
-474
-816
-1142
-1297
-1252
-1080
-905
-1014
-1580
-2580
-3766
-4706
-5250
-5572
-5978
-6548
-6921
-6700
-5769
-4375
-2978
-1827
-874
90
1163
2196
2960
3304
3319
3213
3136
3157
3230
3297
3302
3234
3178
3187
3218
3116
2720
2022
1168
332
-408
-1099
-1801
-2481
-2990
-3136
-2861
-2311
-1693
-1121
-587
-22
589
1166
1599
1812
1843
1817
1849
2008
2261
2499
2681
2792
2862
2905
2864
2684
2318
1771
1117
441
-191
-750
-1260
-1683
-1948
-2004
-1846
-1548
-1184
-796
-407
-28
307
574
732
776
762
759
836
1013
1229
1445
1628
1790
1936
2029
2011
1834
1507
1081
624
173
-237
-595
-887
-1070
-1153
-1132
-1051
-949
-827
-708
-615
-567
-603
-730
-915
-1124
-1290
-1378
-1381
-1377
-1562
-2106
-2995
-4020
-4860
-5358
-5628
-5892
-6213
-6373
-6069
-5219
-4035
-2840
-1814
-924
-55
853
1713
2381
2763
2902
2945
3001
3118
3288
3429
3500
3479
3424
3375
3292
3081
2640
1963
1158
368
-321
-928
-1506
-2031
-2390
-2469
-2248
-1816
-1293
-751
-197
386
988
1547
1954
2136
2065
1804
1537
1413
1448
1578
1668
1715
1835
2089
2432
2682
2691
2436
1964
1393
806
199
-430
-1060
-1607
-1939
-1996
-1804
-1447
-1013
-531
-26
468
891
1161
1242
1172
1048
943
897
912
950
995
1070
1202
1382
1527
1547
1403
1124
799
457
106
-252
-577
-804
-911
-907
-851
-777
-695
-632
-589
-585
-682
-894
-1229
-1547
-1731
-1783
-1775
-1991
-2620
-3593
-4662
-5437
-5789
-5922
-6083
-6375
-6526
-6184
-5262
-3969
-2688
-1624
-733
132
1056
1946
2633
3012
3125
3145
3192
3316
3486
3600
3605
3504
3371
3285
3177
2922
2414
1662
822
46
-609
-1191
-1755
-2258
-2581
-2588
-2258
-1708
-1111
-576
-111
341
812
1276
1660
1898
1984
1985
2023
2171
2413
2652
2805
2841
2828
2815
2763
2597
2234
1695
1060
424
-147
-654
-1123
-1525
-1799
-1878
-1753
-1494
-1169
-838
-507
-164
181
493
710
806
831
854
934
1064
1206
1336
1425
1492
1565
1620
1626
1508
1239
877
476
109
-212
-509
-769
-963
-1043
-1007
-896
-760
-644
-560
-520
-498
-481
-551
-711
-953
-1177
-1266
-1242
-1210
-1353
-1824
-2560
-3439
-4283
-4945
-5472
-5919
-6337
-6600
-6486
-5903
-4923
-3776
-2659
-1612
-612
394
1357
2163
2713
2980
3088
3165
3256
3363
3428
3435
3400
3354
3323
3274
3117
2780
2243
1563
820
72
-649
-1342
-1961
-2427
-2650
-2595
-2301
-1837
-1290
-709
-104
484
981
1311
1463
1531
1617
1768
1983
2202
2408
2628
2879
3154
3364
3413
3262
2900
2384
1762
1065
325
-440
-1141
-1691
-2025
-2123
-2030
-1793
-1457
-1061
-631
-200
178
449
597
652
673
711
787
881
1000
1141
1316
1522
1709
1829
1842
1735
1526
1218
834
398
-51
-473
-827
-1064
-1156
-1128
-1016
-870
-710
-533
-377
-292
-314
-434
-609
-798
-964
-1084
-1153
-1156
-1143
-1196
-1443
-1952
-2657
-3436
-4160
-4773
-5318
-5789
-6136
-6241
-5964
-5330
-4434
-3401
-2340
-1267
-205
788
1656
2315
2738
2957
3065
3131
3169
3193
3181
3143
3111
3084
3065
2970
2748
2380
1867
1262
612
-60
-735
-1376
-1908
-2264
-2398
-2312
-2036
-1595
-1040
-406
269
917
1467
1824
1928
1820
1632
1515
1555
1704
1878
2033
2189
2412
2678
2888
2952
2802
2442
1904
1252
546
-181
-887
-1499
-1930
-2114
-2049
-1798
-1423
-973
-471
35
485
806
949
946
846
724
623
559
532
540
602
749
958
1153
1264
1264
1152
951
685
339
-73
-510
-890
-1131
-1215
-1158
-1009
-821
-615
-362
-98
107
157
2
-290
-627
-916
-1121
-1263
-1360
-1445
-1558
-1740
-2067
-2539
-3101
-3661
-4138
-4555
-4913
-5184
-5297
-5128
-4661
-3931
-3038
-2083
-1096
-125
789
1600
2247
2713
2992
3110
3114
3045
2939
2798
2654
2514
2398
2324
2223
2061
1790
1420
1001
530
43
-453
-932
-1333
-1618
-1734
-1687
-1481
-1132
-672
-163
278
636
923
1210
1538
1826
1999
2078
2139
2278
2456
2589
2638
2572
2423
2205
1948
1639
1243
766
226
-288
-719
-1054
-1275
-1422
-1464
-1378
-1188
-919
-648
-402
-172
53
267
435
546
601
621
652
705
769
799
766
711
661
636
596
495
333
126
-91
-291
-475
-629
-757
-847
-884
-855
-755
-633
-519
-414
-299
-182
-94
-72
-116
-205
-320
-457
-605
-732
-806
-825
-787
-752
-822
-1094
-1605
-2263
-2923
-3500
-3984
-4413
-4760
-4920
-4788
-4325
-3609
-2749
-1840
-933
-49
775
1478
2000
2315
2453
2463
2399
2314
2221
2137
2080
2075
2117
2181
2223
2178
2029
1775
1436
1028
539
-4
-539
-992
-1294
-1432
-1402
-1218
-898
-469
-30
354
653
888
1120
1345
1525
1621
1658
1699
1768
1855
1944
2002
2018
1981
1872
1698
1440
1108
711
278
-139
-517
-833
-1071
-1223
-1269
-1197
-1037
-821
-591
-362
-133
76
245
342
369
354
329
315
325
358
393
427
465
518
555
542
465
324
145
-43
-241
-438
-626
-775
-860
-886
-863
-805
-729
-644
-528
-395
-264
-161
-123
-150
-218
-297
-366
-447
-541
-638
-727
-782
-807
-809
-807
-863
-1040
-1386
-1880
-2411
-2890
-3250
-3495
-3647
-3667
-3506
-3116
-2517
-1786
-1009
-262
424
1011
1476
1804
1983
2043
1994
1877
1737
1599
1503
1449
1444
1492
1567
1639
1640
1556
1395
1166
889
563
218
-124
-420
-616
-690
-638
-518
-386
-268
-131
79
376
714
1015
1233
1400
1550
1696
1822
1888
1911
1878
1790
1651
1456
1228
960
678
402
141
-88
-299
-477
-606
-683
-692
-668
-629
-584
-528
-440
-332
-233
-161
-122
-90
-44
13
68
100
111
111
132
173
218
227
182
107
15
-78
-186
-313
-442
-564
-677
-776
-852
-886
-879
-832
-761
-663
-554
-444
-333
-229
-145
-104
-120
-180
-270
-364
-439
-507
-551
-577
-581
-570
-550
-503
-453
-440
-522
-741
-1069
-1446
-1801
-2101
-2338
-2497
-2550
-2453
-2190
-1774
-1259
-692
-111
438
893
1227
1432
1523
1524
1456
1338
1191
1050
939
887
895
949
1028
1089
1113
1100
1039
942
802
614
392
160
-40
-171
-221
-195
-101
47
241
468
704
922
1108
1247
1343
1393
1388
1340
1251
1139
1030
924
831
735
636
534
423
305
175
51
-64
-175
-274
-359
-419
-442
-435
-403
-357
-293
-202
-99
5
90
148
177
174
141
87
34
6
0
8
19
17
1
-22
-42
-70
-118
-184
-275
-376
-475
-568
-649
-703
-728
-731
-707
-659
-576
-464
-359
-294
-274
-291
-318
-351
-397
-475
-576
-684
-769
-824
-845
-831
-790
-724
-658
-594
-544
-497
-469
-490
-590
-775
-1014
-1252
-1433
-1553
-1618
-1620
-1547
-1374
-1110
-781
-425
-78
231
483
661
768
814
801
745
667
588
529
505
521
572
654
750
849
933
986
1002
983
935
858
757
649
556
504
499
535
606
688
775
867
956
1035
1084
1099
1098
1087
1068
1034
986
935
887
852
823
793
754
702
641
563
470
358
246
144
61
3
-43
-80
-99
-99
-91
-77
-72
-75
-92
-118
-153
-189
-226
-262
-291
-318
-340
-358
-369
-385
-404
-431
-472
-528
-599
-673
-736
-783
-804
-814
-821
-817
-797
-750
-694
-646
-613
-603
-605
-623
-653
-685
-719
-758
-801
-843
-872
-875
-851
-798
-726
-647
-582
-536
-498
-462
-424
-413
-427
-470
-518
-548
-558
-541
-510
-466
-421
-374
-322
-267
-198
-123
-51
14
75
130
182
225
255
284
317
357
398
439
483
538
601
655
699
726
745
770
804
848
886
908
917
929
953
984
1018
1044
1059
1062
1052
1031
1004
970
933
890
845
803
763
730
704
684
665
638
607
578
549
509
456
398
334
266
198
142
100
71
45
24
1
-24
-47
-70
-95
-129
-167
-212
-263
-313
-367
-421
-478
-537
-592
-639
-669
-681
-682
-690
-706
-727
-750
-772
-787
-789
-783
-776
-770
-766
-766
-760
-757
-750
-749
-760
-773
-783
-782
-769
-750
-723
-693
-658
-622
-584
-548
-516
-482
-455
-432
-407
-379
-339
-293
-239
-172
-100
-16
62
126
170
195
218
232
227
198
154
123
110
116
130
150
184
231
290
337
366
384
386
380
361
339
310
285
266
253
249
251
261
285
316
354
404
466
533
591
632
654
663
666
661
640
606
566
532
516
513
512
511
511
517
529
541
557
563
561
555
539
512
477
436
392
344
296
248
202
155
112
69
25
-14
-47
-72
-96
-116
-135
-155
-172
-189
-203
-221
-249
-291
-344
-404
-462
-514
-566
-611
-651
-687
-721
-754
-782
-796
-790
-767
-735
-701
-674
-656
-642
-624
-596
-569
-546
-534
-526
-512
-493
-466
-437
-392
-329
-253
-172
-98
-20
61
133
180
192
182
153
122
95
72
57
46
37
28
31
44
70
104
146
187
227
255
274
290
305
320
322
305
275
240
205
171
144
132
137
155
168
174
176
175
182
195
212
233
243
242
232
223
215
207
199
182
161
138
110
95
93
99
105
101
99
101
116
133
143
147
140
119
86
45
2
-34
-59
-74
-84
-85
-84
-76
-60
-39
-18
-5
13
40
69
105
123
121
107
83
61
44
34
25
9
-15
-46
-74
-98
-110
-112
-118
-120
-122
-128
-132
-145
-162
-186
-208
-220
-220
-205
-179
-150
-115
-83
-52
-25
-6
15
32
45
55
57
52
38
21
2
-15
-24
-34
-40
-45
-51
-50
-48
-47
-50
-56
-65
-76
-85
-81
-65
-50
-33
-17
-4
8
22
33
34
21
-3
-27
-38
-33
-27
-25
-24
-24
-17
-3
11
19
17
0
-26
-61
-89
-106
-115
-122
-139
-159
-174
-183
-180
-169
-157
-153
-156
-163
-158
-142
-118
-96
-77
-64
-55
-44
-31
-12
4
10
6
-8
-22
-25
-16
-1
20
45
75
116
162
209
249
278
300
316
331
350
366
376
382
387
391
405
425
449
471
490
505
514
518
514
493
457
409
349
280
207
138
81
35
-7
-44
-69
-87
-94
-98
-109
-129
-160
-194
-226
-250
-266
-288
-319
-363
-409
-451
-481
-505
-524
-535
-539
-533
-513
-481
-444
-410
-385
-370
-364
-352
-338
-321
-298
-277
-255
-232
-212
-194
-177
-155
-130
-102
-73
-41
-4
34
76
117
157
193
218
238
251
255
260
263
271
277
272
254
229
214
218
238
267
290
298
291
276
262
250
236
211
175
136
94
57
26
1
-17
-24
-17
-1
15
32
46
55
61
64
70
83
97
109
110
93
61
26
1
-16
-22
-23
-25
-31
-37
-48
-64
-83
-105
-131
-160
-196
-233
-264
-286
-292
-288
-279
-266
-254
-242
-224
-198
-164
-128
-92
-59
-30
-7
16
34
45
49
52
61
75
89
98
96
82
68
59
56
62
69
72
72
70
66
65
64
62
57
42
16
-17
-53
-83
-101
-109
-110
-107
-101
-96
-91
-87
-80
-70
-49
-24
-2
15
28
37
47
57
65
77
90
100
111
123
140
164
199
238
281
320
348
359
353
329
294
258
224
194
166
131
91
47
10
-18
-43
-63
-83
-102
-117
-131
-148
-163
-180
-194
-209
-222
-235
-242
-241
-235
-226
-214
-204
-188
-170
-150
-130
-114
-100
-84
-64
-41
-19
-4
1
-1
-10
-19
-21
-18
-13
-6
1
4
4
2
2
9
23
41
56
67
74
74
73
74
71
64
52
31
10
-5
-10
-16
-26
-42
-59
-73
-77
-75
-63
-46
-30
-18
-9
-7
-12
-23
-31
-35
-42
-47
-45
-43
-38
-32
-27
-21
-8
2
9
17
27
37
44
47
43
33
21
11
3
5
11
17
30
48
60
68
72
76
87
110
140
165
185
202
219
238
258
272
283
290
290
286
277
262
242
216
183
149
113
74
38
2
-33
-72
-113
-156
-204
-246
-279
-306
-330
-350
-364
-375
-381
-375
-365
-353
-339
-321
-305
-281
-250
-213
-174
-142
-118
-105
-95
-87
-78
-62
-36
-12
10
32
52
72
90
106
121
138
155
171
181
187
194
201
209
217
224
228
222
211
201
190
185
179
174
169
162
153
139
121
104
85
66
46
27
1
-32
-68
-104
-129
-144
-151
-153
-155
-162
-174
-191
-203
-209
-209
-202
-195
-188
-176
-167
-161
-150
-137
-127
-118
-110
-106
-93
-74
-55
-35
-18
-2
13
28
49
69
82
91
100
109
119
127
135
143
152
157
158
159
160
162
163
163
162
160
158
156
150
144
135
125
115
98
79
58
39
22
4
-12
-26
-38
-45
-47
-46
-45
-41
-41
-45
-48
-51
-54
-51
-50
-51
-54
-61
-70
-80
-88
-94
-98
-101
-93
-85
-81
-81
-84
-86
-87
-86
-80
-72
-70
-74
-83
-95
-99
-94
-84
-72
-67
-69
-69
-64
-51
-33
-22
-18
-21
-22
-21
-14
-8
-3
5
10
12
18
29
40
51
58
61
64
72
83
97
111
125
134
139
143
143
144
148
147
141
132
119
105
92
81
69
57
39
18
-2
-16
-25
-29
-34
-40
-51
-62
-73
-82
-88
-91
-95
-98
-100
-103
-106
-101
-95
-86
-74
-66
-60
-55
-49
-41
-36
-31
-27
-27
-26
-24
-16
-11
-9
-11
-17
-25
-29
-29
-23
-12
1
14
22
24
26
30
35
38
40
38
36
36
43
53
63
67
64
59
56
64
75
81
84
78
73
72
69
63
55
43
33
27
27
26
25
24
22
21
23
23
22
20
17
14
6
-1
-6
-11
-13
-15
-15
-15
-20
-28
-34
-38
-37
-36
-38
-44
-50
-51
-49
-46
-43
-40
-40
-37
-38
-36
-39
-46
-56
-69
-78
-84
-89
-91
-88
-82
-71
-62
-58
-55
-49
-44
-37
-29
-24
-21
-16
-8
0
8
11
9
11
14
24
37
51
58
61
62
60
62
70
71
66
58
48
39
31
23
19
23
31
31
29
23
16
14
11
7
5
5
2
1
1
0
3
8
13
17
19
22
25
28
32
36
37
35
31
26
19
11
7
5
5
5
5
8
12
17
17
13
10
8
8
9
10
11
7
-1
-9
-11
-15
-21
-28
-31
-36
-36
-35
-37
-45
-51
-55
-59
-59
-60
-60
-58
-57
-51
-40
-31
-27
-20
-15
-14
-12
-7
1
6
12
10
3
-5
-8
-11
-11
-10
-10
-8
-7
-10
-9
-8
-4
3
9
11
7
1
-2
-5
-2
3
7
9
6
10
21
33
43
48
45
36
29
29
31
35
39
37
32
24
16
9
3
0
4
10
13
16
15
11
10
11
15
16
18
19
21
21
20
15
10
5
6
7
8
7
3
-3
-12
-19
-22
-22
-25
-29
-34
-35
-33
-26
-16
-11
-8
-8
-7
-1
8
17
19
15
11
5
0
-8
-13
-14
-15
-13
-12
-14
-17
-16
-17
-21
-26
-33
-36
-34
-28
-20
-16
-16
-15
-13
-13
-11
-4
-1
-1
-1
-2
-1
-3
-6
-8
-9
-6
-5
-4
-3
-5
-4
-3
-3
-2
-4
-7
-9
-10
-10
-8
-2
3
11
17
19
20
21
24
31
37
38
40
40
38
33
25
19
12
8
4
0
-3
-6
-9
-10
-11
-9
-6
0
6
10
7
0
-8
-11
-8
-3
6
11
15
21
22
21
25
28
31
31
28
23
18
12
9
7
7
6
4
5
5
3
4
8
9
9
8
4
2
1
0
0
-4
-6
-8
-6
-7
-10
-15
-20
-22
-19
-15
-14
-16
-23
-28
-34
-38
-40
-38
-29
-25
-24
-27
-37
-43
-46
-42
-35
-27
-21
-20
-24
-29
-28
-23
-13
-6
-5
-4
-6
-4
0
1
2
3
4
6
5
2
-3
-5
-5
2
12
20
27
28
26
23
22
25
29
34
39
40
37
31
22
15
12
14
18
18
14
9
3
2
5
8
13
17
19
19
17
16
20
22
18
13
6
-1
2
11
22
30
32
28
25
20
17
16
15
15
18
18
20
18
13
6
-3
-13
-18
-20
-17
-15
-14
-18
-24
-32
-37
-39
-37
-28
-20
-14
-12
-14
-14
-13
-10
-7
-10
-19
-29
-37
-39
-36
-28
-20
-17
-19
-25
-30
-34
-33
-31
-26
-20
-11
-6
-6
-10
-16
-21
-22
-19
-13
-7
0
4
3
-1
-7
-6
1
10
19
22
16
8
0
-6
-7
-6
-1
5
10
10
9
6
6
10
14
16
19
21
23
30
35
38
36
27
19
22
30
41
44
41
34
24
18
15
18
18
11
-3
-18
-23
-22
-15
-4
1
1
-5
-13
-18
-19
-11
0
10
19
25
27
28
27
25
17
11
4
-2
-3
0
3
7
7
2
-4
-10
-14
-11
-8
0
4
3
0
1
1
0
4
4
5
6
6
5
2
-5
-8
-9
-7
-6
-7
-8
