-1
-1
-1
-1
-1
0
1
3
1
-1
-5
-6
-8
-9
-8
-8
-7
-7
-7
-8
-7
-5
-5
-6
-7
-8
-9
-9
-7
-5
-4
-2
0
-1
-2
-3
-4
-4
-3
-1
1
2
2
1
1
1
1
4
7
7
7
5
2
-1
-5
-7
-7
-4
0
1
3
1
-1
-4
-6
-6
-4
-3
-1
-2
-2
-3
-3
-1
-1
2
5
5
4
1
-2
-4
-4
-2
-1
0
3
4
7
8
8
6
4
1
-1
-1
-1
1
2
2
3
5
2
1
0
0
0
2
1
1
1
-1
-2
-1
1
2
4
3
4
4
3
2
1
-1
-2
-2
-2
1
3
5
6
5
3
0
1
1
4
6
7
5
2
0
-1
-2
-1
-3
-3
-5
-5
-5
-6
-7
-5
-3
0
3
7
7
4
-3
-13
-21
-27
-26
-19
-7
6
17
21
18
10
-1
-11
-19
-22
-21
-14
-7
0
5
9
10
10
7
3
1
1
1
-1
-2
-5
-5
-4
-4
0
5
10
15
15
15
12
5
-2
-6
-9
-8
-6
0
3
6
7
5
1
-1
-1
-2
0
1
1
2
1
1
1
0
-1
0
1
2
4
4
4
3
1
0
0
0
2
3
3
4
2
0
-3
-5
-6
-6
-3
-1
1
2
2
1
1
-1
0
1
0
0
-2
-2
-2
-3
-2
-3
-2
-2
-1
2
1
0
-1
-4
-6
-8
-8
-7
-5
-3
0
4
5
6
5
4
3
2
1
-1
-1
-1
-1
0
2
2
5
5
6
6
5
2
-2
-7
-8
-6
-4
0
0
2
2
3
1
-1
-3
-4
-4
-3
-2
-1
-1
-1
1
3
4
5
5
4
2
0
-2
-2
-3
-3
-3
-2
-1
2
5
6
6
3
-1
-3
-4
-4
-3
-2
-1
-1
0
1
1
2
1
0
-2
-3
-2
0
4
5
4
3
0
-1
-2
-2
0
1
1
1
0
1
2
5
6
6
5
2
0
-2
-2
-1
0
-2
-2
-2
-2
2
4
6
6
4
2
-1
-4
-7
-10
-10
-9
-6
-3
-1
1
2
2
2
0
1
1
0
-2
-6
-8
-12
-14
-15
-14
-9
-3
4
10
13
13
11
8
3
-1
-5
-9
-12
-13
-11
-2
14
28
40
45
46
43
35
21
2
-19
-34
-44
-44
-36
-23
-11
0
7
13
17
16
13
4
-7
-20
-30
-37
-38
-31
-20
-5
10
26
42
54
58
50
32
9
-13
-29
-39
-42
-40
-30
-15
0
14
21
23
19
11
0
-11
-21
-30
-36
-38
-37
-28
-12
8
28
42
48
45
36
23
8
-3
-11
-16
-20
-20
-15
-7
4
14
20
20
17
9
-1
-8
-13
-15
-15
-16
-13
-8
2
11
17
19
18
14
8
3
-1
-5
-8
-10
-12
-13
-10
-5
1
6
11
14
12
6
0
-7
-12
-14
-12
-10
-5
0
6
9
13
14
15
14
10
3
-5
-11
-13
-12
-8
-2
4
6
8
7
4
1
1
1
-2
-5
-8
-10
-10
-8
-5
-2
-1
1
1
0
0
1
1
0
-2
-3
-7
-8
-9
-8
-8
-6
-3
2
7
9
8
4
1
-6
-12
-15
-14
-10
-5
0
3
6
9
10
7
4
1
-2
-5
-5
-6
-4
-1
2
5
3
2
3
5
8
9
6
6
4
3
3
4
8
9
10
10
11
13
14
16
13
10
8
5
2
-1
-3
-3
-4
-3
-1
3
6
6
4
1
0
1
0
-4
-10
-10
-7
-4
-3
-2
-2
0
0
-1
-5
-7
-8
-6
-9
-12
-11
-9
-6
-2
1
0
-4
-9
-12
-15
-17
-20
-23
-24
-21
-17
-12
-7
-2
5
6
3
-2
-5
-3
-1
-3
-8
-9
-5
1
5
7
7
4
3
0
-6
-10
-11
-11
-10
-7
-2
5
12
16
20
20
19
16
14
10
5
0
-5
-5
-2
5
12
17
21
24
26
26
24
20
17
11
6
3
3
5
9
13
18
22
27
30
30
26
21
15
9
2
-1
-2
2
5
6
9
12
14
16
13
10
5
-3
-9
-19
-31
-41
-45
-45
-41
-36
-32
-30
-23
-15
-9
-6
-11
-19
-27
-34
-39
-41
-38
-33
-29
-27
-26
-24
-19
-12
-9
-11
-17
-26
-31
-33
-35
-35
-36
-34
-28
-22
-14
-6
2
7
12
14
15
16
18
19
19
19
20
23
25
31
39
48
55
59
62
66
68
68
65
61
58
56
57
58
57
61
67
76
85
89
89
89
86
81
71
58
46
35
32
35
38
39
41
43
45
43
34
25
16
3
-17
-48
-81
-102
-106
-104
-103
-109
-117
-122
-128
-134
-137
-137
-142
-158
-183
-204
-215
-214
-209
-207
-205
-198
-182
-163
-143
-121
-97
-78
-65
-58
-48
-34
-25
-24
-27
-26
-22
-13
0
17
34
45
51
52
51
52
54
54
51
46
46
52
61
71
80
93
112
132
157
183
208
229
249
260
267
271
279
286
290
289
284
275
261
244
228
215
198
182
168
153
133
114
96
86
81
81
84
85
86
89
96
101
98
96
98
100
82
42
-15
-68
-110
-157
-219
-282
-315
-308
-295
-309
-348
-388
-412
-437
-487
-568
-669
-773
-863
-928
-947
-917
-844
-740
-607
-447
-272
-102
45
165
255
312
320
282
220
157
100
45
-4
-39
-53
-48
-23
12
39
50
44
27
10
-3
-15
-29
-35
-15
38
116
201
282
363
446
525
590
636
655
655
637
607
570
534
503
487
487
487
483
471
448
423
396
363
317
255
185
129
90
72
67
69
85
122
180
249
310
352
376
382
378
367
339
290
223
148
86
37
-14
-76
-145
-193
-204
-194
-191
-205
-230
-239
-228
-223
-245
-299
-373
-467
-607
-841
-1175
-1550
-1867
-2061
-2136
-2140
-2083
-1952
-1720
-1384
-989
-592
-230
70
301
454
517
503
440
356
280
237
232
259
303
357
434
519
580
586
524
401
233
40
-162
-348
-497
-588
-600
-529
-395
-225
-33
172
387
584
727
783
764
731
729
766
811
838
859
898
966
1049
1119
1153
1133
1055
923
751
551
332
115
-82
-238
-337
-375
-357
-293
-184
-42
105
223
302
340
350
338
297
229
149
82
45
39
57
85
116
142
154
141
102
42
-46
-150
-255
-347
-421
-486
-541
-572
-567
-526
-458
-384
-302
-212
-120
-46
-6
2
14
44
70
72
56
49
73
101
104
83
59
4
-181
-602
-1232
-1900
-2402
-2680
-2820
-2927
-3012
-2979
-2736
-2276
-1669
-1026
-433
65
446
723
939
1110
1241
1317
1320
1276
1230
1223
1282
1393
1498
1529
1447
1278
1082
870
616
293
-67
-420
-722
-934
-1033
-1005
-861
-628
-346
-40
285
612
913
1147
1287
1337
1339
1324
1303
1236
1033
639
142
-232
-319
-171
6
71
81
170
384
620
745
715
573
385
178
-46
-247
-368
-391
-331
-206
-28
190
400
560
694
824
881
792
558
282
72
-66
-202
-373
-538
-614
-571
-448
-319
-242
-223
-240
-276
-309
-348
-420
-522
-606
-602
-481
-295
-140
-44
39
146
256
319
297
215
124
78
98
151
191
208
228
304
433
537
524
329
-78
-699
-1485
-2324
-3076
-3647
-4026
-4260
-4353
-4256
-3894
-3237
-2365
-1425
-561
145
700
1145
1504
1771
1911
1926
1849
1757
1711
1732
1817
1927
2024
2060
1999
1842
1611
1299
901
417
-126
-659
-1130
-1482
-1678
-1705
-1562
-1268
-864
-387
132
653
1129
1508
1758
1888
1927
1909
1866
1798
1703
1585
1458
1357
1286
1189
950
494
-113
-657
-979
-1105
-1206
-1388
-1548
-1510
-1214
-773
-356
-46
195
414
591
672
658
592
493
377
273
235
288
387
473
571
710
838
839
669
400
117
-161
-493
-889
-1279
-1567
-1688
-1654
-1508
-1303
-1076
-820
-521
-188
140
395
530
555
530
495
441
337
183
53
14
86
228
373
483
565
638
722
816
882
858
698
425
102
-221
-547
-939
-1462
-2141
-2892
-3555
-3994
-4176
-4168
-4064
-3890
-3617
-3179
-2549
-1783
-972
-226
391
873
1264
1618
1952
2238
2442
2544
2574
2586
2594
2585
2523
2370
2126
1794
1403
981
542
92
-368
-807
-1174
-1433
-1568
-1580
-1467
-1232
-909
-539
-141
268
669
1044
1361
1614
1814
1964
2071
2134
2151
2123
2032
1811
1400
826
245
-170
-380
-507
-678
-880
-978
-878
-642
-412
-291
-261
-226
-160
-118
-125
-153
-172
-191
-189
-122
32
226
387
528
715
939
1096
1086
908
657
412
164
-135
-488
-847
-1156
-1363
-1446
-1412
-1299
-1165
-1026
-864
-644
-390
-180
-56
10
78
177
271
314
303
266
239
241
268
308
337
349
364
418
523
633
690
670
600
530
453
322
76
-312
-781
-1279
-1816
-2453
-3191
-3907
-4412
-4587
-4481
-4225
-3903
-3496
-2944
-2206
-1342
-471
289
879
1321
1688
2028
2332
2545
2640
2647
2631
2638
2657
2657
2610
2486
2258
1924
1510
1038
525
-10
-543
-1017
-1390
-1643
-1761
-1743
-1587
-1300
-908
-437
67
555
990
1352
1641
1873
2043
2148
2186
2175
2116
1935
1562
1037
553
275
196
143
-11
-224
-349
-326
-239
-192
-266
-430
-597
-739
-850
-899
-873
-781
-656
-491
-232
110
445
678
826
973
1116
1169
1062
827
555
295
48
-196
-430
-648
-846
-1002
-1087
-1098
-1064
-1043
-1055
-1063
-1030
-938
-816
-699
-586
-443
-247
-34
140
256
338
410
464
489
483
440
362
282
258
318
433
530
568
578
598
621
586
425
147
-149
-406
-621
-937
-1527
-2397
-3362
-4143
-4539
-4579
-4449
-4322
-4216
-3956
-3342
-2334
-1142
-88
657
1132
1522
1982
2496
2919
3094
3012
2829
2740
2800
2902
2908
2767
2524
2257
1988
1676
1280
752
109
-560
-1133
-1548
-1821
-1981
-2019
-1909
-1630
-1189
-635
-52
480
927
1317
1682
2004
2236
2336
2288
2098
1787
1410
1065
841
715
612
479
344
278
303
349
310
131
-147
-438
-706
-959
-1184
-1338
-1374
-1308
-1144
-880
-543
-177
170
471
734
943
1041
1008
886
727
553
362
146
-67
-234
-341
-385
-387
-385
-410
-478
-579
-675
-745
-800
-870
-960
-1019
-1007
-911
-755
-582
-405
-208
4
210
384
511
595
641
658
668
684
713
737
760
778
773
755
696
574
400
145
-201
-681
-1405
-2387
-3526
-4635
-5446
-5838
-5902
-5789
-5618
-5307
-4613
-3441
-1955
-524
531
1220
1758
2358
3032
3536
3696
3534
3252
3114
3195
3360
3434
3330
3117
2913
2735
2517
2130
1518
734
-129
-943
-1634
-2166
-2543
-2778
-2815
-2616
-2172
-1502
-733
17
679
1246
1777
2261
2620
2797
2732
2441
2000
1543
1233
1114
1100
1084
1008
964
1035
1158
1214
1073
696
201
-311
-818
-1308
-1763
-2121
-2301
-2275
-2037
-1601
-1048
-489
5
456
891
1226
1376
1315
1113
878
659
461
282
115
-29
-120
-147
-116
-69
-75
-176
-356
-558
-755
-962
-1223
-1532
-1787
-1890
-1810
-1578
-1256
-902
-538
-174
164
466
711
858
882
792
652
547
504
507
535
585
676
805
923
990
983
891
743
542
238
-247
-1041
-2224
-3661
-5049
-6022
-6383
-6336
-6237
-6219
-6072
-5367
-3893
-1994
-297
773
1294
1730
2434
3329
4003
4113
3719
3256
3129
3415
3830
4039
3950
3722
3558
3507
3394
2999
2231
1168
16
-1019
-1860
-2515
-3029
-3423
-3632
-3533
-3064
-2267
-1315
-422
316
938
1541
2157
2676
2926
2797
2353
1823
1455
1364
1459
1558
1540
1460
1503
1731
2011
2127
1862
1233
477
-249
-901
-1517
-2168
-2771
-3164
-3232
-2911
-2335
-1712
-1143
-609
-17
620
1142
1419
1403
1189
965
803
704
618
486
374
358
448
622
762
753
584
297
-26
-349
-730
-1186
-1682
-2111
-2344
-2345
-2144
-1822
-1441
-1024
-576
-108
326
650
822
849
792
736
700
687
672
661
725
869
1077
1272
1325
1237
1048
789
444
-213
-1404
-3097
-4996
-6565
-7430
-7688
-7693
-7766
-7801
-7274
-5834
-3639
-1336
365
1353
2025
2832
3875
4762
5055
4709
4062
3638
3689
4038
4348
4391
4227
4092
4079
4071
3834
3184
2128
819
-530
-1742
-2741
-3545
-4202
-4667
-4802
-4457
-3609
-2423
-1164
-41
902
1760
2615
3378
3789
3650
3030
2310
1867
1788
1902
1946
1846
1796
1988
2402
2845
2982
2611
1864
944
14
-827
-1675
-2609
-3510
-4164
-4312
-3872
-3087
-2249
-1476
-703
167
1038
1744
2100
2024
1681
1282
965
785
632
432
286
287
480
816
1079
1120
912
520
72
-401
-960
-1605
-2273
-2843
-3175
-3222
-3000
-2572
-2047
-1484
-874
-233
375
831
1071
1106
1031
945
858
773
703
685
792
1025
1307
1551
1676
1656
1496
1162
564
-473
-2035
-3983
-5969
-7496
-8320
-8614
-8674
-8665
-8389
-7390
-5521
-3113
-799
902
2010
2914
3904
4923
5576
5564
5019
4344
3983
4071
4346
4529
4488
4318
4239
4278
4245
3907
3100
1883
472
-943
-2209
-3274
-4173
-4873
-5279
-5264
-4728
-3727
-2443
-1103
137
1266
2313
3274
3958
4123
3738
3049
2450
2160
2118
2099
1958
1821
1904
2230
2674
2970
2853
2340
1549
601
-349
-1273
-2229
-3185
-4031
-4511
-4424
-3871
-3081
-2258
-1450
-560
373
1215
1815
2024
1891
1588
1240
964
762
551
371
278
332
577
878
1073
1072
840
473
51
-466
-1072
-1737
-2380
-2848
-3078
-3074
-2851
-2489
-2024
-1455
-789
-81
557
1019
1268
1354
1343
1287
1196
1092
985
903
890
945
1039
1131
1165
1106
864
324
-588
-1967
-3691
-5415
-6829
-7701
-8114
-8366
-8481
-8228
-7300
-5539
-3300
-1155
551
1790
2849
3972
5021
5702
5796
5337
4703
4250
4090
4116
4097
3933
3737
3605
3583
3558
3302
2696
1738
543
-685
-1830
-2854
-3740
-4473
-4952
-5026
-4616
-3754
-2606
-1364
-131
1077
2223
3181
3775
3890
3658
3324
3029
2820
2584
2268
1992
1854
1918
2147
2341
2374
2182
1732
1108
368
-437
-1291
-2219
-3140
-3834
-4132
-3990
-3516
-2877
-2108
-1222
-290
625
1417
1973
2245
2245
2068
1806
1516
1210
884
584
396
368
493
656
726
658
455
148
-243
-722
-1268
-1835
-2373
-2803
-3039
-3031
-2783
-2381
-1891
-1329
-705
-56
544
1004
1262
1352
1333
1250
1146
1021
890
787
729
741
838
993
1128
1029
430
-826
-2611
-4460
-5923
-6858
-7470
-8123
-8797
-9042
-8394
-6724
-4465
-2306
-594
761
2092
3594
5015
5943
6139
5695
5039
4541
4296
4179
3977
3649
3361
3263
3372
3532
3482
3068
2293
1271
181
-886
-1939
-3002
-4032
-4858
-5260
-5111
-4466
-3495
-2380
-1181
107
1415
2582
3426
3820
3862
3732
3545
3348
3054
2660
2275
1985
1894
1986
2113
2181
2067
1709
1208
632
-3
-726
-1620
-2582
-3386
-3861
-3930
-3698
-3269
-2643
-1836
-895
99
1009
1714
2159
2344
2356
2265
2072
1765
1356
927
620
498
505
542
520
429
310
173
-24
-324
-763
-1325
-1912
-2414
-2744
-2882
-2891
-2796
-2540
-2060
-1381
-619
58
577
999
1355
1616
1748
1700
1524
1354
1171
1021
947
874
833
694
206
-688
-2036
-3657
-5107
-6190
-6897
-7409
-7970
-8372
-8197
-7209
-5467
-3488
-1770
-353
917
2271
3712
4899
5558
5637
5321
4955
4718
4589
4442
4152
3777
3487
3353
3314
3211
2863
2212
1337
342
-656
-1587
-2490
-3352
-4104
-4623
-4713
-4362
-3681
-2760
-1744
-658
511
1626
2604
3323
3713
3850
3781
3626
3437
3163
2833
2458
2112
1936
1888
1866
1777
1482
1029
528
-16
-597
-1245
-1973
-2654
-3165
-3432
-3387
-3074
-2563
-1928
-1210
-395
462
1250
1872
2252
2393
2390
2274
2039
1710
1316
929
629
424
294
201
94
-36
-192
-387
-599
-882
-1252
-1661
-2073
-2402
-2606
-2678
-2610
-2390
-2030
-1541
-939
-282
376
970
1409
1681
1778
1688
1521
1283
1033
853
669
563
527
458
350
-44
-971
-2406
-4196
-5854
-6974
-7617
-7960
-8251
-8479
-8184
-7063
-5145
-2829
-751
842
2117
3322
4582
5674
6248
6192
5672
5023
4535
4265
4070
3813
3476
3166
3005
2948
2851
2543
1884
943
-120
-1176
-2118
-2967
-3781
-4462
-4872
-4855
-4309
-3373
-2220
-981
238
1475
2708
3788
4567
4902
4798
4421
3934
3466
3027
2517
1928
1335
885
725
790
880
798
454
-52
-566
-1052
-1546
-2117
-2741
-3246
-3475
-3355
-2893
-2203
-1411
-568
302
1190
2038
2713
3096
3154
2983
2710
2383
1996
1520
976
479
114
-96
-190
-259
-376
-565
-820
-1103
-1374
-1658
-1999
-2393
-2741
-2893
-2767
-2385
-1882
-1332
-750
-109
607
1299
1822
2066
2011
1784
1509
1252
1030
758
430
75
-263
-603
-1143
-2094
-3475
-5062
-6442
-7325
-7787
-8058
-8309
-8404
-7944
-6694
-4790
-2668
-779
750
2077
3398
4732
5813
6371
6348
5916
5400
5022
4770
4520
4139
3650
3191
2855
2636
2391
1948
1226
270
-754
-1706
-2507
-3197
-3824
-4313
-4546
-4385
-3781
-2843
-1722
-539
636
1808
2924
3889
4588
4932
4943
4679
4258
3763
3226
2663
2085
1537
1119
870
747
645
442
106
-313
-762
-1235
-1757
-2303
-2797
-3145
-3254
-3090
-2658
-2003
-1216
-337
577
1463
2246
2822
3146
3212
3050
2733
2292
1769
1202
630
133
-245
-497
-635
-725
-802
-896
-1025
-1174
-1362
-1605
-1886
-2173
-2403
-2494
-2433
-2230
-1915
-1538
-1076
-514
87
686
1192
1530
1729
1780
1751
1661
1474
1224
917
577
295
90
-58
-124
-251
-633
-1478
-2928
-4765
-6537
-7832
-8502
-8783
-9008
-9149
-8855
-7700
-5587
-2989
-550
1361
2781
4051
5350
6477
7120
7061
6397
5531
4808
4365
4110
3822
3435
3056
2810
2744
2724
2511
1964
1061
-72
-1235
-2293
-3214
-4025
-4721
-5165
-5158
-4593
-3545
-2201
-755
665
2038
3344
4473
5296
5669
5572
5120
4432
3712
3044
2424
1885
1366
924
710
709
837
911
695
218
-360
-973
-1564
-2188
-2872
-3437
-3735
-3694
-3271
-2555
-1665
-668
339
1318
2235
2956
3375
3463
3230
2808
2303
1730
1141
540
-5
-387
-605
-676
-672
-694
-758
-881
-1066
-1295
-1587
-1950
-2335
-2687
-2919
-2946
-2757
-2384
-1889
-1305
-654
63
792
1433
1914
2185
2237
2099
1795
1417
1047
710
449
253
151
154
167
-8
-646
-1939
-3751
-5692
-7350
-8491
-9286
-9951
-10452
-10497
-9642
-7767
-5252
-2652
-368
1573
3400
5177
6712
7718
7994
7615
6885
6105
5462
4957
4473
3971
3526
3246
3165
3157
3037
2647
1907
881
-288
-1488
-2652
-3746
-4740
-5484
-5800
-5580
-4802
-3622
-2207
-654
919
2401
3711
4756
5520
5983
6078
5835
5314
4622
3919
3213
2508
1894
1352
976
739
472
162
-235
-735
-1258
-1845
-2489
-3036
-3474
-3752
-3760
-3517
-2990
-2210
-1321
-367
599
1477
2236
2814
3145
3256
3143
2827
2393
1877
1326
820
364
-25
-319
-537
-696
-858
-1071
-1323
-1614
-1931
-2252
-2566
-2820
-2974
-3010
-2891
-2592
-2119
-1494
-805
-122
535
1115
1628
2018
2234
2273
2145
1914
1599
1204
812
467
217
63
-47
-113
-195
-522
-1408
-3010
-5119
-7179
-8640
-9379
-9751
-10080
-10354
-10078
-8694
-6226
-3246
-471
1654
3302
4858
6412
7763
8454
8270
7445
6406
5545
4990
4575
4117
3585
3088
2802
2756
2766
2588
2022
1042
-172
-1408
-2519
-3499
-4401
-5195
-5712
-5735
-5130
-3961
-2459
-853
709
2170
3507
4626
5428
5830
5797
5401
4770
4101
3479
2903
2362
1824
1403
1209
1175
1161
986
527
-107
-814
-1550
-2256
-2963
-3613
-4070
-4248
-4034
-3411
-2509
-1469
-403
633
1646
2542
3180
3484
3426
3094
2606
2038
1464
917
410
-5
-308
-479
-525
-546
-591
-710
-916
-1166
-1477
-1877
-2323
-2773
-3103
-3211
-3087
-2740
-2258
-1685
-1027
-299
476
1220
1787
2103
2194
2120
1992
1849
1603
1223
770
341
91
69
147
198
-2
-710
-2031
-3852
-5814
-7438
-8516
-9210
-9747
-10188
-10206
-9312
-7374
-4745
-2027
282
2153
3870
5545
7048
8033
8208
7669
6768
5874
5211
4709
4208
3670
3182
2867
2784
2797
2685
2285
1527
497
-648
-1796
-2884
-3908
-4832
-5494
-5716
-5385
-4511
-3261
-1862
-467
853
2131
3425
4633
5549
5984
5856
5369
4841
4393
3960
3420
2703
1980
1443
1134
962
724
295
-331
-1062
-1754
-2328
-2819
-3297
-3746
-4048
-4024
-3591
-2830
-1908
-977
-90
769
1609
2346
2856
3067
2976
2676
2290
1891
1484
1059
609
186
-128
-286
-365
-468
-646
-922
-1225
-1522
-1821
-2137
-2473
-2792
-2985
-2976
-2749
-2308
-1760
-1146
-487
172
803
1361
1754
1969
2012
1882
1648
1347
1012
717
466
251
125
108
180
264
177
-327
-1346
-2868
-4660
-6302
-7528
-8306
-8789
-9158
-9259
-8660
-7129
-4806
-2225
57
1903
3490
4993
6385
7367
7641
7217
6348
5419
4688
4158
3704
3231
2784
2491
2420
2473
2463
2212
1635
785
-235
-1293
-2308
-3266
-4150
-4864
-5251
-5138
-4470
-3381
-2062
-695
595
1810
2931
3933
4701
5069
5019
4632
4138
3704
3319
2918
2456
1979
1614
1384
1214
1002
617
55
-628
-1349
-1983
-2522
-3000
-3424
-3712
-3719
-3355
-2668
-1818
-920
-58
741
1482
2085
2495
2652
2538
2241
1861
1475
1133
810
500
233
41
-38
-44
-73
-200
-430
-751
-1115
-1495
-1882
-2252
-2566
-2769
-2812
-2646
-2302
-1798
-1201
-570
96
758
1363
1827
2053
2028
1838
1570
1302
1044
766
537
404
381
425
349
-56
-959
-2398
-4117
-5727
-6948
-7717
-8296
-8808
-9056
-8684
-7391
-5334
-3018
-860
954
2542
4110
5561
6677
7203
7053
6450
5705
5050
4559
4127
3661
3200
2837
2634
2572
2494
2222
1662
803
-233
-1265
-2235
-3157
-4023
-4767
-5197
-5184
-4787
-4070
-3159
-2050
-659
887
2424
3717
4617
5245
5657
5830
5767
5361
4696
3950
3149
2389
1734
1153
669
183
-380
-902
-1326
-1681
-2024
-2436
-2878
-3192
-3317
-3254
-3023
-2671
-2186
-1549
-809
-12
780
1468
2004
2358
2547
2613
2562
2387
2064
1634
1195
795
443
122
-204
-528
-841
-1145
-1411
-1654
-1884
-2120
-2356
-2540
-2641
-2608
-2424
-2113
-1692
-1191
-623
-22
513
934
1217
1370
1449
1456
1409
1349
1271
1221
1207
1200
1156
990
568
-264
-1550
-3185
-4877
-6288
-7311
-8048
-8612
-8980
-8859
-7979
-6354
-4271
-2170
-332
1271
2767
4217
5482
6271
6462
6160
5630
5144
4784
4488
4179
3826
3498
3264
3133
3011
2743
2223
1428
434
-642
-1696
-2681
-3593
-4384
-4943
-5152
-4913
-4341
-3590
-2697
-1660
-359
1151
2636
3904
4795
5370
5790
6019
6036
5793
5238
4499
3661
2807
2061
1421
795
124
-603
-1257
-1708
-2018
-2315
-2640
-2947
-3117
-3074
-2862
-2524
-2097
-1627
-1080
-444
243
950
1571
2023
2301
2441
2525
2565
2494
2253
1872
1427
987
578
159
-248
-640
-1019
-1369
-1677
-1949
-2214
-2503
-2807
-3058
-3145
-3017
-2713
-2318
-1906
-1465
-936
-295
369
929
1262
1426
1530
1672
1892
2069
2097
1840
1207
136
-1408
-3252
-5058
-6532
-7516
-8159
-8678
-8990
-8916
-8174
-6692
-4793
-2860
-1194
148
1378
2616
3787
4721
5217
5265
5084
4914
4891
5000
5077
5014
4845
4644
4451
4223
3790
3010
1888
532
-843
-2096
-3194
-4111
-4815
-5212
-5185
-4693
-3775
-2540
-1166
242
1612
2903
4072
5030
5682
5979
5957
5709
5351
4928
4432
3879
3280
2689
2174
1714
1269
777
171
-527
-1265
-1994
-2647
-3221
-3700
-3998
-4059
-3846
-3360
-2688
-1898
-1038
-172
676
1449
2060
2480
2701
2730
2629
2432
2164
1849
1470
1060
661
264
-94
-445
-812
-1182
-1548
-1903
-2253
-2617
-2985
-3282
-3438
-3400
-3201
-2890
-2514
-2042
-1424
-739
-115
352
600
756
972
1200
1436
1554
1499
1423
1345
1263
1116
650
-268
-1608
-3259
-4857
-6162
-7166
-7983
-8734
-9344
-9480
-8830
-7404
-5475
-3492
-1757
-194
1412
3113
4753
5955
6497
6529
6315
6120
6030
5902
5651
5258
4789
4410
4146
3888
3517
2873
1941
842
-307
-1397
-2431
-3514
-4659
-5744
-6485
-6553
-5882
-4666
-3226
-1749
-154
1692
3726
5651
7114
7944
8202
8055
7636
6989
6137
5082
3889
2699
1692
1011
590
225
-225
-759
-1237
-1582
-1885
-2268
-2793
-3376
-3845
-4041
-3919
-3524
-2937
-2220
-1342
-314
810
1928
2860
3484
3792
3847
3730
3470
3031
2416
1696
968
328
-181
-578
-927
-1294
-1694
-2090
-2440
-2758
-3074
-3400
-3702
-3877
-3874
-3671
-3333
-2917
-2395
-1813
-1142
-424
235
825
1288
1598
1813
1924
1923
1737
1129
-59
-1817
-3862
-5732
-7121
-8012
-8633
-9192
-9583
-9483
-8561
-6847
-4778
-2830
-1286
-28
1238
2583
3868
4808
5227
5238
5113
5120
5336
5597
5723
5661
5483
5322
5180
4937
4419
3478
2167
692
-722
-1939
-2973
-3863
-4574
-4971
-4882
-4239
-3145
-1846
-528
739
1988
3244
4412
5343
5910
6102
6025
5802
5524
5195
4753
4192
3567
2967
2451
1979
1459
830
75
-721
-1448
-2076
-2622
-3105
-3515
-3773
-3780
-3506
-2985
-2323
-1604
-870
-122
640
1362
1969
2377
2566
2582
2506
2379
2188
1914
1538
1093
630
182
-243
-659
-1099
-1564
-2027
-2434
-2759
-3005
-3185
-3295
-3316
-3197
-2903
-2494
-2024
-1549
-1107
-671
-276
57
314
476
570
633
641
650
669
646
588
378
-100
-912
-2132
-3622
-5080
-6331
-7270
-7973
-8566
-8953
-8922
-8280
-6972
-5204
-3307
-1487
187
1758
3261
4627
5694
6334
6526
6388
6136
5902
5682
5440
5122
4729
4325
3924
3517
3032
2333
1387
235
-1006
-2197
-3286
-4196
-4863
-5210
-5147
-4649
-3720
-2426
-899
736
2358
3877
5218
6272
6950
7208
7072
6655
6070
5392
4642
3845
3056
2329
1710
1205
788
376
-81
-600
-1184
-1776
-2346
-2844
-3240
-3512
-3611
-3495
-3131
-2531
-1753
-868
53
958
1782
2469
2951
3185
3185
2976
2627
2203
1721
1212
690
160
-311
-718
-1068
-1377
-1709
-2043
-2376
-2726
-3033
-3294
-3454
-3471
-3375
-3135
-2733
-2209
-1611
-1009
-486
-27
337
654
971
1273
1498
1562
1401
934
111
-1168
-2836
-4634
-6229
-7385
-8137
-8731
-9226
-9412
-9000
-7805
-6050
-4147
-2379
-852
533
1908
3234
4355
5097
5401
5407
5336
5349
5457
5549
5518
5352
5110
4836
4534
4109
3423
2415
1135
-233
-1488
-2551
-3434
-4150
-4633
-4735
-4359
-3544
-2406
-1114
208
1516
2768
3941
4957
5701
6107
6172
5986
5682
5356
4987
4521
3918
3226
2575
2018
1515
980
338
-392
-1128
-1804
-2372
-2817
-3163
-3396
-3463
-3310
-2899
-2269
-1535
-777
-57
602
1219
1746
2125
2333
2371
2300
2181
2008
1780
1483
1081
634
201
-217
-605
-1027
-1491
-1951
-2390
-2785
-3112
-3353
-3458
-3382
-3179
-2913
-2620
-2274
-1784
-1179
-603
-205
-9
100
256
491
712
818
809
775
809
905
942
715
64
-1080
-2586
-4143
-5493
-6531
-7380
-8171
-8841
-9129
-8739
-7588
-5891
-3996
-2196
-572
991
2562
4066
5281
5980
6144
5945
5633
5389
5194
4934
4566
4136
3762
3508
3308
3041
2562
1795
824
-201
-1144
-1987
-2770
-3477
-3992
-4141
-3819
-3063
-2002
-799
447
1705
2940
4085
5016
5642
5929
5893
5614
5181
4681
4152
3577
2971
2402
1928
1552
1201
784
276
-304
-895
-1436
-1930
-2385
-2780
-3068
-3173
-3044
-2683
-2134
-1476
-782
-89
582
1214
1741
2088
2231
2214
2074
1862
1603
1307
974
598
211
-159
-468
-716
-928
-1146
-1405
-1691
-2006
-2320
-2601
-2843
-3004
-3061
-3001
-2785
-2442
-2026
-1587
-1203
-854
-489
-97
305
610
751
795
820
863
813
425
-474
-1852
-3409
-4748
-5647
-6217
-6755
-7383
-7902
-7925
-7178
-5780
-4145
-2624
-1368
-225
1014
2346
3605
4509
4903
4921
4795
4745
4833
4914
4842
4593
4264
3989
3807
3598
3182
2475
1525
511
-390
-1150
-1828
-2454
-2972
-3231
-3125
-2654
-1907
-1025
-110
800
1725
2662
3551
4274
4723
4888
4837
4690
4508
4266
3912
3420
2863
2344
1902
1504
1074
540
-81
-714
-1273
-1711
-2050
-2329
-2554
-2680
-2646
-2418
-2005
-1482
-935
-394
111
581
1002
1340
1583
1694
1670
1553
1395
1236
1070
836
520
179
-121
-342
-550
-811
-1156
-1537
-1896
-2202
-2450
-2654
-2821
-2901
-2861
-2711
-2405
-2010
-1575
-1162
-827
-503
-160
131
328
383
348
374
464
558
508
120
-717
-1931
-3281
-4448
-5274
-5863
-6418
-7002
-7432
-7379
-6644
-5376
-3901
-2511
-1309
-165
1029
2256
3385
4184
4544
4575
4473
4440
4512
4546
4446
4197
3890
3644
3483
3313
3011
2489
1767
979
235
-419
-1007
-1571
-2064
-2370
-2385
-2075
-1503
-798
-67
660
1403
2186
2959
3616
4066
4265
4273
4184
4054
3876
3594
3185
2675
2157
1717
1355
1005
569
34
-538
-1050
-1438
-1717
-1941
-2132
-2264
-2272
-2092
-1744
-1291
-834
-431
-72
267
604
913
1134
1227
1208
1128
1039
965
887
762
562
315
69
-147
-362
-618
-941
-1311
-1694
-2049
-2336
-2543
-2666
-2713
-2688
-2562
-2325
-2019
-1689
-1386
-1100
-836
-607
-425
-310
-226
-138
-19
117
247
329
300
11
-675
-1725
-2958
-4082
-4909
-5519
-6086
-6646
-7040
-6944
-6205
-4964
-3527
-2179
-1011
82
1193
2320
3345
4058
4375
4362
4192
4075
4083
4144
4142
4010
3799
3635
3567
3505
3325
2923
2293
1547
805
125
-483
-1049
-1553
-1884
-1967
-1753
-1287
-679
-5
674
1349
2042
2715
3301
3720
3921
3936
3844
3697
3516
3255
2880
2421
1950
1553
1221
880
467
-30
-549
-1016
-1384
-1666
-1905
-2109
-2253
-2297
-2195
-1930
-1550
-1112
-687
-315
21
340
636
860
979
1024
1016
983
925
820
671
472
219
-46
-321
-591
-826
-1062
-1310
-1570
-1822
-2007
-2110
-2169
-2211
-2234
-2197
-2074
-1907
-1746
-1577
-1376
-1129
-856
-631
-485
-380
-286
-179
-46
95
244
358
290
-98
-894
-2032
-3223
-4196
-4866
-5336
-5787
-6221
-6390
-6059
-5184
-3954
-2691
-1597
-652
259
1212
2163
2957
3462
3654
3629
3578
3633
3791
3950
3999
3929
3828
3764
3742
3659
3378
2867
2194
1488
845
267
-277
-776
-1170
-1378
-1338
-1048
-582
-36
499
999
1509
2039
2555
2982
3234
3314
3275
3185
3081
2940
2736
2462
2149
1842
1566
1293
971
561
78
-411
-855
-1223
-1522
-1778
-1989
-2121
-2122
-1970
-1694
-1346
-990
-645
-315
-3
290
537
703
783
793
756
701
630
539
421
273
114
-42
-226
-452
-732
-1050
-1344
-1572
-1754
-1922
-2115
-2321
-2459
-2489
-2390
-2208
-2014
-1838
-1675
-1522
-1360
-1170
-977
-807
-686
-605
-509
-355
-138
106
289
329
161
-308
-1082
-2051
-3027
-3829
-4439
-4939
-5361
-5622
-5544
-5017
-4111
-2997
-1853
-788
184
1059
1825
2456
2910
3167
3234
3177
3100
3087
3161
3267
3359
3434
3511
3587
3615
3533
3288
2872
2335
1723
1092
493
-35
-451
-719
-826
-766
-545
-192
253
738
1229
1694
2106
2433
2649
2748
2769
2746
2692
2608
2481
2311
2116
1905
1687
1450
1153
792
380
-55
-494
-913
-1302
-1637
-1883
-2011
-2004
-1869
-1639
-1331
-975
-605
-261
22
233
377
445
448
410
350
284
197
88
-30
-122
-172
-217
-319
-505
-746
-975
-1180
-1405
-1681
-1994
-2266
-2443
-2521
-2529
-2470
-2331
-2121
-1883
-1676
-1515
-1382
-1251
-1093
-942
-835
-767
-714
-630
-482
-291
-91
82
203
247
130
-258
-929
-1775
-2578
-3178
-3573
-3855
-4077
-4167
-4017
-3531
-2727
-1748
-733
197
986
1650
2187
2591
2835
2887
2791
2602
2398
2241
2155
2149
2209
2310
2433
2545
2619
2603
2475
2240
1904
1503
1044
562
140
-167
-315
-298
-139
148
523
949
1412
1880
2298
2604
2772
2799
2710
2536
2312
2068
1829
1582
1339
1127
959
838
720
570
377
146
-115
-381
-636
-869
-1067
-1209
-1259
-1199
-1044
-820
-559
-285
-26
202
382
510
559
502
353
152
-50
-222
-369
-511
-664
-800
-877
-895
-927
-1033
-1199
-1366
-1494
-1608
-1760
-1937
-2082
-2144
-2134
-2093
-2038
-1944
-1808
-1659
-1539
-1451
-1363
-1266
-1175
-1132
-1131
-1128
-1068
-947
-783
-614
-476
-386
-347
-339
-360
-445
-692
-1123
-1654
-2121
-2429
-2591
-2659
-2648
-2506
-2196
-1717
-1136
-518
82
621
1061
1355
1511
1574
1584
1540
1445
1331
1267
1292
1387
1528
1696
1889
2084
2242
2332
2347
2294
2175
2000
1783
1574
1397
1258
1165
1127
1168
1293
1471
1659
1824
1963
2058
2088
2054
1977
1876
1762
1637
1507
1395
1307
1243
1188
1120
1048
988
922
831
688
497
291
96
-60
-182
-264
-311
-324
-300
-232
-124
-16
44
27
-59
-200
-377
-582
-789
-972
-1117
-1222
-1318
-1384
-1383
-1332
-1272
-1261
-1305
-1369
-1419
-1455
-1490
-1557
-1647
-1760
-1899
-2042
-2155
-2207
-2214
-2193
-2165
-2123
-2046
-1933
-1808
-1701
-1612
-1541
-1489
-1459
-1438
-1422
-1401
-1373
-1337
-1269
-1180
-1090
-1014
-935
-844
-747
-668
-621
-606
-593
-571
-554
-537
-503
-412
-275
-122
7
123
261
432
619
790
915
994
1041
1079
1138
1223
1338
1462
1572
1678
1797
1938
2087
2194
2239
2226
2190
2154
2113
2065
1999
1923
1872
1859
1879
1939
2026
2122
2188
2200
2167
2116
2058
1992
1911
1805
1668
1522
1385
1279
1230
1225
1240
1250
1237
1197
1119
1007
859
658
433
194
-55
-295
-516
-697
-818
-877
-885
-859
-820
-781
-763
-778
-834
-934
-1066
-1227
-1399
-1573
-1734
-1856
-1921
-1916
-1871
-1827
-1811
-1814
-1810
-1791
-1780
-1799
-1847
-1916
-2003
-2094
-2170
-2206
-2181
-2098
-1980
-1867
-1780
-1722
-1678
-1623
-1539
-1431
-1332
-1265
-1233
-1209
-1164
-1099
-1015
-951
-914
-906
-884
-830
-731
-589
-426
-245
-63
109
245
321
354
357
346
328
291
251
252
324
470
685
957
1258
1568
1852
2071
2216
2262
2217
2111
1971
1831
1711
1591
1455
1318
1225
1232
1336
1505
1692
1854
1971
2026
2024
1975
1888
1755
1580
1385
1197
1049
938
839
757
722
729
766
806
833
850
844
793
690
550
394
241
100
-22
-131
-213
-285
-347
-390
-423
-439
-473
-516
-566
-622
-666
-714
-768
-828
-880
-916
-924
-899
-849
-798
-769
-778
-814
-865
-925
-973
-1019
-1068
-1109
-1132
-1123
-1102
-1084
-1094
-1125
-1170
-1205
-1228
-1250
-1272
-1295
-1300
-1282
-1252
-1211
-1163
-1103
-1014
-921
-845
-781
-721
-648
-577
-520
-502
-524
-552
-561
-526
-446
-342
-237
-142
-39
94
246
377
461
512
560
622
696
738
723
663
597
567
594
679
791
915
1038
1140
1211
1228
1208
1147
1064
970
856
735
593
460
379
369
433
518
593
656
721
809
891
929
903
817
703
598
506
415
320
223
134
60
25
9
1
-14
-40
-68
-79
-73
-85
-114
-159
-181
-171
-144
-107
-78
-38
19
88
156
212
258
279
260
207
114
-6
-136
-258
-357
-410
-417
-405
-388
-370
-327
-277
-230
-205
-221
-267
-327
-383
-441
-483
-511
-514
-495
-456
-391
-329
-281
-265
-278
-302
-319
-323
-324
-327
-323
-313
-291
-253
-202
-132
-64
-19
-2
-19
-57
-109
-157
-181
-184
-170
-149
-116
-79
-21
62
151
229
274
265
205
116
16
-76
-151
-206
-247
-267
-258
-210
-132
-53
9
41
53
43
6
-69
-183
-303
-397
-441
-446
-414
-361
-291
-198
-98
-9
50
59
17
-60
-152
-237
-286
-290
-257
-186
-67
62
187
293
380
466
544
584
568
514
459
448
488
571
672
753
803
830
848
869
890
881
834
749
657
584
533
502
491
504
534
577
622
647
638
587
499
382
259
140
23
-74
-143
-188
-220
-242
-266
-277
-281
-289
-310
-357
-426
-512
-599
-678
-737
-776
-798
-799
-779
-725
-638
-546
-479
-445
-448
-473
-502
-533
-554
-574
-584
-580
-561
-532
-494
-443
-387
-323
-273
-245
-238
-238
-233
-217
-186
-152
-115
-72
-17
40
91
130
157
181
199
219
225
218
211
212
218
223
225
221
212
204
204
211
220
229
222
200
179
169
167
183
214
259
310
351
376
387
382
378
384
392
398
396
379
345
313
281
249
214
177
140
113
116
153
221
304
371
398
369
284
166
44
-62
-138
-185
-203
-186
-136
-62
6
40
28
-40
-141
-255
-364
-467
-563
-657
-746
-813
-856
-883
-905
-935
-989
-1052
-1095
-1091
-1009
-853
-639
-394
-142
86
266
409
518
597
654
680
676
658
623
563
479
378
288
223
190
193
219
256
306
359
408
458
508
548
568
557
512
443
361
286
221
172
132
80
15
-50
-102
-146
-183
-225
-280
-338
-388
-413
-409
-376
-329
-284
-248
-216
-180
-137
-96
-62
-55
-69
-90
-105
-101
-85
-54
-17
6
23
44
74
119
166
196
204
199
190
181
173
154
117
62
6
-38
-64
-78
-78
-67
-51
-31
-9
7
15
17
2
-30
-76
-135
-195
-245
-277
-292
-296
-280
-239
-183
-126
-71
-29
-3
17
29
42
49
40
16
-19
-58
-87
-108
-115
-111
-100
-89
-85
-86
-80
-65
-38
-12
7
20
33
56
79
98
104
93
70
39
0
-38
-81
-127
-178
-233
-284
-327
-361
-376
-366
-339
-304
-260
-203
-126
-27
84
188
276
339
389
434
481
526
558
572
562
542
522
514
522
539
554
570
592
625
660
696
727
739
722
680
618
537
438
329
220
112
2
-104
-215
-324
-434
-540
-636
-722
-793
-846
-876
-884
-877
-862
-845
-819
-787
-752
-705
-651
-602
-566
-547
-531
-511
-474
-427
-377
-315
-238
-145
-41
63
151
222
281
332
373
408
437
446
448
443
437
433
433
425
407
382
356
326
287
240
180
116
59
8
-34
-65
-83
-89
-89
-88
-86
-80
-77
-72
-63
-51
-40
-38
-43
-45
-38
-28
-15
-8
-11
-26
-46
-71
-96
-118
-139
-163
-186
-205
-208
-192
-164
-130
-100
-72
-44
-17
15
49
81
105
121
136
149
170
194
227
268
299
317
320
309
295
278
264
246
223
187
146
110
81
58
42
34
29
24
15
8
1
-10
-20
-28
-35
-43
-59
-76
-100
-122
-144
-162
-177
-187
-191
-195
-188
-166
-128
-87
-47
-18
-3
7
18
35
48
49
34
10
-23
-55
-85
-112
-134
-147
-153
-151
-145
-142
-143
-134
-112
-83
-56
-42
-38
-41
-41
-39
-23
4
36
71
109
146
187
228
274
313
339
345
324
287
241
192
141
101
63
29
-9
-49
-84
-117
-150
-187
-224
-253
-276
-294
-309
-322
-331
-334
-329
-309
-278
-248
-224
-205
-192
-179
-160
-131
-93
-48
-7
25
63
106
152
187
203
211
212
222
240
267
295
309
309
291
263
243
228
215
196
165
124
83
50
29
14
-1
-22
-50
-74
-93
-105
-113
-118
-115
-97
-73
-53
-41
-34
-30
-28
-26
-29
-28
-19
-1
20
40
58
69
72
76
74
68
56
34
13
-9
-24
-28
-21
-6
7
12
11
3
-6
-15
-24
-28
-34
-39
-48
-59
-67
-70
-65
-51
-41
-37
-41
-49
-52
-55
-54
-53
-51
-43
-30
-14
2
9
6
-2
-9
-8
-2
0
-4
-12
-21
-29
-24
-11
5
20
26
24
15
7
3
6
16
24
22
14
1
-5
0
15
27
33
33
27
23
20
20
15
6
0
-6
-17
-36
-55
-69
-81
-93
-104
-110
-111
-111
-114
-121
-127
-131
-126
-120
-111
-97
-88
-78
-67
-58
-51
-45
-40
-32
-18
-6
6
13
18
25
39
56
73
88
100
106
111
116
123
125
128
130
132
136
141
141
135
132
130
135
140
138
136
135
134
138
142
144
142
139
138
130
125
118
106
92
73
53
37
29
22
16
9
3
-4
-5
-8
-17
-31
-48
-63
-73
-73
-64
-59
-61
-71
-83
-81
-71
-65
-63
-71
-84
-92
-92
-83
-78
-79
-87
-96
-100
-103
-106
-109
-119
-126
-131
-131
-124
-116
-108
-107
-107
-107
-109
-105
-101
-99
-90
-81
-71
-65
-64
-62
-67
-69
-68
-73
-81
-92
-98
-95
-90
-81
-74
-67
-54
-41
-18
3
18
28
38
49
58
67
77
84
98
110
126
142
145
142
137
136
143
149
153
158
155
156
155
151
139
119
94
66
48
39
41
53
61
64
66
63
61
59
57
52
49
52
58
63
67
61
49
35
19
8
5
4
-2
-13
-26
-37
-43
-41
-34
-29
-27
-31
-39
-44
-46
-44
-39
-31
-22
-13
-3
4
6
3
-2
-3
-3
-3
-4
-12
-19
-28
-43
-58
-71
-82
-97
-111
-120
-124
-118
-113
-111
-107
-101
-92
-84
-76
-68
-67
-70
-67
-58
-44
-32
-23
-21
-24
-26
-28
-35
-41
-41
-38
-36
-35
-43
-53
-55
-54
-54
-51
-43
-34
-24
-8
7
20
35
45
51
52
54
60
67
79
88
92
96
96
95
98
105
113
118
122
124
121
117
113
105
94
84
80
82
86
88
90
96
101
101
95
90
84
80
76
71
66
64
64
63
58
47
30
10
-3
-15
-28
-39
-50
-57
-68
-76
-81
-90
-99
-109
-123
-130
-127
-117
-108
-102
-98
-101
-104
-99
-87
-80
-78
-75
-76
-87
-103
-120
-126
-125
-123
-118
-114
-114
-114
-111
-107
-101
-98
-99
-99
-95
-86
-75
-61
-45
-35
-24
-11
6
23
39
52
63
71
81
94
105
114
125
140
152
158
150
133
117
108
109
117
125
133
140
142
136
134
132
126
118
112
107
106
106
104
97
86
79
71
65
60
48
30
12
-3
-13
-24
-38
-59
-80
-91
-94
-94
-91
-96
-110
-127
-138
-139
-134
-129
-130
-136
-137
-131
-119
-107
-97
-86
-79
-71
-62
-59
-55
-50
-48
-46
-43
-36
-32
-26
-20
-20
-20
-19
-18
-10
-1
6
14
17
20
24
29
33
40
41
44
46
46
45
38
33
32
36
40
44
41
36
28
18
10
7
10
14
21
26
27
30
36
41
39
29
15
7
6
15
24
33
42
44
42
39
36
36
38
35
33
29
26
21
17
19
20
23
22
14
9
8
16
24
32
37
40
40
36
30
21
11
8
5
5
8
11
6
-1
-5
-2
5
13
18
20
16
4
-12
-26
-32
-34
-32
-33
-35
-38
-43
-41
-35
-33
-37
-42
-42
-39
-38
-37
-37
-43
-47
-51
-52
-53
-53
-50
-53
-55
-56
-60
-64
-59
-45
-27
-13
-7
-9
-19
-28
-29
-26
-25
-19
-13
-7
2
10
15
21
23
22
20
17
12
13
16
16
11
6
2
2
5
10
14
17
18
14
11
12
21
29
34
32
24
15
5
1
1
5
11
16
15
8
-1
-3
0
9
12
9
10
9
8
7
3
1
7
15
19
23
31
41
52
56
49
37
32
29
34
41
35
25
14
9
13
18
23
22
17
11
5
4
4
8
8
6
1
-4
-9
-16
-20
-18
-13
-7
-4
-4
-7
-14
-25
-37
-42
-41
-33
-28
-28
-33
-39
-39
-36
-32
-28
-28
-30
-33
-34
-32
-34
-34
-30
-19
-14
-17
-24
-28
-23
-16
-13
-13
-13
-8
-5
-6
-8
-7
-5
3
10
8
1
-5
-11
-13
-11
-6
-3
-2
5
11
10
13
12
11
11
17
23
27
31
27
19
17
18
20
21
19
14
6
1
1
5
12
16
15
15
16
16
14
9
7
10
13
18
16
7
4
5
6
9
7
3
-2
-3
2
7
14
18
14
9
7
8
11
19
29
40
46
42
29
15
5
5
10
18
21
19
13
6
1
-1
2
6
9
11
9
4
0
-3
-9
-16
-26
-30
-31
-30
-30
-37
-44
-48
-45
-36
-26
-17
-13
-18
-33
-47
-55
-52
-38
-22
-10
-7
-9
-17
-26
-26
-18
-8
2
4
-2
-11
-19
-23
-16
-9
-3
-8
-20
-33
-40
-36
-19
0
13
12
2
-12
-16
-3
19
38
46
37
25
18
19
22
21
19
21
24
26
23
24
26
29
30
26
16
10
10
16
29
33
26
13
2
1
7
18
22
21
18
9
5
2
2
9
13
13
13
14
19
19
15
14
10
7
1
-7
-13
-13
-10
-7
-8
-10
-9
-4
1
5
0
-10
-18
-23
-18
-8
1
4
1
-5
-11
-17
-17
-14
-14
-14
-17
-22
-27
-29
-28
-23
-17
-11
-7
-9
-18
-28
-33
-35
-31
-24
-18
-14
-14
-14
-7
3
8
4
-3
-12
-20
-21
-21
-18
-8
4
15
21
24
22
17
14
13
11
9
7
8
12
15
20
26
30
33
31
24
16
12
11
7
6
4
6
9
14
20
25
24
16
6
3
3
8
11
11
11
10
6
4
4
5
4
3
-5
-16
-22
-21
-13
-1
8
13
14
10
2
-8
-13
-16
-19
-24
-27
-22
-12
0
10
12
8
4
0
6
19
31
33
23
8
-5
-9
-10
-6
-2
-3
-5
-8
-10
-6
0
2
2
-3
-9
-11
-10
-3
0
-4
-11
-20
-23
-26
-27
-27
-28
-25
-20
-16
-7
-2
0
-1
-7
-12
-13
-13
-10
-10
-11
-17
-18
-15
-14
-15
-20
-22
-14
-4
6
12
14
11
7
4
2
4
8
9
9
10
10
15
25
33
34
28
19
8
1
-1
0
2
-1
-4
-4
-1
2
1
-3
-9
-14
-16
-14
-4
6
13
14
9
5
3
1
2
5
4
3
6
10
16
21
25
26
29
27
19
14
10
4
-1
-4
-7
-8
-5
3
7
11
8
5
5
8
8
7
7
8
13
15
9
0
-7
-8
-1
8
15
13
7
-2
-9
-14
-16
-14
-11
-9
-11
-13
-17
-17
-12
-8
-4
-3
-2
0
4
7
8
9
8
10
14
15
12
0
-12
-20
-26
-22
-18
-17
-17
-19
-23
-27
-29
-30
-26
-21
-18
-18
-19
