0
0
3
5
5
4
0
-1
1
2
3
2
0
0
0
0
-1
0
1
2
-2
-7
-7
-2
3
4
4
6
7
2
-1
-4
-1
3
5
2
-2
-7
-10
-10
-8
-3
0
2
-1
-4
-5
-2
-1
-3
-8
-9
-5
-2
-2
-3
-3
-3
-3
-3
-6
-5
-2
2
3
0
-3
-1
2
5
7
9
8
4
-1
-5
-6
-6
-7
-7
-4
0
9
13
14
12
7
1
-2
1
3
6
7
9
6
1
-3
-2
4
7
4
2
4
7
9
7
5
5
5
5
2
-3
-5
-5
-1
3
4
4
2
-1
-4
-7
-10
-6
-1
1
1
-1
-1
1
-1
-3
-8
-11
-12
-10
-5
-1
2
2
0
-3
-3
-3
-5
-7
-8
-5
-1
1
4
6
8
8
3
-5
-12
-14
-12
-5
4
8
8
5
2
1
-2
-7
-12
-14
-10
-1
4
4
1
-2
-3
0
4
6
4
2
0
1
1
1
0
-1
0
0
0
1
4
8
10
13
11
8
3
0
0
0
-1
-2
2
8
10
10
5
1
-1
0
0
-1
0
0
-1
-2
-1
0
3
3
2
-3
-7
-8
-5
-1
4
8
9
6
0
-5
-8
-9
-7
-5
-1
3
4
1
-2
-5
-6
-6
-4
0
1
2
0
-4
-6
-3
3
4
3
0
-2
-3
-1
1
3
2
-2
-5
-5
-1
2
3
1
-4
-5
-4
-1
1
2
0
-3
-2
2
6
6
5
3
1
-4
-6
-9
-9
-8
-7
-2
5
12
14
8
3
0
0
-1
-1
0
3
3
0
-5
-9
-5
3
7
5
3
1
0
1
2
3
6
6
5
1
1
3
5
2
-3
-6
-6
-4
-4
-3
0
3
6
4
2
1
2
1
-1
-3
-3
-3
-3
-4
-5
-3
1
5
4
1
-3
-7
-9
-7
-3
1
3
1
-2
-5
-4
-1
1
2
0
-1
2
5
8
6
3
-1
-4
-5
-3
2
9
9
4
-4
-7
-4
2
5
5
4
4
2
-1
-5
-5
-1
2
5
5
5
5
1
-4
-9
-6
-1
4
6
5
2
1
1
0
-3
-5
-3
0
-1
-5
-10
-10
-5
1
3
1
-1
-2
-3
-4
-6
-3
1
5
5
2
-2
-6
-8
-5
-4
-1
0
0
1
4
8
10
7
0
-7
-6
-4
-2
-1
1
6
9
9
3
-5
-8
-7
-4
-1
4
6
6
6
3
0
-3
-4
-4
-3
-2
0
4
7
8
8
6
5
1
-1
-2
0
4
7
7
4
1
-2
-5
-3
1
3
3
3
2
-1
-5
-7
-6
-4
-1
2
2
2
0
-4
-4
-1
1
1
-1
-2
0
1
1
1
0
-1
-3
-7
-9
-11
-10
-6
1
5
6
1
-2
-3
-5
-8
-10
-8
0
7
10
9
5
2
-2
-6
-8
-9
-8
-7
-6
-2
0
4
5
5
6
7
7
1
-5
-6
-1
4
6
3
-1
-3
-2
-1
1
1
3
6
8
7
5
1
-1
-2
-1
2
6
10
12
9
5
-2
-7
-11
-9
-4
4
11
11
9
7
7
8
8
5
-1
-6
-7
-6
-2
2
2
3
1
1
0
1
1
1
1
2
2
1
-2
-4
-3
-1
0
-1
-2
-3
-5
-8
-7
-5
-2
0
2
4
2
-2
-7
-10
-10
-7
-5
-3
-4
-4
0
4
6
4
-1
-5
-10
-10
-14
-15
-12
-6
1
1
-3
-6
-5
0
3
2
0
-4
-7
-11
-12
-11
-7
-2
0
3
5
8
6
5
5
7
8
3
-3
-7
-5
0
6
10
14
18
21
18
15
10
5
0
-4
-5
-4
-2
2
11
20
27
26
21
15
11
9
7
5
6
9
13
13
10
9
11
16
21
25
23
17
8
1
-2
-2
-5
-7
-11
-13
-12
-12
-15
-17
-15
-9
-7
-10
-19
-29
-33
-31
-27
-24
-26
-29
-31
-31
-26
-23
-24
-29
-32
-31
-29
-27
-27
-25
-20
-17
-18
-22
-24
-23
-19
-17
-16
-16
-16
-14
-10
-8
-2
0
1
2
3
5
6
7
13
20
27
29
29
29
29
32
33
36
39
43
44
44
45
46
47
47
49
53
55
56
57
56
58
61
63
63
61
57
55
58
61
67
69
70
67
63
60
59
56
49
38
26
15
10
9
8
5
-1
-9
-20
-34
-52
-72
-94
-114
-127
-133
-134
-137
-141
-147
-151
-157
-165
-177
-186
-194
-195
-193
-186
-172
-153
-130
-108
-89
-72
-54
-38
-27
-17
-12
-12
-11
-8
0
11
24
34
38
42
43
42
34
20
9
0
-5
-7
-3
7
22
40
62
82
102
118
130
136
140
142
145
149
154
163
172
181
185
190
196
199
195
184
170
153
137
126
122
122
128
136
146
154
160
160
155
145
132
118
100
82
67
57
51
51
51
53
48
38
18
-14
-60
-121
-185
-244
-294
-341
-383
-417
-446
-465
-479
-488
-490
-486
-475
-459
-436
-401
-356
-303
-243
-179
-114
-52
0
43
75
99
114
123
127
125
115
102
85
70
55
41
25
11
-4
-17
-31
-45
-53
-55
-50
-36
-15
13
44
77
108
134
154
170
186
197
209
215
218
218
216
218
222
229
230
221
203
183
165
148
131
112
90
71
56
51
52
62
74
86
97
104
106
104
101
98
95
90
81
74
69
70
70
67
54
32
8
-14
-30
-47
-66
-85
-101
-111
-118
-126
-137
-141
-139
-131
-128
-132
-140
-149
-154
-155
-156
-157
-160
-159
-149
-126
-97
-72
-58
-53
-56
-59
-69
-82
-94
-99
-93
-86
-82
-78
-74
-67
-64
-68
-78
-91
-106
-117
-122
-125
-127
-131
-132
-127
-117
-107
-102
-107
-121
-137
-151
-165
-180
-193
-197
-190
-164
-127
-80
-27
32
89
140
176
196
204
204
199
195
198
204
214
227
244
263
276
279
274
267
258
249
234
215
198
188
194
210
231
251
269
283
290
288
277
255
225
194
165
141
126
115
106
99
102
110
115
111
101
95
90
78
58
40
30
27
28
28
25
17
-3
-32
-67
-100
-132
-160
-180
-187
-172
-150
-139
-144
-173
-213
-259
-314
-377
-436
-492
-544
-607
-678
-744
-791
-809
-807
-799
-795
-780
-735
-650
-531
-398
-268
-155
-63
10
71
125
173
211
238
250
261
278
304
325
331
323
300
264
215
160
102
46
-4
-43
-67
-69
-49
-6
57
128
201
266
316
339
321
242
110
-33
-113
-89
18
153
282
410
550
690
803
854
825
723
583
436
311
216
154
128
142
202
287
362
394
385
350
300
224
119
10
-67
-83
-41
43
148
242
323
392
448
468
432
336
212
103
40
19
15
25
59
124
201
240
213
127
-5
-156
-317
-473
-601
-680
-684
-595
-443
-350
-483
-888
-1441
-1936
-2248
-2429
-2586
-2745
-2813
-2667
-2260
-1673
-1047
-501
-79
225
436
568
629
637
611
589
612
696
832
993
1161
1308
1397
1387
1248
979
609
186
-219
-565
-836
-1016
-1082
-996
-762
-424
-62
256
500
668
771
809
790
737
692
692
771
936
1159
1388
1567
1670
1698
1645
1487
1210
834
414
6
-343
-628
-885
-1162
-1438
-1600
-1570
-1382
-1157
-975
-805
-588
-303
17
303
519
677
807
931
1045
1142
1206
1224
1198
1153
1093
975
763
485
214
-12
-220
-450
-675
-850
-948
-975
-948
-889
-823
-759
-678
-564
-420
-278
-166
-91
-22
77
205
330
408
448
472
483
462
383
257
107
-40
-164
-253
-325
-397
-470
-525
-530
-482
-408
-340
-312
-307
-293
-236
-136
-48
-57
-222
-529
-879
-1169
-1380
-1579
-1826
-2073
-2207
-2126
-1841
-1470
-1107
-783
-478
-157
163
426
598
693
761
848
968
1109
1254
1382
1491
1576
1619
1601
1500
1309
1039
728
415
120
-149
-388
-573
-663
-632
-506
-335
-163
-9
134
269
385
470
511
528
570
659
801
929
932
772
499
251
120
75
36
-42
-107
-105
-2
185
363
462
479
428
352
282
209
116
-4
-110
-123
-28
119
244
336
425
517
572
550
452
313
177
68
-11
-65
-111
-150
-165
-125
-32
54
83
42
-35
-100
-139
-181
-236
-283
-281
-195
-36
165
364
534
662
751
801
816
778
694
539
190
-468
-1472
-2670
-3768
-4534
-4939
-5100
-5134
-5020
-4635
-3912
-2923
-1881
-1006
-389
22
342
630
884
1093
1282
1511
1822
2223
2667
3066
3344
3451
3361
3060
2559
1885
1071
189
-657
-1362
-1863
-2157
-2255
-2164
-1884
-1446
-928
-416
4
310
518
677
810
930
1056
1226
1492
1868
2309
2740
3081
3283
3318
3174
2849
2351
1712
995
266
-413
-989
-1479
-1970
-2489
-2932
-3127
-3010
-2691
-2340
-2028
-1698
-1284
-758
-141
441
880
1216
1482
1705
1927
2101
2188
2176
2067
1925
1775
1552
1202
778
348
-62
-446
-812
-1136
-1398
-1596
-1711
-1729
-1668
-1578
-1471
-1319
-1097
-784
-434
-119
149
378
601
820
982
1069
1106
1112
1103
1092
1075
1033
935
761
545
338
150
-37
-208
-302
-298
-240
-256
-529
-1160
-2167
-3344
-4357
-5029
-5374
-5521
-5546
-5316
-4680
-3622
-2276
-951
121
893
1419
1804
2051
2147
2118
2024
1965
2016
2203
2469
2722
2918
3020
2994
2795
2387
1760
946
23
-898
-1684
-2260
-2606
-2700
-2548
-2146
-1522
-784
-65
540
981
1278
1457
1535
1541
1508
1491
1552
1735
2033
2385
2707
2932
3016
2937
2677
2230
1574
599
-655
-1969
-3018
-3571
-3687
-3551
-3251
-2742
-1994
-1105
-188
560
934
1057
1009
845
703
562
460
473
634
989
1505
2032
2362
2457
2368
2075
1597
920
65
-809
-1569
-2094
-2311
-2249
-2040
-1730
-1325
-877
-427
-88
53
11
-136
-287
-357
-355
-289
-150
84
434
882
1369
1803
2098
2224
2210
2076
1786
1309
697
47
-545
-1070
-1694
-2580
-3702
-4855
-5718
-6101
-6132
-6028
-5864
-5566
-4959
-3971
-2764
-1588
-617
118
753
1388
1991
2514
2894
3154
3375
3595
3829
4022
4084
3957
3651
3231
2696
2045
1270
371
-564
-1414
-2076
-2499
-2714
-2773
-2671
-2398
-1960
-1399
-806
-270
182
583
979
1361
1714
2030
2330
2635
2942
3241
3489
3634
3632
3450
3108
2641
2059
1297
255
-995
-2238
-3177
-3663
-3788
-3708
-3500
-3105
-2478
-1679
-788
-30
396
591
620
601
663
752
829
924
1114
1484
1994
2468
2732
2748
2571
2238
1750
1079
234
-659
-1452
-2027
-2296
-2290
-2146
-1935
-1657
-1302
-880
-496
-281
-257
-341
-409
-364
-250
-111
54
278
616
1069
1577
2019
2281
2362
2303
2114
1804
1321
705
77
-470
-897
-1362
-2092
-3232
-4630
-5848
-6545
-6685
-6574
-6485
-6350
-5930
-5001
-3618
-2139
-872
55
759
1438
2129
2752
3197
3425
3525
3625
3819
4068
4248
4265
4071
3731
3290
2728
2011
1109
61
-1003
-1920
-2575
-2973
-3173
-3215
-3073
-2680
-2050
-1286
-546
60
537
946
1342
1729
2066
2329
2551
2796
3104
3437
3718
3871
3851
3647
3283
2697
1816
655
-607
-1710
-2559
-3175
-3614
-3838
-3763
-3411
-2815
-2048
-1296
-681
-274
-40
111
226
391
549
670
864
1169
1631
2165
2613
2921
3037
2961
2662
2128
1425
578
-306
-1102
-1712
-2058
-2192
-2189
-2066
-1819
-1489
-1154
-873
-718
-667
-654
-660
-605
-459
-243
40
356
740
1186
1625
1985
2163
2185
2083
1881
1652
1329
920
477
12
-354
-753
-1436
-2549
-4070
-5561
-6611
-7118
-7241
-7275
-7190
-6782
-5874
-4427
-2774
-1252
-53
817
1542
2212
2785
3174
3344
3384
3443
3647
3970
4291
4505
4528
4375
4085
3649
3027
2138
994
-274
-1483
-2446
-3104
-3497
-3664
-3618
-3294
-2685
-1872
-1015
-280
288
734
1119
1479
1789
2035
2250
2486
2810
3211
3634
3984
4168
4150
3935
3511
2742
1584
147
-1283
-2424
-3231
-3767
-4067
-4089
-3775
-3194
-2371
-1437
-712
-218
57
119
163
214
238
289
397
681
1226
1927
2601
3123
3429
3498
3343
2923
2250
1373
348
-668
-1487
-2002
-2246
-2303
-2203
-1961
-1592
-1168
-837
-654
-644
-740
-817
-870
-837
-690
-469
-141
281
807
1415
1961
2389
2613
2648
2582
2338
1946
1444
870
356
-208
-1112
-2535
-4454
-6363
-7678
-8221
-8252
-8205
-8163
-7866
-6986
-5431
-3577
-1923
-710
117
858
1655
2414
3017
3386
3596
3831
4227
4792
5372
5764
5857
5668
5291
4738
3965
2902
1525
-37
-1531
-2719
-3511
-3976
-4211
-4238
-3976
-3380
-2523
-1587
-787
-207
221
604
1029
1482
1905
2292
2684
3158
3735
4347
4869
5171
5220
4929
4237
3183
1888
558
-720
-1904
-2949
-3731
-4099
-4105
-3846
-3345
-2736
-2154
-1634
-1213
-898
-706
-533
-348
-167
146
570
1112
1781
2449
3105
3722
4121
4212
3953
3372
2559
1610
635
-309
-1106
-1725
-2169
-2344
-2287
-2095
-1826
-1590
-1426
-1312
-1258
-1244
-1257
-1259
-1182
-970
-615
-158
398
1017
1606
2150
2637
2989
3174
3125
2830
2352
1776
1186
551
-337
-1779
-3808
-6021
-7835
-8880
-9232
-9332
-9396
-9249
-8567
-7145
-5186
-3260
-1752
-668
202
1119
2085
2908
3470
3797
4065
4493
5152
5882
6437
6687
6624
6335
5885
5195
4168
2754
1037
-733
-2270
-3422
-4202
-4689
-4950
-4902
-4451
-3642
-2643
-1691
-934
-351
174
724
1296
1834
2297
2733
3237
3869
4589
5256
5753
5972
5918
5504
4654
3429
1918
331
-1211
-2609
-3764
-4560
-4917
-4874
-4520
-3850
-3039
-2274
-1585
-1079
-738
-485
-275
-82
114
399
818
1413
2167
2947
3700
4318
4658
4683
4351
3679
2758
1649
479
-615
-1522
-2191
-2617
-2769
-2694
-2470
-2139
-1825
-1596
-1443
-1390
-1392
-1405
-1364
-1200
-885
-447
67
671
1327
1984
2614
3110
3374
3400
3179
2846
2451
1974
1358
238
-1559
-4087
-6894
-9069
-10243
-10538
-10457
-10491
-10328
-9461
-7715
-5216
-2814
-1104
-61
630
1449
2385
3162
3639
3801
3976
4430
5222
6229
7041
7446
7459
7158
6667
5904
4702
3006
919
-1238
-3066
-4332
-5096
-5546
-5744
-5614
-4980
-3859
-2540
-1337
-475
83
554
1043
1573
2061
2435
2789
3253
3948
4813
5657
6286
6581
6414
5775
4720
3383
1915
287
-1433
-3107
-4405
-5097
-5253
-5062
-4578
-3973
-3276
-2427
-1610
-940
-519
-311
-182
1
320
728
1202
1754
2370
3172
4075
4770
5128
5042
4546
3800
2852
1751
578
-599
-1674
-2474
-2841
-2869
-2729
-2514
-2312
-2054
-1728
-1446
-1256
-1194
-1223
-1195
-1042
-751
-329
147
651
1201
1830
2504
3066
3460
3637
3598
3400
3006
2117
349
-2581
-6202
-9333
-11191
-11669
-11545
-11578
-11587
-10901
-9026
-6049
-2994
-839
243
705
1287
2141
2878
3198
3124
3052
3409
4335
5678
6978
7863
8246
8219
7958
7406
6313
4534
2120
-580
-2992
-4723
-5748
-6298
-6586
-6537
-5880
-4556
-2872
-1289
-182
433
816
1171
1561
1908
2124
2283
2588
3248
4250
5393
6312
6690
6524
6014
5367
4560
3325
1476
-709
-2713
-4105
-4831
-5071
-5082
-5016
-4629
-3822
-2729
-1571
-733
-358
-237
-139
123
515
843
1036
1275
1835
2745
3792
4630
5013
4971
4637
4105
3394
2418
1154
-278
-1552
-2394
-2751
-2774
-2700
-2648
-2478
-2105
-1604
-1121
-901
-901
-1066
-1194
-1095
-839
-476
-146
156
621
1290
2041
2732
3145
3319
3296
3059
2495
1123
-1358
-4725
-8069
-10360
-11276
-11346
-11318
-11351
-10863
-9307
-6602
-3474
-994
451
1083
1513
2147
2764
3053
2937
2654
2689
3305
4459
5783
6842
7462
7664
7615
7339
6593
5198
3109
563
-1883
-3794
-5031
-5739
-6140
-6201
-5722
-4582
-2977
-1333
-34
757
1199
1506
1764
1966
2034
1996
2038
2388
3142
4168
5156
5869
6096
5838
5237
4357
3239
1744
-119
-2079
-3666
-4607
-4961
-4968
-4722
-4254
-3544
-2486
-1335
-394
184
403
431
457
559
684
814
985
1308
1969
2901
3784
4383
4583
4408
4007
3378
2500
1426
199
-1027
-2020
-2570
-2711
-2608
-2372
-2089
-1684
-1151
-656
-334
-268
-431
-650
-790
-781
-647
-435
-142
211
704
1341
1999
2597
2950
3020
2715
1641
-401
-3363
-6551
-8963
-10251
-10727
-10978
-11207
-10897
-9529
-7083
-4079
-1515
152
1083
1709
2396
2935
3063
2798
2386
2244
2596
3419
4521
5578
6391
6911
7173
7163
6718
5652
3894
1624
-736
-2766
-4249
-5261
-5943
-6227
-5951
-4977
-3450
-1803
-391
609
1263
1745
2086
2260
2244
2081
1965
2099
2572
3321
4127
4643
4746
4511
4112
3659
3002
1971
599
-817
-1979
-2772
-3204
-3349
-3426
-3362
-2969
-2355
-1584
-873
-466
-268
-125
65
342
611
772
898
1203
1753
2468
3168
3607
3709
3611
3364
3010
2541
1817
855
-155
-986
-1522
-1768
-1861
-1922
-1886
-1723
-1398
-971
-619
-431
-372
-370
-331
-214
-74
24
34
119
356
730
1188
1526
1741
1819
1409
196
-1964
-4665
-6990
-8435
-9120
-9568
-10086
-10304
-9656
-7908
-5357
-2860
-994
247
1156
2093
2933
3355
3309
2953
2642
2653
3028
3684
4405
5015
5457
5756
5915
5808
5241
4085
2393
462
-1341
-2791
-3874
-4712
-5312
-5491
-5027
-3926
-2526
-1167
-81
740
1442
2031
2455
2631
2553
2374
2287
2455
2739
2984
3092
3126
3248
3362
3305
2923
2236
1382
481
-396
-1122
-1790
-2411
-2837
-3062
-2932
-2536
-2016
-1467
-1054
-671
-211
266
666
894
994
1098
1303
1637
2043
2425
2693
2823
2921
2977
2923
2667
2133
1442
717
45
-527
-1030
-1452
-1776
-1980
-1947
-1759
-1452
-1098
-804
-533
-294
-71
141
253
241
180
148
304
579
920
1188
1266
1032
199
-1417
-3621
-5807
-7417
-8322
-8912
-9467
-9884
-9624
-8401
-6386
-4091
-2186
-800
303
1346
2364
3083
3310
3194
2978
2897
3062
3457
3985
4494
4904
5200
5379
5409
5131
4385
3141
1505
-205
-1713
-2930
-3901
-4667
-5088
-4975
-4264
-3137
-1910
-792
161
983
1729
2335
2705
2821
2751
2655
2675
2855
3046
3106
3012
2889
2850
2853
2725
2302
1639
868
146
-483
-1015
-1533
-2070
-2486
-2640
-2495
-2131
-1669
-1271
-911
-502
3
546
956
1201
1331
1481
1732
2015
2268
2428
2473
2515
2587
2625
2572
2287
1771
1152
533
-1
-467
-910
-1328
-1692
-1879
-1850
-1667
-1425
-1219
-1028
-772
-416
-8
299
401
277
101
51
131
324
553
453
-255
-1731
-3852
-5848
-7176
-7771
-8078
-8593
-9137
-9101
-8110
-6211
-4036
-2299
-1106
-207
790
1924
2826
3238
3193
3004
3000
3259
3700
4141
4474
4693
4834
4956
5000
4776
4078
2879
1359
-168
-1435
-2414
-3259
-4018
-4544
-4589
-4002
-2983
-1861
-868
-64
684
1446
2136
2637
2851
2838
2759
2744
2762
2731
2627
2520
2562
2673
2728
2611
2284
1821
1275
696
134
-460
-1094
-1683
-2199
-2460
-2432
-2199
-1815
-1430
-1016
-489
102
691
1176
1472
1632
1726
1815
1916
2033
2133
2197
2289
2417
2530
2536
2349
1979
1492
958
401
-173
-697
-1163
-1514
-1686
-1745
-1686
-1519
-1319
-1026
-653
-299
-18
81
38
-50
-60
57
221
249
-240
-1489
-3463
-5573
-7150
-7903
-8150
-8488
-9014
-9178
-8413
-6695
-4466
-2542
-1267
-379
446
1427
2367
2873
2892
2675
2578
2793
3280
3866
4361
4690
4880
4994
5061
4937
4347
3222
1697
85
-1278
-2303
-3106
-3816
-4350
-4482
-4018
-3032
-1881
-841
-6
697
1390
2039
2525
2773
2779
2658
2544
2488
2493
2520
2577
2705
2845
2912
2842
2621
2270
1780
1180
504
-217
-914
-1537
-2066
-2400
-2469
-2325
-1990
-1547
-1072
-528
52
599
1079
1423
1618
1711
1748
1795
1878
2007
2158
2314
2480
2608
2621
2501
2216
1781
1263
671
56
-531
-1063
-1497
-1768
-1880
-1845
-1675
-1408
-1082
-703
-325
-38
139
181
123
41
54
150
238
-73
-1154
-3058
-5336
-7193
-8219
-8564
-8811
-9270
-9574
-9101
-7648
-5473
-3307
-1734
-661
195
1135
2130
2840
3090
2993
2869
2977
3379
3969
4536
4942
5168
5276
5346
5282
4824
3816
2325
618
-933
-2128
-3036
-3829
-4462
-4736
-4452
-3588
-2430
-1288
-321
467
1182
1874
2473
2851
2972
2886
2716
2601
2592
2678
2844
3042
3228
3304
3214
2965
2505
1883
1162
375
-440
-1220
-1867
-2363
-2689
-2728
-2499
-2107
-1570
-1021
-488
63
584
1040
1373
1563
1639
1678
1760
1890
2087
2342
2591
2792
2939
2960
2832
2537
2039
1414
728
55
-564
-1079
-1466
-1713
-1830
-1795
-1622
-1338
-1000
-673
-403
-233
-186
-196
-176
-126
29
226
322
-101
-1425
-3618
-6043
-7857
-8753
-9062
-9435
-9976
-10139
-9332
-7480
-5031
-2803
-1244
-169
770
1789
2716
3242
3293
3080
2936
3042
3454
4068
4629
5036
5269
5398
5486
5390
4832
3688
2084
310
-1265
-2487
-3453
-4288
-4912
-5066
-4573
-3512
-2237
-1054
-69
764
1542
2262
2797
2997
2872
2537
2261
2251
2484
2773
2963
3066
3147
3288
3410
3365
2982
2244
1303
322
-571
-1340
-2012
-2619
-3051
-3138
-2834
-2274
-1631
-1018
-439
166
787
1311
1623
1693
1602
1513
1542
1711
1979
2255
2484
2683
2868
2978
2930
2644
2104
1408
679
7
-603
-1167
-1634
-1939
-2055
-1934
-1660
-1330
-964
-643
-375
-173
-73
-39
-65
-70
74
332
577
291
-961
-3161
-5717
-7659
-8555
-8801
-9134
-9764
-10129
-9502
-7730
-5211
-2857
-1211
-123
736
1737
2750
3390
3518
3269
2972
2938
3277
3879
4474
4880
5074
5176
5314
5328
4870
3786
2168
370
-1213
-2431
-3371
-4204
-4870
-5130
-4742
-3721
-2416
-1140
-71
795
1582
2324
2920
3218
3147
2764
2320
2094
2192
2480
2760
2941
3073
3246
3400
3370
3018
2306
1350
330
-622
-1449
-2168
-2812
-3273
-3374
-3050
-2386
-1583
-823
-203
378
954
1431
1714
1717
1519
1314
1258
1412
1746
2120
2453
2702
2894
3017
2987
2721
2142
1367
559
-169
-784
-1295
-1718
-1999
-2033
-1839
-1462
-1012
-589
-285
-104
-52
-73
-104
-224
-368
-421
-230
103
-23
-1158
-3364
-5868
-7609
-8258
-8329
-8632
-9345
-9782
-9136
-7308
-4807
-2556
-1037
-8
951
2093
3161
3811
3904
3598
3272
3197
3474
3967
4391
4583
4595
4614
4730
4759
4335
3266
1679
-20
-1442
-2485
-3321
-4159
-4853
-5084
-4630
-3561
-2257
-1028
-5
868
1701
2493
3133
3440
3300
2835
2353
2116
2180
2373
2524
2559
2574
2710
2925
3062
2907
2339
1444
473
-373
-1093
-1789
-2476
-3022
-3226
-2958
-2350
-1616
-935
-355
241
898
1487
1864
1912
1703
1464
1374
1501
1754
1980
2111
2213
2364
2559
2632
2448
1958
1262
562
-64
-593
-1097
-1618
-2031
-2204
-2087
-1717
-1280
-843
-457
-129
185
387
444
335
159
75
191
234
-327
-1890
-4301
-6638
-8094
-8516
-8546
-8825
-9304
-9290
-8238
-6224
-3816
-1862
-572
311
1158
2172
3065
3533
3549
3319
3166
3315
3781
4368
4819
4999
5003
4984
4970
4749
3992
2657
953
-720
-2057
-3019
-3788
-4492
-4957
-4933
-4279
-3132
-1851
-691
257
1039
1767
2398
2790
2851
2624
2331
2182
2269
2493
2717
2903
3072
3226
3372
3413
3221
2715
1887
896
-102
-995
-1786
-2499
-3077
-3357
-3237
-2776
-2138
-1482
-867
-255
373
937
1370
1590
1590
1483
1412
1482
1676
1925
2172
2389
2621
2836
2934
2806
2392
1750
1009
305
-327
-885
-1387
-1760
-1979
-1981
-1764
-1427
-1004
-602
-250
19
179
222
163
1
-117
-79
107
359
147
-973
-2990
-5294
-6995
-7769
-8036
-8452
-9146
-9575
-9068
-7471
-5222
-3097
-1536
-392
664
1821
2913
3605
3791
3621
3393
3345
3581
3986
4334
4528
4567
4619
4727
4696
4253
3254
1816
249
-1125
-2210
-3136
-4028
-4754
-5056
-4742
-3857
-2701
-1530
-466
510
1454
2351
3035
3333
3204
2817
2454
2335
2444
2591
2686
2738
2838
3064
3350
3484
3279
2677
1797
847
-55
-902
-1750
-2577
-3188
-3390
-3135
-2562
-1863
-1156
-474
251
974
1591
1971
2055
1908
1688
1580
1627
1774
1938
2073
2196
2373
2531
2544
2334
1870
1242
564
-78
-678
-1242
-1755
-2157
-2334
-2203
-1845
-1397
-1022
-788
-626
-464
-301
-213
-250
-363
-391
-264
-88
-380
-1525
-3491
-5723
-7383
-8166
-8424
-8708
-9177
-9371
-8687
-7044
-4797
-2658
-1053
111
1095
2123
3077
3691
3854
3666
3406
3356
3606
4054
4466
4694
4758
4793
4866
4802
4333
3300
1803
182
-1249
-2374
-3278
-4079
-4667
-4826
-4407
-3471
-2290
-1096
-16
949
1846
2651
3246
3507
3386
2992
2579
2342
2349
2481
2616
2703
2783
2929
3103
3175
2967
2387
1519
555
-349
-1166
-1929
-2623
-3126
-3297
-3048
-2463
-1725
-972
-279
394
1037
1588
1941
2014
1858
1631
1504
1563
1755
1971
2154
2283
2394
2490
2471
2260
1825
1219
565
-55
-581
-1055
-1492
-1832
-1996
-1912
-1601
-1186
-798
-479
-238
-41
55
44
-48
-121
-86
10
-82
-823
-2412
-4624
-6749
-8152
-8777
-9088
-9490
-9873
-9681
-8518
-6527
-4210
-2213
-733
421
1467
2495
3296
3664
3634
3397
3225
3290
3613
4071
4460
4676
4782
4862
4888
4653
3897
2608
999
-602
-1963
-3073
-4022
-4830
-5288
-5199
-4493
-3337
-2050
-818
298
1325
2288
3112
3635
3753
3496
3068
2746
2653
2742
2871
2964
3058
3209
3413
3569
3509
3098
2371
1425
429
-520
-1432
-2263
-2940
-3318
-3287
-2871
-2216
-1468
-718
47
823
1511
2007
2231
2201
2018
1843
1786
1842
1946
2054
2178
2331
2489
2571
2476
2163
1658
1031
366
-281
-910
-1490
-1956
-2195
-2159
-1915
-1542
-1143
-743
-367
-59
159
208
82
-139
-347
-430
-436
-626
-1333
-2718
-4546
-6313
-7580
-8256
-8678
-9106
-9427
-9281
-8357
-6758
-4845
-3055
-1575
-330
806
1887
2763
3287
3457
3425
3412
3562
3865
4215
4470
4573
4606
4633
4609
4360
3688
2583
1211
-180
-1424
-2487
-3421
-4203
-4686
-4688
-4142
-3204
-2096
-994
23
990
1892
2650
3160
3370
3342
3224
3131
3115
3174
3251
3330
3430
3548
3640
3609
3367
2869
2147
1290
376
-546
-1428
-2210
-2811
-3129
-3085
-2760
-2270
-1658
-981
-257
486
1136
1615
1872
1940
1914
1874
1889
1941
2016
2126
2245
2375
2494
2505
2357
2033
1553
1003
446
-104
-660
-1207
-1645
-1916
-1952
-1788
-1543
-1244
-940
-632
-350
-168
-107
-158
-273
-385
-441
-402
-387
-776
-1847
-3603
-5606
-7191
-8129
-8603
-9010
-9454
-9578
-8979
-7550
-5599
-3634
-1961
-591
610
1741
2708
3364
3649
3632
3515
3484
3652
3968
4270
4473
4577
4684
4787
4713
4266
3333
2043
638
-688
-1852
-2905
-3861
-4578
-4879
-4644
-3912
-2900
-1794
-717
302
1276
2121
2741
3046
3072
2971
2884
2882
2953
3064
3202
3382
3617
3857
3973
3864
3475
2816
1986
1050
62
-914
-1834
-2595
-3079
-3218
-3046
-2640
-2071
-1390
-643
139
852
1393
1715
1827
1807
1765
1763
1786
1838
1927
2058
2230
2393
2462
2373
2113
1707
1212
704
168
-397
-967
-1465
-1784
-1883
-1819
-1668
-1451
-1163
-816
-476
-204
-70
-72
-146
-277
-366
-366
-326
-416
-955
-2135
-3822
-5523
-6799
-7565
-8104
-8631
-9034
-8959
-8171
-6751
-5000
-3318
-1879
-629
541
1643
2538
3105
3323
3319
3295
3379
3631
3949
4192
4332
4449
4603
4707
4541
3954
2989
1815
610
-533
-1607
-2631
-3537
-4150
-4325
-4022
-3356
-2514
-1619
-741
113
932
1634
2141
2413
2520
2593
2697
2837
2976
3103
3267
3482
3682
3813
3778
3538
3090
2450
1673
784
-145
-1048
-1843
-2441
-2773
-2826
-2647
-2310
-1856
-1300
-685
-62
480
911
1225
1435
1564
1640
1702
1776
1867
1981
2108
2221
2291
2246
2046
1718
1298
838
373
-107
-560
-939
-1211
-1363
-1438
-1441
-1372
-1235
-1040
-839
-662
-530
-469
-478
-548
-629
-672
-646
-503
-233
108
213
-268
-1484
-3201
-4896
-6182
-7090
-7901
-8721
-9308
-9259
-8398
-6824
-4943
-3125
-1503
-51
1312
2519
3418
3895
3936
3693
3393
3227
3229
3306
3387
3510
3754
4114
4424
4435
4040
3278
2282
1193
69
-1075
-2239
-3299
-4045
-4320
-4096
-3498
-2678
-1753
-779
242
1239
2054
2552
2710
2660
2562
2513
2511
2506
2511
2595
2779
3068
3366
3533
3480
3145
2583
1861
1033
146
-778
-1652
-2350
-2771
-2871
-2709
-2357
-1868
-1252
-546
155
750
1162
1371
1432
1415
1380
1361
1345
1348
1392
1499
1668
1814
1863
1756
1472
1065
598
130
-324
-748
-1136
-1445
-1604
-1618
-1512
-1346
-1146
-911
-646
-394
-214
-154
-237
-410
-593
-692
-703
-628
-501
-307
-76
-45
-466
-1502
-2978
-4461
-5665
-6556
-7281
-7913
-8269
-8110
-7347
-6010
-4383
-2730
-1199
131
1303
2272
2976
3354
3396
3221
2999
2908
2977
3109
3239
3390
3637
3951
4190
4182
3832
3169
2305
1336
350
-643
-1629
-2496
-3118
-3368
-3240
-2830
-2217
-1491
-704
109
885
1530
1960
2171
2253
2302
2364
2435
2493
2559
2666
2807
2961
3081
3078
2912
2571
2063
1435
742
19
-710
-1388
-1936
-2279
-2377
-2239
-1944
-1553
-1097
-627
-182
218
533
736
841
871
880
897
945
1043
1196
1381
1569
1716
1773
1698
1481
1144
721
231
-311
-871
-1389
-1784
-2023
-2083
-1992
-1793
-1518
-1214
-913
-633
-434
-346
-371
-503
-689
-909
-1091
-1192
-1204
-1104
-883
-586
-188
153
189
-251
-1224
-2461
-3624
-4550
-5307
-5999
-6570
-6776
-6455
-5577
-4305
-2902
-1521
-234
949
2000
2803
3275
3409
3256
2957
2679
2533
2481
2482
2528
2683
2989
3339
3589
3607
3346
2877
2260
1527
701
-204
-1098
-1825
-2266
-2393
-2255
-1945
-1487
-916
-290
357
944
1389
1654
1753
1737
1684
1624
1577
1538
1531
1613
1767
1943
2089
2135
2027
1793
1452
1027
522
-53
-645
-1193
-1615
-1851
-1917
-1856
-1687
-1418
-1042
-595
-160
207
476
655
764
819
842
847
866
913
1002
1125
1250
1317
1279
1157
962
716
442
123
-241
-593
-890
-1086
-1187
-1218
-1195
-1137
-1024
-859
-694
-580
-554
-610
-693
-762
-809
-860
-939
-1025
-1061
-1019
-906
-764
-639
-578
-656
-932
-1477
-2271
-3166
-3980
-4606
-5014
-5227
-5228
-4983
-4428
-3546
-2456
-1298
-204
734
1480
2035
2419
2621
2623
2474
2267
2099
2028
2054
2142
2275
2449
2646
2821
2881
2763
2455
1995
1454
890
323
-223
-698
-1045
-1199
-1153
-928
-596
-254
78
416
766
1108
1365
1483
1493
1463
1463
1481
1499
1537
1569
1609
1652
1658
1586
1412
1143
790
391
-6
-376
-710
-978
-1148
-1184
-1084
-903
-666
-400
-115
171
417
592
669
668
616
534
468
431
418
435
483
558
632
654
588
418
174
-89
-357
-634
-911
-1177
-1397
-1531
-1555
-1476
-1338
-1181
-1015
-846
-687
-567
-510
-503
-547
-630
-736
-855
-971
-1059
-1105
-1104
-1060
-1004
-933
-863
-774
-658
-525
-452
-558
-887
-1392
-1932
-2388
-2735
-3004
-3182
-3220
-3047
-2660
-2074
-1356
-606
119
773
1326
1736
1982
2072
2030
1894
1719
1557
1426
1316
1238
1238
1344
1514
1673
1760
1751
1648
1463
1204
893
556
222
-55
-228
-270
-213
-100
44
226
460
736
1023
1240
1353
1372
1349
1316
1272
1210
1117
1016
944
926
934
919
862
772
661
541
418
275
111
-62
-207
-310
-372
-399
-397
-370
-305
-201
-71
44
117
153
159
150
129
83
19
-30
-52
-52
-51
-73
-133
-223
-330
-429
-525
-634
-761
-888
-986
-1034
-1027
-977
-909
-830
-729
-610
-497
-411
-348
-303
-263
-250
-266
-320
-410
-502
-576
-615
-618
-610
-624
-643
-667
-689
-714
-748
-782
-800
-822
-903
-1086
-1369
-1676
-1930
-2084
-2168
-2185
-2135
-1980
-1714
-1354
-920
-477
-50
327
661
934
1128
1226
1232
1172
1095
1047
1028
1026
1051
1110
1221
1358
1483
1579
1617
1602
1529
1399
1222
1025
835
653
465
292
146
68
66
139
249
383
559
745
913
1031
1114
1153
1170
1160
1119
1060
982
904
797
688
593
496
418
340
260
182
88
-1
-89
-148
-174
-169
-145
-124
-106
-83
-37
19
81
138
165
165
140
106
78
46
4
-54
-107
-158
-207
-254
-294
-343
-414
-503
-593
-671
-730
-774
-798
-792
-772
-767
-781
-804
-817
-824
-829
-847
-881
-924
-988
-1053
-1107
-1123
-1114
-1092
-1067
-1041
-1007
-966
-905
-822
-710
-576
-448
-346
-265
-207
-155
-104
-49
-29
-64
-185
-354
-519
-652
-751
-843
-889
-886
-815
-701
-561
-374
-155
81
286
455
584
679
760
790
793
775
763
761
761
783
806
841
867
892
918
939
961
962
964
961
947
920
871
832
799
782
773
773
788
804
819
823
837
858
875
886
882
873
854
826
793
766
747
726
688
622
548
473
402
344
285
224
149
63
-15
-81
-117
-135
-136
-125
-108
-98
-108
-143
-201
-278
-371
-474
-587
-697
-803
-894
-959
-998
-1000
-979
-941
-889
-828
-761
-705
-677
-675
-690
-707
-729
-764
-806
-842
-858
-849
-827
-793
-741
-679
-607
-528
-453
-389
-360
-359
-386
-420
-439
-456
-460
-458
-436
-393
-337
-256
-181
-114
-72
-54
-47
-38
-22
-18
-23
-52
-91
-144
-203
-238
-243
-197
-132
-63
-23
-8
9
26
52
64
67
66
74
104
150
218
286
361
435
511
589
671
761
847
924
985
1033
1068
1079
1073
1046
1006
962
916
874
838
803
764
717
671
630
601
586
578
567
552
531
499
462
420
388
365
341
310
276
243
212
180
142
99
61
30
7
-21
-48
-70
-95
-129
-174
-230
-286
-332
-368
-395
-418
-447
-477
-510
-538
-556
-569
-586
-605
-620
-628
-613
-587
-568
-574
-610
-650
-686
-704
-707
-694
-666
-626
-580
-530
-471
-402
-325
-260
-217
-184
-167
-162
-176
-205
-247
-292
-342
-390
-425
-433
-405
-346
-263
-172
-89
-30
8
27
36
24
-8
-56
-118
-176
-236
-289
-337
-364
-356
-311
-225
-109
31
167
280
368
426
455
446
400
325
234
145
62
-2
-52
-83
-82
-50
28
129
246
358
462
551
616
664
687
693
684
658
625
578
531
494
468
461
472
502
539
578
612
639
655
656
648
629
604
567
524
479
432
393
354
316
281
251
223
197
175
151
127
97
60
21
-22
-67
-113
-158
-202
-246
-291
-340
-388
-431
-467
-493
-512
-524
-527
-523
-507
-482
-450
-424
-404
-393
-392
-395
-399
-402
-400
-396
-397
-398
-405
-417
-426
-430
-421
-412
-408
-406
-400
-388
-375
-359
-350
-344
-344
-351
-357
-373
-391
-402
-410
-414
-411
-391
-357
-305
-246
-186
-131
-90
-64
-51
-45
-37
-23
-9
7
29
61
104
154
207
254
294
319
335
359
384
410
432
452
477
510
553
599
643
662
658
631
592
550
509
474
439
401
347
274
199
130
86
72
79
100
124
150
172
180
167
136
98
64
44
36
39
50
60
66
64
65
76
96
125
152
172
177
169
147
119
91
62
35
4
-30
-67
-102
-129
-152
-166
-176
-178
-172
-157
-134
-115
-104
-101
-103
-109
-117
-125
-139
-164
-191
-216
-233
-246
-254
-260
-266
-277
-292
-312
-335
-360
-379
-385
-384
-375
-354
-329
-298
-268
-233
-193
-149
-102
-59
-24
-3
7
8
7
8
13
18
21
25
31
45
73
106
133
144
138
123
107
97
93
87
61
15
-44
-94
-120
-116
-90
-67
-63
-79
-103
-118
-111
-87
-51
-14
11
27
31
35
43
47
45
39
41
54
79
112
146
180
210
238
268
308
358
399
419
407
368
314
258
210
175
150
130
109
85
72
72
78
88
102
113
123
129
130
121
104
77
43
12
-12
-20
-17
-12
-8
-2
5
20
30
32
27
10
-14
-45
-75
-97
-116
-139
-169
-204
-235
-258
-270
-277
-283
-291
-305
-315
-312
-294
-266
-230
-192
-159
-128
-97
-64
-32
-4
19
38
48
55
56
56
56
54
52
53
59
63
69
73
78
81
87
95
96
89
71
43
14
-10
-16
-5
7
11
3
-6
-11
-6
10
24
31
31
25
15
-3
-24
-41
-53
-60
-55
-37
-14
5
8
1
-18
-41
-58
-68
-66
-59
-50
-38
-31
-24
-11
11
41
70
88
91
76
48
13
-30
-64
-85
-95
-91
-83
-66
-47
-32
-23
-22
-26
-25
-21
-17
-16
-25
-42
-57
-70
-75
-71
-65
-54
-33
1
41
77
104
120
129
138
153
176
190
185
157
113
65
25
0
-1
12
28
47
64
84
103
122
147
169
181
183
167
142
109
75
44
9
-24
-50
-66
-77
-81
-82
-76
-67
-55
-39
-21
-7
1
2
-8
-25
-43
-56
-60
-63
-64
-62
-52
-39
-18
9
36
59
76
88
92
92
84
66
48
27
8
-13
-31
-46
-56
-60
-59
-54
-44
-37
-28
-17
-6
-3
-11
-30
-51
-70
-90
-110
-129
-147
-164
-177
-178
-169
-154
-138
-128
-123
-116
-107
-91
-74
-64
-61
-64
-69
-77
-88
-99
-113
-121
-121
-119
-112
-101
-83
-58
-33
-8
23
51
83
116
140
152
151
141
131
119
110
104
101
95
89
92
108
137
166
192
209
212
205
190
164
140
118
98
81
64
46
24
4
-5
-8
-9
-3
9
26
46
60
65
58
38
11
-15
-34
-43
-47
-51
-56
-62
-63
-60
-53
-44
-28
-15
-6
-1
1
1
-2
-5
-5
-1
3
3
1
-9
-18
-22
-20
-13
-4
1
5
7
5
3
3
11
22
29
26
17
5
-2
-6
-3
3
5
-1
-18
-41
-66
-88
-103
-113
-118
-115
-107
-96
-86
-77
-67
-58
-52
-52
-58
-66
-75
-83
-87
-91
-95
-96
-87
-74
-56
-39
-28
-24
-24
-30
-31
-27
-18
-11
-6
-7
-6
2
12
17
13
-1
-14
-20
-18
-7
6
8
3
-9
-26
-36
-36
-28
-12
0
9
15
17
22
39
60
82
97
104
102
94
91
94
100
112
130
149
167
181
187
188
183
175
170
162
153
142
132
121
110
104
105
106
105
103
103
103
102
96
88
73
56
38
17
-9
-39
-63
-82
-93
-105
-117
-129
-134
-127
-116
-100
-92
-91
-89
-93
-99
-103
-108
-113
-120
-133
-147
-160
-171
-176
-175
-171
-166
-155
-141
-127
-112
-100
-91
-84
-78
-66
-55
-42
-30
-25
-20
-18
-20
-21
-19
-16
-10
-3
-2
-6
-17
-26
-32
-34
-33
-29
-25
-21
-18
-11
0
13
24
33
40
48
56
66
75
87
101
112
125
136
148
156
161
162
161
156
143
129
113
94
73
52
41
35
36
44
51
54
56
60
66
68
67
66
59
50
37
18
1
-14
-32
-46
-62
-72
-71
-62
-52
-44
-36
-28
-26
-20
-16
-7
3
9
13
8
-5
-22
-38
-55
-70
-82
-90
-96
-102
-103
-99
-90
-81
-69
-60
-50
-40
-29
-18
-9
1
12
16
19
22
25
28
29
28
26
20
12
2
-5
-9
-3
8
18
27
35
40
42
46
52
57
66
74
77
69
63
55
49
41
31
20
5
-6
-15
-17
-18
-24
-34
-49
-67
-84
-98
-109
-117
-123
-128
-132
-134
-138
-137
-136
-132
-123
-112
-102
-91
-79
-66
-55
-45
-39
-35
-31
-22
-9
3
12
19
24
28
37
50
66
82
96
109
125
142
161
176
186
191
196
199
203
208
209
201
184
162
142
127
117
105
94
78
58
36
15
-4
-21
-33
-42
-49
-54
-58
-64
-74
-87
-100
-114
-124
-136
-138
-137
-135
-133
-132
-130
-130
-126
-116
-104
-93
-80
-71
-65
-62
-62
-61
-61
-61
-58
-49
-34
-15
3
21
29
31
29
28
26
26
29
36
45
52
58
60
58
54
51
46
45
41
36
33
31
33
36
37
34
29
27
28
34
37
35
31
24
16
9
3
-6
-11
-15
-18
-21
-27
-33
-36
-35
-29
-24
-19
-16
-17
-20
-23
-22
-12
-3
0
0
-5
-9
-9
-9
-5
-2
-2
-1
-2
-2
-4
-9
-14
-19
-20
-19
-13
-5
4
8
8
3
-6
-14
-17
-17
-17
-14
-11
-8
-5
-5
-6
-4
2
12
17
18
17
17
16
17
19
23
25
22
16
10
9
15
24
30
29
23
19
20
26
36
45
47
45
36
27
23
21
24
25
23
14
6
-3
-7
-12
-16
-19
-20
-19
-19
-14
-10
-9
-13
-21
-30
-37
-42
-51
-58
-64
-65
-57
-45
-34
-22
-18
-20
-25
-26
-19
-7
2
7
9
6
5
6
6
6
12
20
24
26
26
24
22
21
22
27
35
41
46
49
49
48
43
36
28
21
20
20
18
13
-3
-18
-33
-43
-44
-38
-28
-21
-20
-22
-29
-38
-42
-45
-44
-43
-39
-36
-35
-33
-29
-26
-20
-14
-9
-4
-2
3
10
18
26
30
31
30
28
29
32
35
34
30
26
15
6
1
2
5
8
9
10
8
7
9
16
24
22
15
4
-6
-9
-7
1
4
0
-9
-23
-31
-35
-35
-31
-29
-27
-27
-24
-18
-10
-1
8
18
25
32
32
30
25
19
11
3
0
-5
-8
-7
-1
4
5
1
-5
-5
1
11
20
22
16
4
-10
-23
-30
-32
-26
-16
-6
4
13
15
14
12
11
9
11
15
17
17
16
15
14
8
-2
-14
-22
-25
-27
-28
-26
-25
-28
-29
-29
-31
-30
-30
-28
-26
-26
-25
-20
-15
-11
-7
-4
7
16
20
15
5
-5
-10
-11
-6
2
9
12
12
8
7
5
4
7
10
11
10
12
20
29
33
36
34
34
33
35
39
38
35
30
23
19
19
23
28
30
26
18
9
2
-4
-10
-17
-21
-22
-18
-11
-6
-2
-5
-9
-13
-15
-15
-12
-5
1
3
6
7
8
10
13
14
9
4
-2
-10
-16
-21
-26
-32
-36
-37
-37
-38
-35
-33
-28
-25
-25
-25
-22
-17
-8
-1
2
2
-1
-5
-8
-10
-6
-2
1
1
-1
-4
-3
-2
-6
-16
-29
-36
-41
-35
-27
-23
-17
-14
-14
-11
-5
2
13
23
28
30
29
28
31
34
38
43
44
42
40
35
31
29
26
22
15
15
18
22
23
19
14
8
2
-4
-7
-4
-1
5
14
23
31
38
41
40
35
26
18
15
17
18
16
9
-1
-14
-21
-24
-19
-13
-9
-10
-17
-25
-32
-34
-31
-28
-28
-26
-25
-21
-14
-6
1
5
8
8
7
7
6
1
-7
-18
-28
-38
-44
-42
-39
-39
-41
-43
-45
-46
-48
-47
-46
-42
-38
-37
-35
-33
-29
-22
-17
-11
-6
-1
6
10
14
17
19
21
20
20
22
23
26
29
29
25
23
20
19
19
19
23
25
29
33
33
30
28
28
30
33
33
32
32
30
28
28
24
18
14
11
11
13
14
13
11
5
-1
-2
1
6
6
4
0
-6
-11
-12
-14
-15
-15
-11
-6
-3
-3
-3
1
8
14
16
12
6
1
-2
-6
-8
-8
-7
-7
-8
-10
-15
-19
-24
-24
-23
-20
-15
-10
-8
-7
-7
-6
-3
-2
-6
-11
-13
-12
-11
-9
-11
-16
-17
-15
-10
-5
-1
0
-2
-8
-11
-8
-3
2
4
6
6
6
5
6
7
8
6
3
0
-2
-3
-4
-3
3
9
12
10
8
3
-2
-7
-11
-12
-12
-11
-8
-8
-10
-15
-21
-24
-24
-19
-15
-8
-5
-5
-6
-8
-9
-11
-10
-5
1
12
21
26
26
24
22
18
15
15
15
13
9
6
1
-2
-5
-6
-6
-5
-2
5
11
16
18
19
21
22
20
15
11
9
10
12
16
20
21
22
21
19
17
16
14
13
12
12
11
10
8
3
-1
-4
-6
-7
-10
-11
-10
-8
-8
-8
-11
-14
-15
-15
-12
-12
-10
-10
-9
-7
-3
4
12
16
13
5
-4
-18
-28
-35
-37
-35
-32
-29
-26
-24
-21
-23
-26
-28
-29
-24
-17
-12
-9
-7
-7
-5
-5
-5
-6
-5
1
6
13
16
17
16
14
14
15
16
15
13
11
9
6
5
1
-2
1
7
15
20
20
17
11
7
5
6
7
7
5
7
9
11
13
10
6
5
4
5
6
7
6
1
-4
-8
-13
-13
-8
-4
-3
-7
-9
-9
-5
1
6
8
9
9
10
7
5
3
-2
-6
-11
-14
-17
-15
-12
-10
-10
-12
-17
-18
-14
-9
-4
-2
-3
-3
-2
-1
1
1
3
6
9
13
16
17
16
11
6
1
-2
-3
-3
1
8
12
14
11
7
1
-3
-3
-1
3
6
9
12
11
9
5
-2
-7
-4
1
4
5
4
1
2
3
2
1
-1
-3
-4
-7
-12
-17
-18
-18
-15
-13
-12
-10
-5
0
5
6
4
2
0
-3
-2
-3
-5
-5
-5
-3
-1
-2
-6
-10
-12
-11
-8
-4
0
2
0
-3
