1
0
0
1
0
1
0
-1
2
0
0
0
0
0
0
0
0
0
0
0
0
0
0
-1
0
0
0
0
0
0
0
-1
0
0
0
-1
0
0
-1
-1
-1
-1
0
0
0
0
1
-1
0
-1
0
0
0
0
0
0
0
0
0
-1
0
0
0
-1
0
0
-1
0
0
0
-1
0
0
0
1
0
0
0
0
0
-1
0
-1
1
0
1
0
0
1
0
0
1
0
0
0
0
-1
-1
1
0
0
0
-1
0
0
1
0
0
0
0
0
0
-1
1
0
0
0
0
0
1
1
0
0
0
0
0
0
0
0
0
0
-1
1
0
0
1
0
0
0
0
1
-1
0
0
0
0
-1
1
0
0
-1
0
0
0
0
0
-1
0
-1
1
0
0
1
0
0
0
0
0
0
0
0
-1
0
0
0
1
0
1
0
-1
0
0
-1
0
0
1
1
0
0
0
-1
-1
0
0
0
-1
0
0
1
0
1
0
0
1
0
0
1
0
0
0
0
0
0
0
0
0
0
0
-1
1
0
0
0
0
0
0
0
0
0
0
-1
0
-1
0
0
0
0
0
-1
0
0
0
0
0
0
0
0
0
0
0
0
0
-1
1
1
-1
0
0
0
0
0
0
0
0
0
0
0
0
0
-1
0
0
0
0
0
0
0
0
-1
0
0
0
0
-1
0
-1
0
0
0
0
0
-1
0
0
-1
0
0
0
1
0
0
0
0
0
0
1
0
0
0
0
0
1
0
0
0
1
1
0
0
0
0
0
0
0
0
1
1
1
0
0
-1
0
0
0
-1
-1
0
0
0
0
0
0
0
0
0
0
0
0
0
0
0
0
0
0
0
0
0
1
1
1
0
-1
0
0
0
0
0
0
1
-1
-1
0
0
0
0
0
1
0
-1
0
0
0
0
0
0
0
0
-1
0
0
0
0
1
0
0
0
0
0
-1
1
1
0
0
0
0
1
0
0
0
0
0
0
0
0
0
0
0
0
1
0
0
0
0
0
0
1
0
0
0
0
0
0
0
0
0
0
1
0
-1
0
0
0
0
-1
0
0
0
0
0
0
-1
0
0
-1
0
0
0
-1
1
0
0
0
0
0
0
0
0
0
0
0
0
0
-1
0
-1
0
0
0
0
0
0
0
0
0
1
0
0
0
0
0
0
0
0
0
0
0
1
0
0
0
0
0
0
0
0
0
-1
0
0
1
0
0
0
0
0
0
0
1
0
0
0
0
0
0
-1
0
1
0
0
0
0
0
0
0
0
-1
0
0
0
0
0
0
0
0
1
0
-1
0
1
0
0
-1
0
0
0
0
-1
0
0
0
0
1
0
0
0
0
0
0
0
0
-1
0
0
0
0
0
0
0
0
0
1
0
0
0
0
0
1
0
0
1
0
1
-1
0
0
0
0
0
0
0
0
-1
0
-1
-1
0
0
0
0
0
0
0
0
0
0
-1
0
-1
0
0
0
0
0
0
-1
0
0
0
0
0
0
0
0
0
0
0
0
0
0
0
0
0
1
1
0
0
0
0
0
0
1
1
1
0
1
0
0
0
0
0
0
0
1
0
0
0
0
0
1
0
0
0
0
-1
-1
-1
-2
-1
-1
-1
-1
-1
-1
-2
-1
-1
-1
-1
-2
0
-1
-1
-2
-1
-1
-1
-1
-1
-1
-1
-1
0
0
0
0
0
0
0
0
0
0
0
0
0
1
2
4
5
5
3
2
6
8
8
8
8
6
3
-1
-1
1
3
2
-2
-7
-11
-13
-12
-11
-8
-8
-11
-15
-17
-15
-11
-9
-6
-6
-7
-9
-11
-10
-6
-3
-3
-6
-11
-14
-14
-13
-11
-10
-13
-15
-20
-24
-25
-24
-21
-18
-19
-21
-23
-24
-20
-17
-13
-11
-10
-10
-8
-5
-2
0
3
3
1
1
3
4
3
2
3
3
6
4
4
3
3
3
3
2
2
2
4
2
1
0
4
8
8
3
2
4
7
8
7
3
0
1
4
5
-1
-6
-8
-6
-6
-11
-16
-14
-6
0
-3
-14
-16
-5
12
12
-5
-17
-11
-15
-56
-119
-145
-108
-57
-55
-109
-159
-168
-149
-126
-94
-42
7
18
-5
-32
-20
37
103
149
167
162
139
108
102
131
175
192
171
131
93
68
59
69
96
120
112
69
28
29
67
113
145
148
131
115
112
129
161
209
250
265
250
225
208
210
229
250
251
225
179
133
104
97
94
77
49
18
-15
-41
-43
-24
-18
-40
-51
-35
-19
-30
-51
-58
-58
-51
-40
-36
-42
-46
-39
-32
-46
-63
-62
-53
-77
-148
-198
-171
-123
-151
-244
-292
-255
-203
-209
-259
-287
-277
-271
-296
-325
-309
-279
-322
-462
-586
-566
-428
-315
-322
-426
-516
-510
-419
-307
-235
-193
-171
-163
-156
-128
-65
10
76
127
150
146
125
109
121
163
220
244
205
126
61
63
130
217
260
241
193
157
158
204
273
335
371
378
356
314
292
325
402
477
500
463
406
372
379
409
424
412
380
345
308
272
249
243
240
220
182
150
135
136
142
146
143
127
103
74
46
44
85
144
149
75
-44
-151
-185
-131
-44
-24
-100
-215
-303
-321
-265
-146
-39
-44
-164
-323
-423
-416
-361
-419
-773
-1349
-1746
-1588
-1016
-677
-1003
-1705
-2086
-1795
-1150
-677
-578
-663
-674
-543
-335
-100
155
398
580
694
747
738
691
682
767
893
937
806
546
292
171
204
275
260
132
-31
-131
-149
-118
-67
0
75
126
147
152
183
285
466
655
714
602
473
517
741
915
816
516
306
359
521
542
400
229
128
97
94
86
49
0
-33
-28
10
32
16
18
100
244
326
289
206
204
295
373
362
280
209
185
168
137
98
48
-25
-83
-66
-2
26
-29
-113
-150
-149
-159
-217
-266
-235
-146
-117
-190
-238
-172
-118
-194
-280
-194
3
56
-139
-405
-478
-290
-17
99
-39
-351
-594
-478
7
299
-460
-2289
-3745
-3184
-984
605
44
-1933
-3420
-3398
-2193
-799
19
146
-169
-588
-763
-451
250
902
1274
1470
1542
1381
988
704
838
1337
1815
1778
1144
348
-71
21
321
538
524
250
-137
-409
-435
-273
-45
179
318
296
83
-214
-329
-46
572
1136
1271
954
538
422
666
1054
1329
1350
1129
804
555
469
495
556
581
536
393
138
-175
-378
-320
-58
148
109
-108
-293
-313
-197
-38
73
92
45
-16
-50
-39
7
82
164
229
219
104
-58
-142
-90
3
21
-26
-88
-192
-366
-531
-540
-378
-240
-331
-534
-603
-532
-484
-504
-493
-372
-165
-98
-317
-514
-400
-226
-137
117
515
635
418
207
-36
-901
-2529
-3782
-3192
-1032
533
-121
-2387
-4294
-4538
-3248
-1415
-55
293
-337
-1298
-1676
-1044
224
1386
1980
2001
1693
1354
1194
1320
1734
2304
2650
2409
1613
736
286
370
712
976
883
374
-291
-729
-756
-483
-116
133
134
-71
-349
-511
-379
42
587
1046
1266
1149
831
699
935
1360
1675
1698
1423
1014
719
651
749
871
852
631
268
-88
-315
-393
-334
-195
-101
-162
-368
-550
-576
-435
-196
-5
34
-55
-141
-134
-36
99
203
236
202
130
50
-11
-27
26
110
133
40
-124
-316
-532
-685
-677
-582
-562
-677
-849
-956
-884
-667
-502
-511
-574
-425
-75
62
-217
-473
-259
159
340
269
133
176
543
1060
1262
782
-414
-2170
-3691
-3668
-1869
71
169
-1764
-4149
-5330
-4623
-2535
-475
236
-521
-1659
-2110
-1542
-229
1153
2008
2187
1960
1633
1433
1618
2188
2845
3216
3027
2255
1278
688
754
1181
1438
1190
466
-390
-945
-953
-572
-192
-77
-239
-516
-703
-664
-404
-5
413
741
954
1074
1046
845
679
794
1194
1574
1601
1245
752
475
546
788
924
800
454
28
-277
-336
-209
-72
-62
-170
-319
-446
-482
-385
-188
20
141
142
47
-18
51
216
366
442
445
365
234
87
-4
2
56
78
2
-161
-345
-467
-518
-530
-529
-562
-630
-676
-643
-536
-479
-553
-666
-600
-317
-16
141
77
-149
-383
-396
-15
517
652
189
-349
-347
160
634
606
-8
-1065
-2407
-3685
-4270
-3571
-1952
-909
-1651
-3716
-5186
-4779
-3029
-1273
-391
-368
-778
-1096
-853
-11
1136
2136
2624
2635
2408
2252
2309
2545
2927
3232
3166
2616
1766
1048
779
959
1189
1019
392
-358
-885
-1050
-890
-551
-267
-226
-382
-570
-601
-335
210
823
1221
1296
1221
1156
1174
1384
1797
2169
2079
1520
920
670
778
900
847
611
253
-134
-542
-849
-925
-800
-643
-632
-712
-806
-871
-795
-539
-167
110
146
59
40
189
424
605
687
663
571
419
241
110
73
113
105
-10
-212
-474
-742
-884
-849
-743
-688
-734
-875
-1008
-1003
-829
-596
-434
-362
-337
-347
-396
-354
-143
87
181
144
96
208
480
597
352
62
54
205
207
77
56
202
420
498
217
-637
-2159
-3916
-4848
-4007
-1854
-367
-1070
-3479
-5558
-5586
-3582
-1068
272
12
-959
-1541
-1213
-86
1391
2595
3048
2845
2459
2285
2436
2815
3314
3737
3781
3214
2161
1191
817
1043
1378
1301
672
-268
-1106
-1474
-1283
-783
-396
-406
-737
-1069
-1093
-715
-139
381
789
1081
1236
1233
1171
1189
1491
2107
2493
2167
1420
827
632
774
1072
1156
765
57
-636
-993
-936
-737
-626
-664
-804
-988
-1131
-1121
-885
-447
-54
45
-71
-188
-151
96
466
764
841
711
472
273
213
228
252
236
119
-97
-374
-632
-781
-822
-851
-903
-952
-1027
-1128
-1166
-1066
-840
-561
-405
-477
-631
-615
-312
99
328
343
372
497
499
300
168
317
645
820
630
168
-174
-3
467
680
438
-56
-822
-2284
-4234
-5445
-4778
-2501
-572
-968
-3581
-6096
-6248
-4048
-1302
348
450
-410
-1263
-1244
-83
1683
3206
3842
3575
2972
2647
2799
3241
3745
4147
4126
3414
2216
1154
721
867
1141
1060
387
-663
-1580
-1955
-1725
-1192
-778
-732
-957
-1163
-1162
-891
-332
428
1209
1763
1902
1580
1145
1266
2077
2850
2881
2290
1570
1073
973
1165
1295
1066
502
-189
-763
-1054
-1150
-1165
-1130
-1081
-1099
-1267
-1478
-1467
-1118
-619
-252
-89
-94
-166
-95
194
592
915
991
849
667
584
559
466
306
189
135
7
-302
-679
-931
-1013
-1010
-1018
-1110
-1288
-1443
-1417
-1139
-746
-571
-758
-974
-782
-255
131
239
326
512
698
710
540
442
705
1156
1169
564
-50
-79
428
967
1126
638
-722
-2802
-4837
-5696
-4779
-2748
-1195
-1491
-3567
-5931
-6813
-5366
-2399
203
930
-150
-1547
-1851
-652
1462
3415
4385
4172
3332
2665
2651
3299
4166
4728
4582
3657
2334
1190
689
839
1179
1144
458
-651
-1698
-2233
-2086
-1500
-912
-695
-903
-1289
-1526
-1310
-467
805
1863
2111
1650
1139
1190
1885
2777
3340
3298
2667
1766
1124
1054
1321
1474
1237
622
-124
-801
-1292
-1482
-1356
-1109
-1060
-1295
-1645
-1844
-1707
-1262
-675
-211
-69
-179
-254
-42
382
798
1040
1061
992
866
683
541
504
516
420
210
-70
-396
-705
-991
-1170
-1204
-1204
-1268
-1449
-1594
-1566
-1398
-1056
-634
-415
-530
-726
-647
-284
133
460
638
658
479
230
306
716
1105
1107
621
66
-78
259
842
1331
1339
708
-275
-1437
-3146
-5370
-6791
-5749
-2578
-151
-1038
-4630
-7712
-7739
-4800
-1064
1172
1128
-398
-1804
-1760
27
2691
4697
5105
4218
3130
2771
3196
3983
4677
4958
4619
3529
2018
793
401
767
1193
1035
101
-1274
-2402
-2745
-2225
-1306
-733
-847
-1325
-1621
-1522
-1010
25
1295
2113
2172
1817
1599
1794
2343
3053
3547
3454
2707
1728
1159
1153
1403
1454
1062
396
-388
-1126
-1589
-1647
-1395
-1219
-1300
-1550
-1811
-1860
-1620
-1118
-545
-170
-65
-137
-137
98
514
959
1219
1228
1021
699
482
426
438
428
303
91
-220
-613
-943
-1126
-1174
-1214
-1321
-1426
-1488
-1423
-1233
-1032
-800
-611
-587
-683
-661
-291
311
744
688
215
-152
69
767
1336
1144
327
-214
2
578
843
596
281
269
319
-402
-2666
-5856
-7889
-6776
-2919
340
-151
-4106
-8061
-8703
-5696
-1263
1782
1942
-24
-2040
-2215
-195
2703
4840
5329
4535
3474
2877
3055
3768
4615
5182
4951
3797
2079
597
102
561
1275
1370
447
-1125
-2548
-3017
-2369
-1218
-414
-417
-947
-1409
-1410
-819
188
1245
2080
2497
2417
2037
1855
2190
2823
3359
3514
3012
1923
867
492
815
1244
1172
400
-721
-1603
-1963
-1822
-1410
-1097
-1130
-1515
-1915
-1950
-1554
-923
-314
117
259
138
13
122
528
1046
1374
1337
1009
613
325
226
231
181
22
-226
-532
-856
-1127
-1280
-1293
-1243
-1283
-1372
-1372
-1267
-1109
-936
-696
-411
-250
-197
-91
121
254
251
362
698
1064
1115
721
157
-230
-176
228
633
792
477
-59
-270
-34
440
522
-754
-3782
-7316
-8651
-6173
-1600
1036
-816
-5464
-8844
-8400
-4640
-202
2331
1999
-244
-2150
-1977
319
3367
5394
5652
4601
3269
2612
2878
3807
4866
5369
4863
3300
1379
114
-1
771
1457
1250
70
-1583
-2789
-2897
-1974
-733
-51
-225
-930
-1546
-1525
-671
796
2151
2660
2267
1590
1453
2126
3069
3576
3366
2647
1801
1153
954
1107
1256
1090
477
-342
-1106
-1636
-1775
-1600
-1320
-1224
-1455
-1796
-1938
-1665
-1093
-513
-93
73
41
-8
205
710
1144
1309
1219
1013
843
664
512
429
360
216
-110
-498
-814
-1007
-1091
-1156
-1156
-1157
-1325
-1533
-1572
-1266
-732
-425
-516
-754
-733
-396
-65
158
339
461
535
550
593
619
453
308
363
520
634
453
42
-121
191
772
1144
941
-466
-3833
-8107
-10094
-7150
-972
2660
173
-6125
-10676
-9945
-5072
449
3348
2474
-574
-3170
-3087
-124
3769
6310
6312
4646
2930
2218
2826
4113
5398
6031
5361
3515
1257
-198
-133
931
1861
1663
203
-1800
-3298
-3428
-2258
-729
108
-156
-994
-1677
-1709
-815
698
2059
2606
2266
1757
1759
2279
2914
3274
3291
2969
2338
1571
955
782
886
874
551
-112
-917
-1608
-1938
-1828
-1545
-1391
-1478
-1687
-1805
-1708
-1320
-727
-139
218
261
191
289
631
1042
1309
1408
1364
1175
914
686
555
446
222
-104
-423
-651
-800
-969
-1201
-1453
-1618
-1598
-1413
-1203
-1134
-1195
-1273
-1169
-679
-37
304
198
-98
-176
157
695
988
1005
1026
933
639
242
-26
149
494
641
510
267
170
134
-1
-1050
-4018
-7976
-9882
-7025
-1169
2080
-514
-6639
-10698
-9445
-4283
1116
3334
1839
-1236
-3176
-2207
1072
4635
6422
5777
4065
2799
2792
3739
4732
5407
5465
4688
3099
1172
-20
29
882
1509
1096
-304
-2106
-3324
-3224
-2006
-580
15
-481
-1392
-1919
-1590
-428
1053
2233
2753
2658
2183
1692
1740
2565
3755
4336
3649
2237
1017
491
707
1164
1303
783
-338
-1524
-2246
-2220
-1772
-1423
-1339
-1574
-1937
-2210
-2126
-1421
-416
327
475
167
-64
91
669
1394
1860
1921
1541
983
605
512
630
669
490
120
-409
-913
-1226
-1264
-1176
-1253
-1535
-1819
-1815
-1538
-1224
-932
-742
-708
-737
-576
-50
473
609
476
502
708
709
613
811
1193
1172
578
-47
-244
-55
254
501
551
233
-316
-609
-448
-893
-3571
-7766
-9920
-7260
-1545
1854
-401
-6080
-10060
-9216
-4444
818
3344
2246
-770
-2953
-2372
810
4485
6372
5828
4075
2794
2671
3389
4374
5193
5439
4704
3007
1066
-96
14
900
1553
1204
-215
-1992
-3166
-3073
-1851
-462
123
-330
-1252
-1834
-1626
-572
1039
2550
3120
2526
1577
1270
1940
3153
4116
4151
3153
1765
812
678
1103
1497
1331
501
-583
-1503
-2020
-2015
-1637
-1271
-1235
-1600
-2117
-2366
-2078
-1274
-331
201
151
-159
-278
48
751
1491
1855
1735
1314
882
707
714
724
619
300
-77
-445
-808
-1037
-1129
-1186
-1333
-1564
-1763
-1812
-1614
-1277
-947
-728
-671
-654
-548
-228
243
553
540
312
193
396
859
1108
828
585
709
731
247
-487
-581
199
1038
965
19
-711
-643
-319
-1301
-4538
-8282
-9270
-5685
-181
1799
-1765
-7490
-10144
-7815
-2689
1798
3112
1321
-1555
-2983
-1431
2025
5141
6174
5112
3530
2611
2795
3712
4669
5295
5164
4162
2474
777
36
405
1291
1672
913
-685
-2361
-3188
-2712
-1389
-199
45
-629
-1556
-2024
-1594
-189
1660
2843
2655
1675
1155
1683
2818
3709
3908
3483
2581
1618
1111
1188
1550
1573
1022
174
-685
-1391
-1842
-1836
-1522
-1335
-1531
-2047
-2389
-2255
-1729
-1005
-425
-171
-260
-451
-304
288
1072
1576
1583
1312
1010
848
819
850
845
615
185
-263
-594
-750
-867
-1043
-1246
-1431
-1599
-1727
-1714
-1547
-1309
-1111
-1021
-928
-764
-559
-307
-32
208
387
575
683
626
580
657
871
1071
1067
816
312
-165
-263
110
695
891
449
-294
-610
-351
-835
-3463
-7475
-9597
-7048
-1463
1846
-534
-6313
-10094
-8911
-4086
908
3148
1975
-960
-3021
-2270
1030
4724
6520
5746
3837
2545
2574
3581
4753
5582
5645
4668
2898
1058
129
432
1371
1933
1320
-324
-2201
-3302
-2993
-1653
-293
97
-655
-1786
-2372
-1848
-317
1502
2626
2486
1669
1238
1659
2663
3595
3958
3623
2777
1887
1311
1227
1493
1579
1185
376
-569
-1336
-1775
-1757
-1483
-1378
-1615
-2105
-2469
-2430
-1981
-1264
-631
-293
-313
-484
-385
90
800
1405
1608
1472
1136
829
755
873
965
737
237
-268
-588
-676
-711
-827
-1089
-1504
-1844
-1959
-1824
-1527
-1266
-1093
-989
-909
-830
-717
-430
-12
360
561
585
634
711
755
831
936
1011
867
556
505
597
351
-181
-354
-10
313
291
-53
-640
-1946
-4420
-7029
-7770
-5495
-1775
-76
-2063
-5943
-8208
-7037
-3433
271
1937
1166
-789
-2071
-1257
1340
4162
5589
5090
3714
2713
2724
3574
4632
5345
5190
4116
2540
1139
613
945
1560
1694
886
-552
-1918
-2547
-2199
-1251
-394
-204
-709
-1443
-1898
-1662
-502
1239
2502
2421
1502
954
1324
2370
3397
3811
3442
2507
1559
1082
1203
1596
1657
1141
270
-575
-1176
-1486
-1436
-1229
-1188
-1466
-1974
-2340
-2297
-1825
-1120
-517
-250
-367
-607
-562
-50
720
1276
1376
1156
864
683
673
769
837
718
390
-39
-411
-646
-784
-913
-1098
-1341
-1579
-1723
-1670
-1414
-1152
-1027
-1024
-980
-767
-447
-148
49
191
265
225
277
573
930
1029
866
806
847
709
427
182
63
32
50
-9
-255
-352
-145
-21
-755
-3045
-6065
-7749
-6489
-2836
6
-627
-4150
-7438
-7696
-4885
-985
1648
1784
94
-1736
-1883
134
3002
5037
5234
4124
2977
2539
3005
3947
4814
5138
4552
3231
1711
732
691
1247
1707
1386
192
-1261
-2270
-2334
-1538
-546
-62
-468
-1424
-2050
-1668
-365
992
1639
1516
1128
1026
1436
2234
2945
3123
2857
2417
1969
1658
1454
1324
1290
1259
975
259
-616
-1220
-1353
-1173
-1025
-1141
-1528
-1945
-2079
-1810
-1263
-720
-471
-517
-617
-532
-213
227
644
903
947
840
705
648
674
687
605
377
76
-198
-403
-523
-660
-879
-1096
-1222
-1272
-1324
-1366
-1330
-1167
-935
-730
-600
-537
-472
-270
80
379
441
289
262
591
1014
1075
844
652
428
135
15
83
67
-163
-477
-547
-268
-65
-547
-2097
-4367
-6123
-6029
-3981
-1598
-987
-2781
-5374
-6458
-5144
-2336
193
1090
377
-840
-1284
-293
1682
3544
4374
4043
3186
2626
2768
3409
4123
4475
4199
3338
2167
1209
907
1139
1427
1306
600
-464
-1400
-1790
-1529
-872
-361
-425
-1001
-1554
-1460
-612
423
967
941
823
952
1294
1698
2138
2535
2645
2428
2053
1673
1436
1404
1503
1541
1288
677
-76
-589
-718
-661
-712
-988
-1309
-1509
-1566
-1471
-1245
-990
-792
-659
-548
-421
-311
-182
44
371
674
806
733
541
405
388
438
458
336
45
-304
-534
-593
-560
-600
-765
-976
-1144
-1208
-1118
-918
-727
-627
-675
-773
-766
-571
-196
235
433
207
-132
-117
342
918
1109
676
-83
-604
-518
106
671
679
227
-252
-309
-214
-859
-2738
-4996
-5851
-4532
-2256
-1123
-2132
-4309
-5891
-5711
-3762
-1253
322
261
-834
-1532
-958
670
2416
3421
3534
3142
2783
2784
3164
3759
4247
4341
3906
2983
1985
1389
1349
1643
1753
1300
303
-834
-1505
-1437
-908
-551
-737
-1195
-1429
-1244
-858
-488
-101
341
723
949
1114
1379
1736
2087
2395
2595
2541
2183
1762
1614
1773
1917
1693
1116
480
-12
-327
-514
-646
-833
-1126
-1411
-1547
-1531
-1457
-1375
-1226
-992
-805
-737
-671
-487
-182
157
426
580
630
630
632
644
641
550
368
205
110
22
-132
-363
-595
-770
-907
-1021
-1065
-1049
-1056
-1143
-1230
-1225
-1125
-953
-688
-326
-76
-125
-322
-344
-28
466
716
508
123
18
195
363
367
264
244
412
689
680
13
-1444
-3449
-5003
-4908
-3080
-1219
-1199
-3033
-5150
-5918
-4902
-2810
-856
-49
-476
-1355
-1659
-788
926
2547
3341
3246
2796
2520
2651
3201
3948
4535
4542
3783
2637
1733
1482
1783
2120
2018
1267
80
-963
-1428
-1316
-973
-715
-629
-847
-1351
-1759
-1661
-959
-72
554
813
790
733
920
1444
2139
2652
2747
2449
2012
1755
1762
1899
1979
1816
1344
659
-13
-439
-600
-612
-676
-924
-1311
-1721
-1926
-1793
-1416
-1030
-877
-954
-1053
-948
-571
-47
429
660
621
501
506
666
886
986
879
636
343
163
129
136
22
-284
-620
-858
-999
-1102
-1211
-1245
-1214
-1242
-1304
-1202
-877
-612
-599
-682
-613
-373
-106
90
119
59
18
42
171
371
571
635
608
448
-136
-1280
-2750
-3751
-3608
-2565
-1759
-2108
-3340
-4410
-4505
-3680
-2494
-1486
-1027
-1069
-1188
-901
-53
1052
1975
2438
2538
2539
2605
2798
3072
3380
3567
3400
2845
2122
1588
1405
1428
1377
1031
401
-303
-780
-924
-883
-736
-477
-284
-431
-795
-893
-485
210
813
1143
1217
1191
1273
1560
1994
2387
2484
2207
1782
1453
1316
1308
1333
1245
912
360
-210
-568
-676
-643
-612
-696
-893
-1091
-1160
-1033
-740
-433
-254
-214
-220
-161
-3
208
412
570
628
567
420
270
192
174
150
41
-162
-429
-646
-737
-717
-652
-664
-776
-934
-1039
-1027
-943
-865
-811
-719
-546
-353
-218
-130
-77
-90
-139
-119
-19
-2
-132
-287
-351
-413
-434
-318
-152
-65
-116
-220
-541
-1488
-3069
-4291
-3886
-2114
-791
-1243
-2943
-4269
-4243
-2996
-1286
-41
207
-340
-903
-801
75
1321
2208
2369
2030
1680
1631
1787
2058
2405
2687
2589
1964
1145
612
607
925
1158
1064
593
-75
-586
-626
-155
483
780
506
-11
-234
39
581
1050
1308
1386
1324
1205
1174
1367
1726
2006
2007
1693
1244
880
746
874
1058
1015
605
32
-336
-356
-189
-112
-200
-366
-524
-607
-580
-423
-217
-44
40
41
-14
-82
-60
88
304
407
270
-1
-185
-163
-48
5
-92
-313
-514
-604
-574
-528
-539
-606
-683
-715
-720
-757
-833
-833
-710
-540
-426
-409
-439
-478
-514
-529
-417
-214
-168
-349
-601
-755
-735
-637
-566
-567
-600
-547
-460
-384
-410
-784
-1742
-3002
-3512
-2740
-1502
-1050
-1747
-2755
-3224
-2895
-1909
-750
-7
-32
-447
-622
-260
509
1246
1687
1763
1592
1401
1337
1490
1803
2104
2157
1833
1291
819
668
852
1122
1219
1000
540
106
-16
220
571
788
771
597
372
254
418
828
1227
1385
1280
1108
1069
1199
1417
1632
1735
1614
1298
965
771
752
797
789
663
413
110
-128
-217
-167
-65
-50
-151
-292
-395
-381
-252
-42
115
109
-23
-154
-169
-110
-19
64
76
0
-119
-214
-242
-197
-158
-201
-334
-485
-572
-554
-432
-331
-362
-569
-816
-888
-758
-542
-418
-408
-472
-581
-652
-587
-406
-345
-500
-719
-832
-823
-787
-759
-829
-993
-1090
-951
-638
-431
-448
-578
-635
-530
-516
-1076
-2231
-3086
-2575
-1136
-391
-1128
-2476
-3018
-2502
-1454
-493
-13
-81
-581
-881
-530
330
1091
1273
1086
923
957
1064
1149
1334
1637
1857
1716
1226
757
638
914
1286
1449
1308
896
456
283
547
993
1155
949
656
563
637
722
874
1137
1342
1309
1097
988
1096
1315
1497
1536
1416
1145
833
667
725
874
866
657
419
278
211
149
102
81
30
-66
-167
-194
-171
-143
-99
-51
-5
-29
-138
-224
-197
-83
-18
-46
-126
-223
-295
-331
-342
-360
-370
-383
-428
-508
-633
-705
-686
-610
-592
-691
-786
-803
-724
-657
-639
-654
-642
-596
-642
-803
-957
-914
-781
-728
-805
-959
-1105
-1174
-1070
-880
-724
-652
-626
-629
-633
-625
-563
-454
-684
-1472
-2354
-2302
-1256
-524
-846
-1696
-2033
-1779
-1362
-812
-251
112
11
-331
-343
115
713
945
850
857
1017
1075
951
973
1318
1660
1628
1251
898
784
874
1072
1245
1274
1042
706
515
595
852
1039
1070
991
905
803
713
792
1056
1320
1357
1167
948
873
977
1172
1330
1302
1062
758
565
566
665
709
634
471
293
133
53
91
190
240
168
23
-118
-185
-141
-8
106
92
-29
-177
-228
-166
-73
-34
-64
-127
-219
-295
-323
-315
-316
-370
-452
-539
-603
-613
-570
-546
-594
-672
-715
-713
-672
-632
-658
-743
-782
-698
-633
-716
-900
-1006
-982
-903
-860
-936
-1087
-1242
-1216
-1031
-872
-805
-830
-826
-815
-771
-680
-594
-511
-624
-1066
-1652
-1836
-1334
-686
-564
-958
-1327
-1333
-1114
-757
-283
120
171
-170
-433
-235
334
761
798
686
639
644
637
757
1053
1324
1358
1112
822
690
781
1036
1264
1339
1172
883
727
842
1139
1301
1223
1076
1017
1068
1095
1126
1211
1274
1227
1080
997
999
1017
1014
1001
979
883
715
569
530
579
602
537
439
379
346
285
209
147
121
113
96
58
-19
-98
-110
-58
-13
-51
-147
-230
-264
-250
-240
-281
-374
-471
-519
-501
-469
-487
-569
-664
-718
-728
-741
-768
-780
-770
-780
-802
-809
-818
-821
-771
-680
-643
-730
-880
-935
-791
-579
-579
-831
-1110
-1138
-912
-670
-607
-760
-936
-977
-864
-716
-615
-512
-460
-476
-588
-663
-593
-465
-338
-289
-243
-320
-562
-765
-695
-307
-34
-105
-390
-551
-432
-192
39
113
52
-36
-38
107
330
493
546
581
634
699
707
744
871
1017
1113
1046
925
854
910
1038
1114
1115
1033
950
924
978
1066
1122
1105
1045
994
967
952
936
936
935
925
874
801
750
730
722
688
657
619
579
532
489
462
426
385
319
251
191
145
106
75
46
-8
-63
-114
-156
-180
-201
-235
-292
-354
-393
-400
-387
-410
-494
-595
-654
-641
-610
-635
-715
-805
-839
-826
-810
-804
-793
-771
-776
-827
-911
-948
-879
-727
-650
-788
-986
-1005
-797
-605
-663
-876
-1010
-907
-674
-586
-640
-717
-716
-689
-711
-656
-527
-407
-371
-390
-364
-351
-370
-341
-238
-122
-110
-157
-149
-46
87
136
93
37
53
144
263
375
449
484
506
523
496
443
415
472
559
581
525
417
369
383
428
453
426
423
467
541
554
529
552
624
720
746
709
658
668
756
843
883
836
745
660
632
671
735
778
744
659
579
528
523
529
521
478
408
338
285
269
277
269
239
192
143
103
69
62
65
60
32
-22
-63
-84
-109
-134
-170
-202
-235
-292
-347
-391
-413
-441
-488
-542
-585
-606
-617
-633
-657
-673
-662
-644
-620
-614
-651
-697
-711
-677
-644
-646
-647
-655
-658
-656
-658
-639
-600
-538
-480
-464
-441
-423
-415
-417
-410
-361
-322
-318
-330
-339
-328
-292
-243
-223
-238
-251
-232
-174
-113
-37
36
97
118
53
11
48
160
223
165
87
59
103
159
191
247
315
381
416
419
432
453
483
507
525
527
503
449
410
405
429
472
469
429
380
380
435
473
465
425
398
395
405
420
431
413
375
349
350
352
321
254
196
186
216
249
258
244
211
182
165
154
142
119
96
73
37
1
-32
-34
-15
-10
-24
-60
-87
-85
-65
-50
-54
-67
-92
-120
-150
-161
-156
-152
-163
-195
-231
-266
-271
-256
-238
-234
-256
-282
-287
-266
-249
-256
-271
-270
-261
-258
-263
-265
-253
-241
-244
-256
-278
-291
-304
-326
-331
-305
-271
-262
-291
-321
-329
-304
-262
-224
-207
-209
-200
-190
-172
-125
-75
-54
-95
-152
-177
-149
-66
-18
-38
-83
-111
-112
-88
-8
101
142
81
-5
-17
47
115
142
117
49
-15
-25
23
100
144
140
137
155
188
207
237
297
332
312
244
184
165
188
237
268
246
197
162
180
258
333
350
283
207
192
233
285
286
248
200
172
178
214
251
248
198
140
121
132
151
159
165
160
124
88
87
118
148
135
92
65
59
52
31
11
6
-5
-40
-85
-115
-111
-97
-78
-61
-67
-85
-119
-124
-94
-45
-17
-40
-90
-139
-153
-135
-122
-127
-145
-158
-161
-157
-148
-144
-138
-121
-115
-134
-166
-181
-169
-167
-186
-221
-251
-259
-256
-251
-247
-249
-248
-244
-242
-238
-243
-244
-219
-186
-161
-167
-188
-184
-151
-105
-88
-105
-132
-137
-113
-70
-37
-25
-34
-46
-32
-4
15
12
18
55
91
87
48
16
39
105
157
166
145
150
181
206
231
242
221
166
122
149
202
209
156
95
87
111
123
115
110
130
165
169
141
103
93
113
131
130
99
65
58
95
162
193
158
108
100
151
207
209
167
116
93
87
82
70
47
40
49
59
54
37
36
61
87
84
53
27
32
50
50
18
-36
-84
-115
-126
-134
-146
-157
-175
-196
-215
-231
-224
-210
-206
-220
-248
-257
-252
-239
-222
-213
-203
-198
-184
-154
-126
-106
-103
-113
-113
-94
-58
-29
-19
-26
-40
-47
-39
-14
12
24
23
17
29
52
72
82
78
64
38
21
26
48
67
57
20
0
11
34
50
55
67
91
108
101
75
58
70
103
129
134
115
87
68
55
52
61
81
109
125
106
52
10
24
77
110
82
12
-34
-22
30
71
70
38
7
5
32
58
60
42
45
75
99
80
33
14
30
64
70
47
27
31
49
52
35
18
13
15
13
-3
-27
-43
-48
-52
-61
-72
-82
-90
-97
-102
-107
-113
-116
-116
-112
-110
-114
-116
-112
-96
-80
-74
-76
-80
-75
-65
-58
-53
-49
-39
-26
-13
-7
-3
3
18
36
48
53
57
59
60
58
58
62
68
73
74
74
71
77
91
108
116
110
95
82
86
103
113
107
88
67
49
35
28
30
30
20
-2
-30
-48
-52
-44
-36
-34
-41
-53
-69
-82
-83
-75
-57
-48
-63
-97
-124
-115
-78
-44
-35
-57
-82
-89
-70
-37
-18
-28
-60
-95
-119
-134
-141
-145
-152
-162
-179
-201
-234
-259
-267
-253
-227
-208
-207
-224
-238
-226
-190
-154
-140
-142
-146
-132
-101
-62
-13
31
59
61
53
65
98
140
173
184
178
163
157
170
194
214
220
208
190
167
150
150
173
205
221
206
171
140
121
121
144
171
180
159
115
80
79
98
103
83
54
33
24
16
9
19
40
57
55
38
19
9
18
34
47
46
36
21
2
-9
-8
-1
-1
-13
-35
-49
-45
-29
-10
0
-2
-17
-40
-55
-53
-47
-49
-63
-83
-88
-75
-61
-48
-37
-38
-46
-51
-48
-42
-39
-45
-50
-47
-45
-59
-81
-87
-71
-48
-38
-47
-62
-74
-82
-83
-87
-93
-105
-121
-127
-120
-112
-110
-111
-106
-102
-106
-114
-113
-103
-91
-82
-78
-71
-70
-78
-85
-78
-57
-40
-37
-46
-47
-30
9
55
85
88
78
79
107
153
187
192
178
167
164
165
174
194
214
219
203
172
150
150
172
200
214
205
174
137
121
122
125
118
99
82
70
51
31
16
15
26
39
41
33
15
-1
-10
-12
-12
-17
-23
-27
-19
-10
-9
-14
-18
-17
-11
-4
-2
-16
-39
-56
-67
-75
-87
-100
-105
-109
-122
-149
-177
-190
-190
-192
-212
-236
-253
-264
-265
-263
-259
-258
-265
-267
-257
-233
-205
-179
-158
-137
-117
-93
-75
-55
-26
4
27
39
52
70
85
90
88
84
92
105
118
125
128
135
140
143
142
132
127
133
154
178
193
196
188
180
179
178
181
190
199
205
199
183
169
165
168
173
171
161
142
124
118
119
118
106
88
65
40
18
8
12
16
11
-10
-34
-47
-46
-43
-45
-53
-65
-80
-95
-103
-105
-100
-97
-100
-114
-134
-151
-156
-156
-153
-151
-159
-171
-180
-174
-159
-138
-113
-101
-109
-125
-138
-134
-113
-94
-87
-89
-88
-86
-80
-76
-66
-54
-44
-42
-47
-55
-60
-63
-66
-70
-79
-89
-96
-87
-69
-47
-30
-19
-8
4
16
23
34
53
79
100
112
117
131
155
177
189
189
178
162
149
145
148
152
151
144
128
110
94
86
93
102
100
82
55
28
12
5
5
8
7
1
-5
-10
-12
-9
3
14
18
7
-11
-24
-28
-27
-33
-51
-77
-109
-140
-166
-175
-168
-149
-117
-85
-53
-17
22
57
85
112
136
151
162
161
161
163
164
159
144
120
94
73
69
71
68
56
32
6
-21
-36
-48
-57
-71
-94
-120
-140
-151
-151
-143
-134
-131
-137
-149
-155
-149
-131
-120
-120
-128
-136
-139
-136
-121
-96
-67
-46
-41
-42
-45
-42
-33
-15
4
14
20
25
31
33
32
27
26
31
38
44
47
42
35
34
41
53
61
61
53
48
46
47
47
47
49
53
59
71
86
99
102
96
81
66
53
51
56
57
54
40
24
8
-2
-1
1
2
-3
-9
-11
-11
-12
-14
-11
-4
1
3
2
2
3
4
5
7
6
-3
-14
-20
-16
-2
5
5
-2
-13
-27
-35
-32
-22
-7
1
0
-5
-13
-13
-8
-4
-1
-1
-3
-2
4
4
-2
-15
-30
-41
-39
-26
-10
-2
0
-2
-3
-4
-3
-3
-4
-4
-3
-3
-7
-14
-20
-22
-21
-20
-22
-23
-23
-22
-20
-21
-23
-28
-35
-38
-36
-28
-16
-5
-4
-13
-23
-29
-28
-20
-12
-7
-3
-1
-1
1
4
5
10
17
22
22
17
11
11
14
23
26
19
8
2
2
10
16
18
17
11
10
12
14
15
13
14
20
28
28
23
19
18
14
6
-3
-9
-13
-8
1
8
9
0
-11
-19
-21
-16
-7
0
2
2
-2
-5
-5
0
9
23
32
34
34
33
30
29
27
25
25
27
30
34
35
31
24
18
9
2
-4
-6
-3
3
10
13
8
0
-5
-7
-3
0
2
8
17
20
14
0
-15
-24
-27
-30
-31
-26
-25
-24
-25
-29
-31
-33
-37
-40
-43
-45
-47
-44
-42
-48
-59
-75
-81
-77
-68
-60
-57
-52
-50
-50
-47
-40
-29
-18
-12
-10
-9
-6
0
9
20
27
29
30
32
40
49
52
46
39
32
30
38
49
56
60
59
57
56
53
52
54
61
70
77
76
66
53
42
38
38
39
34
27
23
21
18
13
10
10
9
8
0
-8
-12
-11
-6
0
3
6
9
8
11
14
21
29
40
48
52
49
41
35
33
30
27
22
13
0
-16
-36
-53
-70
-85
-96
-107
-118
-128
-131
-133
-136
-140
-144
-143
-134
-120
-104
-86
-75
-71
-72
-78
-86
-90
-91
-87
-76
-66
-61
-64
-73
-83
-86
-78
-67
-57
-57
-63
-66
-65
-60
-51
-44
-33
-18
-1
16
35
52
67
86
106
130
156
184
212
238
261
280
297
317
333
340
337
329
322
317
307
288
260
233
207
185
164
142
119
99
84
66
48
26
7
-16
-39
-57
-69
-81
-93
-106
-120
-136
-150
-162
-171
-178
-185
-194
-203
-206
-206
-203
-205
-211
-219
-226
-233
-235
-235
-234
-227
-215
-197
-185
-177
-174
-173
-165
-152
-138
-128
-119
-111
-99
-84
-69
-54
-44
-38
-34
-28
-15
-3
7
14
19
26
31
36
44
50
53
57
64
75
86
99
110
118
125
123
116
113
114
117
120
123
124
127
130
135
144
154
156
153
141
126
112
102
97
97
97
95
88
79
66
57
52
49
49
51
58
62
61
56
45
34
26
28
33
37
36
30
18
8
2
-4
-11
-19
-22
-25
-26
-26
-26
-27
-28
-33
-37
-39
-43
-47
-52
-57
-62
-64
-64
-66
-70
-74
-81
-83
-84
-85
-89
-95
-104
-109
-107
-102
-99
-98
-98
-100
-99
-92
-84
-76
-73
-70
-63
-59
-55
-52
-48
-39
-27
-15
-11
-10
-14
-14
-10
-5
-5
-7
-9
-5
1
12
18
19
19
16
15
17
18
20
20
22
24
29
35
41
46
48
49
53
56
59
59
56
51
47
48
52
61
69
75
77
78
79
79
80
79
76
75
75
70
65
56
47
44
44
43
37
30
20
11
5
4
1
-3
-9
-12
-11
-9
-9
-12
-20
-21
-16
-11
-7
-11
-16
-24
-27
-25
-24
-25
-27
-30
-37
-41
-48
-51
-54
-54
-51
-47
-43
-44
-48
-54
-56
-53
-47
-38
-31
-28
-29
-29
-31
-32
-27
-23
-20
-13
-6
-3
-2
-3
-7
-11
-13
-11
-8
-2
-2
-4
-9
-12
-11
-8
-5
-5
-7
-10
-11
-6
0
4
6
8
12
14
16
21
26
31
34
33
30
27
28
31
31
35
35
30
24
20
18
19
20
19
18
15
10
4
-1
0
5
10
13
16
16
9
5
8
14
18
18
16
10
1
-4
-6
-2
3
6
6
-1
-9
-15
-17
-15
-10
-6
-4
-6
-10
-17
-20
-19
-14
-9
-5
-4
-9
-13
-19
-21
-20
-14
-3
10
22
23
18
9
3
2
6
13
17
17
9
-2
-15
-24
-27
-24
-20
-13
-11
-15
-22
-29
-34
-32
-22
-9
0
5
3
-1
-3
0
5
9
9
7
4
2
-1
0
6
12
19
22
21
17
16
13
13
16
18
20
19
17
12
5
6
12
19
25
23
16
10
8
11
15
15
13
12
12
15
19
19
14
7
2
3
4
6
7
6
-1
-9
-15
-16
-12
-7
-2
-4
-11
-15
-19
-21
-21
-20
-19
-17
-14
-16
-19
-19
-20
-19
-16
-15
-15
-15
-19
-18
-20
-21
-21
-21
-20
-17
-15
-14
-14
-20
-27
-32
-34
-36
-36
-36
-33
-29
-24
-21
-18
-17
-21
-24
-27
-27
-21
-16
-10
-8
-1
9
19
24
22
21
25
30
35
33
31
26
24
24
26
25
19
13
9
11
13
15
12
12
14
15
18
17
18
21
24
31
36
38
37
35
35
38
43
46
45
42
39
33
30
28
27
26
21
19
19
19
17
13
6
-2
-7
-9
-4
0
1
-1
-3
-3
-1
-2
-7
-13
-16
-19
-20
-20
-19
-22
-27
-30
-29
-29
-30
-30
-32
-35
-38
-41
-41
-37
-30
-25
-22
-20
-22
-24
-23
-20
-16
-13
-13
-14
-14
-13
-13
-9
-6
-2
1
-2
-8
-14
-18
-19
-15
-12
-9
-9
-11
-13
-13
-11
-10
-9
-8
-8
-5
-2
4
11
20
24
25
21
16
11
9
11
18
25
29
27
20
13
10
11
15
18
19
18
16
15
16
19
21
19
19
20
21
21
21
19
16
14
12
11
12
11
9
5
3
3
2
-1
-2
-2
-3
-4
-9
-14
-19
-21
-22
-16
-12
-10
-12
-19
-22
-24
-18
-11
-2
1
1
-3
-4
-2
0
2
-2
-2
0
2
3
3
1
-3
-6
-8
-5
-1
4
7
3
-4
-9
-11
-11
-11
-11
-12
-12
-16
-20
-23
-22
-21
-15
-11
-7
