-8
-7
-6
-6
-6
-7
-7
-7
-6
-4
-3
-3
-3
-2
-1
0
0
3
6
7
5
5
3
3
6
6
6
6
3
2
3
4
4
2
0
-1
1
3
5
5
5
4
4
5
5
5
5
4
4
4
5
4
5
4
4
5
5
4
4
3
3
1
-1
-3
-5
-5
-4
-2
-2
-2
-2
-3
-3
-4
-2
-2
-4
-3
-2
-2
-2
-3
-2
-2
-2
-1
-1
0
0
1
-1
-1
0
0
-1
-1
-2
-4
-5
-7
-6
-6
-5
-4
-4
-3
-4
-4
-4
-3
-2
-2
-3
-2
-1
-1
0
1
1
2
2
3
2
3
2
1
1
0
1
1
2
3
3
1
0
-1
0
-1
-1
0
1
2
4
4
5
5
5
4
2
1
-1
-1
1
0
1
0
0
1
2
2
2
2
0
0
0
0
0
2
1
1
2
2
1
1
0
0
0
0
1
1
1
1
-1
0
1
0
0
0
0
0
-2
-2
-2
-2
-1
0
0
1
0
-1
0
0
-1
0
0
0
-1
-1
-1
-1
-1
-1
-1
0
0
0
0
0
0
-1
1
1
0
0
0
0
1
0
0
0
0
1
0
0
0
0
0
1
0
1
0
0
0
0
0
0
1
0
0
0
0
0
0
0
0
0
0
0
0
-1
-1
0
0
0
-1
0
0
0
0
0
0
-1
0
-1
-1
-1
0
0
-1
1
0
0
0
0
-1
0
0
-1
0
0
0
0
0
-1
0
-1
0
0
0
0
0
0
0
0
0
1
0
0
0
0
0
0
0
0
0
0
0
1
0
0
0
0
0
0
0
0
0
-1
0
0
1
0
0
0
0
0
0
0
1
0
0
0
0
0
0
-1
0
1
0
0
0
0
0
0
0
0
-1
0
0
-1
0
0
0
0
0
1
0
-1
0
1
0
0
-1
0
0
0
0
-1
0
0
0
0
1
0
0
0
0
0
0
0
0
-1
0
0
0
0
0
0
0
0
0
1
0
0
0
0
0
1
0
0
1
0
1
-1
0
0
1
0
0
0
0
0
0
0
-1
-1
0
0
0
0
0
0
0
0
0
0
-1
0
-1
0
0
0
0
0
0
-1
0
0
0
0
0
0
0
0
0
0
0
0
0
0
0
0
0
1
1
0
-1
0
0
0
0
0
0
0
0
0
0
0
0
0
0
0
0
1
0
0
0
0
0
1
0
0
0
0
0
0
0
-1
-1
0
0
0
0
0
-1
-1
0
0
0
-1
1
0
0
-1
0
0
0
0
0
0
0
0
0
0
0
0
0
0
0
0
1
0
0
-1
0
0
0
0
0
0
1
0
0
-1
-1
0
0
0
0
-1
0
0
0
0
0
1
0
0
1
0
1
0
0
0
0
0
0
-1
0
0
0
0
0
0
1
0
0
0
0
0
0
-1
-1
0
-1
0
0
0
0
0
0
0
0
0
0
0
0
0
0
-1
0
0
0
0
1
0
0
0
0
0
0
0
0
0
0
-1
1
-1
0
0
0
0
0
0
0
0
1
0
1
0
0
0
1
-1
0
0
0
0
0
0
0
0
0
0
-1
0
0
0
0
1
1
0
1
0
0
0
0
0
0
0
0
0
0
-1
-1
-1
-1
0
0
0
0
0
-1
0
0
0
0
0
-1
0
-1
0
1
0
0
1
0
0
-1
0
-1
0
0
0
-1
0
1
-1
0
0
0
0
-1
0
1
0
-1
1
1
0
1
-1
0
0
1
0
0
-1
1
0
0
1
0
0
1
0
1
0
1
1
1
2
0
0
0
-1
0
1
0
1
0
0
1
1
0
0
0
-1
-1
0
-1
-1
-1
-1
-1
-1
-1
-2
-2
-2
-2
-1
-1
-1
-1
-2
-2
-2
-2
-2
-2
-2
-1
-1
-1
-1
0
-1
0
0
0
0
0
0
1
2
1
3
2
2
1
2
1
1
2
3
3
3
3
3
3
4
3
3
2
3
4
3
3
3
3
3
1
0
-2
-2
-4
-4
-5
-5
-6
-8
-9
-10
-11
-13
-14
-14
-14
-14
-13
-14
-15
-16
-18
-19
-20
-20
-20
-20
-19
-19
-19
-18
-20
-19
-19
-17
-17
-18
-17
-16
-16
-15
-17
-18
-20
-19
-18
-14
-10
-4
0
3
4
3
2
2
-1
-3
-5
-3
0
4
8
10
12
13
13
17
22
31
38
44
48
51
54
54
51
47
43
43
47
55
66
78
87
89
80
62
43
28
18
4
-10
-20
-24
-29
-37
-48
-62
-72
-84
-95
-101
-98
-89
-76
-63
-56
-52
-50
-55
-61
-70
-72
-74
-70
-65
-58
-51
-46
-44
-44
-46
-47
-47
-47
-40
-28
-12
4
21
36
49
57
64
72
83
99
115
131
145
160
173
177
175
167
169
178
190
204
217
230
237
240
238
235
233
227
225
226
233
234
232
231
228
228
215
198
186
191
213
238
258
261
239
190
127
53
-16
-57
-66
-53
-36
-21
4
40
63
53
4
-50
-106
-136
-155
-165
-183
-228
-314
-442
-554
-641
-694
-745
-795
-804
-770
-705
-662
-668
-736
-875
-1064
-1282
-1462
-1514
-1406
-1195
-985
-814
-663
-481
-300
-176
-117
-90
-37
64
198
344
477
590
652
646
557
403
243
106
15
-31
-34
1
68
149
215
259
273
265
266
307
394
515
650
784
912
1017
1076
1072
1011
909
794
699
648
622
598
567
534
501
461
404
330
253
204
182
187
211
246
291
321
336
306
229
136
63
53
85
146
225
295
336
342
341
317
240
123
1
-77
-115
-133
-149
-153
-155
-185
-223
-270
-292
-287
-251
-168
-62
22
46
57
106
168
178
87
-51
-123
-168
-230
-428
-744
-1103
-1350
-1311
-1054
-697
-547
-507
-527
-641
-980
-1612
-2190
-2519
-2484
-2312
-2104
-1765
-1293
-733
-303
-118
-103
-125
-113
-54
100
327
623
945
1186
1321
1295
1142
895
591
256
-42
-175
-175
-77
56
181
300
367
349
269
197
191
265
430
655
918
1166
1346
1434
1404
1271
1048
815
612
470
406
393
447
532
597
596
520
393
208
-35
-254
-348
-280
-81
129
314
483
634
720
716
651
554
484
425
378
368
362
347
297
209
86
-59
-205
-315
-323
-238
-139
-65
-10
34
63
52
-11
-107
-218
-302
-293
-205
-59
60
116
119
115
115
50
-72
-242
-340
-371
-391
-445
-495
-534
-572
-647
-737
-839
-1000
-1155
-1300
-1317
-1447
-1944
-2843
-3632
-3701
-3071
-2293
-1961
-1854
-1543
-893
-288
45
187
241
342
460
677
983
1262
1445
1516
1477
1318
1068
777
476
217
-7
-165
-209
-152
-34
100
199
227
230
211
258
437
686
955
1196
1397
1567
1706
1763
1661
1429
1127
857
687
582
472
294
82
-44
22
198
320
332
294
327
435
516
554
577
605
633
640
639
623
569
464
358
279
193
41
-191
-413
-506
-467
-415
-408
-402
-321
-189
-118
-107
-101
-75
-19
4
-14
-65
-141
-206
-217
-163
-103
-112
-195
-274
-284
-233
-202
-227
-281
-348
-367
-347
-325
-307
-323
-332
-303
-239
-174
-141
-194
-301
-397
-432
-444
-504
-618
-742
-761
-706
-652
-664
-779
-1056
-1579
-2331
-3094
-3537
-3511
-3069
-2408
-1704
-1045
-466
61
482
737
799
753
772
957
1298
1672
1984
2153
2139
1936
1569
1087
551
48
-336
-528
-549
-431
-213
28
234
361
391
354
329
368
513
764
1085
1417
1689
1857
1890
1794
1575
1249
857
424
16
-244
-264
-74
192
397
513
574
569
472
310
142
43
47
158
342
516
634
659
589
429
185
-96
-360
-498
-451
-312
-183
-117
-97
-80
-77
-149
-292
-435
-506
-451
-307
-150
-34
17
31
21
-12
-100
-243
-376
-440
-403
-313
-236
-187
-129
-109
-164
-300
-476
-567
-526
-437
-390
-380
-348
-256
-114
-34
-71
-201
-392
-540
-556
-480
-420
-449
-536
-558
-507
-510
-712
-1248
-2137
-3145
-3832
-3868
-3417
-2911
-2571
-2141
-1237
-20
928
1218
1079
1006
1209
1542
1814
2031
2236
2426
2554
2548
2339
1894
1256
543
-85
-539
-812
-914
-861
-684
-455
-240
-83
-1
43
119
274
511
816
1151
1508
1849
2099
2165
1959
1522
992
541
284
181
154
143
184
303
399
367
188
-56
-233
-286
-243
-147
-12
175
404
617
717
665
488
249
54
-33
-35
-42
-59
-43
29
92
30
-181
-460
-681
-788
-796
-736
-634
-464
-243
-16
164
234
181
58
-62
-112
-107
-68
-28
20
97
153
144
14
-210
-447
-608
-666
-704
-783
-887
-871
-651
-357
-163
-144
-211
-268
-333
-465
-600
-650
-623
-570
-521
-491
-454
-409
-397
-397
-478
-799
-1408
-2130
-2646
-2746
-2501
-2129
-1704
-1218
-716
-216
164
364
432
427
451
592
862
1185
1498
1742
1860
1864
1720
1414
1023
635
330
152
75
53
99
181
272
354
368
303
215
181
252
427
672
927
1169
1364
1486
1523
1434
1245
1022
788
563
336
119
-29
-55
20
102
135
132
131
140
137
117
108
127
177
254
338
401
426
387
313
233
133
-1
-166
-301
-342
-304
-259
-248
-249
-237
-236
-246
-266
-289
-300
-301
-276
-233
-179
-127
-95
-62
-40
-56
-120
-212
-252
-229
-197
-190
-210
-207
-167
-120
-104
-140
-228
-335
-427
-452
-408
-386
-388
-381
-324
-262
-301
-429
-545
-582
-577
-594
-607
-548
-464
-383
-349
-309
-230
-223
-459
-1085
-1957
-2707
-3037
-2952
-2655
-2275
-1797
-1214
-604
-81
254
388
360
306
385
656
1060
1481
1822
2050
2159
2135
1942
1561
1089
629
299
132
71
98
181
284
382
404
328
205
82
37
125
368
718
1078
1384
1618
1771
1795
1643
1362
1055
796
621
501
407
328
260
204
136
22
-129
-288
-418
-451
-375
-211
-33
121
275
408
497
505
425
317
236
194
154
81
-13
-125
-242
-362
-492
-596
-664
-691
-671
-619
-543
-467
-423
-406
-395
-398
-404
-410
-397
-335
-239
-118
3
111
179
185
148
61
-68
-243
-435
-562
-618
-614
-576
-555
-517
-428
-293
-197
-195
-243
-247
-181
-119
-120
-137
-89
-18
8
-39
-113
-129
-141
-182
-260
-357
-362
-239
-37
46
-294
-1120
-2162
-2962
-3283
-3248
-3030
-2668
-2054
-1188
-297
404
790
876
812
746
785
953
1202
1522
1887
2221
2452
2486
2272
1816
1191
574
97
-200
-337
-349
-233
-29
187
317
300
175
27
-37
47
270
597
994
1404
1758
1981
2010
1840
1526
1166
837
567
361
214
143
139
156
129
-7
-238
-472
-640
-711
-701
-621
-484
-290
-46
197
370
420
373
294
227
171
108
28
-36
-78
-125
-204
-341
-505
-652
-753
-800
-807
-786
-749
-676
-563
-448
-367
-343
-343
-322
-269
-185
-98
-26
39
97
159
209
186
89
-71
-258
-400
-454
-441
-416
-410
-365
-255
-148
-124
-145
-92
-5
25
9
0
55
141
177
140
64
-64
-216
-320
-330
-270
-202
-191
-239
-241
-230
-353
-805
-1589
-2409
-2940
-3075
-2898
-2510
-1961
-1305
-586
100
604
881
913
808
732
770
966
1274
1605
1906
2153
2278
2206
1909
1418
840
327
-42
-250
-305
-262
-146
3
133
191
162
56
-77
-137
-47
207
571
966
1327
1609
1759
1758
1607
1316
959
641
406
261
199
193
191
150
43
-122
-322
-545
-748
-865
-867
-740
-514
-251
-5
178
286
344
356
318
255
195
161
144
132
94
16
-90
-221
-379
-532
-652
-726
-741
-712
-640
-534
-425
-340
-281
-244
-234
-235
-235
-216
-155
-63
38
142
220
257
264
220
129
11
-128
-259
-329
-323
-288
-271
-274
-262
-196
-148
-162
-200
-254
-293
-279
-221
-147
-95
-69
-32
31
62
16
-53
-90
-66
7
36
17
20
47
48
-217
-957
-2058
-3139
-3743
-3689
-3190
-2538
-1897
-1211
-443
254
700
779
615
454
458
727
1190
1687
2143
2488
2695
2731
2492
1987
1295
572
23
-288
-379
-325
-213
-72
50
115
69
-109
-336
-494
-451
-183
239
766
1295
1724
2018
2111
1999
1729
1354
1005
747
572
472
419
403
367
241
4
-324
-659
-924
-1086
-1104
-988
-772
-470
-148
138
333
405
390
326
271
252
252
251
242
216
157
67
-59
-227
-434
-633
-787
-871
-870
-810
-709
-596
-492
-415
-402
-425
-442
-448
-419
-338
-210
-37
149
297
387
398
314
177
22
-124
-242
-347
-407
-407
-387
-377
-402
-414
-396
-377
-347
-314
-272
-222
-181
-116
-36
51
127
178
221
236
209
112
-42
-155
-195
-169
-95
-71
-169
-501
-1166
-2052
-2897
-3401
-3440
-3094
-2537
-1881
-1156
-458
114
485
630
649
670
760
990
1373
1834
2278
2598
2722
2648
2374
1911
1327
718
210
-112
-244
-240
-150
-31
48
70
11
-127
-272
-353
-300
-46
366
852
1326
1696
1925
2003
1916
1676
1365
1057
811
658
565
493
413
303
142
-76
-360
-671
-946
-1118
-1133
-1005
-785
-520
-236
10
190
295
292
229
160
139
174
239
301
300
217
72
-116
-336
-573
-796
-955
-1027
-1012
-924
-811
-702
-624
-577
-540
-515
-505
-491
-437
-324
-185
-47
72
164
248
310
317
245
111
-24
-130
-218
-298
-374
-422
-394
-327
-292
-299
-329
-357
-367
-344
-273
-180
-90
4
91
179
208
191
170
163
168
127
82
92
149
242
320
297
66
-492
-1303
-2207
-2952
-3349
-3383
-3074
-2508
-1751
-917
-183
334
580
617
608
630
737
977
1345
1819
2295
2661
2833
2741
2400
1881
1275
708
237
-90
-241
-243
-137
-26
25
-8
-142
-331
-488
-538
-414
-113
323
821
1293
1669
1894
1952
1843
1605
1296
983
740
587
500
433
337
176
-44
-320
-621
-914
-1146
-1270
-1269
-1135
-913
-639
-347
-104
60
154
186
181
168
183
246
326
387
405
356
224
4
-265
-518
-735
-898
-1007
-1042
-979
-858
-728
-615
-540
-488
-439
-406
-375
-322
-244
-130
8
164
316
423
453
391
274
140
11
-89
-172
-232
-277
-312
-316
-303
-273
-259
-257
-252
-244
-233
-220
-166
-48
99
234
339
400
400
351
251
135
32
-74
-181
-278
-291
-161
52
178
31
-495
-1310
-2145
-2755
-3044
-3052
-2791
-2259
-1493
-617
134
624
829
801
686
605
668
898
1218
1599
1994
2347
2541
2474
2128
1570
942
376
-67
-345
-456
-417
-266
-78
59
92
6
-156
-315
-380
-289
-42
321
738
1163
1524
1745
1794
1669
1418
1116
822
574
387
259
184
137
81
-36
-239
-510
-780
-980
-1083
-1087
-992
-796
-521
-212
66
256
359
383
353
310
273
249
230
207
177
142
75
-51
-228
-419
-587
-710
-782
-801
-777
-726
-648
-563
-481
-423
-400
-389
-348
-255
-113
30
169
305
418
493
502
430
299
150
-2
-113
-190
-258
-325
-371
-333
-220
-116
-114
-195
-255
-260
-272
-326
-353
-256
-41
143
221
259
336
394
322
150
2
-44
-6
44
101
151
72
-325
-1143
-2152
-3013
-3468
-3503
-3230
-2712
-2025
-1231
-458
123
439
521
483
475
592
850
1227
1665
2098
2440
2628
2623
2373
1894
1275
653
154
-189
-357
-379
-309
-199
-104
-83
-161
-307
-470
-556
-475
-210
190
647
1106
1517
1829
1986
1942
1731
1445
1171
951
774
648
557
453
299
73
-194
-461
-709
-910
-1051
-1071
-951
-724
-444
-171
58
221
305
330
334
338
355
366
376
401
425
413
330
177
-19
-234
-454
-659
-824
-920
-938
-895
-810
-713
-633
-583
-556
-509
-439
-354
-266
-148
11
178
320
412
449
426
352
213
23
-197
-413
-575
-634
-581
-498
-418
-356
-335
-377
-461
-515
-517
-505
-509
-445
-262
-17
164
241
297
358
366
244
75
-28
-62
-16
65
145
199
156
-97
-651
-1433
-2251
-2872
-3165
-3160
-2881
-2366
-1659
-849
-136
356
590
622
556
540
664
934
1319
1743
2145
2480
2678
2624
2308
1800
1208
665
219
-72
-193
-187
-100
3
56
25
-91
-254
-400
-434
-315
-47
345
785
1204
1552
1767
1824
1731
1531
1286
1014
737
510
388
363
385
360
248
75
-123
-336
-550
-732
-846
-850
-747
-546
-295
-57
116
209
239
219
165
59
-58
-111
-63
56
164
199
132
-5
-198
-416
-626
-800
-924
-984
-959
-871
-756
-662
-618
-602
-588
-559
-504
-421
-293
-126
69
247
358
396
364
277
137
-44
-239
-404
-504
-528
-489
-387
-261
-182
-159
-189
-247
-318
-398
-443
-407
-292
-190
-149
-129
-79
8
52
3
-58
-37
90
256
390
482
540
565
420
0
-696
-1557
-2313
-2746
-2833
-2677
-2376
-1958
-1387
-708
-122
179
199
108
138
363
705
1106
1525
1953
2354
2639
2711
2543
2161
1644
1127
727
466
299
193
124
120
150
115
-33
-269
-494
-597
-550
-371
-80
276
662
1044
1362
1555
1595
1500
1329
1134
948
755
559
417
349
341
307
169
-56
-318
-547
-717
-837
-900
-887
-776
-588
-370
-188
-79
-37
-20
-4
23
49
48
74
158
269
354
320
177
-19
-221
-401
-583
-747
-868
-919
-885
-821
-772
-752
-736
-684
-593
-486
-385
-288
-172
-24
142
294
392
406
343
231
93
-59
-208
-333
-409
-398
-323
-221
-148
-147
-176
-224
-263
-290
-310
-315
-290
-234
-175
-91
24
118
143
98
52
30
66
113
142
198
269
351
342
118
-413
-1227
-2084
-2743
-3049
-3024
-2742
-2248
-1628
-953
-323
144
404
465
416
397
558
903
1341
1792
2170
2465
2621
2584
2317
1834
1258
731
349
121
31
23
57
111
140
92
-48
-226
-395
-472
-389
-142
223
634
1024
1347
1575
1669
1590
1350
1031
748
587
539
561
593
605
580
488
295
8
-319
-635
-873
-990
-985
-871
-685
-461
-240
-70
24
12
-66
-162
-231
-214
-124
21
174
281
322
275
130
-103
-394
-666
-861
-956
-965
-926
-850
-767
-672
-586
-539
-529
-524
-496
-429
-306
-158
-3
142
249
296
265
165
22
-116
-229
-305
-343
-369
-354
-270
-145
-30
-8
-105
-252
-373
-423
-430
-410
-345
-214
-5
218
363
415
373
262
144
34
-3
6
26
93
215
375
432
230
-275
-992
-1702
-2243
-2564
-2640
-2490
-2100
-1517
-863
-266
151
349
387
370
394
529
776
1117
1518
1919
2257
2451
2446
2208
1782
1278
792
397
123
-28
-57
-4
87
159
143
24
-142
-294
-373
-340
-198
56
390
765
1119
1348
1401
1277
1058
844
675
563
492
476
522
577
587
488
271
-27
-346
-617
-801
-881
-869
-774
-604
-416
-263
-201
-232
-296
-331
-296
-225
-126
-6
140
300
406
419
299
85
-171
-413
-599
-731
-815
-837
-785
-671
-538
-448
-420
-428
-425
-405
-358
-278
-172
-29
135
278
353
338
228
81
-59
-180
-274
-337
-341
-272
-131
7
71
39
-64
-181
-280
-374
-458
-509
-473
-343
-159
9
74
58
15
-4
9
7
16
81
186
324
466
549
470
83
-620
-1463
-2167
-2575
-2700
-2611
-2339
-1879
-1286
-694
-226
61
167
177
186
266
489
851
1284
1724
2100
2338
2404
2271
1948
1500
1032
633
343
170
102
119
178
215
188
76
-104
-296
-439
-466
-339
-69
289
671
1014
1256
1367
1330
1172
952
737
599
556
593
667
738
765
705
549
298
-19
-340
-609
-784
-827
-761
-618
-436
-266
-140
-93
-123
-187
-244
-253
-205
-103
30
174
299
360
335
210
1
-241
-470
-648
-761
-818
-820
-764
-666
-559
-483
-450
-451
-453
-433
-381
-302
-213
-112
1
133
250
280
186
18
-136
-220
-262
-299
-322
-286
-177
-53
11
-19
-128
-248
-349
-400
-419
-474
-533
-533
-407
-179
23
127
147
141
150
136
97
65
40
65
138
179
61
-322
-898
-1488
-1965
-2271
-2407
-2326
-2010
-1513
-943
-431
-59
181
307
369
427
520
713
1017
1373
1716
1986
2146
2159
2002
1701
1305
896
523
239
85
49
92
169
216
199
124
11
-87
-141
-118
5
202
451
718
974
1196
1326
1335
1222
1010
777
588
491
477
479
467
448
412
342
192
-26
-269
-493
-636
-676
-623
-511
-380
-254
-145
-88
-102
-158
-218
-233
-191
-117
-28
43
98
133
113
20
-140
-329
-511
-670
-775
-829
-831
-770
-665
-535
-425
-367
-362
-378
-377
-339
-265
-171
-79
-16
24
47
49
19
-46
-129
-193
-222
-202
-165
-145
-131
-108
-61
-20
-22
-97
-235
-368
-465
-510
-514
-482
-406
-286
-164
-68
15
98
180
200
174
142
130
99
-38
-332
-764
-1218
-1585
-1808
-1912
-1901
-1755
-1470
-1093
-700
-360
-107
86
244
383
534
699
894
1134
1393
1616
1768
1820
1762
1602
1358
1079
809
585
411
299
249
243
252
253
219
166
109
70
77
140
251
384
516
631
753
856
923
939
906
866
834
800
761
715
657
579
471
348
208
43
-123
-278
-400
-468
-506
-518
-516
-495
-453
-399
-332
-259
-182
-103
-41
0
28
27
10
-32
-85
-147
-220
-300
-384
-469
-550
-616
-651
-652
-626
-578
-516
-464
-431
-411
-395
-383
-363
-307
-215
-128
-100
-123
-141
-143
-132
-132
-107
-52
-5
-4
-66
-141
-201
-266
-337
-402
-419
-353
-259
-219
-251
-292
-283
-230
-217
-253
-266
-199
-52
93
210
297
349
349
285
122
-175
-580
-1000
-1312
-1483
-1553
-1531
-1432
-1213
-897
-579
-322
-176
-83
24
163
325
502
729
1019
1295
1490
1588
1605
1547
1389
1157
918
715
569
477
425
414
411
371
292
198
115
46
-4
-16
37
171
344
490
589
657
714
754
756
698
625
580
570
574
573
568
548
502
420
313
183
21
-147
-289
-360
-387
-395
-408
-408
-369
-316
-270
-248
-220
-172
-104
-37
17
58
81
77
32
-47
-156
-271
-378
-461
-507
-533
-536
-514
-463
-398
-349
-330
-337
-353
-362
-375
-384
-359
-297
-214
-149
-111
-95
-81
-52
-37
-31
-28
-15
6
1
-55
-119
-153
-164
-205
-313
-432
-502
-513
-489
-448
-394
-339
-288
-225
-150
-81
-49
-45
-38
-18
0
1
7
7
-32
-167
-439
-788
-1131
-1368
-1466
-1461
-1378
-1206
-934
-611
-286
-14
197
329
380
408
467
585
744
917
1097
1267
1385
1421
1354
1202
1001
783
566
380
264
229
269
346
409
432
418
385
337
275
200
137
135
224
400
596
750
850
900
894
828
726
609
500
435
409
407
410
391
350
272
144
-47
-263
-445
-549
-552
-481
-370
-231
-90
37
125
144
98
7
-88
-162
-205
-220
-202
-169
-128
-106
-123
-173
-249
-315
-362
-407
-446
-469
-449
-391
-329
-296
-308
-337
-362
-381
-399
-417
-410
-362
-264
-158
-69
-30
-21
-22
-70
-173
-309
-398
-413
-379
-352
-357
-364
-371
-362
-367
-384
-437
-524
-579
-561
-475
-367
-280
-183
-78
-11
20
0
-4
5
17
-7
-115
-312
-584
-847
-1027
-1097
-1092
-1030
-910
-744
-549
-338
-114
98
253
345
428
535
660
775
874
975
1080
1144
1145
1104
1039
949
825
683
553
461
418
425
453
473
466
451
432
413
381
333
303
316
386
494
609
704
775
821
844
821
736
629
528
464
416
359
297
239
187
124
40
-63
-155
-213
-228
-229
-230
-224
-212
-189
-155
-126
-118
-123
-147
-178
-206
-233
-263
-289
-285
-257
-227
-222
-239
-263
-278
-295
-319
-345
-367
-388
-413
-434
-439
-430
-416
-408
-404
-403
-400
-387
-372
-340
-284
-210
-146
-135
-167
-217
-241
-253
-278
-334
-400
-432
-429
-402
-403
-423
-433
-427
-413
-422
-445
-439
-404
-351
-310
-282
-224
-154
-68
4
67
98
99
105
80
-13
-240
-514
-746
-851
-853
-811
-704
-553
-350
-168
-7
136
250
329
375
444
524
618
732
864
1002
1087
1092
1050
968
877
779
669
571
480
436
440
470
496
484
451
395
339
299
301
329
358
412
488
572
626
659
677
686
670
611
526
423
339
281
250
239
226
219
221
212
164
66
-52
-149
-218
-260
-283
-278
-250
-196
-134
-108
-117
-150
-187
-220
-251
-276
-294
-298
-302
-290
-269
-253
-255
-280
-311
-364
-420
-476
-509
-507
-488
-453
-430
-409
-388
-377
-380
-392
-399
-402
-392
-355
-302
-267
-266
-296
-298
-287
-294
-327
-387
-421
-450
-453
-460
-460
-441
-425
-381
-340
-303
-282
-240
-174
-112
-75
-76
-61
-13
48
86
79
54
41
39
21
-47
-156
-285
-406
-474
-487
-460
-410
-329
-197
-49
79
172
249
331
402
448
471
506
565
644
735
802
834
821
786
752
696
620
535
469
428
403
387
368
353
360
379
408
415
395
388
405
429
445
446
439
439
435
418
404
390
370
355
349
346
335
315
279
232
178
107
34
-26
-68
-90
-110
-135
-158
-171
-175
-174
-163
-149
-141
-134
-136
-152
-180
-206
-216
-215
-211
-217
-227
-226
-233
-251
-294
-351
-403
-451
-478
-500
-515
-509
-487
-447
-421
-394
-370
-353
-346
-342
-331
-335
-357
-380
-375
-356
-353
-378
-402
-394
-366
-351
-364
-367
-361
-357
-371
-383
-379
-358
-335
-313
-286
-258
-202
-134
-80
-54
-39
-30
-9
-1
10
35
67
99
106
118
124
91
18
-78
-146
-161
-146
-112
-73
-26
34
91
150
201
251
299
333
351
363
400
461
536
595
631
656
650
634
603
567
537
499
478
479
496
517
518
521
516
491
448
395
362
353
359
372
373
399
429
449
439
406
376
338
302
254
206
182
168
158
144
120
95
63
31
-6
-43
-83
-123
-151
-171
-177
-175
-175
-180
-187
-190
-196
-211
-228
-255
-282
-315
-357
-397
-421
-429
-434
-442
-453
-454
-455
-462
-470
-496
-503
-490
-462
-438
-446
-463
-471
-466
-458
-457
-456
-440
-415
-395
-390
-404
-413
-403
-369
-339
-328
-332
-329
-320
-320
-330
-336
-312
-268
-215
-170
-118
-68
-19
24
47
51
36
31
47
83
115
139
164
192
221
258
293
328
349
345
329
303
284
269
263
257
233
213
208
208
205
193
185
182
182
192
215
253
299
333
346
349
355
373
398
416
424
415
399
390
385
387
403
419
426
416
397
382
380
382
376
361
337
318
297
282
264
241
210
183
169
162
156
145
128
109
82
49
9
-35
-72
-102
-131
-156
-171
-185
-195
-199
-198
-194
-199
-212
-230
-259
-293
-328
-356
-372
-376
-367
-348
-341
-336
-330
-328
-333
-353
-376
-404
-430
-448
-454
-463
-469
-461
-446
-429
-421
-414
-397
-373
-357
-346
-324
-294
-266
-264
-254
-242
-247
-264
-299
-310
-293
-250
-200
-152
-106
-81
-67
-56
-37
-13
0
10
15
8
-3
-12
18
76
149
209
245
274
297
320
329
327
316
298
280
264
264
286
308
324
322
305
279
246
219
194
177
157
142
139
147
160
168
177
191
199
202
207
215
227
245
268
289
305
314
312
301
286
275
264
257
252
252
254
249
244
237
229
218
204
187
173
163
153
137
124
112
103
96
88
82
68
40
10
-19
-41
-59
-68
-71
-70
-70
-73
-75
-88
-112
-145
-178
-212
-245
-267
-276
-272
-264
-253
-245
-235
-229
-229
-229
-241
-265
-300
-333
-360
-377
-384
-394
-403
-406
-403
-383
-359
-334
-319
-318
-323
-335
-347
-358
-349
-332
-313
-292
-268
-226
-190
-168
-157
-150
-130
-124
-122
-118
-110
-104
-110
-129
-141
-138
-133
-103
-57
10
65
94
110
124
143
155
167
181
203
222
249
279
307
336
351
364
375
367
339
301
280
271
264
263
258
261
267
264
262
259
248
244
224
201
171
149
137
131
145
163
190
206
213
219
217
210
192
172
156
137
125
127
138
156
156
147
144
139
136
133
130
127
119
103
86
72
69
67
59
48
30
6
-19
-38
-47
-59
-68
-75
-80
-75
-66
-53
-42
-40
-56
-91
-138
-185
-211
-221
-220
-215
-205
-194
-187
-181
-187
-200
-222
-256
-279
-298
-318
-339
-350
-345
-335
-328
-320
-301
-273
-250
-238
-233
-231
-233
-246
-256
-253
-237
-215
-200
-184
-167
-157
-146
-141
-139
-145
-147
-132
-105
-86
-80
-75
-57
-35
-19
-10
-9
-8
-9
5
32
73
116
145
155
144
126
119
132
153
172
189
203
211
217
214
212
208
207
195
178
167
173
194
224
254
275
299
312
322
318
299
266
217
169
139
135
147
161
175
185
191
190
184
169
147
120
90
66
55
49
54
60
62
64
64
66
68
70
75
78
78
73
67
61
56
50
33
7
-21
-51
-76
-98
-107
-104
-96
-80
-62
-49
-43
-50
-59
-81
-105
-125
-140
-147
-153
-152
-150
-142
-132
-122
-115
-126
-144
-165
-183
-188
-192
-189
-192
-198
-200
-202
-198
-199
-203
-207
-213
-218
-216
-200
-175
-147
-119
-94
-67
-54
-55
-70
-94
-117
-127
-122
-97
-64
-37
-22
-22
-28
-36
-44
-45
-46
-45
-50
-45
-25
2
32
52
60
57
48
34
23
24
31
52
76
108
141
170
189
180
152
109
63
32
19
27
43
71
112
152
189
214
221
216
188
156
123
93
89
93
100
112
120
142
159
160
155
138
114
80
49
31
28
36
51
65
74
75
68
61
54
38
25
10
-1
0
10
28
42
53
58
60
62
63
52
26
-14
-50
-67
-65
-50
-34
-22
-16
-13
-18
-28
-41
-56
-61
-59
-57
-41
-26
-13
-1
8
13
13
7
-11
-37
-69
-99
-120
-133
-134
-126
-114
-102
-104
-107
-109
-113
-118
-125
-132
-138
-137
-129
-121
-107
-92
-84
-80
-75
-68
-59
-49
-47
-52
-61
-70
-75
-76
-74
-72
-71
-72
-74
-78
-77
-68
-53
-32
-13
-3
-1
-3
-9
-7
-4
-8
-12
-10
-3
17
44
67
76
76
70
59
59
62
70
69
61
47
37
38
45
55
60
60
57
56
55
58
71
86
104
129
144
151
157
153
135
106
74
49
31
24
25
33
48
62
69
65
53
41
26
10
-6
-18
-26
-22
-9
15
38
59
73
77
71
56
36
17
0
-8
-15
-26
-29
-26
-19
-14
-9
-13
-15
-16
-16
-8
1
5
0
-14
-27
-39
-43
-37
-18
5
24
38
43
44
40
28
12
-2
-14
-22
-22
-24
-30
-41
-54
-67
-81
-88
-90
-79
-55
-34
-23
-23
-30
-35
-37
-41
-50
-58
-67
-75
-74
-64
-51
-47
-49
-59
-65
-63
-58
-52
-50
-59
-65
-73
-82
-81
-74
-59
-36
-13
4
16
24
22
22
17
8
4
-3
-16
-35
-53
-67
-73
-68
-58
-43
-31
-17
-5
5
13
17
22
27
32
36
38
38
40
38
45
50
50
53
57
64
68
74
73
65
58
52
52
56
55
57
65
76
89
97
96
88
78
73
66
58
56
60
69
77
78
72
63
61
59
63
64
59
46
33
19
10
7
5
7
11
15
21
23
24
19
10
1
-7
-13
-14
-11
-7
-1
1
-1
-6
-15
-25
-39
-56
-77
-93
-104
-108
-107
-104
-94
-84
-74
-67
-68
-69
-71
-76
-81
-83
-86
-81
-73
-65
-55
-43
-34
-26
-20
-18
-20
-24
-30
-40
-49
-58
-60
-57
-50
-42
-34
-27
-15
-2
8
13
19
21
17
15
12
5
1
-2
-1
5
21
39
49
54
51
45
39
26
7
-15
-25
-23
-19
-13
-8
-2
4
12
15
18
22
26
27
27
29
25
24
24
29
34
37
39
39
39
39
33
31
31
30
34
38
44
46
45
43
38
38
35
33
33
34
38
44
50
54
60
64
67
67
57
42
18
-1
-15
-23
-23
-20
-11
-4
5
8
7
4
-5
-19
-29
-37
-43
-40
-37
-29
-23
-18
-11
-5
-1
1
0
-8
-16
-21
-25
-25
-25
-28
-37
-45
-55
-67
-72
-72
-65
-62
-54
-41
-25
-7
6
8
0
-10
-20
-29
-38
-47
-58
-56
-46
-32
-17
-5
2
3
-2
-16
-29
-39
-46
-43
-39
-29
-14
-1
10
22
34
44
44
38
31
28
25
19
9
-1
-4
1
9
21
30
32
29
26
21
12
8
5
8
16
22
22
17
15
10
11
20
31
39
40
48
55
59
60
53
40
27
19
6
-2
-5
-9
-9
-12
-12
-11
-12
-9
-5
2
7
8
6
-2
-6
-6
-7
-2
1
1
-3
-9
-18
-28
-37
-49
-56
-51
-40
-26
-11
1
11
13
12
10
7
9
14
16
12
-2
-19
-30
-35
-35
-28
-24
-20
-18
-21
-16
-7
6
20
23
21
13
5
0
1
-1
-4
-3
0
8
22
38
45
46
43
35
30
25
21
19
13
3
-7
-15
-19
-19
-14
-9
-4
-4
-6
-7
-8
-7
-5
-4
-2
1
1
-1
-8
-14
-10
-4
4
11
14
15
11
2
-9
-17
-20
-20
-16
-14
-17
-16
-15
-10
-7
-9
-12
-16
-18
-14
-5
3
11
16
10
2
-5
-12
-17
-19
-22
-21
-20
-19
-14
-5
1
7
4
-3
-9
-11
-8
-3
2
4
3
1
0
4
10
11
13
16
17
17
17
14
12
5
-4
-11
-12
-7
4
14
19
21
17
13
15
20
25
25
17
9
0
-1
3
12
18
23
27
26
29
33
33
26
12
-4
-17
-23
-25
-23
-20
-16
-11
-9
-5
0
5
8
10
10
8
6
2
0
-5
-7
-8
-6
-4
0
0
-2
-2
1
2
2
3
1
1
4
6
7
6
3
1
-6
-20
-34
-47
-53
-48
-41
-32
-22
-16
-14
-10
-5
-2
-1
-5
-11
-18
-23
-28
-30
-25
-17
-3
12
23
30
32
28
21
9
-4
-15
-20
-18
-15
-10
-6
-4
0
5
8
11
13
15
22
27
29
28
26
22
20
19
18
14
8
2
-1
-4
0
5
14
26
33
37
35
31
26
17
13
11
8
0
-8
-13
-17
-19
-20
-16
-12
-4
4
8
7
1
-11
-19
-23
-24
-25
-24
-23
-25
-29
-29
-26
-22
-15
-8
0
3
2
-1
-10
-15
-17
-16
-12
-5
1
7
12
13
9
2
-1
-1
2
3
3
0
-4
-6
-9
-8
-1
9
21
31
36
34
24
11
-1
-9
-13
-15
-14
-10
-4
6
13
17
19
17
14
12
12
14
17
22
25
25
19
11
-1
-14
-23
-21
-20
-16
-13
-10
-6
-3
2
5
5
6
4
1
-3
-10
-16
-22
-24
-22
-15
-8
0
7
10
14
14
12
8
5
2
-2
-4
-8
-16
-24
-30
-32
-29
-25
-18
-8
5
11
14
16
18
21
19
15
13
13
11
10
9
10
11
12
10
10
12
13
10
5
-1
-6
-8
-8
-7
-4
-2
-2
-5
-6
-5
-2
0
-5
-12
-14
-12
-6
-2
-1
0
0
-6
-8
-8
-10
-10
-9
-5
0
3
5
5
4
2
-3
-8
-12
-15
-11
-12
-12
-12
-11
-5
5
13
19
20
18
13
5
-2
-5
-7
-7
-4
-6
-7
-7
-5
0
5
11
17
21
22
18
15
15
14
16
16
15
14
13
11
7
7
6
3
0
-2
-6
-9
-14
-15
-13
-11
-6
1
3
8
12
13
13
11
11
10
10
8
4
0
-2
-1
0
5
6
7
2
-4
-8
-11
-11
-9
-6
-5
-2
-3
-9
-10
-8
-5
-4
-3
-6
-9
-14
-18
-20
-20
-19
-17
-15
-14
-12
-12
-16
-20
-23
-21
-17
-9
-5
-4
-4
-1
-1
1
5
7
7
8
10
11
9
5
1
-5
-6
-7
-7
-7
-9
-9
-8
-5
-2
5
14
24
30
34
35
35
34
30
24
19
12
7
5
5
8
7
3
1
0
4
8
8
9
10
10
7
4
1
1
3
7
9
7
4
1
2
-1
-2
-5
-5
-3
-6
-6
-5
-8
-5
-5
-8
-14
-20
-25
-25
-20
-13
-5
-4
-5
-7
-11
-11
-14
-17
-18
-15
-10
-6
-8
-10
-11
-11
-10
-9
-7
-5
-3
-4
-6
-10
-12
-11
-7
-3
1
1
1
2
4
7
14
17
18
16
13
11
10
10
13
15
15
10
6
8
10
16
19
16
15
16
15
16
14
10
6
4
6
7
6
5
3
-1
0
2
5
9
12
12
10
3
-6
-14
-19
-17
-13
-9
-4
-4
-6
-6
-8
-9
-10
-12
-13
-12
-14
-13
-14
-12
-7
-3
-4
-6
-9
-10
-11
-9
-7
-5
-1
1
0
-4
-9
-11
-8
-6
-7
-10
-15
-13
-7
-4
-4
-7
-12
-11
-6
-3
0
2
3
3
3
1
0
1
5
8
11
13
14
15
14
12
9
8
6
7
8
6
6
4
6
8
10
12
14
16
20
25
31
32
29
24
22
20
18
21
18
13
6
0
-3
-3
-1
2
6
6
4
0
-3
-3
-2
-3
-8
-12
-15
-21
-25
-26
-23
-15
-6
-3
-3
-8
-14
-18
-19
-16
-10
-6
-4
-7
-8
-8
-14
-20
-26
-30
-28
-21
-15
-11
-8
-8
-3
1
4
6
7
4
0
-3
-3
-4
-3
-2
-3
-6
-11
-14
-10
-5
1
3
3
0
-5
-5
-7
-7
-8
-7
-2
3
6
8
8
10
10
10
9
8
7
7
10
11
10
10
8
8
8
6
2
-4
-5
-4
-1
3
7
10
13
16
18
21
24
26
23
21
22
20
17
12
11
12
15
16
11
5
3
1
0
1
3
4
6
6
7
9
8
4
6
8
10
13
14
10
8
10
12
13
12
7
5
4
2
1
-1
-6
-9
-12
-15
-19
-24
-25
-23
-22
-23
-24
-28
-32
-36
-42
-44
-45
-39
-35
-29
-25
-21
-20
-16
-12
-9
-8
-12
-15
-19
-18
-17
-18
-18
-19
-23
-24
-23
-21
-20
-19
-18
-18
-13
-8
-2
1
3
3
7
9
12
13
13
12
10
12
17
19
19
18
18
20
25
28
33
36
37
41
41
38
35
31
28
29
27
27
25
23
28
33
34
34
35
37
37
37
33
29
25
25
25
22
18
13
8
5
4
3
-1
-5
-7
-10
-10
-12
-13
-16
-15
-19
-19
-18
-21
-23
-28
-33
-34
-33
-30
-28
-28
-29
-30
-28
-25
-22
-20
-23
-27
-36
-43
-44
-39
-33
-28
-28
-28
-30
-28
-25
-22
-17
-16
-17
-20
-20
-19
-14
-7
2
6
10
10
7
4
3
3
5
5
8
11
12
13
13
10
5
4
2
4
6
9
10
10
9
10
10
13
15
19
22
27
32
36
37
35
27
23
24
28
36
40
36
31
26
23
23
23
22
20
20
15
8
0
-5
-5
-6
-6
-10
-14
-15
-13
-12
-11
-13
-15
-13
-12
-7
-8
-11
-13
-16
-16
-13
-10
-6
-3
-2
0
1
-1
0
-3
-3
-1
-2
-3
-5
-8
-10
-7
-6
-9
-11
-13
-15
-17
-20
-21
-21
-21
-19
-18
-15
-11
-3
5
7
4
1
-4
-5
-4
-4
-3
1
6
6
4
0
-4
-4
-5
-10
-13
-15
-16
-13
-8
-4
1
5
7
10
12
14
17
19
20
21
20
19
18
15
17
17
15
13
8
2
0
3
4
4
4
0
-2
-3
-1
1
-1
-1
-2
0
3
6
7
7
6
2
1
3
2
4
3
2
2
5
5
4
1
-4
-5
-4
-4
-3
-3
-2
0
-1
-3
-9
-15
-23
-22
-19
-15
-10
-10
-8
-6
-3
2
6
9
11
13
9
5
3
0
-3
-1
2
8
10
9
8
6
6
9
7
5
2
-3
-6
-6
-9
-12
-14
-15
-14
-11
-7
-5
-3
-2
1
1
0
-2
-4
-5
-9
-12
-14
-15
-13
-9
-4
1
9
10
9
8
4
1
-2
-2
1
-1
-5
-6
-7
-5
-3
-2
1
2
7
11
13
15
16
14
