3
-1
-3
-5
-6
-5
-5
-5
-7
-7
-8
-7
-6
-6
-5
-2
-2
-3
-3
-4
-3
-3
-4
-5
-7
-10
-10
-11
-11
-9
-9
-8
-7
-5
-4
-4
-5
-6
-5
-3
-1
2
4
6
6
7
7
8
8
12
12
12
9
6
3
1
0
0
-1
-1
-3
-3
-4
-4
-3
-1
0
-1
0
-1
0
0
1
1
4
6
7
8
6
6
6
5
6
6
5
5
3
2
0
-1
-3
-4
-5
-6
-7
-6
-4
-2
0
0
-2
-2
-4
-4
-5
-2
-1
-1
0
0
0
-1
-1
-1
-2
-2
-5
-8
-10
-9
-11
-10
-9
-9
-6
-4
-1
2
4
5
6
6
4
7
7
10
11
12
12
9
7
6
3
2
2
1
3
4
2
-1
-1
-3
-3
-2
0
3
6
6
6
2
-1
-1
1
4
8
9
6
4
1
-2
-2
-3
-5
-7
-10
-9
-10
-8
-8
-7
-5
-4
-3
0
0
2
3
4
7
8
8
7
5
5
2
2
0
0
-1
-5
-6
-10
-14
-13
-14
-11
-10
-8
-8
-8
-6
-6
-2
2
6
14
15
18
19
17
16
18
16
17
18
14
12
8
1
-2
-3
-6
-5
-7
-11
-13
-18
-20
-21
-19
-17
-13
-14
-12
-11
-12
-9
-9
-7
-4
-4
-5
-3
0
1
2
2
1
1
-1
0
-1
-2
-1
-1
1
2
4
4
4
2
3
5
6
10
11
9
9
9
6
6
7
7
10
9
8
9
8
7
5
2
1
2
1
1
2
4
4
6
8
10
12
11
12
12
10
12
9
8
9
9
9
10
7
2
-1
-6
-8
-8
-10
-9
-11
-15
-18
-21
-23
-24
-21
-21
-18
-15
-14
-13
-13
-13
-12
-9
-7
-5
-3
-4
-6
-7
-8
-9
-9
-8
-6
-5
-5
-5
-5
-5
-2
0
3
5
6
5
5
2
2
5
7
12
14
13
10
10
7
8
10
10
11
12
9
7
4
3
1
3
3
5
8
8
9
7
8
9
11
9
8
8
9
9
9
7
7
6
6
6
6
5
3
-1
-4
-5
-7
-7
-7
-9
-8
-9
-11
-12
-12
-12
-12
-10
-12
-12
-11
-11
-8
-10
-11
-12
-13
-15
-14
-13
-10
-9
-7
-3
-1
-1
-1
-3
-5
-5
-6
-3
1
1
-1
-1
-1
1
4
8
10
13
13
11
10
9
10
12
14
15
14
14
14
13
11
10
9
8
7
5
3
2
0
-1
-3
-4
-5
-4
-3
-2
-1
-1
-2
-2
1
3
5
6
4
2
-1
-2
2
6
10
9
6
1
-3
-5
-7
-4
-4
-3
-4
-5
-7
-10
-13
-15
-15
-14
-8
-4
-4
-5
-7
-9
-9
-8
-8
-8
-8
-8
-5
-4
-1
0
-4
-5
-8
-9
-5
-1
2
4
5
5
6
7
8
10
9
8
8
6
7
8
6
4
3
1
3
5
8
11
11
8
3
-1
-1
-2
1
2
4
6
4
2
-1
-5
-5
-5
-3
4
6
4
0
-6
-7
-9
-6
-2
2
6
8
8
4
-1
-6
-10
-10
-9
-4
0
3
2
0
-4
-8
-7
-3
2
5
3
-2
-7
-9
-11
-8
-4
4
5
5
3
0
-4
-8
-9
-6
1
2
2
0
-3
-4
-6
-5
-2
0
3
3
4
6
7
7
5
5
6
8
9
11
10
9
6
4
4
5
3
1
0
1
2
3
5
4
-2
-6
-10
-12
-10
-7
-2
3
10
14
18
23
28
34
38
40
40
35
28
22
16
11
7
4
3
2
1
-1
-7
-14
-17
-19
-19
-20
-20
-24
-30
-37
-41
-42
-40
-36
-31
-27
-23
-23
-26
-30
-32
-33
-33
-30
-25
-20
-19
-18
-19
-16
-14
-10
-4
5
12
13
13
10
5
2
-2
-3
0
4
5
5
5
6
8
10
12
18
24
27
27
26
27
26
23
22
21
21
20
21
23
23
24
23
21
20
19
17
12
6
1
-2
-4
-1
3
6
7
4
2
1
1
1
7
10
13
12
7
2
-1
0
2
7
12
16
19
17
12
6
1
-1
-3
-3
-1
-1
-4
-8
-14
-18
-21
-21
-17
-17
-15
-10
-9
-9
-8
-9
-12
-15
-19
-21
-24
-25
-24
-22
-21
-23
-28
-33
-37
-37
-35
-29
-25
-24
-26
-30
-34
-36
-34
-31
-24
-17
-13
-9
-9
-11
-11
-9
-7
-3
4
10
13
12
6
-1
-6
-7
-3
6
14
18
19
14
8
2
0
3
11
23
30
34
34
29
27
32
41
57
69
77
77
73
66
59
56
57
59
60
59
56
53
47
45
48
57
71
86
96
104
109
110
106
100
92
79
62
40
19
1
-19
-38
-56
-73
-92
-111
-131
-152
-180
-207
-233
-252
-267
-274
-270
-255
-237
-210
-173
-128
-81
-32
12
48
72
92
108
113
116
114
109
101
90
80
73
64
51
38
28
20
10
-2
-19
-42
-68
-94
-116
-128
-130
-123
-109
-93
-78
-63
-51
-36
-10
24
50
65
76
91
107
122
143
175
204
219
224
225
220
212
203
198
192
173
146
115
91
81
84
90
96
113
141
170
196
210
221
220
204
186
178
171
158
132
106
93
83
77
81
95
98
75
39
3
-29
-58
-93
-138
-201
-303
-470
-732
-1029
-1289
-1483
-1651
-1821
-1929
-1951
-1899
-1802
-1625
-1343
-1007
-675
-366
-70
187
380
520
641
738
801
843
890
928
960
1003
1065
1121
1138
1124
1096
1025
889
693
456
187
-104
-361
-565
-726
-853
-917
-905
-833
-695
-486
-223
52
316
560
755
892
978
1029
1048
1039
1022
1004
979
941
881
815
742
660
560
422
240
7
-261
-540
-812
-1043
-1218
-1314
-1327
-1263
-1109
-885
-624
-343
-54
231
490
712
894
1024
1092
1094
1052
985
905
841
800
792
797
803
800
747
655
525
380
214
33
-149
-345
-547
-720
-842
-913
-932
-896
-796
-629
-415
-191
33
234
397
485
497
428
329
232
135
52
-22
-53
-93
-129
-170
-226
-360
-611
-936
-1304
-1688
-2089
-2475
-2810
-3070
-3236
-3268
-3120
-2807
-2377
-1865
-1310
-758
-245
227
652
1026
1326
1527
1634
1642
1570
1472
1407
1383
1399
1441
1483
1509
1514
1479
1387
1236
1010
727
414
77
-261
-587
-871
-1085
-1218
-1244
-1143
-927
-633
-288
100
485
831
1129
1372
1505
1554
1482
1221
731
177
-209
-458
-656
-871
-856
-638
-330
-33
351
868
1243
1443
1527
1579
1484
1232
871
533
278
43
-169
-243
-153
75
424
764
1031
1257
1455
1551
1500
1364
1158
822
362
-90
-370
-574
-770
-880
-846
-645
-367
-95
187
493
754
901
1008
1003
879
690
471
265
21
-297
-869
-1625
-2436
-3152
-3775
-4447
-5042
-5439
-5633
-5709
-5606
-5239
-4708
-4084
-3401
-2637
-1845
-1158
-567
-2
546
1014
1413
1747
2013
2237
2464
2744
2993
3118
3141
3147
3088
2907
2638
2265
1775
1211
641
82
-451
-960
-1422
-1730
-1892
-1933
-1853
-1632
-1299
-885
-366
179
686
1111
1486
1825
2087
2284
2411
2474
2476
2464
2475
2472
2461
2398
2304
2177
1947
1561
1014
428
-196
-865
-1590
-2284
-2855
-3306
-3602
-3672
-3473
-3096
-2636
-2067
-1362
-562
219
907
1504
2002
2362
2558
2634
2608
2514
2380
2248
2107
1984
1875
1768
1655
1534
1403
1189
861
463
55
-349
-788
-1225
-1633
-1937
-2121
-2201
-2145
-1949
-1631
-1236
-774
-275
223
698
1100
1367
1546
1654
1719
1724
1717
1766
1921
1972
1498
250
-1329
-2638
-3504
-4466
-5728
-6888
-7615
-7978
-8218
-7941
-7113
-6037
-5050
-4057
-2897
-1768
-816
13
816
1552
2022
2326
2599
2807
2989
3288
3762
4116
4244
4327
4519
4670
4597
4314
3815
3035
2091
1173
368
-455
-1367
-2206
-2830
-3213
-3379
-3314
-2972
-2484
-1839
-1031
-157
627
1232
1767
2203
2492
2616
2667
2713
2709
2735
2801
2892
2932
2912
2941
2999
3055
2992
2755
2341
1734
1037
289
-573
-1643
-2848
-3887
-4640
-5086
-5339
-5345
-5062
-4482
-3684
-2777
-1799
-858
7
738
1332
1720
1930
1969
1889
1774
1741
1748
1709
1680
1722
1868
2051
2155
2152
2062
1901
1599
1159
621
-38
-763
-1497
-2101
-2525
-2786
-2896
-2859
-2625
-2204
-1633
-988
-342
316
940
1505
1916
2106
2067
1871
1643
1443
1276
1123
1020
1082
1302
1646
2013
2171
1765
593
-964
-2432
-3701
-5157
-6836
-8278
-9190
-9709
-9924
-9585
-8640
-7345
-5913
-4278
-2445
-719
725
1945
3020
3834
4242
4369
4333
4157
3956
3922
4050
4153
4169
4287
4557
4802
4904
4834
4559
3987
3168
2215
1128
-100
-1435
-2655
-3598
-4258
-4607
-4638
-4323
-3732
-2852
-1715
-487
636
1565
2387
3043
3477
3679
3673
3508
3216
2922
2692
2542
2425
2341
2360
2436
2523
2444
2063
1343
528
-211
-960
-1923
-3127
-4264
-5126
-5694
-6037
-5965
-5501
-4786
-3846
-2657
-1343
-86
1014
1882
2614
3222
3529
3515
3275
2938
2618
2341
2022
1636
1374
1273
1292
1350
1371
1327
1098
666
182
-269
-816
-1493
-2176
-2747
-3101
-3320
-3418
-3330
-2969
-2375
-1558
-615
296
1167
1936
2502
2806
2934
2867
2599
2205
1815
1579
1425
1238
1101
1071
848
53
-1153
-2352
-3339
-4323
-5513
-6719
-7720
-8442
-8956
-9051
-8577
-7740
-6706
-5528
-4166
-2731
-1291
139
1520
2747
3685
4400
4883
5152
5267
5303
5362
5373
5255
5058
4934
4857
4728
4557
4275
3801
3147
2365
1515
618
-356
-1362
-2293
-3105
-3726
-4114
-4250
-4134
-3748
-3090
-2237
-1254
-270
666
1519
2231
2801
3226
3520
3647
3654
3572
3423
3207
2844
2336
1825
1483
1247
937
520
95
-340
-873
-1503
-2067
-2560
-3087
-3591
-3873
-3892
-3774
-3561
-3170
-2565
-1825
-1071
-346
365
1048
1664
2173
2552
2773
2848
2803
2668
2458
2234
2046
1822
1545
1316
1188
1026
754
480
239
24
-232
-533
-819
-1105
-1413
-1680
-1809
-1790
-1697
-1552
-1290
-889
-411
80
594
1122
1596
1965
2225
2373
2463
2449
2251
1830
1177
241
-1091
-2670
-4187
-5468
-6602
-7712
-8631
-9138
-9260
-9125
-8666
-7815
-6723
-5594
-4431
-3180
-1962
-899
8
849
1594
2156
2623
3085
3590
4111
4661
5274
5813
6178
6357
6480
6526
6385
6054
5518
4753
3752
2639
1482
325
-803
-1822
-2607
-3160
-3472
-3532
-3353
-2984
-2471
-1820
-1079
-338
333
931
1456
1875
2170
2384
2561
2694
2840
2979
3034
2955
2825
2769
2730
2628
2413
2133
1714
1074
286
-452
-1118
-1856
-2569
-3123
-3505
-3768
-3873
-3722
-3375
-2862
-2240
-1558
-865
-220
393
926
1346
1607
1736
1772
1723
1625
1558
1551
1511
1435
1419
1490
1525
1493
1445
1387
1261
1017
698
308
-161
-731
-1268
-1668
-1950
-2116
-2177
-2106
-1907
-1575
-1139
-655
-92
530
1120
1523
1741
1867
1936
1876
1657
1367
1012
475
-405
-1680
-3240
-4773
-6027
-7066
-8061
-8959
-9534
-9660
-9435
-8898
-8053
-6963
-5764
-4543
-3287
-2034
-878
129
1041
1898
2630
3229
3776
4272
4707
5149
5691
6260
6688
6943
7082
7135
7025
6700
6153
5376
4397
3314
2226
1133
30
-1019
-1917
-2603
-3056
-3261
-3204
-2946
-2547
-2020
-1359
-643
21
626
1184
1645
2003
2268
2393
2337
2155
1981
1855
1751
1630
1530
1518
1572
1642
1675
1664
1564
1401
1224
978
597
48
-586
-1241
-1839
-2318
-2686
-2901
-2943
-2793
-2474
-2044
-1571
-1110
-628
-134
330
732
1060
1291
1396
1412
1367
1265
1108
935
803
755
801
901
992
1025
985
910
829
720
555
371
201
5
-267
-578
-845
-1061
-1222
-1252
-1109
-875
-647
-394
-27
420
772
944
924
512
-573
-2322
-4220
-5824
-7151
-8464
-9816
-10845
-11249
-11003
-10282
-9114
-7565
-5846
-4098
-2384
-750
648
1748
2593
3232
3651
3791
3749
3629
3530
3540
3768
4278
4932
5562
6136
6733
7276
7577
7535
7102
6323
5289
4108
2826
1453
19
-1389
-2613
-3519
-4038
-4158
-3907
-3343
-2543
-1581
-556
403
1191
1786
2221
2415
2301
1968
1562
1173
747
260
-149
-279
-121
194
645
1252
1891
2413
2752
2891
2864
2636
2136
1427
607
-267
-1144
-1928
-2529
-2868
-2874
-2644
-2232
-1631
-861
-58
668
1256
1697
2000
2050
1881
1597
1245
809
304
-139
-405
-467
-446
-359
-148
184
578
947
1222
1396
1473
1382
1129
783
380
-118
-703
-1223
-1530
-1618
-1641
-1670
-1453
-913
-227
393
904
1235
934
-355
-2377
-4320
-5821
-7281
-9090
-10961
-12225
-12664
-12491
-11860
-10650
-9028
-7237
-5247
-3062
-933
769
2078
3066
3776
4131
4139
4011
3786
3537
3405
3636
4159
4709
5273
5974
6860
7713
8329
8592
8425
7834
6926
5802
4402
2717
884
-882
-2386
-3492
-4186
-4505
-4477
-4126
-3420
-2405
-1236
-90
827
1399
1657
1749
1604
1076
281
-467
-912
-1132
-1216
-1076
-501
358
1237
2279
3479
4471
5085
5486
5619
5376
4774
3755
2407
1051
-133
-1199
-2056
-2668
-3004
-2943
-2525
-1919
-1217
-404
364
956
1399
1756
1889
1561
920
287
-263
-811
-1248
-1467
-1443
-1141
-648
-42
636
1340
2007
2555
2939
3071
2981
2638
2003
1195
372
-369
-1096
-1753
-2176
-2190
-1951
-1678
-1592
-2088
-3416
-5219
-6563
-7340
-8268
-9868
-11590
-12614
-12932
-12899
-12554
-11648
-10332
-8774
-6892
-4666
-2407
-454
1222
2748
4121
5113
5690
6005
6041
5834
5706
5870
6096
6178
6183
6384
6854
7364
7734
7807
7519
6958
6273
5459
4348
2922
1334
-259
-1699
-2869
-3731
-4319
-4631
-4618
-4191
-3417
-2467
-1576
-986
-657
-404
8
391
467
245
59
188
475
791
1210
1863
2542
3311
4251
5114
5651
5811
5757
5515
5192
4577
3527
2298
1092
96
-655
-1225
-1767
-2147
-2224
-2024
-1604
-1077
-492
-54
198
412
658
739
477
80
-264
-458
-546
-578
-562
-399
-9
522
1151
1777
2324
2716
2925
2955
2856
2599
2032
1242
430
-239
-720
-1158
-1591
-1908
-2018
-2320
-3289
-4981
-6869
-8253
-9183
-10272
-11932
-13526
-14318
-14318
-13905
-13191
-12048
-10642
-9035
-7131
-4931
-2759
-837
844
2322
3604
4579
5309
5823
6096
6200
6330
6724
7240
7536
7644
7882
8278
8635
8813
8681
8168
7347
6379
5341
4086
2563
945
-614
-1995
-3109
-3908
-4452
-4743
-4716
-4325
-3705
-3079
-2558
-2131
-1684
-1339
-1064
-742
-384
-107
124
522
1179
1977
2685
3465
4330
5184
5942
6591
6969
6931
6665
6182
5424
4396
3279
2076
838
-214
-1001
-1536
-1916
-2132
-2150
-1916
-1532
-1172
-845
-493
-160
53
144
141
-1
-300
-553
-606
-473
-202
222
716
1238
1844
2492
3079
3423
3574
3559
3369
2921
2282
1655
958
192
-597
-1220
-1770
-2329
-3035
-4147
-5713
-7550
-9148
-10413
-11614
-13127
-14598
-15368
-15412
-15023
-14405
-13352
-11962
-10361
-8450
-6249
-4010
-2002
-204
1428
2904
4113
5064
5826
6344
6725
7159
7735
8351
8795
9024
9216
9459
9626
9641
9429
8892
8095
7121
6004
4658
3045
1326
-358
-1878
-3108
-3985
-4558
-4915
-4998
-4816
-4519
-4199
-3837
-3392
-2945
-2508
-2066
-1543
-953
-435
97
769
1617
2483
3384
4381
5339
6156
6793
7284
7469
7401
7087
6558
5835
4858
3824
2759
1688
660
-153
-784
-1299
-1577
-1687
-1622
-1502
-1368
-1194
-996
-859
-818
-780
-756
-767
-838
-823
-677
-426
-72
351
875
1442
2040
2606
3031
3285
3443
3508
3343
2975
2463
1809
1014
169
-529
-1060
-1502
-2157
-3417
-5369
-7605
-9397
-10625
-11798
-13355
-14953
-15889
-15973
-15494
-14732
-13624
-12222
-10636
-8811
-6678
-4485
-2542
-809
788
2260
3499
4534
5439
6119
6608
7128
7858
8627
9149
9397
9611
9939
10269
10403
10175
9531
8539
7365
6126
4748
3151
1438
-235
-1748
-3014
-3976
-4661
-5135
-5341
-5368
-5312
-5175
-4866
-4397
-4022
-3761
-3474
-2950
-2284
-1643
-936
90
1369
2637
3939
5241
6418
7346
8149
8736
8930
8830
8369
7586
6611
5534
4287
2966
1696
562
-243
-731
-1024
-1243
-1338
-1324
-1340
-1354
-1290
-1183
-1181
-1302
-1414
-1500
-1617
-1720
-1691
-1512
-1114
-461
339
1210
2038
2854
3586
4170
4529
4582
4421
3989
3416
2773
2066
1265
377
-491
-1430
-2706
-4588
-6838
-8833
-10304
-11638
-13152
-14685
-15816
-16203
-15964
-15363
-14430
-13243
-11930
-10401
-8576
-6629
-4782
-3047
-1372
272
1765
3100
4312
5310
6137
6855
7726
8734
9556
10053
10302
10516
10688
10714
10443
9818
8880
7714
6519
5269
3851
2275
644
-874
-2178
-3210
-3933
-4430
-4679
-4901
-5249
-5541
-5578
-5329
-5129
-4987
-4707
-3995
-2988
-1971
-956
320
1835
3121
4394
5712
6869
7593
8116
8461
8372
8179
7702
6865
5928
5205
4493
3649
2854
2084
1533
1124
815
473
193
2
-347
-731
-1024
-1221
-1576
-2068
-2427
-2462
-2309
-2146
-1838
-1416
-794
69
1006
1860
2609
3262
3678
3768
3688
3502
3161
2641
1972
1424
1072
686
185
-346
-1213
-2846
-5163
-7410
-9054
-10334
-11944
-14072
-15785
-16559
-16647
-16359
-15704
-14635
-13318
-11751
-9788
-7556
-5511
-3687
-1932
-274
1249
2559
3710
4689
5428
6019
6742
7745
8764
9413
9736
10148
10677
11028
11080
10767
10065
9102
7988
6775
5330
3600
1730
-79
-1669
-2956
-3924
-4658
-5133
-5583
-6085
-6399
-6323
-5987
-5828
-5699
-5297
-4475
-3405
-2351
-1318
10
1537
2921
4381
5872
7093
7935
8703
9287
9455
9382
8879
7926
6959
6243
5445
4466
3478
2531
1792
1289
888
460
98
-289
-785
-1241
-1540
-1781
-2217
-2746
-3071
-3106
-3034
-2920
-2602
-1994
-1105
-26
1014
1912
2705
3369
3865
4174
4326
4208
3808
3181
2508
1987
1486
885
271
-444
-1779
-3847
-6228
-8257
-9760
-11179
-13009
-15015
-16334
-16831
-16839
-16524
-15810
-14740
-13443
-11810
-9778
-7664
-5747
-3888
-2084
-366
1189
2595
3905
4982
5819
6628
7612
8713
9670
10192
10549
11056
11516
11753
11652
11148
10281
9179
7960
6613
5029
3244
1477
-186
-1666
-2888
-3811
-4539
-5142
-5707
-6317
-6759
-6846
-6622
-6548
-6509
-6122
-5231
-3967
-2781
-1590
-131
1662
3365
4964
6537
7859
8741
9270
9632
9619
9369
8753
7773
6792
6017
5283
4427
3603
2874
2468
2243
2008
1685
1299
900
294
-402
-1066
-1730
-2497
-3264
-3726
-3743
-3502
-3186
-2698
-1943
-990
48
1027
1844
2591
3208
3632
3776
3720
3546
3205
2707
2128
1551
898
-137
-1900
-4204
-6609
-8574
-10044
-11511
-13318
-15076
-16061
-16293
-16090
-15664
-14975
-13996
-12758
-11240
-9485
-7706
-6074
-4524
-3007
-1510
-45
1378
2714
3896
4906
5945
7239
8637
9779
10511
11101
11709
12162
12313
12065
11375
10364
9191
7908
6483
4879
3195
1568
96
-1192
-2184
-2974
-3573
-4284
-5217
-6023
-6383
-6296
-6390
-6623
-6772
-6381
-5467
-4423
-3354
-2037
-408
1071
2678
4483
6123
7222
8198
9102
9515
9735
9509
8705
7667
6948
6320
5504
4724
3918
3264
2760
2392
1952
1482
1024
347
-329
-826
-1230
-1834
-2633
-3305
-3604
-3659
-3654
-3441
-2894
-2080
-1074
6
1016
1953
2733
3375
3792
4050
4176
4025
3644
3189
2851
2516
2028
1229
-106
-2206
-4861
-7323
-9106
-10618
-12517
-14633
-16297
-17028
-17030
-16800
-16246
-15270
-14057
-12663
-10887
-8849
-6983
-5341
-3778
-2195
-706
587
1889
3146
4204
5198
6395
7820
9105
10010
10658
11327
12058
12580
12646
12211
11390
10276
9012
7692
6164
4405
2589
867
-638
-1863
-2839
-3617
-4252
-4991
-5817
-6377
-6522
-6454
-6528
-6730
-6756
-6223
-5272
-4272
-3176
-1711
37
1752
3581
5452
7027
8130
9000
9719
10038
10060
9608
8638
7572
6721
5979
5135
4290
3605
3195
2960
2782
2547
2202
1725
1063
348
-302
-975
-1818
-2765
-3488
-3757
-3703
-3493
-3190
-2709
-1935
-872
345
1446
2313
3075
3639
3915
4005
3919
3694
3207
2576
1918
1116
-265
-2515
-5224
-7770
-9700
-11201
-12747
-14591
-16140
-16852
-16802
-16322
-15586
-14577
-13465
-12207
-10644
-8895
-7308
-5890
-4562
-3320
-2044
-719
708
2132
3389
4570
5913
7523
9181
10482
11340
12068
12728
13121
13123
12636
11667
10395
9002
7625
6165
4529
2851
1254
-187
-1352
-2169
-2737
-3217
-3919
-4807
-5518
-5853
-5880
-6087
-6597
-7013
-6863
-6152
-5249
-4291
-3033
-1391
387
2352
4420
6256
7662
8777
9629
10164
10423
10108
9126
7963
7029
6240
5390
4506
3684
3092
2844
2798
2742
2599
2320
1817
1229
712
150
-684
-1803
-2859
-3525
-3796
-3882
-3777
-3354
-2529
-1360
-131
980
1869
2647
3293
3757
4079
4196
4134
3734
3027
2230
1113
-776
-3428
-6216
-8575
-10387
-11981
-13756
-15448
-16382
-16510
-16184
-15550
-14616
-13502
-12422
-11195
-9675
-8209
-6937
-5722
-4548
-3434
-2349
-1169
189
1527
2736
4095
5773
7587
9252
10486
11433
12338
13003
13265
13042
12352
11300
9966
8523
7041
5406
3670
2021
566
-619
-1475
-2049
-2435
-2953
-3849
-4783
-5403
-5689
-5933
-6442
-6999
-7148
-6712
-5967
-5122
-3920
-2224
-385
1520
3690
5784
7396
8616
9638
10263
10488
10352
9560
8370
7327
6567
5788
4939
4181
3554
3197
3077
3094
3099
2978
2581
1893
1198
485
-404
-1542
-2703
-3570
-4005
-4149
-4152
-3846
-3190
-2180
-956
325
1574
2613
3482
4078
4501
4754
4775
4449
3596
2472
1106
-796
-3536
-6586
-9080
-10950
-12597
-14269
-15775
-16647
-16607
-16122
-15483
-14496
-13300
-12135
-10967
-9576
-8174
-7018
-5944
-4859
-3808
-2813
-1666
-230
1282
2688
4123
5856
7788
9525
10876
11912
12803
13461
13689
13391
12605
11477
10029
8417
6784
5091
3400
1846
495
-628
-1480
-2078
-2496
-3033
-3921
-4790
-5307
-5548
-5968
-6705
-7395
-7629
-7210
-6558
-5791
-4648
-2991
-1078
931
3203
5433
7281
8622
9681
10480
10840
10627
9769
8593
7476
6659
5855
4912
4132
3663
3483
3458
3542
3613
3535
3157
2557
1897
1107
77
-1234
-2473
-3333
-3817
-4078
-4207
-4017
-3349
-2290
-1034
315
1599
2702
3579
4267
4743
4993
4934
4364
3384
2190
535
-1883
-4931
-7842
-10053
-11782
-13408
-15141
-16342
-16590
-16201
-15483
-14481
-13236
-11964
-10784
-9571
-8243
-7137
-6222
-5306
-4393
-3515
-2587
-1406
-18
1338
2660
4280
6238
8213
9868
11107
12167
13047
13511
13479
12910
11845
10450
8834
7161
5494
3821
2216
771
-411
-1299
-1855
-2148
-2374
-2905
-3760
-4510
-4969
-5344
-5974
-6777
-7411
-7506
-7085
-6353
-5396
-4055
-2323
-519
1609
4039
6185
7731
9027
10053
10509
10548
10134
9120
7850
6936
6146
5236
4504
4001
3706
3684
3860
3998
4049
3875
3385
2742
2020
1063
-248
-1638
-2832
-3636
-3942
-3959
-3844
-3415
-2683
-1660
-395
888
1995
2889
3593
4075
4400
4472
4163
3439
2340
675
-1701
-4723
-7577
-9746
-11615
-13558
-15532
-16711
-16819
-16315
-15554
-14493
-13167
-11723
-10318
-8953
-7575
-6462
-5565
-4703
-3875
-3154
-2397
-1414
-261
942
2214
3816
5770
7706
9268
10503
11697
12764
13396
13437
12892
11909
10601
9040
7347
5580
3788
2090
592
-602
-1456
-1973
-2310
-2502
-2827
-3485
-4172
-4610
-4808
-5327
-6069
-6740
-6937
-6630
-6057
-5305
-4214
-2517
-731
1214
3445
5655
7243
8498
9643
10170
10309
10034
9201
7922
6911
6157
5257
4438
3788
3433
3292
3377
3503
3568
3593
3299
2748
2133
1377
280
-981
-2129
-2989
-3437
-3588
-3602
-3390
-2828
-1940
-789
467
1640
2622
3373
3889
4190
4260
4101
3570
2665
1337
-629
-3406
-6521
-8978
-10774
-12493
-14350
-15851
-16510
-16364
-15729
-14894
-13793
-12455
-11114
-9810
-8417
-7119
-6071
-5180
-4305
-3453
-2710
-1802
-694
475
1704
3085
4819
6785
8532
9866
11035
12132
12972
13356
13137
12420
11340
9931
8355
6690
4935
3221
1610
222
-852
-1603
-2094
-2477
-2796
-3360
-4105
-4688
-4951
-5244
-5847
-6478
-6911
-6824
-6342
-5636
-4748
-3367
-1573
305
2386
4569
6490
7848
9081
9972
10323
10303
9785
8744
7576
6713
5847
4967
4222
3770
3623
3678
3883
3955
3918
3715
3170
2422
1650
622
-597
-1725
-2713
-3277
-3465
-3357
-3064
-2540
-1794
-894
99
1080
1978
2535
2919
3189
3334
3316
3003
2381
1130
-923
-3625
-6474
-8769
-10501
-12257
-14300
-15934
-16571
-16340
-15802
-15090
-13987
-12681
-11314
-9862
-8273
-6893
-5853
-4986
-4149
-3282
-2524
-1634
-559
452
1550
2921
4669
6595
8221
9458
10593
11755
12700
13168
13009
12361
11373
10078
8640
7042
5278
3466
1750
315
-786
-1577
-2118
-2552
-3102
-3645
-3976
-4146
-4312
-4785
-5450
-5946
-6033
-5796
-5485
-5044
-4230
-2966
-1487
233
2183
4046
5677
7162
8537
9594
10069
9991
9434
8601
7805
7010
6048
4993
4194
3781
3670
3711
3780
3776
3584
3220
2753
2229
1539
584
-478
-1439
-2171
-2700
-3104
-3283
-3169
-2691
-1931
-1039
-92
819
1619
2265
2810
3223
3419
3324
2901
2199
936
-1185
-3974
-6780
-9010
-10778
-12604
-14642
-16189
-16747
-16507
-15932
-15141
-13871
-12348
-10954
-9524
-7930
-6587
-5534
-4596
-3725
-2920
-2216
-1353
-302
691
1736
3100
4850
6759
8394
9684
10918
12090
12970
13332
13075
12397
11399
10035
8497
6885
5126
3312
1581
83
-1029
-1796
-2287
-2675
-3192
-3700
-4024
-4279
-4577
-5033
-5538
-5880
-6005
-5841
-5499
-4938
-4016
-2744
-1246
527
2476
4272
5895
7365
8613
9450
9801
9611
8991
8232
7479
6708
5844
4985
4243
3754
3558
3512
3508
3493
3341
3007
2609
2102
1322
295
-754
-1638
-2266
-2641
-2834
-2831
-2560
-2066
-1403
-564
358
1298
2088
2657
3059
3246
3252
2997
2436
1561
119
-2121
-4979
-7713
-9838
-11536
-13302
-15210
-16515
-16775
-16291
-15545
-14552
-13233
-11773
-10403
-8946
-7377
-6083
-5022
-4087
-3231
-2445
-1702
-811
212
1237
2356
3811
5601
7419
8945
10146
11283
12367
13099
13300
12891
12002
10812
9353
7779
6162
4421
2621
937
-452
-1447
-2128
-2620
-3077
-3613
-4007
-4158
-4298
-4695
-5363
-5944
-6173
-6084
-5844
-5479
-4833
-3801
-2453
-893
985
2976
4722
6240
7702
8984
9774
10004
9699
8985
8177
7406
6520
5499
4623
4040
3686
3549
3539
3537
3469
3279
2997
2682
2209
1418
374
-642
-1463
-2118
-2576
-2887
-2960
-2569
-1845
-1013
-128
753
1517
2171
2721
3141
3409
3399
3092
2456
1176
-917
-3736
-6673
-8941
-10722
-12661
-14784
-16357
-16976
-16742
-16132
-15243
-13887
-12389
-10936
-9414
-7842
-6481
-5372
-4510
-3684
-2928
-2292
-1411
-478
385
1407
2770
4574
6518
8151
9473
10740
11926
12870
13308
13118
12529
11551
10168
8601
6890
5094
3296
1560
62
-1087
-1904
-2414
-2913
-3439
-3740
-3844
-3906
-4162
-4741
-5360
-5701
-5771
-5629
-5383
-4951
-4215
-3185
-1822
-64
1802
3507
5147
6665
8055
9146
9663
9679
9301
8698
8037
7162
6115
5146
4341
3837
3602
3497
3532
3525
3333
3130
2877
2468
1850
879
-190
-1044
-1751
-2281
-2693
-2908
-2690
-2154
-1524
-742
77
871
1598
2131
2609
2967
3154
3086
2754
2039
697
-1521
-4346
-6880
-8919
-10749
-12657
-14607
-15998
-16485
-16318
-15777
-14872
-13633
-12257
-10935
-9466
-7866
-6544
-5479
-4591
-3813
-3055
-2276
-1365
-390
570
1662
3105
4828
6530
8020
9331
10651
11826
12632
13022
12887
12306
11294
9948
8461
6852
5123
3382
1753
308
-768
-1555
-2111
-2526
-3012
-3434
-3716
-3944
-4251
-4691
-5166
-5516
-5660
-5588
-5341
-4907
-4133
-3001
-1642
-12
1792
3482
5061
6573
7862
8794
9266
9276
8983
8420
7747
7020
6139
5291
4560
4040
3758
3582
3445
3306
3077
2795
2509
2066
1418
571
-373
-1225
-1918
-2449
-2734
-2793
-2585
-2124
-1512
-760
9
757
1389
1897
2295
2611
2687
2500
2200
1745
1141
-53
-2049
-4515
-6705
-8397
-9930
-11607
-13379
-14650
-15244
-15237
-14929
-14325
-13334
-12215
-11076
-9739
-8274
-6960
-5763
-4751
-3824
-2886
-1963
-919
88
952
1984
3342
4939
6501
7752
8843
9929
10846
11517
11881
11789
11331
10546
9478
8307
6988
5520
3984
2417
1040
9
-781
-1460
-2103
-2726
-3295
-3817
-4304
-4746
-5194
-5553
-5796
-5866
-5642
-5185
-4582
-3736
-2527
-1083
530
2192
3790
5214
6440
7558
8315
8603
8589
8309
7759
7161
6546
5881
5281
4738
4393
4209
4096
4001
3793
3518
3156
2592
1838
976
-28
-970
-1704
-2294
-2695
-2931
-2986
-2799
-2347
-1612
-737
79
878
1545
1994
2342
2558
2609
2536
2301
1884
1211
-141
-2146
-4484
-6610
-8093
-9433
-11072
-12684
-13735
-14118
-13991
-13736
-13192
-12273
-11359
-10337
-9089
-7796
-6660
-5739
-4916
-4022
-3175
-2279
-1218
-290
598
1747
3106
4613
6038
7196
8343
9454
10372
11091
11424
11295
10764
9849
8793
7716
6461
5086
3667
2307
1205
302
-458
-1061
-1665
-2210
-2661
-3179
-3687
-4184
-4729
-5228
-5638
-5903
-5848
-5566
-5081
-4264
-3137
-1655
-26
1545
3106
4586
5913
7133
7981
8296
8291
7978
7445
6821
6150
5495
4813
4174
3855
3772
3735
3769
3694
3548
3360
2933
2285
1460
502
-420
-1269
-2026
-2566
-2950
-3139
-3048
-2655
-1903
-950
-73
715
1452
2053
2559
2842
2862
2675
2285
1812
1292
653
-361
-1953
-3926
-5663
-7002
-8204
-9468
-10897
-12083
-12698
-12819
-12701
-12384
-11817
-11115
-10417
-9570
-8459
-7402
-6486
-5572
-4608
-3554
-2446
-1325
-276
642
1630
2886
4298
5586
6639
7520
8352
9091
9597
9892
9877
9543
9008
8280
7432
6497
5430
4285
3162
2132
1279
516
-290
-1123
-1946
-2622
-3101
-3593
-4097
-4523
-4836
-4979
-4915
-4668
-4261
-3684
-2978
-1999
-797
512
1772
2907
4013
4966
5748
6341
6662
6672
6591
6508
6228
5812
5388
5009
4625
4315
4141
4007
3782
3427
3034
2614
2151
1515
698
-210
-1119
-1892
-2456
-2811
-2986
-2892
-2563
-2101
-1530
-846
-159
425
918
1403
1805
1965
1976
1803
1490
1130
758
329
-98
-508
-1206
-2316
-3730
-5084
-6222
-7298
-8466
-9721
-10794
-11469
-11743
-11913
-11884
-11446
-10781
-10039
-9119
-7966
-6787
-5625
-4486
-3320
-2160
-1111
-99
794
1539
2345
3291
4272
5128
5828
6515
7246
7866
8326
8673
8782
8674
8404
7974
7392
6614
5648
4582
3478
2440
1509
586
-402
-1450
-2423
-3100
-3535
-3921
-4214
-4399
-4354
-4082
-3684
-3117
-2428
-1651
-813
129
1143
2110
2822
3387
3979
4483
4948
5257
5319
5242
5197
5220
5180
5051
4933
4848
4613
4342
4055
3635
3098
2403
1739
1180
530
-290
-1170
-2001
-2612
-2938
-3057
-2928
-2629
-2209
-1723
-1280
-827
-305
178
582
935
1177
1310
1280
1106
874
608
316
48
-272
-575
-802
-914
-977
-1370
-2226
-3383
-4565
-5627
-6652
-7825
-9035
-10069
-10875
-11387
-11651
-11522
-10974
-10308
-9483
-8293
-6919
-5553
-4190
-2918
-1655
-491
510
1437
2120
2630
3237
3875
4495
5088
5557
6067
6608
7029
7487
7907
8111
8156
7980
7659
7233
6518
5556
4497
3350
2200
1087
-185
-1472
-2568
-3360
-3753
-4019
-4236
-4206
-3931
-3461
-2793
-2104
-1271
-378
283
987
1806
2492
2938
3269
3590
3914
4173
4329
4375
4290
4329
4452
4460
4433
4389
4260
4051
3775
3426
3067
2549
1814
1067
392
-296
-1053
-1762
-2271
-2547
-2624
-2531
-2336
-2085
-1724
-1368
-1041
-639
-228
173
500
740
931
1022
925
693
420
144
-47
-281
-556
-795
-1027
-1242
-1433
-1606
-1712
-1772
-2054
-2718
-3715
-4806
-5870
-6893
-7902
-8860
-9696
-10304
-10620
-10716
-10409
-9621
-8579
-7430
-6102
-4583
-3138
-1802
-545
566
1455
2187
2838
3246
3504
3784
4138
4481
4759
5063
5403
5767
6078
6368
6637
6715
6556
6197
5687
5030
4156
3089
1881
693
-477
-1552
-2466
-3196
-3631
-3859
-3795
-3501
-2961
-2184
-1289
-387
549
1539
2369
3035
3549
3956
4256
4398
4449
4415
4392
4373
4359
4320
4257
4211
4078
3987
3890
3687
3362
2889
2295
1611
933
270
-397
-1037
-1589
-2044
-2431
-2650
-2690
-2573
-2289
-1910
-1470
-989
-521
-165
150
461
724
926
987
977
865
745
605
371
32
-316
-593
-914
-1213
-1534
-1830
-2101
-2399
-2677
-2889
-3081
-3298
-3509
-3676
-3853
-4161
-4714
-5378
-6037
-6575
-6963
-7291
-7453
-7485
-7320
-7014
-6481
-5704
-4763
-3814
-2957
-1989
-997
-64
819
1576
2163
2584
2879
3086
3169
3193
3242
3323
3362
3413
3456
3510
3575
3582
3653
3649
3497
3216
2865
2477
2004
1478
874
329
-151
-518
-697
-763
-631
-379
-34
394
906
1495
2128
2748
3285
3766
4147
4425
4555
4557
4515
4400
4162
3813
3458
3113
2787
2499
2206
1988
1744
1497
1276
1032
758
444
140
-167
-413
-613
-827
-1065
-1319
-1493
-1594
-1658
-1638
-1531
-1361
-1177
-999
-802
-572
-369
-201
-56
28
80
63
-84
-311
-608
-940
-1273
-1597
-1843
-2039
-2194
-2340
-2458
-2531
-2592
-2641
-2729
-2790
-2856
-2904
-2919
-2896
-2826
-2779
-2705
-2682
-2734
-2971
-3205
-3429
-3583
-3664
-3715
-3670
-3597
-3419
-3274
-2944
-2494
-1938
-1498
-1072
-607
-213
125
416
713
942
1107
1155
1207
1210
1276
1341
1478
1594
1728
1875
2007
2146
2250
2418
2494
2513
2432
2348
2246
2092
1945
1818
1759
1734
1747
1828
1944
2082
2251
2461
2704
2930
3088
3164
3239
3285
3295
3267
3203
3092
2934
2792
2613
2400
2181
1990
1840
1703
1582
1460
1332
1173
1002
830
626
402
125
-146
-401
-632
-819
-958
-1062
-1135
-1151
-1114
-1016
-912
-803
-765
-813
-898
-1016
-1132
-1275
-1394
-1524
-1676
-1845
-2032
-2190
-2322
-2416
-2486
-2538
-2539
-2523
-2475
-2426
-2383
-2364
-2414
-2432
-2508
-2566
-2635
-2671
-2645
-2644
-2574
-2546
-2467
-2385
-2239
-2036
-1857
-1653
-1508
-1362
-1288
-1207
-1146
-1105
-1052
-1014
-947
-925
-905
-874
-812
-717
-573
-391
-202
0
192
379
564
737
852
917
942
965
1012
1077
1184
1306
1459
1623
1839
2052
2272
2461
2644
2804
2895
2956
2974
2993
2968
2937
2878
2836
2782
2729
2716
2695
2659
2616
2555
2488
2419
2326
2227
2120
2020
1905
1799
1664
1494
1328
1178
1068
986
939
911
854
761
656
552
461
359
236
106
-34
-207
-383
-530
-640
-745
-850
-952
-1080
-1225
-1367
-1492
-1619
-1734
-1807
-1876
-1943
-2004
-2072
-2144
-2229
-2277
-2296
-2312
-2334
-2362
-2380
-2358
-2345
-2342
-2298
-2259
-2254
-2291
-2315
-2305
-2295
-2256
-2206
-2146
-2054
-1957
-1822
-1706
-1582
-1440
-1319
-1181
-1088
-992
-949
-882
-794
-681
-510
-396
-259
-128
26
199
339
487
603
667
687
709
754
786
813
811
825
853
856
879
897
953
1023
1117
1236
1319
1428
1534
1637
1695
1721
1721
1695
1683
1677
1680
1672
1698
1721
1768
1821
1854
1875
1874
1873
1850
1798
1743
1686
1636
1585
1520
1451
1367
1298
1211
1150
1090
1008
928
847
806
747
701
647
580
521
441
352
233
95
-56
-195
-298
-374
-420
-443
-458
-459
-480
-533
-598
-671
-716
-759
-803
-863
-955
-1050
-1138
-1217
-1293
-1369
-1466
-1574
-1692
-1789
-1869
-1932
-1970
-2001
-2015
-2023
-2020
-1996
-1961
-1904
-1839
-1799
-1763
-1725
-1670
-1589
-1487
-1396
-1323
-1240
-1144
-1055
-977
-899
-833
-781
-724
-673
-608
-517
-418
-301
-211
-136
-82
-60
-31
7
73
159
242
341
450
576
700
822
940
1038
1124
1169
1190
1196
1223
1251
1284
1304
1313
1312
1287
1246
1188
1151
1121
1118
1114
1133
1137
1151
1163
1182
1197
1196
1214
1181
1136
1064
994
935
904
909
922
938
933
903
859
809
758
706
661
603
526
448
373
311
265
228
179
130
68
-19
-103
-177
-224
-227
-208
-180
-160
-152
-165
-215
-284
-388
-505
-619
-723
-796
-857
-893
-919
-925
-920
-906
-867
-823
-781
-754
-761
-801
-853
-897
-920
-929
-930
-930
-932
-935
-935
-917
-894
-860
-842
-850
-863
-868
-824
-765
-702
-669
-668
-693
-721
-736
-738
-694
-634
-557
-475
-375
-268
-157
-41
68
161
215
243
259
277
294
306
316
335
355
385
424
460
466
467
478
506
545
577
622
650
665
676
681
698
711
712
704
678
651
632
636
657
685
711
727
732
717
690
644
603
557
508
470
435
427
423
422
417
387
353
329
308
300
302
301
275
211
133
69
31
27
34
33
15
-20
-48
-56
-56
-60
-61
-80
-127
-185
-239
-293
-348
-398
-440
-479
-531
-594
-655
-696
-711
-705
-683
-651
-633
-648
-673
-702
-707
-685
-651
-609
-576
-544
-519
-488
-457
-428
-387
-342
-286
-226
-154
-75
8
70
112
142
169
188
191
188
172
152
129
121
126
142
147
126
90
47
23
20
35
52
74
100
109
107
102
116
135
158
183
196
192
174
164
161
160
159
171
198
220
228
223
201
177
151
133
137
147
167
189
199
185
137
69
-6
-82
-133
-152
-148
-138
-141
-133
-106
-55
25
113
196
248
271
281
272
247
202
166
147
143
144
139
130
99
55
-6
-68
-114
-129
-101
-60
-7
33
52
58
32
-15
-65
-104
-128
-161
-192
-222
-233
-217
-171
-122
-95
-88
-102
-102
-75
-35
18
68
106
124
126
132
140
146
136
106
47
-30
-100
-157
-188
-205
-209
-205
-201
-198
-186
-164
-157
-174
-206
-233
-233
-208
-156
-95
-43
-8
-2
-11
-30
-51
-60
-49
-18
5
22
47
79
106
125
133
129
125
126
131
132
125
117
115
123
130
129
124
103
74
35
-7
-41
-65
-81
-89
-79
-39
22
91
150
176
181
160
133
106
73
39
8
-17
-36
-51
-64
-90
-122
-143
-154
-141
-110
-71
-26
15
40
45
44
32
14
-4
-20
-25
-29
-35
-46
-64
-80
-83
-66
-35
0
40
72
91
91
85
81
92
117
132
138
128
106
79
45
13
-28
-74
-108
-128
-121
-103
-79
-59
-50
-44
-41
-44
-53
-63
-74
-92
-104
-115
-125
-127
-120
-113
-101
-82
-67
-48
-35
-27
-26
-23
-16
-10
8
32
64
102
130
147
151
144
129
107
83
57
40
34
37
41
36
21
-8
-34
-49
-44
-10
46
102
141
155
154
151
135
109
80
60
56
63
74
86
91
90
91
94
91
78
73
69
56
43
18
-3
-12
-20
-28
-38
-60
-89
-127
-172
-205
-217
-209
-198
-188
-178
-162
-131
-95
-71
-64
-66
-77
-92
-95
-87
-65
-43
-23
-10
-8
-5
7
19
25
15
-11
-46
-78
-98
-100
-82
-49
-14
21
48
68
79
72
57
37
19
-4
-28
-55
-79
-88
-78
-59
-34
-10
4
16
31
53
75
97
118
133
135
118
98
91
98
104
106
104
95
88
84
86
90
99
110
116
126
137
139
140
139
134
126
106
82
60
37
9
-18
-43
-52
-50
-55
-53
-47
-36
-21
-8
12
21
19
9
-5
-17
-33
-43
-52
-65
-86
-114
-135
-151
-159
-164
-168
-177
-177
-170
-154
-135
-117
-99
-92
-86
-75
-61
-45
-39
-47
-71
-100
-126
-139
-126
-98
-69
-46
-36
-36
-45
-56
-58
-50
-36
-24
-15
-10
-11
-17
-22
-23
-22
-18
-9
3
9
13
11
6
5
5
13
31
59
89
114
134
152
159
152
128
97
77
75
88
111
128
133
125
113
97
87
92
105
125
146
154
157
149
126
101
80
66
62
60
65
72
72
60
27
-11
-37
-45
-35
-16
2
9
11
4
-18
-53
-82
-89
-80
-64
-50
-37
-39
-51
-63
-71
-68
-66
-72
-68
-58
-46
-44
-53
-64
-76
-91
-104
-105
-99
-90
-86
-76
-63
-47
-28
-16
-11
-17
-28
-41
-52
-54
-52
-47
-40
-34
-26
-16
3
30
54
70
76
77
70
57
47
44
47
46
39
31
19
8
2
-1
7
23
35
38
32
18
7
4
5
9
19
31
37
31
16
2
-11
-17
-17
-15
-17
-22
-27
-31
-39
-49
-55
-60
-61
-51
-30
-9
1
-3
-13
-19
-21
-18
-13
-2
6
8
8
7
15
37
60
78
85
82
76
69
65
67
74
80
78
65
48
32
25
22
16
11
1
-14
-26
-32
-32
-26
-17
-6
-1
-4
-13
-22
-26
-23
-24
-24
-24
-27
-31
-31
-23
-18
-19
-24
-21
-11
-8
-6
-4
-2
-1
-2
-1
-3
-9
-19
-36
-45
-46
-44
-33
-29
-26
-25
-36
-46
-53
-50
-45
-43
-47
-58
-65
-61
-55
-40
-22
-12
-5
-3
-2
0
1
2
6
17
32
47
67
86
95
99
89
74
68
64
60
51
43
41
44
58
74
89
99
93
88
76
62
48
30
12
-1
-3
8
22
29
25
14
8
10
13
21
23
20
10
-8
-23
-36
-45
-57
-65
-66
-63
-62
-62
-65
-74
-88
-107
-122
-133
-130
-119
-109
-96
-83
-68
-42
-10
16
40
56
59
49
28
3
-26
-58
-86
-110
-122
-114
-98
-74
-37
1
30
39
31
9
-17
-28
-24
-19
-12
-11
-17
-23
-24
-10
9
28
47
64
82
98
108
114
116
117
119
122
119
112
98
77
61
57
58
67
73
75
74
62
42
24
7
-1
2
8
23
34
43
52
60
71
82
88
86
75
51
23
-2
-24
-47
-62
-67
-74
-83
-94
-102
-106
-109
-112
-116
-113
-111
-109
-103
-95
-86
-81
-79
-75
-70
-60
-51
-42
-30
-9
12
22
19
0
-33
-62
-85
-99
-106
-110
-102
-82
-59
-28
0
24
42
52
64
64
52
33
12
-4
-16
-25
-22
-14
0
18
31
46
64
78
82
77
75
70
63
59
62
70
71
62
47
33
30
41
55
68
78
86
86
78
52
20
-12
-39
-53
-50
-31
3
46
92
133
162
165
142
103
53
3
-41
-69
-82
-73
-57
-44
-39
-44
-49
-56
-60
-61
-59
-62
-70
-75
-76
-67
-59
-49
-36
-22
-2
22
40
47
39
19
-2
-27
-49
-60
-58
-51
-44
-49
-64
-81
-88
-76
-47
-10
24
47
49
29
-2
-37
-75
-109
-123
-120
-106
-85
-55
-18
16
42
59
68
65
60
55
43
33
32
32
33
36
40
44
42
40
42
47
50
50
46
34
19
8
5
6
2
0
5
13
23
36
65
96
127
152
162
156
131
89
49
7
-35
-70
-87
-84
-66
-37
-5
14
12
-5
-30
-48
-62
-71
-67
-63
-64
-62
-48
-28
-8
5
17
25
30
35
32
27
28
31
30
28
16
-3
-16
-34
-50
-71
-96
-107
-102
-82
-51
-13
23
42
40
23
-2
-25
-41
-50
-54
-58
-61
-49
-28
-3
18
33
33
17
-4
-31
-53
-62
-65
-63
-59
-53
-48
-38
-15
10
31
46
50
44
30
13
-3
-14
-15
-17
-19
-17
-9
8
34
63
93
116
134
138
123
105
84
62
34
12
-7
-18
-22
-24
-20
-9
3
16
23
18
2
-18
-36
-46
-50
-43
-25
5
41
71
86
81
65
53
45
45
41
37
37
38
34
27
23
21
18
3
-28
-66
-96
-105
-88
-52
-6
42
78
91
84
59
18
-31
-81
-123
-155
-167
-153
-122
-78
-30
13
42
46
25
-15
-59
-94
-105
-100
-84
-57
-25
7
27
33
30
20
3
-17
-34
-51
-70
-84
-90
-88
-78
-67
-52
-40
-25
-4
13
32
57
83
104
113
105
84
54
24
2
-5
7
22
40
56
69
77
84
86
74
51
18
-23
-58
-80
-84
-68
-37
5
47
79
98
102
98
91
81
73
69
69
71
77
78
74
65
51
30
8
-13
-29
-36
-41
-42
-33
-14
16
43
54
40
2
-48
-101
-140
-152
-132
-87
-34
6
20
17
-1
-22
-36
-42
-48
-54
-61
-63
-57
-41
-20
2
16
18
9
-7
-24
-41
-57
-69
-78
-83
-77
-62
-52
-45
-38
-24
-9
6
22
42
69
99
122
135
131
111
83
47
8
-31
-63
-82
-87
-75
-49
-18
9
20
14
-6
-42
-80
-109
-121
-115
-96
-60
-17
29
73
100
108
103
88
67
45
26
14
13
22
30
36
40
41
30
18
8
2
4
5
6
13
27
45
60
66
60
41
8
-25
-50
-57
-46
-22
9
38
64
83
89
80
51
9
-31
-62
-73
-66
-43
-6
34
63
77
71
45
11
-28
-62
-86
-97
-88
-62
-29
0
20
34
40
40
37
28
18
7
-2
-10
-16
-12
2
24
47
66
70
53
15
-37
-94
-132
-141
-118
-75
-26
8
13
-9
-52
-101
-139
-153
-139
-105
-60
-23
-6
-3
-8
-14
-23
-32
-39
-37
-29
-13
5
21
34
49
59
58
54
45
27
9
-14
-30
-32
-16
12
41
69
83
86
78
60
39
18
1
-4
4
22
48
68
84
88
73
44
14
-11
-17
-10
3
21
41
63
84
104
112
104
82
44
0
-34
-48
-42
-18
14
39
52
54
40
18
-5
-29
-46
-56
-55
-40
-13
19
48
70
85
84
58
18
-27
-67
-91
-98
-88
-65
-36
-15
-11
-25
-57
-97
-128
-145
-146
-129
-109
-85
-64
-56
-59
-68
-75
-81
-83
-79
-64
-43
-17
12
39
59
69
66
59
42
19
-13
-46
-66
-68
-54
-28
3
30
47
51
42
29
15
6
0
-4
0
13
36
62
87
103
108
104
92
77
62
49
41
38
35
35
42
51
62
72
78
72
50
23
-3
-12
-9
14
48
74
89
84
61
26
-11
-39
-55
-60
-52
-34
-10
26
60
84
85
61
19
-38
-89
-124
-136
-118
-86
-52
-30
-23
-28
-46
-69
-98
-124
-142
-153
-152
-139
-119
-93
-70
-54
-42
-33
-16
10
36
61
77
87
88
82
76
73
73
70
53
26
-13
-52
-74
-80
-73
-48
-9
37
73
90
74
34
-11
-45
-61
-59
-43
-18
14
45
67
79
82
78
62
35
-1
-33
-55
-59
-45
-17
16
48
82
100
92
67
37
8
-9
-10
9
38
60
66
49
19
-15
-45
-63
-70
-68
-57
-37
-5
36
81
120
137
125
89
43
3
-25
-38
-41
-35
-32
-33
-35
-38
-41
-40
-45
-58
-74
-93
-110
-117
-113
-96
-74
-50
-32
-15
1
17
34
51
65
75
81
83
79
70
63
56
50
42
17
-21
-65
-107
-136
-147
-128
-82
-25
30
59
61
35
-6
-45
-67
-70
-58
-31
2
35
61
74
73
61
35
1
-34
-63
-71
-55
-18
23
60
89
101
97
77
50
30
21
27
43
65
81
79
61
27
-12
-53
-85
-100
-98
-78
-48
-14
25
61
84
92
82
59
27
-3
-25
-40
-46
-52
-54
-53
-44
-28
-9
10
22
22
6
-21
-51
-76
-91
-90
-72
-47
-19
8
31
43
49
50
46
36
23
11
2
5
21
44
65
72
61
27
-19
-65
