2
1
1
0
-1
-1
-1
-1
0
-1
0
0
0
1
0
1
1
-1
-1
0
0
1
1
0
-2
-3
-1
2
5
7
5
0
-6
-10
-7
-1
7
11
9
1
-7
-10
-6
1
6
8
4
-3
-7
-7
-3
2
5
4
0
-2
-2
-2
1
2
2
1
0
1
0
0
0
-2
-2
-1
0
2
4
3
1
-1
-1
-1
0
0
0
0
0
0
1
1
0
-1
0
-1
0
0
0
0
-1
0
1
0
0
0
0
0
0
0
-1
0
1
0
0
1
0
-1
1
0
-1
0
0
0
0
1
1
0
0
0
-1
0
0
1
1
1
0
0
-1
-1
0
0
0
0
1
0
0
0
-1
0
0
1
0
0
0
0
0
0
0
0
0
0
0
1
1
0
0
-2
-1
0
1
2
2
1
-1
-2
-1
0
1
2
0
0
-2
-2
-1
1
2
1
0
-1
-1
-1
0
0
1
1
0
0
-1
-1
0
0
0
0
0
0
0
0
-1
0
0
0
1
0
0
0
0
0
0
1
1
0
-1
-1
0
0
0
-1
0
0
0
0
0
-1
0
0
0
0
-1
0
0
0
0
0
0
0
0
0
1
0
0
0
0
0
1
1
0
0
0
-1
0
0
0
0
0
-1
-1
-1
-1
-1
-1
-1
-1
-1
-1
-1
-1
-1
-1
-1
-1
-1
-1
-1
-1
-1
0
0
-1
0
0
0
0
0
0
0
0
0
0
0
0
0
0
0
0
1
0
1
0
0
0
1
1
0
0
0
0
1
1
0
0
0
1
1
0
0
1
1
1
1
2
2
2
2
1
2
1
2
1
2
0
1
1
0
0
0
-1
-3
-4
-4
-4
-3
-4
-4
-5
-6
-7
-7
-9
-9
-9
-9
-10
-11
-11
-12
-12
-14
-13
-13
-12
-13
-13
-13
-14
-12
-9
-8
-6
-5
-5
-5
-5
-5
-4
-2
1
2
2
2
6
8
11
11
12
12
13
14
16
17
19
19
20
21
21
23
23
22
20
20
18
17
14
10
10
10
9
5
3
1
2
1
-2
-5
-7
-7
-7
-8
-12
-16
-16
-14
-11
-11
-14
-17
-15
-13
-14
-16
-16
-10
-8
-9
-14
-16
-13
-10
-10
-12
-16
-15
-11
-9
-12
-14
-16
-18
-22
-27
-30
-31
-29
-24
-24
-26
-27
-23
-16
-10
-7
-7
-4
1
10
21
30
35
36
37
39
46
54
67
80
89
94
96
97
100
106
116
127
134
145
155
159
157
153
155
163
169
166
147
122
102
89
78
68
64
72
75
59
26
-5
-20
-23
-36
-69
-109
-134
-145
-156
-171
-190
-213
-236
-255
-273
-291
-314
-336
-364
-392
-403
-392
-369
-355
-342
-313
-273
-240
-223
-208
-184
-150
-108
-74
-50
-35
-12
24
64
93
108
121
138
154
161
162
163
169
181
188
180
162
148
147
149
140
126
116
110
107
111
130
152
158
151
144
148
172
203
226
231
228
231
238
234
214
201
204
208
202
184
167
159
161
154
126
84
55
48
57
52
23
-8
-27
-24
-17
-29
-54
-73
-64
-34
-11
-12
-22
-4
38
69
65
32
14
38
75
85
55
9
-13
-9
-20
-77
-151
-189
-164
-113
-93
-102
-114
-98
-76
-97
-179
-301
-440
-606
-790
-949
-1001
-918
-786
-731
-770
-809
-771
-680
-621
-597
-544
-407
-203
-24
76
107
146
238
344
408
412
421
475
550
586
550
475
412
394
394
365
306
246
225
230
223
184
132
91
73
76
86
90
69
36
21
36
61
73
88
139
223
299
327
318
303
317
352
370
354
326
326
352
367
331
251
182
148
142
132
110
91
86
107
117
88
35
-6
-12
-7
-5
-12
-15
-6
13
32
31
10
-5
-1
9
-1
-31
-68
-87
-84
-70
-67
-77
-81
-70
-76
-128
-204
-260
-271
-279
-320
-377
-414
-407
-380
-379
-439
-565
-689
-723
-632
-461
-309
-198
-108
-13
36
-46
-226
-374
-370
-325
-435
-670
-765
-538
-238
-201
-451
-690
-689
-536
-407
-373
-340
-215
0
196
246
170
102
174
343
481
537
554
600
667
713
696
608
514
480
524
572
537
399
238
159
181
235
236
178
117
110
139
156
118
62
70
166
299
380
401
413
455
521
557
548
519
520
572
620
607
529
449
414
405
367
267
143
46
-1
-16
-55
-126
-189
-201
-182
-180
-211
-247
-242
-196
-150
-128
-126
-105
-59
-27
-42
-82
-110
-131
-170
-213
-206
-149
-130
-175
-224
-223
-243
-402
-619
-681
-518
-323
-340
-532
-643
-535
-355
-273
-253
-150
112
409
444
-153
-1311
-2286
-2254
-1296
-445
-438
-1012
-1426
-1461
-1439
-1572
-1708
-1525
-962
-229
279
332
62
-178
-105
218
594
871
1083
1323
1544
1621
1443
1113
843
791
948
1136
1190
1037
786
568
419
290
147
48
51
142
221
192
63
-62
-89
-86
-163
-284
-233
85
452
606
528
420
426
520
601
614
632
734
906
1003
905
669
457
367
352
328
282
243
210
161
83
-26
-145
-227
-247
-224
-199
-190
-195
-199
-192
-175
-160
-157
-153
-113
-28
47
59
22
-7
-11
-10
-9
-5
-17
-57
-117
-195
-293
-391
-441
-431
-429
-507
-625
-668
-579
-438
-378
-470
-629
-672
-521
-285
-139
-106
-68
59
238
345
360
360
207
-460
-1660
-2598
-2405
-1287
-415
-627
-1538
-2236
-2375
-2222
-2071
-1815
-1341
-737
-226
-29
-94
-263
-258
67
632
1257
1668
1817
1792
1736
1706
1649
1598
1581
1641
1720
1704
1513
1138
725
427
325
346
337
242
82
-70
-192
-283
-334
-336
-239
-59
146
308
376
291
109
75
363
801
975
750
420
343
508
630
584
498
537
643
625
379
5
-237
-220
-41
65
-18
-168
-261
-259
-257
-311
-379
-398
-295
-124
10
21
-61
-113
-74
25
98
113
82
54
67
113
142
75
-36
-107
-114
-134
-236
-350
-410
-388
-362
-399
-502
-609
-608
-506
-407
-422
-504
-488
-374
-258
-228
-237
-184
-61
60
13
-141
-130
157
459
441
189
3
64
305
420
-63
-1368
-2761
-3061
-2004
-731
-517
-1375
-2407
-2895
-2775
-2262
-1569
-941
-532
-355
-302
-270
-196
3
397
1025
1746
2206
2167
1796
1557
1686
2011
2234
2221
2036
1772
1496
1238
982
731
538
451
404
282
36
-257
-467
-514
-417
-292
-233
-228
-200
-105
24
136
182
165
217
454
778
925
777
496
359
482
728
876
805
584
381
298
267
155
-29
-160
-166
-132
-180
-318
-470
-530
-452
-301
-207
-242
-334
-347
-229
-65
27
18
-24
-12
80
167
152
45
-42
-31
27
44
-15
-106
-177
-213
-239
-288
-356
-418
-448
-446
-440
-443
-470
-533
-587
-571
-507
-484
-470
-319
-62
54
-140
-422
-461
-213
122
324
279
54
-134
-72
195
373
313
204
258
367
271
-88
-603
-1204
-1765
-2022
-1810
-1383
-1173
-1383
-1896
-2387
-2514
-2113
-1413
-835
-580
-557
-577
-515
-262
229
814
1291
1550
1606
1579
1596
1763
2039
2280
2361
2244
1973
1650
1407
1314
1303
1230
1010
685
342
58
-112
-172
-178
-190
-229
-314
-430
-492
-411
-196
43
183
160
-16
-218
-179
254
810
997
706
310
200
399
668
843
881
757
502
243
95
50
36
39
50
-6
-198
-452
-599
-563
-403
-258
-243
-362
-502
-555
-476
-292
-110
-36
-111
-234
-264
-189
-84
-4
58
91
39
-102
-237
-263
-199
-125
-95
-151
-252
-357
-426
-417
-352
-265
-240
-337
-490
-591
-582
-497
-325
-104
-59
-315
-655
-709
-311
235
469
268
-120
-363
-295
70
547
764
535
123
-26
160
349
273
-124
-809
-1586
-2091
-1992
-1382
-861
-970
-1725
-2555
-2786
-2226
-1296
-632
-511
-787
-1086
-1001
-405
459
1208
1543
1501
1389
1422
1671
2084
2501
2734
2634
2253
1839
1651
1715
1822
1774
1459
932
378
-21
-120
-13
30
-107
-389
-692
-871
-854
-678
-464
-344
-397
-547
-559
-333
31
364
543
590
565
526
575
740
965
1142
1154
979
709
489
413
437
447
338
91
-196
-393
-441
-414
-404
-443
-541
-670
-753
-746
-651
-501
-363
-303
-353
-453
-490
-377
-131
107
205
120
-39
-106
-11
155
222
143
-10
-136
-201
-240
-260
-262
-279
-350
-486
-623
-675
-576
-388
-278
-366
-613
-778
-664
-349
-59
46
-35
-209
-322
-187
195
496
494
448
622
831
699
292
89
321
594
264
-833
-2162
-2911
-2587
-1556
-848
-1297
-2709
-3829
-3658
-2453
-1242
-750
-925
-1300
-1430
-1022
-131
878
1604
1864
1783
1625
1692
2143
2827
3402
3526
3114
2448
1960
1926
2211
2357
2031
1300
520
8
-170
-152
-150
-301
-618
-1004
-1281
-1316
-1119
-823
-569
-415
-435
-629
-712
-323
454
1064
1146
881
677
769
1098
1490
1763
1739
1411
985
699
653
695
624
402
59
-349
-721
-901
-815
-621
-566
-740
-1019
-1214
-1213
-990
-651
-378
-337
-505
-639
-501
-116
263
435
396
260
157
203
402
594
609
438
189
-30
-176
-249
-271
-325
-462
-652
-832
-905
-842
-757
-816
-1064
-1211
-1005
-633
-464
-592
-635
-443
-227
-158
-276
-283
79
698
1149
1045
618
457
775
1316
1617
1366
348
-1392
-2943
-3102
-1799
-514
-674
-2185
-3872
-4681
-4251
-2857
-1363
-766
-1330
-2285
-2575
-1752
-246
1143
1879
1904
1530
1274
1616
2612
3756
4356
4120
3342
2590
2326
2618
3087
3188
2641
1607
548
-80
-152
54
106
-253
-921
-1575
-1923
-1882
-1520
-1017
-666
-680
-991
-1226
-997
-239
695
1310
1400
1141
893
1024
1555
2111
2331
2154
1774
1380
1074
938
934
878
594
73
-504
-905
-1039
-972
-890
-947
-1192
-1504
-1654
-1529
-1226
-954
-808
-728
-668
-581
-380
-58
304
561
621
545
482
557
731
853
816
604
310
19
-190
-277
-306
-404
-630
-937
-1193
-1320
-1293
-1174
-1078
-1086
-1200
-1303
-1258
-978
-525
-215
-217
-299
-305
-197
-17
226
531
773
863
813
829
1029
1215
1222
1104
959
630
-308
-1764
-2872
-2844
-1922
-1236
-1612
-2898
-4205
-4629
-3848
-2404
-1357
-1272
-1794
-2153
-1850
-896
376
1507
2114
2142
1918
1918
2420
3311
4157
4469
4120
3386
2754
2610
2877
3121
2906
2121
1070
227
-157
-170
-132
-324
-795
-1399
-1884
-2042
-1844
-1466
-1104
-851
-763
-842
-922
-713
-26
897
1497
1503
1199
1035
1262
1766
2210
2369
2168
1694
1208
929
846
812
644
288
-196
-726
-1132
-1266
-1143
-997
-1069
-1356
-1628
-1654
-1433
-1099
-790
-643
-624
-568
-372
-38
318
595
747
746
629
536
598
776
903
824
508
135
-150
-326
-407
-462
-587
-821
-1105
-1295
-1311
-1235
-1211
-1285
-1359
-1330
-1145
-827
-487
-295
-310
-367
-245
44
299
385
367
436
594
731
842
947
1035
1069
963
787
696
500
-361
-1849
-2963
-2899
-2067
-1602
-2051
-3112
-4173
-4554
-3859
-2533
-1553
-1445
-1863
-2048
-1594
-645
443
1385
1983
2160
2079
2113
2585
3403
4126
4388
4095
3437
2840
2667
2865
3019
2754
2022
1087
306
-113
-205
-207
-368
-767
-1306
-1759
-1909
-1726
-1374
-1049
-831
-731
-720
-666
-342
278
893
1243
1347
1365
1401
1489
1666
1892
2044
1987
1668
1237
907
741
618
416
108
-312
-751
-1066
-1170
-1146
-1147
-1224
-1336
-1429
-1458
-1364
-1137
-810
-482
-266
-181
-136
-18
250
574
816
883
770
618
577
667
734
660
452
158
-205
-529
-633
-548
-526
-744
-1106
-1400
-1500
-1446
-1301
-1098
-984
-1153
-1445
-1441
-1005
-435
-113
-65
-66
10
79
98
146
426
917
1203
1071
744
702
1103
1487
1462
1193
1023
721
-424
-2300
-3670
-3493
-2174
-1222
-1737
-3499
-5149
-5366
-4042
-2272
-1349
-1567
-2174
-2338
-1726
-518
834
1884
2337
2251
2083
2279
2947
3856
4623
4872
4412
3526
2822
2736
3101
3308
2912
1923
746
-136
-469
-346
-192
-440
-1141
-1886
-2251
-2165
-1788
-1329
-983
-910
-1121
-1256
-906
-81
800
1322
1418
1292
1228
1395
1778
2218
2460
2353
1981
1551
1240
1065
939
755
378
-197
-760
-1090
-1170
-1160
-1222
-1400
-1642
-1841
-1889
-1699
-1346
-1000
-756
-644
-579
-430
-145
240
593
807
862
827
788
765
798
882
932
839
513
71
-304
-501
-490
-409
-480
-799
-1243
-1539
-1506
-1214
-904
-809
-948
-1255
-1485
-1220
-556
-39
-14
-316
-509
-359
-9
250
331
475
755
848
582
332
635
1332
1790
1588
949
450
84
-839
-2338
-3344
-3066
-2118
-1736
-2341
-3488
-4458
-4665
-3826
-2407
-1377
-1231
-1662
-1970
-1547
-364
1046
2053
2404
2304
2154
2305
2912
3833
4578
4696
4143
3322
2766
2718
2921
2948
2567
1759
744
-94
-484
-475
-412
-612
-1083
-1625
-1988
-1985
-1642
-1198
-904
-804
-771
-596
-188
288
669
994
1343
1628
1691
1614
1610
1681
1744
1727
1615
1435
1152
755
335
8
-243
-516
-826
-1089
-1270
-1441
-1597
-1628
-1531
-1426
-1368
-1334
-1243
-1043
-755
-416
-82
161
302
399
526
680
778
828
898
948
861
645
429
299
235
120
-111
-400
-693
-925
-1017
-1020
-1053
-1178
-1324
-1343
-1186
-936
-734
-651
-686
-724
-545
-115
289
387
179
32
172
369
446
469
478
493
479
411
370
561
1041
1362
1194
781
600
566
-169
-1842
-3420
-3628
-2525
-1588
-1820
-2901
-4012
-4547
-4213
-3009
-1665
-1110
-1342
-1701
-1551
-771
346
1476
2168
2299
2169
2125
2441
3153
3979
4417
4165
3455
2742
2433
2576
2767
2621
1973
1026
193
-295
-426
-409
-502
-814
-1273
-1668
-1835
-1694
-1306
-906
-646
-549
-505
-369
-66
491
1181
1620
1604
1345
1227
1397
1691
1874
1825
1590
1273
956
693
458
225
-64
-406
-731
-1011
-1254
-1409
-1410
-1319
-1286
-1351
-1426
-1398
-1211
-927
-616
-381
-257
-158
39
361
649
755
704
654
693
745
716
606
471
345
203
-19
-300
-570
-748
-816
-838
-879
-952
-1036
-1091
-1109
-1107
-1088
-988
-759
-566
-583
-678
-548
-85
463
651
301
-203
-300
37
526
959
1087
787
261
-142
-57
585
1410
1931
1855
1219
341
-633
-1847
-2946
-3129
-2251
-1298
-1381
-2636
-4155
-4912
-4415
-2880
-1321
-824
-1434
-2221
-2204
-1147
408
1718
2290
2113
1637
1564
2235
3330
4283
4584
4127
3273
2518
2284
2618
3038
2982
2266
1127
84
-417
-345
-97
-125
-576
-1248
-1787
-1981
-1731
-1188
-747
-625
-714
-735
-476
24
558
984
1274
1399
1353
1290
1391
1632
1776
1693
1490
1255
1008
760
508
223
-102
-434
-727
-970
-1172
-1323
-1404
-1401
-1353
-1326
-1321
-1261
-1108
-905
-706
-507
-280
-54
144
336
502
615
682
731
761
726
623
500
409
325
161
-86
-343
-569
-770
-914
-932
-883
-907
-1048
-1201
-1198
-1032
-830
-675
-572
-450
-305
-236
-206
-110
57
227
323
361
308
177
139
322
684
864
684
374
199
379
927
1466
1454
748
-15
-418
-1015
-2249
-3426
-3470
-2525
-1711
-1880
-3011
-4261
-4655
-3784
-2160
-947
-801
-1354
-1732
-1269
-53
1288
2149
2378
2235
2098
2334
2979
3692
4155
4175
3754
3095
2506
2283
2391
2454
2160
1451
518
-295
-663
-621
-510
-615
-1004
-1491
-1809
-1795
-1443
-956
-600
-427
-350
-245
36
497
975
1331
1557
1631
1574
1521
1552
1624
1635
1533
1336
1059
713
363
69
-170
-397
-676
-1005
-1264
-1400
-1463
-1462
-1403
-1330
-1279
-1229
-1120
-918
-662
-433
-226
1
235
441
569
627
690
734
764
789
747
601
399
233
126
26
-169
-490
-775
-921
-950
-920
-942
-1033
-1132
-1156
-1034
-906
-903
-898
-746
-480
-212
11
118
113
113
138
174
315
511
618
453
204
379
725
699
425
343
734
1302
1520
1324
743
-579
-2842
-4892
-4728
-2317
-200
-690
-3386
-5769
-6115
-4518
-2169
-616
-550
-1566
-2549
-2351
-837
1228
2670
2899
2413
1952
2003
2646
3707
4797
5216
4652
3447
2384
2150
2637
3178
3088
2149
777
-440
-1003
-825
-370
-237
-736
-1563
-2161
-2252
-1838
-1213
-652
-330
-355
-489
-357
198
981
1637
1984
1969
1711
1535
1644
1983
2243
2166
1770
1253
830
528
297
108
-160
-580
-1073
-1468
-1648
-1669
-1615
-1521
-1453
-1467
-1544
-1536
-1285
-855
-446
-206
-102
13
238
538
802
972
994
883
757
704
674
623
553
429
207
-116
-506
-818
-951
-1003
-1076
-1207
-1364
-1465
-1479
-1391
-1236
-1127
-1046
-879
-642
-512
-524
-442
-71
459
662
350
-35
-61
313
853
1116
867
410
205
424
908
1394
1589
1250
586
-39
-699
-1744
-3093
-3815
-3393
-2463
-2031
-2743
-4082
-4925
-4667
-3482
-2180
-1383
-1272
-1578
-1594
-856
497
1745
2371
2536
2536
2643
3023
3592
4252
4741
4741
4183
3349
2780
2695
2825
2736
2192
1293
246
-545
-751
-596
-548
-908
-1484
-1868
-1939
-1776
-1485
-1148
-826
-554
-298
-48
284
742
1193
1603
1962
2090
1941
1740
1780
2000
2086
1898
1495
1044
658
355
101
-191
-548
-981
-1416
-1703
-1810
-1824
-1788
-1710
-1639
-1637
-1636
-1476
-1125
-701
-330
-73
79
206
411
697
967
1114
1074
898
763
779
808
693
454
168
-105
-366
-612
-818
-984
-1101
-1216
-1339
-1414
-1434
-1394
-1316
-1233
-1117
-932
-672
-357
-144
-137
-162
102
709
1192
1142
668
183
120
584
1171
1271
721
74
-223
-116
413
1048
1353
1148
524
-75
-535
-1417
-2985
-4316
-4027
-2368
-1219
-1908
-3772
-5071
-4934
-3625
-1919
-787
-662
-1222
-1664
-1195
153
1662
2588
2716
2437
2274
2534
3118
3802
4387
4515
4016
3098
2284
2100
2402
2610
2326
1473
333
-599
-938
-733
-457
-532
-1024
-1606
-1924
-1871
-1490
-993
-570
-300
-225
-198
2
403
944
1541
1972
1990
1651
1368
1438
1750
1951
1814
1400
886
458
189
23
-127
-405
-857
-1304
-1572
-1640
-1644
-1628
-1540
-1437
-1399
-1375
-1235
-968
-647
-361
-142
62
265
462
654
825
943
945
810
664
619
645
628
528
354
69
-260
-559
-764
-851
-906
-972
-1086
-1251
-1346
-1245
-1027
-883
-847
-827
-710
-443
-166
-32
-25
32
296
560
537
382
388
560
656
533
363
418
651
784
686
479
385
634
1138
1512
1297
-104
-2609
-4777
-4812
-2567
-257
-279
-2733
-5469
-6252
-4726
-2227
-560
-562
-1523
-2358
-2270
-1083
626
2043
2593
2381
1976
1868
2262
3070
4080
4801
4675
3698
2454
1827
2189
2933
3205
2575
1237
-150
-946
-883
-294
127
-183
-1132
-2000
-2266
-1900
-1214
-636
-342
-351
-531
-565
-266
369
1157
1783
1958
1634
1212
1139
1493
1980
2132
1829
1275
757
472
362
305
121
-329
-911
-1379
-1579
-1590
-1556
-1495
-1444
-1437
-1498
-1567
-1462
-1136
-683
-276
-62
-2
29
164
442
753
926
868
691
564
559
632
658
589
416
131
-196
-483
-650
-669
-653
-732
-949
-1191
-1297
-1204
-951
-683
-582
-712
-874
-760
-345
91
269
197
135
245
435
590
665
661
546
353
288
402
482
426
346
367
592
821
768
356
-289
-1002
-1812
-2651
-3152
-2970
-2286
-1830
-2261
-3439
-4309
-3934
-2599
-1375
-900
-1018
-1237
-1159
-547
527
1601
2175
2205
2092
2209
2628
3153
3554
3740
3666
3307
2769
2322
2177
2232
2163
1761
1104
373
-237
-520
-468
-346
-479
-896
-1322
-1493
-1368
-1080
-740
-422
-226
-155
-109
64
461
971
1340
1443
1358
1200
1123
1218
1386
1467
1328
969
582
308
134
-20
-213
-480
-814
-1163
-1444
-1540
-1435
-1287
-1231
-1271
-1343
-1311
-1108
-807
-477
-240
-144
-65
94
302
491
606
623
587
540
486
471
501
483
390
250
58
-165
-394
-593
-673
-652
-656
-731
-834
-890
-831
-700
-597
-496
-378
-345
-427
-429
-170
311
684
649
304
-14
70
540
887
812
523
282
62
-156
-85
270
604
890
1160
1199
632
-671
-2247
-3333
-3278
-2096
-961
-1056
-2392
-3932
-4606
-4105
-2685
-1197
-606
-1034
-1881
-2138
-1270
257
1613
2144
1898
1456
1333
1773
2659
3619
4111
3838
3085
2312
1950
2158
2585
2763
2356
1409
403
-244
-330
-39
129
-77
-520
-966
-1369
-1552
-1245
-649
-172
-67
-254
-363
-237
86
544
1052
1465
1522
1206
873
874
1190
1457
1502
1327
939
484
134
1
32
-50
-373
-833
-1243
-1442
-1436
-1294
-1122
-1061
-1160
-1344
-1369
-1138
-783
-414
-147
-42
-47
-59
81
388
696
826
690
427
255
254
403
559
560
309
-120
-487
-614
-532
-427
-458
-599
-768
-885
-904
-832
-648
-429
-368
-543
-786
-798
-415
211
629
505
-6
-427
-345
239
799
841
522
305
264
149
53
312
862
1269
1226
792
92
-844
-1930
-2846
-3024
-2327
-1525
-1501
-2406
-3657
-4446
-4177
-2830
-1298
-716
-1234
-1996
-2048
-1143
301
1585
2094
1838
1430
1442
2030
2912
3664
3929
3618
3026
2502
2282
2405
2645
2681
2261
1451
606
49
-88
5
19
-173
-534
-970
-1338
-1423
-1137
-691
-371
-252
-237
-195
-44
238
649
1119
1468
1496
1259
1071
1127
1351
1532
1537
1335
958
571
320
189
90
-100
-416
-772
-1073
-1255
-1308
-1267
-1185
-1143
-1172
-1232
-1245
-1132
-891
-562
-239
-42
16
16
88
293
547
704
669
488
321
286
376
449
388
156
-182
-487
-662
-692
-638
-622
-735
-940
-1115
-1158
-1065
-860
-603
-462
-573
-780
-813
-597
-222
166
351
223
-1
-47
122
424
742
768
449
128
56
193
311
303
329
498
683
638
179
-781
-2174
-3346
-3321
-2037
-856
-1149
-2634
-3968
-4269
-3451
-2004
-767
-413
-914
-1486
-1326
-341
901
1754
2009
1867
1696
1749
2079
2654
3240
3504
3300
2708
2072
1770
1882
2160
2200
1780
1022
269
-131
-79
169
215
-86
-472
-692
-718
-570
-323
-55
193
334
335
309
435
767
1163
1447
1534
1401
1141
955
970
1076
1083
924
634
293
3
-170
-268
-386
-579
-836
-1105
-1259
-1240
-1142
-1071
-1043
-987
-899
-810
-704
-570
-378
-151
43
145
169
184
231
290
309
263
159
32
-72
-139
-194
-269
-377
-524
-696
-853
-902
-851
-785
-775
-823
-846
-804
-684
-466
-226
-94
-138
-301
-424
-338
28
474
630
288
-312
-601
-235
460
833
550
-134
-597
-573
-196
273
549
491
153
-51
238
799
777
-666
-2992
-4261
-3201
-932
181
-867
-2962
-4424
-4419
-3006
-1011
296
166
-928
-1710
-1339
-1
1404
2173
2285
1992
1619
1413
1635
2397
3310
3699
3174
2097
1173
945
1444
2129
2346
1763
637
-363
-631
-159
466
634
238
-263
-545
-631
-480
26
669
949
766
450
339
511
916
1451
1837
1748
1166
547
362
672
1066
1125
811
309
-185
-522
-567
-392
-293
-477
-836
-1119
-1230
-1178
-963
-641
-391
-386
-622
-834
-739
-350
71
287
257
66
-133
-148
65
308
338
108
-179
-334
-357
-320
-303
-325
-429
-674
-935
-973
-759
-545
-533
-670
-767
-726
-598
-427
-253
-133
-107
-158
-234
-316
-334
-216
23
252
259
-10
-338
-447
-201
227
406
161
-251
-459
-386
-142
154
340
339
236
373
686
210
-1603
-3479
-3364
-1339
197
-341
-2163
-3509
-3728
-2984
-1587
-318
66
-604
-1471
-1536
-555
827
1590
1599
1375
1301
1308
1326
1683
2417
3023
2891
2097
1301
992
1243
1693
1939
1754
1137
343
-149
46
622
811
332
-213
-206
72
123
67
197
448
549
483
408
481
723
1006
1243
1302
1122
774
535
634
902
936
641
367
246
155
10
-155
-298
-425
-519
-598
-644
-711
-773
-733
-586
-395
-335
-438
-511
-383
-145
4
39
-2
-65
-89
-47
51
110
34
-146
-292
-322
-276
-236
-288
-410
-496
-538
-559
-586
-627
-626
-573
-504
-463
-487
-557
-555
-402
-213
-210
-451
-671
-585
-258
-39
-39
-87
-95
-112
-300
-523
-488
-150
154
88
-270
-630
-707
-488
-101
272
445
233
-593
-1917
-2838
-2264
-654
226
-503
-1990
-2804
-2590
-1749
-758
-39
135
-269
-757
-815
-222
752
1416
1475
1213
958
789
800
1233
1943
2354
2062
1307
751
736
1167
1652
1794
1495
938
378
39
140
624
1095
1098
610
111
-88
-3
319
751
996
809
354
41
169
657
1118
1289
1137
789
437
292
412
692
876
734
378
13
-209
-245
-139
-9
-7
-187
-510
-727
-674
-448
-224
-137
-190
-337
-505
-575
-454
-208
-19
32
-51
-198
-297
-267
-142
-15
15
-109
-313
-441
-442
-359
-266
-216
-266
-488
-766
-837
-627
-373
-314
-452
-595
-632
-645
-664
-617
-500
-448
-413
-284
-188
-292
-495
-496
-259
-68
-126
-329
-450
-389
-260
-200
-273
-360
-337
-293
-249
-203
-55
193
197
-473
-1583
-1990
-1130
-87
-174
-1168
-1851
-1709
-1267
-866
-476
-243
-310
-540
-493
-95
382
667
690
730
866
937
803
704
1026
1542
1721
1396
975
835
961
1221
1406
1374
1068
662
464
585
870
960
718
385
250
323
385
404
492
609
610
497
409
442
582
762
936
1024
945
746
576
548
632
666
555
353
159
24
-67
-87
-81
-120
-216
-328
-399
-416
-401
-367
-313
-267
-270
-336
-412
-423
-363
-289
-243
-235
-242
-240
-224
-205
-219
-264
-329
-380
-375
-346
-314
-334
-413
-513
-595
-587
-522
-487
-526
-608
-647
-685
-758
-780
-653
-449
-382
-507
-660
-623
-412
-230
-197
-299
-334
-239
-121
-130
-292
-402
-391
-314
-272
-271
-272
-273
-258
-208
-97
31
159
176
13
-343
-680
-628
-157
248
-27
-757
-1145
-895
-439
-250
-257
-240
-185
-152
-153
-68
133
384
599
669
621
530
482
597
862
1115
1151
943
697
606
725
922
989
850
617
469
427
386
320
341
462
524
432
279
213
300
504
719
789
645
435
379
561
841
989
901
666
478
429
476
543
558
487
316
118
-27
-60
9
80
63
-75
-264
-393
-396
-296
-175
-128
-162
-237
-309
-323
-280
-193
-107
-93
-170
-285
-344
-324
-289
-282
-311
-365
-456
-563
-602
-522
-414
-408
-553
-763
-845
-719
-534
-530
-729
-898
-883
-745
-602
-500
-453
-461
-483
-452
-383
-331
-280
-239
-249
-368
-500
-478
-306
-158
-217
-392
-461
-386
-271
-190
-129
-102
-125
-156
-124
-29
37
57
75
150
221
187
86
-32
-102
-55
103
249
200
-16
-178
-197
-90
106
294
329
161
-15
-17
85
216
363
490
503
370
252
273
422
603
721
743
630
424
282
364
624
837
817
632
480
459
549
672
778
810
726
600
530
552
618
671
678
645
578
507
476
502
557
562
489
382
311
287
271
254
226
171
87
-2
-68
-106
-125
-137
-167
-212
-260
-308
-325
-324
-326
-360
-416
-455
-472
-473
-464
-452
-455
-472
-500
-551
-632
-708
-701
-610
-534
-582
-738
-857
-801
-622
-510
-578
-718
-784
-757
-669
-577
-523
-533
-561
-502
-380
-325
-375
-425
-364
-217
-130
-185
-330
-411
-360
-255
-204
-237
-247
-170
-96
-105
-166
-136
15
148
156
54
4
61
160
196
142
89
79
146
246
322
335
292
272
307
404
481
508
475
400
342
348
434
536
590
583
521
412
279
209
272
421
520
439
201
11
46
288
518
529
366
210
208
332
435
440
362
291
266
281
300
296
294
314
339
326
268
209
180
183
191
190
176
148
119
94
78
70
70
64
41
-1
-41
-57
-50
-37
-32
-48
-90
-123
-120
-90
-68
-72
-105
-156
-197
-208
-211
-226
-240
-241
-249
-274
-310
-344
-359
-338
-316
-341
-416
-485
-484
-420
-360
-381
-458
-493
-452
-383
-381
-449
-498
-465
-374
-307
-318
-375
-403
-353
-275
-237
-258
-307
-321
-278
-195
-149
-173
-212
-183
-78
3
3
-74
-153
-113
34
151
103
-34
-105
-77
35
154
226
211
156
117
91
107
189
336
450
432
309
174
144
215
313
355
316
246
193
175
177
187
218
283
353
382
334
237
184
228
324
367
309
203
149
167
199
202
188
176
165
150
141
148
151
152
157
165
161
118
66
48
83
112
71
6
-29
-17
3
13
30
46
58
64
70
75
73
66
73
99
109
63
-10
-40
-21
-12
-53
-109
-119
-80
-58
-85
-126
-129
-91
-64
-77
-110
-128
-110
-91
-92
-124
-179
-217
-220
-183
-147
-150
-190
-228
-221
-171
-130
-122
-143
-177
-201
-199
-176
-151
-145
-161
-189
-202
-194
-184
-182
-173
-146
-114
-104
-114
-117
-92
-48
-18
-21
-40
-52
-47
-27
-14
-16
-23
-15
14
40
45
31
24
33
50
62
67
65
60
55
43
33
37
62
92
98
73
42
34
54
77
83
72
52
34
26
26
32
39
39
33
28
24
22
18
19
24
29
28
18
7
5
10
15
14
8
2
-2
1
4
6
6
7
7
7
6
4
2
2
3
3
3
2
1
-1
0
1
4
3
1
1
2
4
4
3
1
1
4
5
4
1
2
6
10
12
13
10
7
9
13
16
15
11
9
9
11
13
15
16
15
14
13
13
17
21
22
20
20
17
14
14
15
14
13
8
4
3
6
8
10
8
5
3
4
6
7
6
3
1
0
0
1
1
0
-1
-2
-2
-2
-1
1
0
-1
-2
-2
-1
2
0
0
-1
-1
0
0
1
1
2
1
1
1
2
1
1
2
1
1
1
2
2
1
1
1
1
2
1
-1
0
1
0
1
1
1
1
1
1
2
1
1
1
1
1
1
0
0
0
1
-1
-2
-2
-1
-1
-1
-3
-2
-2
-1
-2
-2
-2
-2
-2
-2
-1
-3
-4
-3
-3
-2
-2
-3
-3
-4
-2
-2
-1
-1
-2
-2
-2
-2
-2
-1
-2
-2
-2
-2
-1
-1
-1
-2
0
0
0
-2
-1
0
0
1
0
0
0
0
0
0
0
0
1
1
1
1
1
1
1
1
1
1
0
1
0
1
1
1
2
2
1
0
0
1
2
2
2
1
1
1
1
1
1
1
1
1
1
0
1
1
1
1
0
1
0
1
0
1
1
1
0
1
0
1
1
0
1
1
1
1
0
1
1
1
1
1
0
0
0
0
0
0
0
-1
-1
0
0
-1
0
0
-1
-1
-1
-1
-1
-1
0
0
-1
-1
-1
-1
-1
-1
0
-1
-1
-1
0
0
0
0
1
0
0
0
1
0
1
0
0
1
0
1
0
1
1
0
0
-1
-1
0
0
0
0
-2
-1
-2
-2
-2
-2
-1
-1
-1
0
0
1
2
2
2
2
3
3
2
2
0
0
1
1
0
0
-1
-2
-1
-1
-2
-2
-4
-5
-4
-6
-6
-7
-7
-9
-10
-12
-13
-13
-13
-14
-15
-14
-15
-14
-14
-12
-12
-11
-11
-10
-10
-8
-5
-4
-3
-4
-3
-3
-2
0
0
3
2
2
2
3
3
3
3
3
2
4
4
5
4
4
3
2
-1
-1
-1
0
0
1
-1
-4
-5
-7
-7
-7
-6
-7
-9
-13
-17
-19
-21
-20
-21
-20
-19
-19
-22
-23
-22
-17
-13
-11
-11
-11
-10
-9
-9
-10
-6
-1
6
6
6
5
6
11
18
27
37
38
34
28
20
14
11
10
8
-1
-12
-22
-22
-22
-27
-29
-22
-8
2
3
-1
-2
3
8
14
19
20
18
18
25
35
44
50
56
62
69
74
84
102
124
141
148
150
152
158
164
164
157
146
137
132
128
126
124
117
96
67
50
47
48
48
41
28
8
-10
-21
-24
-23
-25
-30
-35
-38
-37
-39
-49
-64
-78
-90
-97
-93
-84
-73
-71
-83
-96
-103
-103
-98
-91
-83
-85
-92
-98
-97
-94
-96
-99
-98
-98
-98
-98
-96
-85
-65
-51
-47
-56
-70
-79
-83
-79
-71
-69
-74
-81
-89
-95
-96
-90
-85
-75
-61
-53
-50
-46
-32
-17
-5
4
13
20
21
17
6
-3
-5
0
1
-1
-4
-6
-9
-14
-21
-27
-29
-23
-14
-3
5
8
10
11
13
17
20
28
37
38
34
35
48
61
76
85
80
67
46
27
18
19
30
38
38
36
29
25
26
33
46
56
67
75
82
93
103
107
112
120
129
139
142
139
139
144
146
145
139
138
144
153
153
147
138
135
138
140
133
121
108
99
93
81
65
52
44
36
27
14
-3
-24
-42
-54
-68
-92
-115
-129
-136
-141
-148
-162
-175
-182
-188
-196
-206
-216
-221
-214
-203
-198
-199
-204
-209
-209
-205
-193
-181
-170
-165
-165
-165
-162
-153
-141
-126
-115
-107
-99
-85
-69
-56
-54
-53
-47
-41
-37
-38
-40
-39
-37
-33
-28
-20
-14
-7
5
17
22
26
34
40
44
48
48
52
66
80
92
102
108
113
121
126
127
132
136
137
134
129
128
129
136
147
157
164
165
166
168
165
161
159
153
148
137
123
111
104
109
126
140
146
139
119
101
92
95
97
95
89
77
62
43
21
6
-3
-7
-11
-22
-36
-45
-52
-54
-49
-45
-41
-39
-48
-61
-72
-79
-82
-82
-83
-87
-95
-100
-102
-102
-108
-113
-119
-123
-124
-122
-119
-124
-130
-136
-137
-136
-140
-145
-145
-139
-128
-111
-97
-90
-89
-93
-97
-97
-94
-86
-76
-73
-69
-69
-73
-74
-68
-56
-43
-29
-16
-8
1
6
11
14
13
10
17
28
39
51
57
61
66
74
79
80
79
79
81
82
86
89
90
91
91
86
76
63
55
54
63
76
80
77
72
71
70
68
64
61
59
60
54
42
27
18
13
10
9
8
5
0
-3
0
4
7
6
3
-2
-14
-28
-38
-40
-31
-16
-5
-7
-15
-21
-21
-17
-9
-5
-5
-7
-7
-5
-2
6
14
18
17
14
11
13
20
26
27
27
34
44
52
57
59
54
52
55
55
54
48
41
35
33
32
33
29
23
11
-4
-18
-30
-37
-40
-41
-40
-41
-44
-51
-59
-70
-80
-84
-83
-83
-86
-87
-89
-93
-94
-93
-95
-99
-105
-111
-115
-114
-108
-96
-86
-82
-86
-90
-88
-77
-62
-47
-30
-18
-13
-9
-8
-8
-7
-2
4
12
19
24
21
20
26
33
38
46
48
48
50
59
73
89
100
102
100
98
100
104
105
105
103
99
100
100
99
100
99
97
94
92
88
80
69
58
49
38
31
25
22
14
5
-7
-17
-24
-31
-36
-42
-49
-58
-68
-72
-76
-79
-82
-87
-91
-93
-97
-99
-97
-96
-99
-107
-117
-125
-121
-112
-101
-94
-96
-101
-103
-104
-102
-94
-86
-75
-63
-52
-41
-32
-21
-6
15
34
48
56
63
74
83
91
100
113
126
137
150
166
174
175
172
166
168
174
181
184
179
169
159
153
148
145
143
139
131
122
110
96
79
61
44
29
13
-4
-15
-22
-29
-35
-43
-53
-65
-80
-92
-101
-115
-128
-137
-147
-159
-167
-173
-177
-185
-196
-203
-208
-210
-208
-204
-201
-193
-182
-171
-159
-153
-149
-142
-125
-107
-87
-68
-48
-28
-9
16
36
45
48
49
49
50
58
69
81
91
95
91
85
76
71
70
71
74
74
70
70
69
68
67
63
56
49
43
43
46
50
52
52
48
44
40
37
36
38
41
41
40
38
36
36
36
34
33
28
23
24
22
18
10
2
-1
-2
-5
-10
-15
-21
-24
-27
-25
-22
-20
-16
-16
-14
-12
-10
-1
8
14
21
32
45
51
52
48
42
38
38
39
44
48
51
54
57
57
54
44
19
-8
-33
-52
-64
-70
-75
-79
-82
-86
-91
-96
-98
-94
-84
-69
-50
-26
-4
14
28
36
42
51
56
56
51
43
34
24
15
6
-3
-17
-31
-43
-50
-57
-61
-62
-63
-61
-60
-63
-66
-72
-76
-73
-66
-64
-68
-82
-98
-112
-120
-123
-122
-123
-124
-123
-117
-106
-96
-86
-81
-75
-67
-56
-41
-27
-14
-1
10
23
37
51
65
83
103
120
132
141
149
158
168
180
188
191
191
189
181
174
163
156
150
145
135
122
103
83
64
47
32
19
13
9
7
5
2
-4
-10
-9
-1
12
26
38
49
60
67
74
76
78
76
70
64
54
40
22
7
-2
-7
-12
-22
-34
-48
-60
-68
-73
-77
-80
-85
-89
-90
-92
-93
-92
-92
-93
-97
-102
-107
-109
-110
-111
-112
-114
-114
-114
-115
-119
-126
-128
-126
-120
-108
-100
-95
-95
-95
-93
-88
-82
-78
-76
-74
-68
-59
-53
-51
-52
-55
-56
-57
-53
-49
-42
-36
-28
-19
-12
-13
-11
-6
-2
9
24
40
50
64
73
78
84
93
105
118
127
136
145
152
156
158
159
162
167
172
172
169
164
161
159
157
152
145
139
134
132
133
134
134
132
124
110
96
85
78
68
54
41
27
14
1
-9
-15
-24
-33
-44
-57
-67
-76
-80
-77
-74
-72
-75
-83
-97
-107
-112
-117
-116
-113
-110
-104
-101
-106
-117
-124
-128
-128
-121
-114
-107
-102
-104
-109
-114
-114
-109
-99
-87
-78
-71
-67
-66
-65
-61
-58
-54
-50
-47
-41
-33
-26
-20
-14
-10
-7
-4
0
1
5
6
9
13
18
19
21
28
37
47
58
66
74
79
83
89
94
97
100
101
94
85
79
79
85
95
101
102
101
97
90
88
84
82
80
77
73
70
67
65
59
50
42
35
27
22
16
12
11
12
12
