0
-1
-1
0
0
0
0
0
0
-1
0
0
0
0
0
0
1
1
0
1
-1
0
0
0
0
0
0
0
0
0
0
0
0
0
0
0
0
0
0
0
0
0
0
0
0
0
0
0
0
-1
1
0
1
0
0
1
0
0
0
0
0
1
-1
0
0
0
0
0
1
0
0
0
0
0
0
0
1
0
0
1
-1
-1
0
0
0
0
0
0
0
0
0
0
0
-1
0
0
0
0
0
0
0
0
1
0
-1
-1
0
0
0
-1
0
0
0
0
0
-1
0
0
0
0
-1
0
0
0
0
0
0
0
0
0
0
0
0
0
0
-1
0
0
0
0
0
0
0
0
0
1
0
0
0
0
0
0
0
0
0
0
1
0
0
0
0
0
0
0
0
0
0
-1
0
0
0
0
0
0
0
0
0
0
0
0
0
1
0
0
0
0
0
0
0
1
0
0
0
1
1
0
0
0
-1
1
1
0
0
0
0
0
0
0
1
0
0
0
1
0
0
0
0
0
-1
0
0
0
0
0
0
0
0
0
0
-1
-1
-1
0
0
0
0
-1
0
0
0
0
0
0
0
0
0
1
0
1
0
0
0
0
0
0
1
-1
0
1
-1
0
0
0
0
0
0
0
-1
0
0
0
-1
0
-1
0
0
0
0
0
-1
0
0
0
0
0
0
-1
0
0
0
0
0
0
0
0
-1
-1
0
0
0
0
0
1
0
0
0
0
0
-1
0
0
0
0
0
0
0
0
0
1
0
1
0
0
1
-1
1
0
0
0
-1
-1
0
0
0
-1
0
-1
0
0
0
-1
0
0
0
0
1
0
0
0
0
0
0
1
0
1
0
0
0
0
0
0
1
0
0
0
1
1
0
0
0
0
0
0
0
0
-1
1
0
0
0
0
0
0
0
1
0
0
-1
0
0
0
-1
-1
0
0
1
0
-1
0
0
0
0
0
0
-1
-1
0
0
-1
1
0
1
0
0
0
0
0
0
1
0
0
0
-1
0
0
0
0
0
1
-1
0
0
0
0
0
0
0
0
0
1
0
0
0
0
0
0
-1
0
0
0
0
0
-1
0
0
0
0
0
0
0
0
1
0
0
-1
1
0
0
-1
-1
0
0
0
1
-1
0
0
0
-1
1
0
0
0
1
-1
0
0
0
0
0
0
0
0
0
0
0
-1
0
0
0
0
0
0
0
0
0
0
1
-1
0
0
-1
1
0
0
0
0
0
0
0
0
0
0
0
0
0
0
-1
0
0
0
0
0
0
0
-1
0
0
0
-1
0
0
-1
-1
0
0
0
0
0
1
1
-1
0
-1
0
0
0
0
0
0
0
0
1
0
0
0
0
-1
1
0
0
1
0
0
0
0
0
1
1
0
0
0
0
0
-1
0
-1
1
0
1
0
0
1
0
0
1
0
0
0
1
-1
-1
1
0
0
0
-1
0
0
1
0
0
0
0
0
0
-1
0
0
0
-1
0
0
1
1
0
0
0
0
0
0
1
-1
-1
0
-1
0
-1
-1
1
1
1
2
3
2
2
3
4
5
5
3
4
3
3
3
3
3
2
2
1
0
1
1
2
2
2
2
1
2
2
4
4
3
4
4
3
4
4
4
4
3
3
2
2
3
3
2
2
2
2
2
1
1
1
-1
-1
-1
-1
-1
-2
-1
-1
-1
-2
-1
-2
-2
0
0
0
1
1
0
0
-1
0
1
1
1
1
0
0
-2
-4
-6
1
9
12
8
6
14
24
25
18
15
29
43
43
28
15
17
24
23
19
9
0
-5
2
34
89
143
156
114
68
64
108
159
179
166
129
87
61
52
58
59
46
24
-9
-43
-66
-76
-72
-63
-65
-81
-106
-120
-111
-91
-69
-59
-61
-66
-65
-54
-37
-24
-12
-5
-6
-9
-12
-11
-10
-8
-8
-10
-17
-26
-34
-38
-37
-33
-30
-30
-33
-34
-29
-21
-10
-2
8
16
25
35
46
56
69
81
91
95
94
93
94
98
101
96
85
70
61
55
52
46
37
24
10
-5
-19
-29
-32
-24
-9
1
-2
-17
-33
-32
-19
-16
-12
13
62
71
-19
-130
-168
-109
-84
-186
-309
-321
-223
-190
-341
-508
-493
-320
-170
-197
-265
-267
-216
-100
-9
51
-18
-364
-931
-1493
-1629
-1192
-704
-663
-1115
-1665
-1859
-1730
-1355
-907
-654
-586
-642
-651
-507
-265
106
507
767
887
847
750
772
949
1254
1432
1342
1107
846
717
745
810
817
685
477
290
129
51
62
116
179
196
191
186
187
265
410
575
722
795
807
781
772
848
949
990
933
796
685
643
649
651
583
482
385
293
192
60
-31
-41
-13
-4
-56
-128
-142
-75
33
94
81
42
27
61
128
201
246
253
251
250
204
102
-15
-74
-68
-72
-147
-285
-404
-430
-400
-386
-439
-532
-567
-508
-403
-367
-478
-631
-654
-493
-263
-202
-386
-643
-736
-537
-225
-66
-158
-399
-522
-454
-326
-227
-224
-270
-344
-413
-425
-427
-426
-379
-232
-28
28
-252
-744
-1118
-1122
-883
-729
-765
-930
-1093
-1213
-1256
-1133
-906
-702
-570
-507
-453
-388
-282
-51
276
608
827
875
858
901
1060
1265
1395
1414
1345
1250
1164
1070
972
887
828
779
676
506
326
208
203
268
302
200
-78
-384
-470
-228
192
441
377
185
124
249
418
590
790
987
1056
922
720
620
706
906
1034
993
775
471
258
206
284
343
256
92
-73
-195
-274
-303
-252
-148
-95
-159
-292
-384
-330
-168
0
68
13
-89
-169
-164
-84
9
34
-13
-74
-131
-203
-302
-379
-389
-380
-454
-626
-795
-861
-779
-649
-568
-596
-721
-810
-710
-484
-337
-365
-360
-147
95
194
149
255
577
809
568
-532
-2170
-3315
-3055
-1698
-858
-1440
-2904
-3972
-3988
-3322
-2459
-1795
-1453
-1364
-1413
-1384
-1038
-339
603
1474
1934
1946
1690
1609
1978
2643
3218
3277
2813
2156
1641
1504
1618
1671
1503
1099
600
158
-144
-234
-155
-15
77
22
-164
-311
-224
140
608
969
1146
1188
1265
1451
1717
1965
2077
2047
1892
1673
1445
1239
1063
840
441
-167
-774
-1099
-1161
-1251
-1502
-1757
-1866
-1805
-1637
-1396
-1118
-880
-662
-454
-225
33
316
616
870
1042
1099
1072
1068
1126
1176
1076
804
504
298
179
58
-121
-349
-585
-815
-1024
-1160
-1209
-1173
-1116
-1103
-1123
-1124
-1049
-903
-719
-520
-339
-195
-85
7
81
191
316
329
248
140
105
96
103
86
26
71
99
-52
-380
-530
-321
-24
158
298
456
570
547
316
-478
-2187
-3871
-3930
-2020
-147
-393
-2509
-4557
-4971
-3879
-2208
-890
-441
-831
-1558
-1866
-1296
-93
1143
1987
2265
2073
1592
1326
1776
2783
3682
3745
2932
1865
1194
1248
1743
2066
1876
1198
370
-251
-498
-341
-13
230
236
-52
-462
-691
-504
93
755
1124
1115
928
899
1160
1615
2040
2223
2110
1776
1351
936
710
836
1045
680
-348
-1283
-1516
-1256
-1087
-1149
-1383
-1648
-1803
-1761
-1448
-992
-609
-414
-351
-288
-134
116
475
901
1210
1183
900
721
818
1017
1051
838
499
144
-132
-282
-351
-427
-612
-936
-1267
-1446
-1441
-1301
-1122
-1000
-994
-1046
-1031
-879
-582
-239
17
104
34
-56
-9
210
486
640
580
303
30
-47
5
77
74
-8
-205
-353
-330
-209
-55
18
36
175
472
698
678
539
480
459
-4
-1214
-2568
-2856
-1861
-1042
-1515
-2886
-3882
-3874
-3248
-2431
-1742
-1421
-1463
-1604
-1470
-882
-37
826
1486
1855
1972
1899
1949
2381
3051
3546
3487
2962
2365
2000
1983
2094
2017
1641
1048
474
39
-222
-288
-276
-286
-402
-611
-780
-807
-604
-201
225
525
642
698
857
1152
1488
1706
1783
1804
1730
1534
1340
1152
709
73
-250
-81
40
-406
-1119
-1586
-1648
-1546
-1536
-1523
-1442
-1330
-1270
-1195
-928
-542
-201
34
218
366
423
496
791
1192
1355
1173
823
603
550
513
405
220
-13
-301
-610
-840
-968
-1046
-1114
-1177
-1203
-1296
-1432
-1463
-1247
-901
-705
-669
-664
-507
-225
83
303
348
321
372
559
700
598
408
318
385
434
250
-56
-282
-306
-246
-251
-227
-139
-135
-262
-185
200
534
542
515
751
958
926
672
277
-463
-1418
-1924
-1752
-1590
-2089
-2842
-3190
-3059
-2915
-2969
-2965
-2675
-2169
-1680
-1285
-918
-549
-57
653
1421
1949
2144
2286
2645
3074
3349
3432
3363
3171
2896
2654
2447
2159
1796
1384
947
505
57
-288
-485
-584
-662
-776
-901
-974
-921
-694
-380
-91
124
314
490
614
797
1194
1690
1978
1892
1391
664
234
507
1136
1309
680
-248
-878
-1002
-846
-734
-738
-891
-1174
-1504
-1672
-1486
-1012
-538
-324
-385
-573
-653
-359
306
963
1189
945
578
459
619
831
931
873
654
296
-123
-402
-473
-439
-471
-703
-1061
-1386
-1497
-1343
-1121
-1013
-1072
-1198
-1223
-1106
-862
-582
-310
-86
1
-45
-82
5
253
519
712
780
622
317
41
-16
58
56
37
16
-69
-197
-329
-317
-158
47
100
58
212
643
942
824
746
1070
1348
719
-654
-1927
-2378
-1949
-1284
-1137
-1978
-3282
-4029
-3721
-2802
-2135
-1977
-2008
-1885
-1542
-1083
-481
344
1183
1742
1988
2083
2262
2663
3308
3924
4051
3625
3023
2682
2683
2730
2564
2083
1402
753
277
-17
-215
-401
-604
-848
-1070
-1236
-1321
-1272
-1051
-713
-479
-375
-152
349
876
1106
1050
859
713
744
968
1238
1321
1110
675
300
142
108
64
-46
-246
-563
-972
-1299
-1365
-1196
-999
-925
-971
-1050
-1048
-883
-558
-197
53
102
72
161
405
645
744
740
670
535
365
241
225
229
140
-45
-293
-563
-762
-825
-791
-822
-986
-1186
-1254
-1156
-979
-821
-730
-708
-728
-725
-588
-283
8
189
258
305
354
364
371
444
518
460
346
303
311
223
82
89
236
369
256
95
180
439
573
686
960
1070
657
68
32
267
-15
-866
-1533
-1752
-1892
-2333
-2829
-2981
-2729
-2417
-2471
-2794
-2978
-2641
-1851
-961
-379
-196
-112
263
962
1732
2366
2815
3025
3058
3113
3268
3413
3445
3368
3177
2815
2307
1815
1439
1173
935
594
111
-431
-865
-1060
-1075
-1032
-1117
-1397
-1641
-1471
-820
-195
-37
-257
-390
-200
147
427
659
988
1243
1175
908
803
978
1129
1051
857
623
314
-29
-247
-286
-333
-523
-797
-1023
-1156
-1212
-1168
-998
-788
-722
-816
-857
-691
-394
-137
21
144
202
203
198
253
345
407
401
292
112
-67
-172
-186
-167
-262
-516
-807
-945
-875
-756
-738
-839
-1014
-1167
-1141
-929
-657
-468
-370
-255
-128
-58
-29
89
326
523
629
638
509
264
99
217
511
679
487
223
318
703
847
581
251
146
320
553
857
1090
810
31
-741
-1162
-1354
-1542
-1920
-2516
-3062
-3189
-2897
-2615
-2665
-3006
-3224
-2932
-2160
-1281
-618
-182
134
417
806
1431
2204
2857
3296
3518
3533
3484
3545
3747
3876
3740
3336
2789
2256
1839
1528
1206
770
242
-294
-804
-1172
-1301
-1246
-1255
-1540
-1877
-1801
-1259
-784
-758
-903
-815
-456
41
589
1096
1344
1231
1087
1237
1612
1795
1637
1412
1292
1179
883
476
212
61
-179
-531
-881
-1128
-1293
-1355
-1264
-1145
-1182
-1374
-1481
-1300
-978
-746
-625
-493
-274
-63
94
230
367
487
575
627
618
532
374
211
143
116
-43
-394
-731
-814
-754
-779
-975
-1237
-1362
-1331
-1288
-1259
-1167
-1029
-815
-619
-565
-528
-428
-259
21
355
487
404
293
312
476
649
939
966
590
234
307
891
1431
1406
757
37
-127
526
1334
1483
618
-969
-2368
-3018
-2890
-2412
-2188
-2569
-3453
-4280
-4441
-3868
-3044
-2468
-2254
-2135
-1794
-1172
-350
514
1315
2009
2521
2836
3152
3607
4204
4728
4902
4731
4353
4013
3811
3590
3252
2748
2076
1398
796
289
-180
-629
-972
-1250
-1584
-2030
-2461
-2459
-1866
-1186
-1001
-1262
-1438
-1186
-560
272
1102
1647
1720
1514
1491
1877
2418
2690
2616
2376
2047
1608
1126
830
767
590
71
-639
-1243
-1619
-1737
-1633
-1478
-1536
-1881
-2228
-2240
-1846
-1335
-950
-746
-654
-610
-503
-195
294
783
993
880
655
497
517
657
773
710
346
-195
-637
-883
-975
-1007
-1087
-1323
-1755
-2126
-2197
-1924
-1545
-1354
-1377
-1443
-1322
-985
-542
-132
104
123
87
234
519
740
920
1179
1332
1148
704
341
456
916
1378
1510
1092
362
-100
125
878
1269
756
-373
-1692
-3077
-4257
-4544
-3876
-3165
-3217
-3922
-4712
-5115
-4946
-4066
-2722
-1502
-829
-683
-619
-132
948
2342
3586
4318
4471
4338
4353
4748
5384
5909
5983
5434
4482
3609
3104
2870
2584
2028
1255
327
-617
-1323
-1623
-1695
-1916
-2350
-2575
-2347
-1985
-1850
-1843
-1675
-1340
-769
51
909
1548
1812
1865
2062
2569
3115
3265
3087
2891
2672
2342
1957
1598
1239
730
49
-601
-1128
-1535
-1805
-1959
-2090
-2278
-2527
-2695
-2595
-2300
-2016
-1780
-1494
-1130
-795
-554
-264
176
618
867
963
1056
1089
1001
896
893
966
857
476
-9
-364
-645
-970
-1271
-1480
-1688
-1955
-2148
-2204
-2109
-1990
-1819
-1558
-1304
-1142
-1100
-997
-563
160
697
626
354
300
471
683
833
962
998
908
761
983
1305
1251
655
250
551
1028
1205
907
586
345
-388
-1798
-3246
-4067
-3919
-3369
-3124
-3376
-4128
-4829
-4945
-4391
-3411
-2522
-1812
-1198
-813
-440
194
1176
2358
3274
3775
4017
4137
4447
4940
5442
5712
5469
4834
4160
3632
3265
2898
2414
1806
1016
162
-526
-1036
-1376
-1596
-1791
-2103
-2636
-3024
-2700
-1774
-966
-901
-1426
-1635
-905
570
1867
2300
2102
1882
2021
2517
2989
3245
3178
2809
2363
1820
1253
874
667
430
-38
-812
-1625
-2127
-2165
-1919
-1812
-1994
-2302
-2497
-2382
-1969
-1469
-1061
-848
-722
-509
-207
191
551
802
1017
1084
950
760
692
824
928
694
241
-208
-535
-782
-1071
-1340
-1562
-1748
-1916
-2111
-2204
-2141
-1968
-1633
-1245
-989
-916
-864
-562
-64
193
257
405
630
746
658
582
785
1113
1085
918
910
865
708
733
912
985
899
772
617
648
694
-217
-2040
-3606
-3969
-3317
-2835
-3237
-4105
-4769
-4695
-4173
-3837
-3591
-3101
-2238
-1290
-597
-80
365
986
2025
3106
3854
4207
4317
4509
4872
5293
5519
5276
4740
4197
3715
3278
2832
2344
1744
990
209
-497
-1045
-1359
-1580
-1986
-2644
-3124
-2794
-1812
-1273
-1649
-2182
-2001
-983
302
1294
1760
1757
1686
1924
2515
3175
3433
3159
2733
2450
2227
1813
1302
991
719
118
-737
-1484
-1840
-1894
-1912
-2035
-2305
-2651
-2847
-2733
-2313
-1770
-1414
-1241
-1083
-814
-469
-121
311
805
1156
1238
1099
1026
1136
1260
1198
899
532
192
-157
-451
-664
-907
-1183
-1525
-1830
-1978
-2013
-1996
-1827
-1528
-1341
-1372
-1425
-1181
-566
35
349
426
324
280
417
776
1096
1134
1119
1054
760
476
559
1106
1643
1489
629
-310
-412
451
1366
1737
1686
1396
523
-1323
-3638
-5354
-5502
-4084
-2300
-1555
-2616
-4909
-6768
-6769
-4705
-1861
28
207
-838
-1784
-1464
286
2673
4426
4890
4360
3582
3340
3989
5238
6346
6546
5599
4000
2619
2126
2431
2844
2644
1590
58
-1348
-2124
-2160
-1716
-1318
-1465
-2243
-3218
-3718
-3375
-2197
-721
82
-363
-1190
-1042
300
1933
2913
3018
2674
2408
2341
2377
2508
2712
2736
2345
1565
665
-94
-586
-760
-770
-1045
-1716
-2451
-2842
-2735
-2365
-2099
-2081
-2126
-2038
-1816
-1513
-1102
-603
-89
304
542
663
767
977
1282
1514
1501
1253
918
720
691
663
421
-67
-621
-1041
-1269
-1370
-1447
-1539
-1606
-1662
-1697
-1656
-1499
-1271
-1025
-794
-603
-394
-20
410
711
814
836
929
1135
1220
1062
1033
1273
1529
1544
1329
1063
790
597
736
1200
1600
1369
780
433
77
-876
-2579
-4494
-5613
-5474
-4288
-2877
-2522
-3711
-5721
-6873
-5991
-3597
-1117
210
64
-669
-993
-220
1617
3592
4870
5154
4697
4154
4078
4700
5689
6296
6012
4834
3324
2224
1831
1943
2062
1604
481
-935
-2090
-2559
-2373
-2001
-2037
-2774
-3472
-3133
-2038
-1406
-1596
-1642
-976
16
934
1623
2077
2388
2575
2744
2997
3243
3263
2898
2530
2292
1898
1336
815
449
-18
-827
-1714
-2288
-2497
-2472
-2396
-2396
-2517
-2684
-2755
-2598
-2076
-1372
-889
-713
-649
-480
-81
521
1128
1528
1555
1344
1114
946
916
985
986
840
500
-3
-536
-967
-1130
-1212
-1388
-1616
-1833
-1974
-2040
-2005
-1769
-1470
-1286
-1142
-817
-294
53
1
-58
423
1232
1574
1272
829
716
871
929
953
1156
1408
1383
964
452
77
-65
275
851
1074
723
121
-418
-1143
-2407
-3898
-4721
-4395
-3494
-3005
-3328
-4020
-4423
-4363
-3871
-3072
-2251
-1462
-695
67
680
1036
1468
2180
3040
3839
4368
4622
4648
4591
4681
4782
4734
4436
3859
3215
2630
2128
1698
1200
635
24
-608
-1135
-1504
-1683
-1668
-1547
-1423
-1364
-1372
-1466
-1774
-1936
-1224
311
1428
1319
702
643
1288
2152
2797
2959
2660
2162
1739
1574
1687
1764
1458
813
134
-475
-1054
-1444
-1472
-1380
-1565
-1986
-2261
-2268
-2063
-1722
-1429
-1234
-1132
-1059
-897
-579
-159
201
395
542
663
667
573
530
605
648
568
403
149
-165
-460
-649
-724
-781
-985
-1326
-1656
-1825
-1786
-1664
-1484
-1293
-1193
-1191
-1184
-993
-560
-95
90
-27
-84
70
344
722
1049
1091
793
302
161
553
1034
1357
1440
1176
556
50
159
628
1064
1388
1460
585
-1980
-5312
-7127
-6084
-3127
-927
-1343
-3792
-6498
-7601
-6367
-3473
-551
669
32
-1201
-1716
-804
1305
3718
5381
5552
4648
3699
3536
4456
5930
7017
6917
5483
3560
2237
1981
2458
2835
2477
1283
-416
-1873
-2478
-2163
-1478
-1360
-2154
-3025
-2968
-2014
-1243
-1177
-1195
-857
-134
731
1494
2143
2543
2652
2707
2874
3212
3376
3096
2682
2384
2097
1604
987
534
86
-588
-1359
-1968
-2198
-2219
-2302
-2458
-2647
-2763
-2736
-2526
-2018
-1427
-1061
-937
-804
-483
-29
411
840
1182
1274
1154
995
978
1062
1015
776
466
192
-29
-354
-779
-1180
-1527
-1757
-1871
-1946
-2045
-2178
-2216
-2137
-2064
-1846
-1370
-826
-507
-484
-482
-258
125
482
856
1206
1364
1242
779
270
304
898
1454
1564
1394
1158
546
-310
-505
354
1640
1977
825
-1080
-2713
-3774
-4627
-5148
-4854
-3926
-3355
-3745
-4783
-5711
-5967
-5100
-3245
-1285
-195
-195
-522
-328
732
2378
3900
4833
5101
4928
4774
4929
5468
6086
6329
5976
5020
3821
2901
2471
2382
2211
1648
652
-586
-1608
-2045
-1937
-1691
-1817
-2420
-2877
-2499
-1408
-542
-483
-792
-839
-272
947
2353
3247
3294
2861
2577
2737
3216
3556
3383
2871
2328
1733
1066
503
136
-140
-600
-1336
-2173
-2765
-2882
-2660
-2356
-2280
-2480
-2685
-2625
-2195
-1512
-920
-570
-369
-198
67
399
774
1112
1295
1269
1102
909
765
679
612
447
93
-404
-887
-1200
-1348
-1501
-1785
-2126
-2337
-2369
-2327
-2207
-1954
-1554
-1214
-1145
-1195
-1018
-489
36
190
8
79
710
1528
1738
1183
568
510
1126
1824
1981
1587
1082
436
-132
-65
722
1323
1083
333
-754
-2082
-3334
-4173
-4558
-4739
-4813
-4660
-4620
-4790
-4975
-5028
-4632
-3780
-2757
-1838
-1177
-495
320
1216
2254
3139
3728
4211
4701
5198
5515
5687
5869
5839
5506
5006
4408
3778
3126
2518
1978
1338
585
-184
-867
-1323
-1590
-1763
-1913
-2157
-2417
-2457
-1995
-1089
-277
-67
-180
-6
544
1198
1785
2461
3155
3472
3216
2650
2282
2408
2710
2741
2330
1545
652
-132
-592
-698
-843
-1317
-2007
-2593
-2831
-2783
-2537
-2200
-1973
-1912
-1933
-1849
-1473
-859
-223
225
424
493
538
676
982
1310
1417
1224
841
494
272
139
46
-130
-463
-902
-1379
-1721
-1881
-1942
-1918
-1868
-1863
-1942
-2005
-1877
-1571
-1179
-805
-530
-181
268
432
209
105
592
1440
1825
1386
531
84
472
1224
1641
1409
833
174
-423
-567
-165
386
758
704
132
-616
-1394
-2437
-3694
-4673
-4744
-4023
-3232
-3063
-3726
-4719
-5203
-4633
-3227
-1713
-762
-541
-777
-715
201
1713
3080
3810
3929
3825
3865
4203
4734
5220
5491
5344
4700
3793
3021
2620
2479
2307
1913
1181
231
-633
-1139
-1240
-1145
-1126
-1298
-1638
-1975
-1975
-1403
-469
220
331
190
234
509
898
1542
2522
3233
3046
2198
1415
1263
1766
2341
2377
1717
655
-347
-933
-923
-666
-738
-1272
-1953
-2421
-2564
-2425
-2045
-1592
-1342
-1355
-1510
-1547
-1238
-610
78
531
641
502
322
379
705
1021
1056
768
385
120
-2
-55
-159
-423
-762
-1046
-1261
-1463
-1609
-1644
-1591
-1489
-1384
-1435
-1587
-1533
-1144
-556
10
333
342
234
239
404
658
986
1250
1263
1071
945
835
723
814
1022
952
537
129
199
471
265
-307
-693
-296
315
179
-815
-2211
-3523
-4446
-4812
-4354
-3494
-3109
-3259
-3791
-4316
-4381
-3772
-2433
-1014
-194
66
80
336
1065
2093
3280
4218
4530
4341
4015
4047
4454
4850
4999
4670
3860
2933
2205
1860
1743
1501
1051
361
-449
-1108
-1521
-1664
-1656
-1684
-1721
-1677
-1426
-1035
-777
-531
-166
241
599
759
901
1409
2262
2917
2790
2116
1618
1600
1913
2118
1902
1301
514
-135
-428
-538
-779
-1255
-1799
-2109
-2152
-2131
-2141
-2137
-1991
-1750
-1545
-1360
-1155
-917
-602
-229
148
431
524
578
711
899
1016
917
684
481
346
230
86
-98
-261
-485
-763
-1013
-1203
-1279
-1268
-1208
-1166
-1227
-1365
-1421
-1246
-828
-388
-140
-127
-121
81
433
753
966
1097
1143
1187
1142
1002
877
977
1169
1136
801
402
208
438
869
679
24
-363
-61
355
-112
-1490
-2986
-4179
-4701
-4425
-3788
-3247
-3359
-3913
-4382
-4479
-3988
-3025
-1947
-936
-369
-161
152
745
1677
2660
3447
4033
4180
4055
4064
4295
4693
4884
4634
4055
3261
2577
2178
1864
1548
1093
456
-230
-917
-1408
-1618
-1691
-1618
-1580
-1769
-1966
-1804
-1129
-395
-112
-79
-46
140
589
1267
2144
2823
2817
2258
1645
1498
1920
2374
2427
1980
1171
321
-310
-561
-587
-770
-1181
-1712
-2172
-2400
-2419
-2245
-1905
-1607
-1489
-1557
-1607
-1385
-909
-378
34
265
325
320
425
714
990
1062
919
661
462
357
286
183
-15
-271
-578
-945
-1226
-1358
-1366
-1295
-1271
-1354
-1545
-1664
-1508
-1112
-714
-434
-283
-186
-46
162
402
630
995
1331
1339
1105
897
999
1370
1517
1099
377
35
244
503
544
440
310
169
-1
-154
-287
-723
-1671
-2964
-4041
-4254
-3664
-2900
-2773
-3542
-4458
-4611
-3785
-2555
-1687
-1348
-1229
-1040
-533
378
1490
2453
2961
3113
3220
3452
3807
4190
4519
4684
4542
4101
3488
2907
2541
2352
2172
1792
1097
248
-431
-783
-874
-981
-1365
-1869
-2034
-1672
-1145
-908
-850
-771
-698
-519
-84
662
1486
2008
2087
1886
1774
1989
2298
2439
2419
2220
1788
1207
753
538
326
-53
-549
-1090
-1565
-1867
-1966
-1897
-1804
-1829
-2012
-2196
-2126
-1767
-1342
-991
-739
-561
-417
-273
-7
331
595
744
740
662
620
610
620
589
453
191
-175
-493
-687
-823
-954
-1094
-1228
-1330
-1383
-1425
-1473
-1489
-1339
-1052
-814
-718
-717
-680
-471
-99
287
618
871
998
943
850
956
1308
1522
1330
856
460
455
746
823
358
-313
-447
97
591
466
-310
-1372
-2409
-3294
-3869
-3859
-3271
-2585
-2610
-3544
-4575
-4776
-3894
-2428
-1217
-721
-834
-1039
-748
177
1454
2632
3242
3258
3075
3124
3592
4206
4660
4779
4495
3931
3282
2729
2453
2396
2302
1925
1190
327
-359
-758
-990
-1286
-1517
-1439
-1147
-1107
-1425
-1748
-1713
-1150
-260
620
1101
1150
1061
1177
1661
2354
2871
2925
2605
2258
2056
1904
1756
1616
1388
949
303
-384
-939
-1268
-1391
-1455
-1592
-1853
-2172
-2402
-2391
-2122
-1763
-1463
-1282
-1170
-1054
-849
-518
-103
293
535
557
473
480
642
851
880
713
417
99
-136
-271
-392
-585
-859
-1116
-1265
-1342
-1467
-1662
-1782
-1744
-1617
-1474
-1338
-1210
-1102
-979
-731
-302
230
625
771
765
830
977
1124
1205
1266
1213
973
591
242
58
143
487
777
737
274
-362
-814
-795
-810
-1639
-3414
-4960
-5062
-3742
-2335
-2200
-3326
-4664
-5060
-4190
-2569
-1025
-120
-3
-313
-384
272
1552
2879
3720
3984
3867
3670
3594
3772
4198
4683
4827
4283
3132
1933
1311
1396
1747
1744
1079
-54
-1108
-1599
-1420
-912
-539
-551
-833
-1039
-908
-464
113
670
1178
1595
1867
2067
2287
2526
2708
2804
2763
2526
2161
1781
1479
1271
1044
654
91
-541
-1072
-1422
-1612
-1739
-1893
-2031
-2119
-2132
-2056
-1860
-1573
-1270
-1015
-830
-657
-470
-227
94
398
550
490
318
202
226
309
308
126
-186
-491
-710
-868
-1013
-1163
-1336
-1491
-1582
-1669
-1840
-2001
-1924
-1553
-1145
-938
-936
-996
-919
-629
-192
222
491
600
599
525
488
518
529
525
621
717
439
-235
-660
-447
15
164
-191
-669
-901
-611
5
511
621
125
-902
-2085
-2777
-2588
-1838
-1207
-1196
-1877
-2797
-3278
-2918
-1933
-935
-320
-184
-344
-411
-181
368
1077
1817
2395
2543
2344
2146
2219
2566
2982
3234
3114
2620
2052
1620
1431
1422
1444
1310
893
317
-169
-363
-258
1
217
257
66
-182
-252
40
606
1126
1348
1269
1174
1266
1545
1894
2115
2074
1800
1444
1208
1118
1076
968
713
351
-56
-433
-713
-882
-941
-992
-1120
-1290
-1446
-1473
-1342
-1090
-815
-662
-638
-684
-666
-495
-233
11
113
67
-26
-103
-117
-92
-65
-109
-268
-483
-703
-837
-845
-794
-850
-1056
-1322
-1496
-1489
-1339
-1115
-945
-897
-1006
-1102
-983
-568
-100
69
-125
-430
-444
-83
473
779
520
-153
-679
-651
-241
163
219
-93
-542
-854
-907
-722
-386
-59
-8
-200
-447
-504
-207
350
823
695
-249
-1578
-2360
-1941
-635
296
61
-1074
-2102
-2319
-1781
-782
113
481
203
-389
-739
-517
283
1263
1914
1952
1470
932
830
1312
2099
2648
2612
2068
1355
901
921
1315
1708
1696
1259
658
227
144
344
662
858
779
498
226
192
443
802
1067
1118
1031
924
886
984
1164
1314
1315
1153
888
611
451
426
435
373
203
-10
-220
-387
-502
-600
-694
-765
-783
-744
-702
-670
-638
-582
-512
-457
-428
-422
-384
-316
-238
-194
-209
-258
-335
-366
-363
-376
-444
-576
-708
-819
-906
-992
-1044
-1016
-906
-859
-950
-1126
-1187
-1083
-951
-878
-830
-704
-656
-794
-993
-921
-530
-207
-259
-569
-813
-827
-638
-283
94
129
-312
-857
-943
-514
-87
0
-117
-178
-150
-142
-60
153
419
548
465
306
225
305
454
590
635
563
371
166
88
46
-71
-275
-321
-149
97
204
91
-113
-270
-243
-108
143
443
625
529
214
41
194
553
841
890
757
586
518
602
751
874
910
848
786
774
798
784
730
746
835
927
919
838
777
766
796
811
778
745
752
791
790
736
675
626
599
568
536
503
440
345
215
87
-27
-88
-88
-89
-125
-217
-318
-388
-411
-377
-349
-379
-449
-500
-480
-445
-465
-543
-623
-645
-639
-658
-712
-794
-890
-986
-1019
-963
-888
-859
-903
-979
-1037
-1046
-980
-915
-894
-888
-841
-684
-543
-523
-630
-758
-840
-876
-755
-421
-85
-80
-434
-727
-582
-172
66
-51
-267
-291
-147
3
17
-34
-87
-141
-129
-14
210
309
234
138
190
359
403
354
316
377
451
392
282
206
280
452
535
488
328
203
149
148
220
375
600
750
697
438
179
125
376
761
983
891
551
252
151
275
483
579
505
288
99
58
141
243
256
202
151
154
179
177
174
229
370
496
502
388
244
197
240
326
354
321
289
282
294
257
169
85
68
136
219
242
180
74
-11
-51
-59
-54
-49
-67
-100
-132
-157
-167
-183
-199
-249
-313
-373
-397
-343
-256
-199
-234
-334
-416
-425
-376
-326
-334
-403
-480
-511
-486
-466
-493
-548
-572
-510
-411
-378
-448
-549
-529
-395
-307
-353
-452
-471
-383
-305
-302
-342
-357
-307
-212
-130
-140
-202
-237
-190
-106
-16
49
47
-23
-92
-9
179
265
137
-68
-91
78
204
158
22
0
133
242
248
184
176
238
262
237
203
220
277
297
261
169
22
-65
37
325
537
417
117
-23
130
346
358
219
120
163
269
310
267
162
82
76
219
433
519
414
250
228
293
274
155
63
88
148
137
80
19
38
119
194
210
111
-22
-104
-45
109
203
151
19
-76
-103
-102
-83
-22
59
107
90
27
-38
-53
-18
24
27
-31
-95
-118
-88
-55
-86
-173
-240
-247
-205
-170
-161
-153
-115
-53
-25
-79
-187
-258
-239
-143
-54
-46
-130
-239
-289
-270
-212
-153
-122
-110
-105
-95
-95
-116
-136
-129
-86
-52
-82
-158
-214
-185
-89
-20
-31
-87
-128
-152
-168
-153
-83
12
47
15
-45
-101
-122
-112
-65
-21
-9
-31
-42
-7
47
56
-8
-76
-81
-13
60
88
60
1
-33
-5
56
79
44
1
30
111
179
185
137
46
-49
-65
43
199
254
184
77
35
44
47
70
123
191
227
209
154
111
137
206
265
265
205
110
22
20
150
320
382
253
27
-124
-127
-5
160
307
369
270
37
-203
-288
-168
63
241
245
88
-140
-270
-198
5
158
132
-16
-150
-192
-159
-81
1
41
9
-88
-192
-217
-133
-4
88
87
4
-120
-224
-239
-162
-63
-31
-89
-185
-246
-222
-155
-92
-58
-53
-66
-99
-132
-135
-74
14
60
21
-94
-190
-213
-146
-39
36
47
-2
-52
-59
-15
54
98
106
73
11
-43
-61
-29
31
72
48
-30
-96
-95
-21
83
163
187
151
98
70
79
108
142
177
204
211
185
142
118
124
148
163
161
148
125
99
66
28
-22
-85
-146
-209
-263
-300
-301
-277
-255
-253
-268
-296
-331
-334
-289
-226
-187
-179
-184
-192
-178
-143
-90
-32
22
62
79
96
127
167
188
202
230
263
288
281
248
209
193
198
208
227
242
229
185
144
139
164
176
146
96
54
33
18
1
1
8
-2
-45
-94
-113
-88
-42
-6
7
-3
-18
-33
-41
-42
-36
-37
-62
-105
-135
-122
-72
-19
1
-10
-41
-75
-82
-54
7
56
55
3
-80
-139
-153
-135
-107
-91
-88
-100
-111
-111
-98
-72
-36
8
48
62
50
19
-3
4
30
58
62
45
28
35
68
104
118
115
102
94
93
89
84
81
78
60
27
-5
-18
-13
-10
-28
-63
-92
-89
-38
29
65
51
11
-15
-10
13
34
39
20
-13
-48
-78
-97
-106
-103
-101
-106
-119
-128
-127
-122
-119
-117
-120
-132
-143
-135
-115
-98
-93
-86
-57
-14
19
22
-3
-37
-50
-27
12
51
80
99
119
134
132
118
107
117
149
180
187
161
117
78
52
44
45
49
49
50
73
102
114
108
96
93
92
84
72
65
58
56
54
47
36
28
32
38
37
24
4
-6
0
4
-8
-38
-71
-93
-102
-113
-132
-147
-153
-156
-156
-151
-143
-144
-151
-150
-138
-115
-96
-98
-121
-153
-167
-159
-126
-77
-31
-7
-7
-18
-15
12
47
70
71
58
39
27
23
35
53
62
54
44
51
69
86
92
93
100
105
104
98
88
79
72
69
79
95
111
120
121
126
146
171
194
204
198
181
152
122
94
75
61
39
6
-35
-72
-98
-110
-113
-119
-136
-158
-175
-179
-168
-159
-160
-171
-188
-195
-187
-179
-178
-186
-196
-198
-194
-177
-156
-147
-155
-168
-176
-175
-166
-160
-157
-154
-149
-144
-127
-95
-56
-16
25
72
121
169
212
246
267
278
282
285
294
313
333
350
356
347
328
303
281
259
236
209
179
158
149
140
126
109
83
55
31
13
7
2
-5
-17
-38
-67
-97
-124
-140
-137
-127
-127
-140
-158
-181
-196
-201
-200
-194
-186
-181
-181
-186
-188
-188
-180
-169
-160
-159
-163
-166
-159
-140
-115
-96
-89
-88
-88
-79
-63
-38
-12
5
18
32
43
53
67
81
90
96
102
107
114
126
141
150
151
153
161
166
165
166
167
160
144
130
124
120
113
102
87
70
51
35
24
12
-6
-28
-56
-83
-105
-119
-117
-100
-88
-92
-107
-119
-126
-120
-109
-97
-86
-84
-81
-68
-51
-33
-18
-12
-11
-13
-14
-15
-9
2
7
5
1
-11
-16
-9
5
24
40
45
41
35
28
19
13
8
7
11
13
15
24
29
33
35
35
29
22
15
11
7
12
18
13
0
-11
-10
0
12
21
28
31
30
27
25
29
36
45
53
57
56
54
48
41
39
44
53
58
61
58
53
51
47
35
16
-2
-11
-18
-21
-24
-25
-26
-25
-23
-22
-33
-53
-70
-80
-78
-76
-73
-73
-81
-95
-110
-121
-126
-123
-118
-115
-113
-107
-99
-91
-86
-79
-72
-62
-45
-21
2
16
29
39
47
51
57
65
78
89
97
101
107
118
127
131
128
120
111
104
96
85
73
58
41
23
6
-3
-5
-2
-1
-11
-27
-43
-57
-68
-72
-69
-59
-53
-50
-47
-45
-43
-40
-39
-36
-36
-36
-36
-31
-24
-14
-3
9
14
14
9
4
-2
-5
-6
-7
-9
-8
-2
3
7
11
18
22
25
21
17
15
15
17
14
15
15
16
16
18
19
15
13
13
13
13
12
11
8
4
-4
-11
-14
-13
-10
-5
3
10
18
24
23
20
18
21
22
24
27
27
26
21
15
8
-1
-8
-13
-14
-13
-5
0
-6
-17
-18
-14
-9
-10
-13
-16
-17
-18
-20
-22
-23
-22
-18
-17
-17
-19
-23
-32
-39
-46
-49
-48
-47
-37
-28
-31
-39
-49
-53
-50
-44
-36
-30
-23
-13
0
10
14
14
12
12
18
22
20
17
15
18
31
46
57
63
65
69
73
72
64
52
48
47
44
40
32
22
20
20
21
18
9
4
1
-5
-14
-18
-20
-18
-7
1
3
-4
-17
-22
-21
-20
-21
-23
-28
-30
-27
-17
-6
0
1
-1
-3
-4
-6
-10
-13
-17
-20
-19
-15
-7
-3
-2
-2
-3
-6
-11
-14
-12
-9
-9
-6
-2
1
6
15
21
18
11
7
8
10
15
14
7
-2
-7
-1
14
29
30
26
20
19
22
26
26
22
17
13
11
13
18
19
18
9
-3
-9
-7
-5
-8
-10
-13
-16
-19
-20
-19
-16
-16
-19
-24
-31
-32
-35
-35
-33
-33
-31
-30
-25
-20
-15
-13
-22
-31
-32
-31
-23
-16
-11
-14
-20
-24
-24
-17
-9
-4
-4
-6
-5
-3
3
6
10
17
23
23
22
19
18
17
16
18
20
20
14
9
7
8
9
13
15
15
16
15
12
12
14
18
19
20
16
11
10
12
15
20
24
26
28
25
21
17
8
-5
-14
-15
-9
-6
-5
-4
-2
-1
-2
-5
-4
-1
0
-2
-1
5
13
17
15
12
8
5
1
3
4
5
5
4
3
-4
-7
-11
-13
-9
-4
1
2
2
0
-3
-4
-7
-9
-8
-13
-17
-21
-20
-16
-8
2
7
13
16
15
7
3
2
0
1
1
5
3
0
-5
-9
-13
-21
-29
-35
-35
-29
-19
-12
-10
-11
-17
-24
-23
-23
-25
-27
-25
-20
-18
-9
2
11
17
21
19
13
13
12
15
15
9
1
-10
-13
-12
-8
-6
-7
-6
-8
-8
-7
-6
-1
-1
-1
-4
-4
-3
-3
-4
0
8
18
21
20
15
9
3
0
1
3
7
8
11
14
13
12
11
5
-1
0
0
6
9
11
