0
0
0
0
0
0
0
0
0
0
0
0
0
0
0
0
0
0
0
0
0
0
0
0
0
0
0
-1
0
0
0
0
0
0
0
-1
0
0
0
0
0
0
0
0
0
0
0
0
0
0
0
0
0
0
0
0
0
0
1
-1
0
0
0
0
0
0
0
1
0
0
0
0
0
-1
0
0
0
0
0
0
0
0
0
0
-1
-1
-1
-1
0
-1
0
0
0
0
0
0
-1
-1
0
-1
0
0
0
-1
0
0
0
0
0
0
0
1
0
0
0
0
0
0
0
0
0
0
1
1
0
0
0
0
0
0
0
0
0
0
0
1
0
0
0
0
0
1
1
0
0
0
0
0
-1
0
0
0
0
0
0
1
0
0
1
0
0
0
1
0
0
1
0
1
1
0
0
0
0
0
0
0
0
0
0
1
0
1
1
-1
0
0
0
0
0
0
0
0
0
0
0
1
0
0
1
0
0
0
1
0
0
0
-1
0
0
0
0
0
0
0
0
0
0
1
0
0
0
-1
-1
0
0
0
0
0
0
0
0
0
0
-1
0
1
0
0
0
0
0
0
0
-1
0
1
0
0
0
0
-1
0
-1
-1
0
0
0
0
1
0
0
0
0
0
0
0
0
1
1
0
1
-1
0
0
0
0
0
0
0
0
0
0
0
0
0
0
0
0
0
0
0
0
0
0
0
0
0
0
0
0
-1
1
0
1
0
0
1
0
0
0
0
0
1
-1
0
0
0
0
0
1
0
0
-1
0
0
0
0
1
0
0
1
-1
-1
0
0
0
0
0
0
0
0
0
0
0
-1
0
0
0
1
0
0
0
0
1
0
-1
-1
0
0
0
-1
0
0
0
0
0
-1
0
0
0
0
-1
0
0
0
0
0
0
0
0
1
1
1
0
0
0
0
1
2
1
0
0
-1
0
0
0
0
-1
-3
-4
-3
-4
-4
-3
-3
-2
-3
-3
-3
-2
0
1
0
-1
-2
-2
-1
1
1
0
-2
-4
-3
0
0
-1
-2
-3
-3
-2
-1
0
0
-1
-1
1
1
0
1
1
4
7
8
7
4
0
-2
0
4
4
0
-11
-21
-24
-20
-14
-14
-18
-26
-33
-35
-28
-17
-8
-7
-12
-18
-18
-10
0
9
9
3
-7
-12
-11
-5
-2
-8
-23
-38
-45
-45
-44
-46
-51
-58
-65
-69
-68
-59
-47
-38
-39
-45
-48
-42
-25
-6
4
-5
-20
-26
-17
1
13
10
-6
-20
-23
-17
-5
3
2
-8
-19
-23
-17
-5
9
14
12
4
2
11
30
47
55
57
58
51
38
29
34
47
55
48
26
1
-16
-15
3
27
32
7
-32
-54
-43
-19
-4
-1
-10
-35
-67
-88
-81
-58
-44
-52
-70
-98
-166
-275
-352
-311
-173
-83
-152
-325
-452
-444
-312
-131
17
71
13
-86
-110
23
259
439
468
381
279
247
309
432
530
528
418
254
127
106
174
243
234
139
8
-91
-102
-20
90
155
141
74
39
108
267
417
487
490
476
492
542
610
674
716
704
611
478
389
391
447
477
421
254
50
-43
42
210
285
183
-15
-148
-115
46
205
254
178
50
-36
-20
90
220
272
204
54
-94
-164
-139
-57
-15
-130
-386
-630
-759
-817
-843
-772
-594
-464
-527
-737
-892
-810
-469
-39
232
187
-166
-597
-697
-256
429
769
459
-218
-688
-605
-106
346
429
158
-298
-685
-698
-273
175
137
-400
-978
-1189
-897
-282
102
-363
-1632
-2742
-2704
-1582
-439
-220
-928
-1816
-2184
-1793
-870
79
536
312
-239
-490
-138
576
1176
1369
1184
850
661
750
1027
1291
1361
1188
835
473
301
364
539
636
544
287
14
-113
-19
214
419
462
337
153
59
172
492
839
976
836
594
496
621
858
1021
996
818
618
494
454
445
434
408
364
282
147
19
-4
85
186
183
82
-24
-54
-1
84
151
151
93
34
24
61
97
104
82
36
-29
-112
-196
-234
-231
-251
-315
-341
-304
-356
-558
-729
-677
-466
-321
-393
-613
-779
-741
-535
-305
-197
-334
-595
-653
-388
-119
-249
-695
-919
-622
-114
59
-215
-557
-599
-324
-10
138
191
179
120
122
299
567
658
427
-256
-1402
-2445
-2523
-1441
-166
26
-1123
-2726
-3575
-3095
-1658
-191
419
-64
-1037
-1541
-1009
240
1379
1826
1574
1065
813
1081
1733
2304
2436
2113
1563
1096
913
1024
1228
1250
983
499
13
-222
-129
136
302
204
-111
-449
-527
-218
309
706
702
406
204
389
883
1315
1452
1340
1130
937
827
870
1032
1132
1017
703
374
178
124
150
162
57
-207
-502
-630
-518
-301
-187
-245
-388
-500
-507
-387
-179
17
77
-14
-162
-228
-110
146
339
274
-39
-373
-497
-361
-153
-130
-394
-783
-987
-905
-739
-730
-872
-973
-917
-762
-657
-642
-637
-555
-465
-466
-509
-492
-411
-289
-108
83
80
-142
-270
-111
151
205
37
-114
-113
-38
-21
-28
75
85
-428
-1454
-2313
-2338
-1725
-1179
-1154
-1596
-2098
-2301
-2071
-1509
-894
-447
-281
-291
-200
146
688
1191
1463
1511
1447
1477
1655
1851
1964
1957
1851
1631
1336
1114
1014
972
891
701
450
210
55
26
80
153
147
56
-1
53
170
281
425
610
708
683
697
887
1170
1344
1309
1133
977
948
996
1006
908
698
454
293
276
293
196
-12
-211
-303
-302
-282
-284
-311
-317
-299
-280
-259
-241
-204
-158
-143
-158
-194
-201
-152
-102
-118
-193
-226
-162
-149
-254
-420
-572
-650
-656
-539
-426
-522
-809
-1065
-1012
-660
-328
-285
-522
-758
-771
-594
-331
-85
39
5
-100
-184
-312
-470
-456
-171
205
315
-43
-600
-888
-681
-230
7
-75
-302
-477
-749
-1494
-2435
-2823
-2263
-1303
-965
-1583
-2562
-2983
-2450
-1445
-696
-494
-625
-660
-397
158
810
1265
1426
1393
1384
1576
1935
2252
2298
2087
1849
1706
1617
1496
1342
1197
1052
874
630
372
206
169
209
240
210
134
67
63
182
396
573
640
684
799
935
1027
1101
1224
1368
1441
1413
1243
963
696
595
710
867
794
398
-64
-237
-119
2
-70
-275
-440
-506
-472
-386
-316
-281
-262
-240
-196
-172
-184
-189
-144
-62
-50
-151
-269
-323
-310
-310
-395
-541
-668
-693
-616
-562
-663
-889
-1065
-1007
-761
-553
-607
-835
-915
-762
-553
-413
-327
-257
-219
-238
-327
-403
-202
205
362
-30
-580
-606
-40
595
691
122
-684
-1113
-817
-53
548
487
-155
-749
-825
-419
94
347
0
-1186
-2594
-3049
-2168
-921
-567
-1296
-2326
-2835
-2472
-1486
-458
31
-166
-586
-668
-199
603
1339
1787
1850
1601
1382
1506
1950
2359
2482
2337
1971
1494
1173
1200
1419
1448
1153
681
251
31
84
278
391
305
85
-110
-157
-5
255
465
563
605
635
695
864
1127
1321
1332
1204
1048
966
956
913
788
619
484
362
197
-17
-211
-324
-384
-441
-515
-567
-567
-546
-524
-516
-498
-442
-368
-290
-207
-132
-86
-84
-94
-103
-101
-95
-117
-181
-287
-397
-466
-528
-631
-739
-786
-790
-825
-899
-968
-1017
-1053
-1024
-881
-706
-653
-780
-878
-691
-345
-145
-154
-170
-106
-12
93
193
335
469
405
169
36
237
576
630
256
-184
-321
-152
-25
-107
-257
-347
-271
-75
213
421
348
-182
-1227
-2267
-2493
-1772
-918
-780
-1399
-2175
-2555
-2340
-1698
-1005
-538
-411
-577
-723
-465
266
1078
1538
1574
1389
1324
1591
2072
2500
2636
2470
2143
1795
1628
1687
1772
1657
1300
855
491
278
221
225
176
19
-202
-357
-375
-310
-271
-262
-172
3
159
241
318
432
531
559
568
684
888
1025
963
719
459
361
470
653
689
454
-16
-463
-599
-417
-180
-149
-374
-690
-893
-855
-629
-381
-238
-270
-398
-482
-411
-210
6
173
240
164
4
-103
-100
-34
-14
-107
-295
-463
-560
-601
-618
-634
-659
-699
-735
-744
-722
-671
-615
-565
-507
-467
-477
-521
-493
-329
-77
105
74
-61
-125
-55
158
500
830
946
723
276
-20
74
418
668
553
208
6
81
291
480
663
826
843
7
-2211
-4591
-4932
-2632
148
705
-1513
-4485
-5784
-4590
-1949
164
522
-645
-2063
-2334
-991
1092
2542
2708
1995
1302
1356
2237
3345
3966
3783
3135
2449
1920
1762
1977
2242
2163
1542
573
-280
-612
-439
-133
-96
-492
-1049
-1379
-1287
-835
-408
-300
-428
-493
-256
231
724
1055
1233
1369
1470
1475
1416
1412
1497
1535
1449
1235
907
588
392
292
101
-360
-922
-1188
-1055
-858
-969
-1355
-1668
-1629
-1308
-966
-762
-752
-868
-917
-728
-338
59
263
263
188
132
154
268
430
538
464
202
-66
-187
-167
-141
-225
-429
-695
-937
-1039
-911
-704
-639
-747
-910
-1004
-900
-639
-369
-200
-211
-343
-380
-94
386
662
511
178
161
589
1059
1094
710
347
226
348
607
840
845
596
338
321
638
1077
1186
412
-1424
-3461
-4230
-3142
-1214
-400
-1535
-3621
-5011
-4780
-3303
-1616
-731
-965
-1721
-2107
-1512
-160
1181
1951
1994
1725
1697
2167
2987
3686
3953
3786
3367
2907
2569
2523
2639
2588
2149
1363
594
104
-92
-118
-223
-527
-971
-1325
-1418
-1262
-990
-813
-813
-858
-729
-325
173
605
952
1185
1291
1329
1411
1614
1886
2047
1965
1713
1448
1236
1063
859
603
265
-161
-545
-807
-1065
-1373
-1582
-1580
-1544
-1649
-1794
-1841
-1709
-1437
-1123
-881
-784
-732
-603
-285
148
432
409
202
111
234
404
472
409
259
90
-61
-161
-250
-387
-554
-693
-773
-825
-899
-983
-1001
-933
-905
-979
-996
-788
-438
-200
-197
-319
-310
-18
438
730
688
419
149
242
858
1462
1307
550
91
305
765
967
837
575
334
132
39
285
853
1186
484
-1327
-3192
-3803
-2843
-1322
-689
-1547
-3206
-4410
-4337
-3135
-1651
-834
-1030
-1727
-2049
-1490
-269
1003
1788
1875
1554
1413
1839
2700
3515
3899
3767
3284
2755
2490
2597
2859
2878
2425
1631
867
414
283
298
205
-182
-750
-1210
-1359
-1218
-980
-830
-879
-1044
-1059
-750
-245
234
576
776
902
1031
1186
1381
1607
1811
1876
1756
1554
1345
1139
927
722
467
100
-280
-581
-798
-989
-1198
-1370
-1463
-1486
-1486
-1489
-1463
-1371
-1226
-1080
-962
-834
-691
-509
-282
-70
89
167
177
165
172
227
280
289
230
97
-67
-205
-261
-294
-451
-747
-1004
-1022
-859
-753
-826
-1013
-1208
-1262
-1112
-810
-453
-189
-112
-177
-189
-46
166
361
620
936
1016
820
585
498
639
923
969
452
-119
-26
652
1157
987
341
-197
-126
605
1362
1017
-1014
-3724
-4914
-3379
-603
553
-1079
-3937
-5614
-5008
-2833
-741
-97
-1009
-2336
-2744
-1737
91
1679
2286
1921
1319
1263
1991
3102
3943
4199
3981
3485
2922
2605
2779
3225
3343
2786
1779
843
305
207
365
375
-38
-752
-1378
-1607
-1437
-1165
-1073
-1134
-1144
-1041
-856
-553
-89
453
873
1062
1098
1181
1433
1793
2062
2109
1881
1485
1203
1149
1157
977
539
-13
-432
-620
-727
-874
-1080
-1318
-1546
-1699
-1743
-1708
-1677
-1671
-1589
-1423
-1261
-1130
-940
-627
-254
-3
43
47
130
287
475
634
708
641
447
253
153
70
-32
-131
-244
-424
-732
-1101
-1274
-1194
-1063
-1022
-1092
-1221
-1270
-1192
-1097
-881
-519
-253
-189
-203
-74
348
924
1232
1098
808
737
881
1010
1118
1197
1122
962
1030
1145
1098
1018
1047
1282
1065
-570
-3330
-5237
-4609
-2106
-337
-1217
-4083
-6557
-6856
-4986
-2529
-1231
-1493
-2575
-3282
-2729
-1026
926
2197
2424
2062
1925
2437
3480
4579
5221
5252
4846
4221
3716
3648
3896
4048
3714
2780
1586
615
131
75
59
-299
-948
-1642
-2153
-2292
-2202
-2085
-1906
-1612
-1345
-1187
-912
-374
337
1015
1504
1776
1871
2009
2332
2707
3023
3103
2792
2243
1768
1540
1396
1104
596
-23
-590
-1070
-1412
-1653
-1882
-2115
-2362
-2574
-2643
-2543
-2353
-2125
-1914
-1733
-1539
-1239
-773
-262
126
339
466
604
800
1000
1163
1280
1313
1154
846
572
386
200
-89
-482
-849
-1102
-1258
-1361
-1519
-1702
-1907
-2097
-2089
-1764
-1410
-1347
-1417
-1270
-747
-129
232
273
330
653
1066
1372
1443
1427
1532
1661
1617
1253
895
939
1264
1548
1496
1194
898
667
168
-1093
-3009
-4445
-4299
-2798
-1576
-2148
-4199
-6150
-6479
-5063
-3076
-1761
-1653
-2245
-2683
-2307
-895
944
2302
2738
2497
2362
2858
3896
4951
5493
5453
4988
4369
3880
3711
3866
3938
3519
2577
1424
514
62
-71
-185
-626
-1468
-2284
-2533
-2152
-1794
-1985
-2446
-2538
-2009
-1167
-341
273
542
636
896
1487
2288
2867
2944
2722
2591
2708
2773
2566
2194
1770
1289
686
82
-356
-635
-891
-1276
-1775
-2256
-2609
-2720
-2576
-2306
-2124
-2166
-2290
-2237
-1957
-1534
-1040
-501
-29
237
310
357
601
1001
1331
1422
1313
1182
1104
1012
840
589
239
-217
-651
-893
-949
-959
-1124
-1474
-1806
-1953
-1826
-1489
-1197
-1123
-1200
-1156
-797
-246
97
109
243
694
1102
1136
886
735
860
1262
1805
1998
1398
252
-469
41
1483
2589
2257
827
-209
-343
-321
-1172
-3009
-4463
-4284
-2760
-1832
-2870
-5051
-6447
-5980
-4254
-2571
-1865
-2230
-2844
-2780
-1708
78
1619
2240
2124
1966
2462
3522
4567
5156
5225
4990
4627
4317
4091
3971
3987
3814
3233
2296
1277
576
237
55
-217
-850
-1736
-2330
-2291
-1943
-1785
-1860
-2023
-2003
-1614
-969
-316
152
550
1028
1453
1769
2035
2250
2489
2810
3021
2867
2436
2013
1710
1466
1156
695
46
-710
-1226
-1357
-1412
-1636
-2046
-2468
-2599
-2433
-2230
-2151
-2130
-2080
-1940
-1602
-1066
-524
-219
-146
-81
147
509
920
1241
1333
1226
1013
874
861
855
684
306
-128
-458
-710
-1006
-1261
-1406
-1508
-1659
-1847
-1952
-1885
-1712
-1589
-1482
-1238
-878
-504
-210
0
164
336
612
950
1307
1619
1855
1934
1786
1563
1431
1433
1439
1316
1085
960
1084
1325
1395
1087
268
-958
-2247
-3364
-4099
-4195
-3589
-2861
-2984
-4212
-5572
-5876
-4938
-3501
-2411
-1927
-1766
-1660
-1323
-455
831
2062
2777
2948
3008
3355
4037
4751
5155
5099
4702
4268
3880
3577
3376
3138
2753
2069
1136
310
-242
-561
-784
-1103
-1626
-2171
-2295
-1971
-1648
-1649
-1851
-1849
-1419
-657
129
599
801
1015
1388
1939
2467
2692
2611
2486
2504
2544
2425
2123
1740
1352
907
287
-415
-949
-1197
-1294
-1499
-1857
-2310
-2678
-2727
-2483
-2116
-1891
-1920
-1967
-1784
-1266
-632
-200
-73
-179
-223
30
600
1204
1440
1227
817
563
631
850
955
754
233
-388
-835
-934
-821
-777
-937
-1284
-1640
-1793
-1630
-1308
-1104
-1033
-977
-799
-546
-358
-163
163
522
722
720
667
785
1125
1549
1853
1908
1602
1012
568
570
865
1175
1357
1360
1047
557
155
-128
-366
-854
-1908
-3328
-4336
-4218
-3446
-3178
-3793
-4731
-5079
-4657
-3966
-3357
-2875
-2232
-1539
-1068
-574
142
1068
1902
2459
2977
3481
3937
4286
4478
4680
4807
4746
4437
3938
3556
3269
2939
2425
1687
996
407
-60
-419
-797
-1160
-1544
-1982
-2314
-2254
-1716
-1262
-1339
-1600
-1484
-772
151
852
1168
1248
1426
1786
2201
2566
2742
2666
2454
2312
2248
2054
1687
1286
897
467
-80
-682
-1224
-1595
-1770
-1881
-2048
-2264
-2462
-2582
-2484
-2190
-1941
-1974
-2120
-1879
-1106
-249
179
112
-120
-119
309
939
1443
1577
1290
841
562
592
755
698
348
-113
-553
-887
-1064
-1088
-1082
-1170
-1381
-1589
-1651
-1610
-1515
-1265
-897
-597
-536
-630
-575
-243
265
636
745
826
1069
1380
1632
1678
1402
988
926
1266
1549
1419
854
359
306
640
924
837
456
-364
-1883
-3761
-4963
-4665
-3297
-2287
-2594
-4068
-5493
-5811
-4960
-3423
-2022
-1304
-1309
-1629
-1484
-509
1002
2351
2975
3026
2978
3251
3936
4648
5125
5200
4874
4332
3705
3344
3294
3221
2855
2091
1186
370
-210
-502
-683
-872
-1218
-1782
-2282
-2353
-1853
-1238
-1048
-1238
-1425
-1184
-392
593
1265
1471
1525
1691
1958
2246
2473
2606
2622
2530
2311
1928
1467
1036
672
329
-72
-587
-1137
-1528
-1670
-1705
-1880
-2203
-2455
-2448
-2218
-1913
-1688
-1673
-1741
-1561
-1011
-330
105
152
16
66
496
1069
1433
1423
1126
765
555
596
705
577
178
-309
-646
-804
-914
-1086
-1333
-1471
-1438
-1389
-1399
-1478
-1538
-1415
-1046
-610
-441
-474
-488
-319
183
859
1370
1541
1327
1028
1012
1374
1790
1815
1485
951
383
41
305
1071
1502
1027
-126
-1338
-2239
-2964
-3793
-4486
-4482
-3855
-3410
-3764
-4749
-5535
-5432
-4368
-2807
-1649
-1324
-1488
-1460
-740
603
2073
3021
3257
3182
3264
3786
4580
5217
5443
5138
4575
4036
3624
3393
3167
2803
2214
1452
678
2
-442
-689
-854
-1067
-1460
-1941
-2369
-2477
-1909
-959
-420
-685
-1138
-874
166
1325
1989
2098
1994
2025
2289
2627
2921
3052
2838
2416
2073
1760
1301
820
524
304
-123
-803
-1487
-1859
-1880
-1816
-1913
-2132
-2282
-2294
-2165
-1880
-1522
-1257
-1158
-1119
-953
-566
-71
377
678
772
699
604
671
933
1180
1140
725
205
-121
-228
-245
-335
-603
-1014
-1402
-1606
-1637
-1605
-1607
-1651
-1657
-1546
-1326
-1126
-955
-756
-499
-212
58
272
431
634
925
1139
1257
1262
1162
1138
1140
1126
796
240
73
410
940
931
185
-683
-1191
-1213
-1461
-2570
-4099
-5175
-4960
-3816
-2934
-2997
-4074
-5064
-4988
-3878
-2254
-1097
-660
-679
-715
-129
934
2151
3064
3389
3537
3683
4020
4432
4639
4780
4716
4452
4006
3380
2899
2564
2349
2075
1483
722
-70
-593
-735
-754
-808
-1129
-1659
-2026
-1868
-1119
-388
-211
-489
-676
-227
741
1653
2090
2094
2002
2018
2171
2400
2563
2575
2375
1987
1551
1172
903
711
466
11
-678
-1329
-1653
-1616
-1455
-1490
-1816
-2182
-2318
-2206
-1972
-1724
-1461
-1182
-949
-800
-676
-459
-112
320
686
822
732
503
355
468
756
903
683
173
-346
-667
-730
-634
-599
-773
-1167
-1584
-1777
-1685
-1451
-1228
-1100
-1091
-1178
-1249
-1092
-640
-105
203
270
232
317
687
1069
1261
1277
1207
965
537
260
388
793
1118
1051
630
69
-412
-586
-640
-982
-2022
-3591
-4815
-5003
-4160
-3069
-2651
-3289
-4540
-5283
-4740
-3065
-1199
-211
-273
-744
-827
-37
1422
2938
3822
3837
3484
3363
3744
4408
4973
5129
4723
4008
3307
2825
2633
2510
2246
1722
945
118
-525
-814
-827
-822
-1047
-1554
-2081
-2214
-1661
-723
-104
-195
-648
-729
-50
1079
1963
2316
2290
2139
2063
2088
2238
2460
2554
2369
1887
1270
749
461
383
254
-149
-827
-1537
-1907
-1887
-1663
-1534
-1704
-2022
-2256
-2215
-1845
-1356
-1038
-1010
-1039
-836
-397
44
282
322
328
397
558
702
758
754
627
394
153
-48
-214
-372
-527
-683
-868
-1082
-1248
-1337
-1396
-1393
-1306
-1220
-1095
-910
-817
-759
-539
-206
44
312
677
877
739
590
732
1023
1266
1312
964
458
298
536
926
1162
1098
637
13
-376
-679
-1429
-2825
-4240
-4849
-4453
-3432
-2779
-3181
-4305
-5331
-5352
-4153
-2412
-1066
-713
-1012
-1151
-613
610
1990
3042
3508
3492
3467
3692
4211
4792
5071
4995
4540
3847
3246
2874
2698
2505
2106
1418
503
-317
-813
-952
-905
-979
-1365
-2091
-2625
-2293
-1215
-277
-183
-748
-1137
-661
540
1725
2335
2357
2109
1932
2003
2332
2696
2801
2587
2179
1673
1168
777
538
426
210
-377
-1210
-1889
-2107
-1929
-1676
-1643
-1904
-2256
-2425
-2221
-1734
-1291
-1121
-1140
-1042
-650
-116
279
454
506
539
625
747
851
875
801
669
511
304
-17
-411
-737
-866
-825
-814
-995
-1328
-1601
-1591
-1324
-1029
-918
-1031
-1129
-981
-622
-264
74
438
658
700
769
947
1066
1005
932
1022
1184
1157
707
224
77
250
618
783
652
221
-384
-968
-1732
-2680
-3455
-3607
-3214
-2958
-3189
-3734
-4117
-4063
-3765
-3217
-2382
-1567
-1066
-941
-767
-172
719
1597
2239
2636
2893
3109
3356
3641
3972
4213
4196
3941
3480
2987
2681
2507
2259
1811
1223
634
107
-308
-562
-715
-978
-1397
-1737
-1737
-1391
-985
-761
-737
-766
-673
-255
502
1232
1605
1648
1611
1708
1906
2074
2170
2187
2095
1850
1482
1137
912
719
411
-23
-494
-933
-1232
-1342
-1355
-1401
-1579
-1845
-1981
-1854
-1530
-1224
-1099
-1101
-1100
-980
-685
-261
140
326
309
239
273
443
605
692
690
577
376
104
-147
-286
-353
-422
-555
-742
-916
-1030
-1124
-1223
-1183
-1009
-853
-735
-608
-502
-430
-267
-46
118
277
543
846
926
748
517
409
514
754
867
697
395
169
149
405
721
765
436
-281
-1249
-2299
-3195
-3536
-3222
-2636
-2448
-2955
-3791
-4331
-4181
-3403
-2365
-1479
-1072
-1075
-1122
-837
-13
1122
2114
2643
2687
2561
2648
3082
3690
4144
4197
3866
3366
2880
2547
2400
2321
2091
1592
895
206
-220
-375
-417
-469
-646
-909
-1146
-1236
-1089
-836
-629
-460
-219
139
559
990
1295
1460
1587
1713
1878
2039
2112
2012
1769
1545
1405
1279
1059
694
225
-244
-570
-759
-911
-1079
-1325
-1583
-1738
-1756
-1703
-1631
-1537
-1464
-1394
-1276
-1044
-720
-416
-201
-87
10
132
258
342
374
419
458
449
350
153
-78
-261
-360
-426
-579
-837
-1089
-1206
-1162
-1057
-984
-948
-921
-897
-859
-672
-292
130
382
370
253
288
543
802
873
797
559
245
87
143
268
297
165
-113
-328
-269
18
213
-8
-848
-2173
-3442
-3914
-3345
-2369
-1814
-2130
-3093
-3973
-4024
-3064
-1633
-481
-94
-325
-545
-294
473
1434
2266
2776
2818
2540
2331
2446
2850
3285
3445
3150
2541
1866
1344
1154
1232
1313
1114
568
-64
-463
-490
-259
-8
74
-48
-194
-230
-90
210
539
843
1072
1179
1230
1313
1519
1818
2071
2083
1822
1469
1180
1059
1079
1079
877
415
-146
-539
-664
-635
-644
-814
-1096
-1302
-1327
-1212
-1038
-905
-860
-869
-882
-846
-714
-488
-247
-50
8
-66
-166
-209
-147
-34
36
-4
-135
-276
-375
-420
-474
-596
-742
-866
-922
-897
-820
-776
-819
-923
-964
-837
-581
-347
-229
-137
16
154
107
-82
-107
216
722
951
627
-22
-514
-480
1
473
409
-202
-865
-1011
-502
133
303
-48
-507
-749
-974
-1586
-2591
-3355
-3201
-2272
-1381
-1340
-2198
-3270
-3689
-2928
-1334
112
568
91
-508
-498
293
1400
2235
2506
2297
1992
1899
2117
2481
2728
2738
2503
2090
1637
1289
1138
1135
1171
1103
809
374
-1
-104
106
400
535
394
132
13
163
513
858
1069
1116
1079
1113
1257
1454
1601
1628
1575
1450
1247
978
736
640
667
643
374
-73
-490
-712
-712
-618
-565
-644
-821
-1013
-1110
-1069
-932
-752
-597
-491
-456
-492
-507
-398
-181
-7
39
-41
-156
-183
-127
-60
-75
-191
-350
-501
-562
-570
-622
-702
-745
-673
-602
-669
-848
-991
-874
-563
-217
-46
-121
-279
-336
-174
83
275
268
73
-177
-337
-319
-164
-77
-291
-714
-997
-954
-685
-449
-393
-509
-664
-689
-598
-384
-85
82
-285
-1414
-2736
-3142
-2131
-630
-129
-1072
-2526
-3316
-2971
-1755
-362
488
387
-314
-785
-507
387
1276
1739
1801
1662
1507
1431
1519
1792
2106
2308
2221
1826
1327
1031
1106
1364
1536
1426
1031
572
311
370
631
840
837
663
507
470
540
683
836
956
1027
1055
1081
1114
1191
1311
1368
1302
1126
935
808
772
778
711
526
265
25
-145
-260
-351
-448
-512
-546
-592
-667
-746
-734
-620
-457
-354
-375
-441
-473
-395
-248
-135
-131
-220
-275
-277
-262
-271
-316
-376
-460
-557
-626
-635
-582
-560
-611
-713
-795
-770
-669
-564
-553
-629
-686
-666
-583
-472
-382
-354
-433
-533
-527
-421
-296
-290
-471
-717
-784
-585
-422
-453
-627
-788
-776
-688
-626
-657
-643
-491
-326
-212
-138
-113
-241
-803
-1678
-2233
-1856
-823
-205
-520
-1391
-1997
-2029
-1526
-679
104
542
457
103
-90
142
738
1310
1638
1700
1516
1273
1160
1295
1651
1981
2064
1766
1259
901
849
1064
1326
1417
1217
802
477
396
559
787
893
851
699
554
474
511
673
880
1039
1008
870
757
766
943
1130
1163
932
581
334
290
424
539
495
282
-5
-208
-265
-203
-114
-110
-202
-298
-370
-440
-472
-411
-277
-185
-204
-343
-477
-484
-352
-202
-167
-251
-407
-501
-460
-357
-317
-416
-551
-631
-615
-546
-523
-574
-691
-794
-785
-650
-506
-511
-661
-790
-744
-591
-540
-670
-815
-772
-585
-441
-451
-625
-858
-945
-748
-416
-284
-407
-620
-777
-778
-684
-570
-473
-412
-384
-406
-377
-245
-142
-76
2
95
157
-55
-596
-1174
-1240
-598
25
12
-609
-1261
-1384
-981
-260
337
526
347
-18
-131
184
761
1200
1232
1076
912
881
983
1135
1300
1383
1384
1249
1056
949
942
1011
1098
1144
1061
838
595
501
600
767
839
734
522
342
286
358
551
759
819
697
545
535
683
889
1003
972
821
601
423
360
410
453
379
215
59
-30
-96
-158
-191
-189
-191
-257
-352
-424
-438
-406
-375
-348
-335
-371
-435
-478
-446
-371
-338
-374
-450
-486
-482
-458
-462
-521
-585
-614
-589
-568
-594
-656
-688
-655
-628
-646
-702
-736
-732
-721
-696
-687
-689
-658
-596
-539
-555
-608
-631
-631
-650
-640
-503
-319
-294
-521
-763
-786
-561
-301
-227
-312
-432
-431
-334
-151
39
137
140
76
66
79
145
214
263
313
299
264
161
96
109
195
303
267
162
80
121
222
274
288
254
211
183
251
374
449
428
350
311
329
402
490
579
637
671
680
639
612
620
671
689
645
594
556
575
585
564
527
503
527
552
576
597
608
613
591
569
550
524
495
452
438
436
435
413
367
320
262
229
185
131
86
46
9
-51
-110
-169
-225
-261
-291
-313
-334
-358
-371
-397
-446
-497
-524
-517
-499
-487
-511
-537
-550
-560
-557
-555
-562
-588
-632
-666
-669
-629
-591
-612
-668
-709
-673
-557
-434
-392
-461
-559
-586
-525
-430
-371
-357
-346
-343
-349
-354
-331
-259
-207
-235
-307
-294
-196
-111
-90
-90
-77
-92
-150
-170
-84
67
174
158
55
-61
-92
23
186
343
403
343
246
151
164
236
344
424
407
328
193
125
168
305
428
431
341
234
212
286
393
464
444
356
254
203
267
373
450
442
410
405
397
384
337
302
309
351
390
371
269
137
65
107
221
292
266
152
60
61
137
217
237
217
166
132
135
158
179
155
110
61
31
6
-40
-69
-64
-37
-30
-74
-134
-164
-157
-140
-126
-117
-111
-110
-119
-126
-149
-177
-190
-183
-154
-129
-145
-192
-229
-230
-215
-213
-233
-256
-279
-284
-273
-271
-289
-324
-358
-367
-344
-316
-296
-281
-271
-266
-272
-278
-291
-299
-287
-272
-248
-233
-233
-233
-219
-212
-218
-223
-200
-148
-108
-106
-138
-160
-128
-30
71
114
73
-6
-50
-51
-12
49
104
125
98
59
64
100
120
123
131
182
248
258
210
144
128
171
219
252
255
258
259
248
244
247
240
207
189
206
233
238
205
176
160
150
151
105
94
106
104
134
135
145
120
75
60
70
129
147
141
110
98
108
98
96
90
104
126
124
94
66
61
69
79
87
104
112
100
85
77
86
85
65
49
36
27
13
-22
-53
-78
-86
-64
-35
-23
-64
-137
-190
-205
-190
-184
-188
-195
-221
-257
-297
-325
-333
-318
-291
-286
-302
-323
-328
-311
-282
-242
-213
-188
-159
-123
-81
-46
-19
-2
19
42
50
46
30
4
-23
-52
-78
-106
-131
-148
-165
-177
-187
-186
-168
-139
-105
-85
-64
-37
-5
27
50
65
80
118
165
194
181
130
95
113
174
227
221
170
112
90
104
132
153
148
127
106
95
96
99
117
137
144
145
137
132
131
138
142
130
112
92
87
103
124
119
81
27
-10
-1
48
96
110
86
49
17
6
20
51
77
73
36
-6
-19
-14
-6
-16
-48
-80
-96
-97
-96
-85
-67
-46
-28
-22
-19
-6
27
56
65
57
30
4
-13
-9
-12
-33
-55
-76
-88
-108
-143
-188
-226
-227
-224
-223
-220
-216
-207
-201
-194
-188
-180
-167
-149
-121
-76
-32
-15
-16
-23
-15
10
31
41
36
25
16
3
9
33
62
95
134
189
240
281
316
341
362
369
355
320
278
242
198
139
70
2
-62
-111
-149
-177
-201
-229
-257
-287
-303
-306
-290
-263
-234
-210
-191
-171
-151
-122
-84
-44
-13
4
13
20
31
48
63
64
54
46
45
47
61
72
79
75
65
66
78
97
109
105
90
70
69
76
82
78
65
47
18
-11
-43
-65
-66
-52
-31
-28
-31
-30
-24
-5
16
37
51
63
79
94
119
152
186
209
218
217
219
213
194
172
151
137
111
72
29
-14
-45
-70
-88
-99
-102
-102
-115
-135
-153
-160
-158
-157
-162
-177
-197
-217
-239
-251
-248
-237
-216
-199
-185
-175
-170
-161
-144
-115
-72
-28
7
31
48
61
75
90
117
148
175
185
171
152
144
149
162
168
156
128
88
56
43
43
44
33
12
-15
-40
-50
-57
-59
-60
-61
-55
-39
-16
3
7
4
2
0
-3
-7
-6
0
0
-6
-21
-34
-34
-19
2
22
30
26
19
17
20
28
41
57
77
81
68
51
31
19
14
14
10
-3
-30
-69
-106
-129
-138
-142
-145
-153
-169
-184
-191
-181
-159
-129
-101
-80
-62
-50
-28
3
46
98
148
190
218
240
260
284
303
319
329
329
311
271
218
165
119
71
22
-25
-63
-90
-112
-127
-132
-126
-112
-94
-81
-72
-60
-51
-47
-41
-25
-3
6
4
-12
-25
-31
-37
-39
-45
-50
-58
-72
-86
-102
-114
-124
-129
-124
-119
-113
-116
-128
-139
-154
-169
-189
-205
-207
-201
-188
-179
-174
-169
-166
-158
-147
-130
-111
-95
-79
-63
-36
2
47
95
146
202
250
294
328
354
374
386
388
383
369
350
329
324
329
333
330
313
287
249
210
174
145
123
101
77
45
10
-20
-49
-74
-99
-118
-129
-137
-145
-155
-168
-184
-197
-204
-205
-198
-186
-177
-175
-184
-197
-203
-194
-171
-146
-129
-124
-128
-133
-141
-144
-143
-141
-134
-129
-132
-138
-143
-141
-133
-118
-100
-82
-65
-55
-43
-37
-29
-15
1
27
51
77
97
107
112
109
107
109
118
133
141
139
130
123
122
127
136
147
157
167
170
160
144
126
118
117
119
114
100
81
68
60
55
46
30
15
1
-9
-22
-40
-55
-69
-79
-87
-94
-95
-92
-90
-86
-87
-88
-88
-90
-89
-83
-71
-59
-48
-38
-31
-25
-22
-17
-13
-10
-2
5
9
6
3
2
0
-2
-1
7
18
23
21
13
4
-7
-14
-16
-12
-5
3
11
16
21
27
30
35
41
48
51
47
39
30
29
33
39
43
36
26
13
1
-4
-9
-14
-28
-48
-65
-80
-88
-93
-99
-110
-129
-144
-150
-151
-151
-147
-150
-160
-169
-166
-151
-126
-102
-85
-75
-63
-42
-10
31
71
106
133
151
170
192
223
252
271
280
282
287
298
312
322
326
318
302
287
272
266
256
242
219
184
149
115
88
63
36
10
-21
-54
-86
-117
-146
-173
-198
-218
-234
-241
-246
-253
-269
-284
-291
-289
-286
-284
-284
-286
-288
-284
-268
-244
-218
-198
-192
-188
-183
-175
-156
-131
-103
-85
-76
-76
-75
-66
-54
-43
-37
-34
-30
-28
-28
-31
-36
-44
-58
-73
-90
-98
-104
-107
-111
-121
-126
-125
-110
-87
-57
-17
26
82
142
205
270
332
387
425
452
472
483
492
494
493
482
466
445
421
397
375
352
331
312
296
279
260
238
217
201
190
183
177
169
156
133
102
69
45
30
25
18
7
-10
-31
-51
-70
-92
-117
-139
-154
-162
-170
-183
-206
-234
-264
-287
-304
-318
-332
-347
-360
-369
-377
-384
-391
-394
-392
-387
-382
-376
-369
-357
-348
-341
-341
-347
-352
-350
-339
-324
-304
-286
-270
-253
-238
-219
-197
-175
-153
-131
-107
-83
-62
-41
-19
7
37
64
86
102
119
138
155
170
181
194
210
224
237
247
256
263
270
275
279
287
293
292
286
279
273
268
263
263
265
272
280
283
283
277
274
273
273
276
275
274
273
270
269
265
254
236
220
209
199
194
194
195
196
187
171
149
127
110
93
77
60
40
24
9
-8
-24
-39
-56
-72
-87
-102
-115
-129
-143
-158
-176
-194
-212
-232
-251
-265
-274
-278
-281
-289
-303
-318
-327
-331
-332
-329
-325
-322
-321
-321
-323
-326
-326
-327
-321
-309
-294
-280
-267
-254
-240
-228
-216
-197
-175
-154
-138
-130
-123
-113
-102
-92
-82
-70
-57
-45
-29
-12
3
18
30
46
60
71
80
85
92
100
113
133
154
174
189
198
203
200
194
192
193
195
201
211
221
226
223
222
219
214
209
201
200
201
204
203
197
195
196
195
189
177
166
152
141
134
129
129
127
121
107
91
80
71
64
59
58
56
50
41
27
15
4
-9
-19
-27
-37
-45
-50
-50
-50
-50
-56
-62
-67
-74
-79
-81
-83
-87
-88
-87
-85
-86
-90
-96
-103
-108
-108
-104
-98
-92
-91
-96
-101
-105
-105
-104
-101
-92
-89
-87
-85
-85
-87
-88
-89
-93
-97
-96
-87
-75
-67
-64
-69
-71
-72
-71
-64
-55
-47
-45
-46
-47
-45
-38
-28
-19
-15
-18
-22
-21
-17
-8
3
10
10
6
-1
-7
-7
-4
3
8
15
18
20
26
32
37
36
28
20
15
15
23
32
40
43
41
36
36
43
52
58
53
43
35
36
43
58
70
73
68
62
62
66
69
70
64
52
42
39
44
51
54
55
55
50
49
51
56
59
54
43
29
22
19
23
29
32
24
15
5
0
3
5
5
4
-1
-6
-5
-3
3
5
0
-3
-6
-6
1
8
16
20
14
9
4
0
2
5
11
10
5
-1
-5
-6
-9
-14
-18
-24
-26
-21
-10
-2
-3
-15
-33
-51
-63
-65
-57
-42
-33
-31
-33
-37
-41
-45
-45
-46
-46
-49
-52
-54
-53
-54
-55
-55
-52
-49
-45
-38
-30
-28
-30
-36
-45
-51
-54
-53
-49
-42
-38
-33
-28
-24
-22
-23
-26
-27
-24
-22
-19
-15
-13
-6
2
7
10
11
17
23
28
34
34
36
37
37
40
38
35
34
37
40
41
46
49
52
56
59
62
64
62
60
58
56
52
55
59
63
62
59
51
42
37
37
41
41
40
34
26
21
17
12
13
18
23
24
22
17
6
-2
-6
-4
1
5
4
1
-1
-5
-10
-10
-6
-5
-10
-14
-21
-29
-34
-31
-27
-23
-20
-22
-26
-31
-34
-35
-33
-32
-38
-42
-44
-39
-31
-24
-21
-24
-33
-42
-49
-51
-46
-39
-35
-33
-35
-40
-46
-49
-47
-47
-50
-51
-53
-48
-39
-30
-24
-22
-23
-24
-22
-17
-7
1
0
-2
-5
-4
2
9
13
14
13
13
11
8
9
9
9
8
12
18
28
36
41
37
32
27
28
35
45
52
54
50
41
34
34
36
36
33
25
18
15
17
27
35
37
33
25
17
13
19
27
35
41
38
32
26
22
17
13
9
5
0
-2
4
13
20
21
18
9
2
-3
-7
-9
-8
-10
-14
-15
-17
-19
-21
-18
-16
-19
-22
-28
-34
-37
-37
-37
-35
-32
-30
-29
-25
-20
-17
-13
-13
-12
-12
-13
-14
-16
-21
-24
-24
-22
-20
-19
-18
-15
-11
-7
-4
-5
-10
-11
-12
-11
-10
-9
-6
-1
4
9
9
3
-3
-6
-3
4
10
11
7
1
-4
-5
-3
-4
-9
-11
-13
-10
-8
-4
1
2
7
10
11
9
6
6
6
7
7
8
13
19
24
30
28
26
23
18
14
12
12
15
17
15
11
7
4
4
1
1
1
-1
-1
1
1
0
-3
-7
-8
-5
0
4
7
4
-3
-8
-7
-5
1
3
3
3
-3
-7
-9
-10
-4
-1
1
-2
-7
-10
-5
3
12
18
17
10
-5
-18
-21
-18
-9
-1
0
-1
-4
-6
-4
-1
4
7
5
0
-7
-7
-4
1
7
9
10
10
8
3
-3
-8
-7
-3
3
5
4
3
1
2
3
5
8
8
9
7
4
4
6
11
16
18
17
11
7
4
4
7
12
19
22
23
20
16
10
6
3
-1
-7
-12
-15
-17
-14
-11
-7
-7
-6
-7
-9
-11
-15
-17
-19
-21
-23
-23
-19
-15
-15
-15
-16
-17
-17
-15
-14
-15
-13
-11
-10
-10
-12
-16
-21
-23
-23
-18
-11
-4
3
8
9
6
2
1
5
8
11
12
10
6
4
-2
-7
-11
-8
-1
10
15
17
14
8
3
0
0
2
5
7
8
10
13
16
19
25
26
24
18
15
11
12
11
9
10
9
7
5
5
8
9
8
7
6
6
11
13
15
12
7
2
1
3
6
10
11
10
5
-2
-4
-1
1
2
0
-6
-12
-14
-15
-14
-14
-14
-15
-14
-11
-9
-10
-9
-11
-13
-15
-15
-14
-12
-8
-5
-4
-4
-3
-2
0
1
-4
-14
-19
-21
-17
-10
-1
4
4
1
-4
-9
-12
-13
-12
-9
-8
-6
-7
-4
-5
-6
-7
-6
-5
-2
0
-2
-6
-6
-4
-1
2
4
3
4
4
5
4
3
2
2
1
2
4
6
9
9
9
7
4
7
11
13
14
15
16
16
16
17
18
17
15
14
13
13
15
17
16
10
0
-5
-10
-8
-3
4
12
17
17
14
13
8
5
4
0
-2
-3
-1
0
1
2
0
-2
-4
-5
-5
-6
-5
-6
-7
-10
-12
-15
-16
-18
-20
-19
-16
-12
-7
-3
-1
-2
-6
-13
-18
-18
-13
-8
-1
1
0
-7
-13
-15
-13
-9
-3
0
2
3
-1
-7
-12
-18
-18
-15
-9
-3
-2
0
-1
-1
2
5
8
9
10
13
16
18
14
8
3
1
-1
2
8
15
19
19
17
14
10
9
7
2
-3
-10
-11
-7
-2
3
6
5
4
2
0
3
5
6
3
-1
-4
-3
0
5
9
11
9
6
3
1
2
6
8
10
11
7
5
3
0
0
0
-1
-4
-10
-13
-13
-10
-4
-4
-5
-8
-12
-13
-13
-11
-10
-11
-13
-14
-16
-16
-12
-6
3
10
13
12
8
2
-3
-6
-6
-5
-2
2
6
7
6
3
-2
-8
-12
-12
-8
-3
2
5
7
5
3
4
5
6
9
10
8
7
8
10
11
11
8
2
-3
-4
0
4
6
3
-2
-7
-9
-7
-2
5
5
0
-4
-8
-7
0
6
11
10
4
-3
-7
-7
0
6
7
8
5
4
5
4
1
-3
-5
-4
-1
2
1
0
-3
-8
-10
-11
-7
-2
0
2
1
3
4
6
7
8
9
6
1
-3
-6
-7
-5
-4
-4
-7
-9
-9
-7
-3
-2
0
-2
-4
-5
-5
-2
1
3
3
2
0
0
1
4
7
6
1
-5
-9
-13
-14
-14
-12
-10
-10
-9
-8
-7
-3
2
7
12
13
7
-1
-9
-10
-5
4
10
11
11
7
6
5
5
5
3
0
-2
-3
0
3
5
4
2
3
5
8
12
14
14
14
14
13
12
11
10
11
9
9
8
4
1
-1
-4
-2
2
5
4
0
-3
-7
-5
-2
2
4
3
-1
-4
-5
-4
-3
-2
-4
-6
-8
-7
-3
1
1
-1
-7
-14
-18
-19
-19
-17
-15
-17
-21
-24
-21
-17
-12
-8
-7
-11
-15
-17
-13
-9
-5
-3
1
3
4
3
2
2
4
4
5
4
4
5
6
4
3
3
1
3
5
7
6
5
4
3
3
3
5
7
10
11
13
16
16
15
13
13
15
16
17
16
14
8
3
0
-2
-1
0
3
4
4
2
