0
0
0
0
0
0
0
0
-1
0
0
0
0
0
0
0
0
0
0
1
-1
0
0
-1
1
0
0
0
0
0
0
0
0
0
0
0
0
0
0
-1
0
0
0
0
0
0
0
-1
0
0
0
-1
0
0
-1
-1
0
0
0
0
0
1
1
-1
0
-1
0
0
0
0
0
0
0
0
1
0
0
0
0
-1
1
0
0
1
0
0
0
0
0
1
1
0
0
0
0
0
-1
0
-1
1
0
1
0
0
1
0
0
1
0
0
0
1
-1
-1
1
0
0
0
-1
0
0
1
0
0
0
0
0
0
-1
0
0
0
-1
0
0
1
1
0
0
0
0
0
0
1
0
-1
0
-1
0
-1
-2
-1
-2
-2
-2
0
0
0
1
2
2
3
3
4
4
4
4
4
4
4
4
3
3
4
3
5
5
5
6
5
5
4
5
5
3
4
3
1
2
2
1
2
1
2
1
0
0
0
-2
-2
-2
-2
-2
-3
-2
-2
-2
-1
-1
-2
-2
-1
0
2
4
5
9
10
12
15
17
18
20
20
18
17
14
11
7
3
-1
-5
-12
-16
-19
-21
-25
-29
-33
-36
-37
-40
-44
-49
-54
-58
-63
-65
-68
-69
-68
-66
-62
-55
-47
-36
-27
-17
-4
9
21
30
36
40
45
48
50
50
47
46
45
47
56
60
58
60
66
72
73
70
63
53
41
25
12
-5
-24
-41
-54
-61
-68
-72
-76
-78
-75
-69
-62
-58
-53
-50
-46
-43
-38
-35
-35
-35
-34
-31
-25
-20
-16
-10
-1
7
15
21
26
30
34
38
38
39
37
34
29
25
22
17
9
3
-3
-8
-14
-21
-28
-36
-47
-75
-120
-152
-178
-206
-249
-300
-350
-391
-422
-448
-463
-471
-465
-444
-401
-339
-278
-204
-126
-55
15
91
177
240
281
313
351
404
444
466
479
505
546
592
648
694
726
750
768
773
760
732
676
596
497
392
291
178
52
-89
-215
-302
-361
-411
-459
-494
-511
-507
-483
-459
-447
-493
-578
-624
-630
-647
-702
-761
-774
-747
-663
-553
-422
-250
-92
95
305
514
675
763
847
904
965
1001
968
900
826
789
733
696
675
635
602
585
632
677
704
688
639
620
586
515
407
297
184
75
11
-38
-83
-129
-146
-140
-138
-149
-222
-350
-516
-693
-853
-1028
-1232
-1467
-1696
-1844
-1923
-1956
-1956
-1930
-1855
-1737
-1556
-1339
-1127
-919
-737
-556
-378
-206
-60
38
119
181
270
383
496
592
664
761
878
1010
1137
1231
1295
1335
1373
1394
1391
1343
1231
1080
907
739
571
398
219
33
-113
-202
-248
-284
-323
-355
-363
-340
-311
-308
-362
-468
-553
-596
-633
-716
-816
-874
-903
-877
-801
-689
-542
-399
-217
9
263
486
640
785
894
981
1042
1047
993
900
829
751
680
621
560
499
458
483
520
547
550
526
528
529
503
434
344
236
108
1
-70
-127
-179
-204
-195
-165
-112
-51
-6
20
18
-67
-253
-471
-661
-842
-1081
-1363
-1630
-1831
-1945
-2020
-2039
-2001
-1914
-1763
-1556
-1295
-1047
-811
-561
-344
-176
-47
85
190
236
248
273
347
419
484
556
658
804
961
1125
1265
1366
1453
1523
1572
1560
1492
1377
1217
1017
796
590
387
184
-15
-183
-287
-343
-377
-400
-405
-378
-347
-375
-441
-490
-535
-611
-722
-823
-889
-952
-981
-977
-900
-760
-647
-472
-249
10
249
435
643
799
944
1038
1074
1090
1063
1020
920
855
802
740
676
606
605
597
600
583
556
567
536
490
427
381
309
197
111
34
-15
-67
-103
-106
-106
-85
-85
-71
-56
-97
-215
-417
-625
-821
-1032
-1272
-1537
-1781
-1968
-2069
-2101
-2070
-2013
-1925
-1762
-1547
-1297
-1066
-826
-580
-387
-225
-74
81
194
253
295
352
441
532
625
714
813
935
1071
1221
1338
1419
1491
1547
1573
1531
1443
1314
1140
935
724
529
337
148
-31
-179
-273
-328
-354
-365
-370
-389
-436
-480
-506
-548
-634
-755
-855
-911
-938
-963
-971
-915
-817
-688
-517
-298
-63
132
331
535
728
891
984
1037
1055
1062
1041
971
901
827
762
700
668
660
641
617
577
566
576
570
522
451
401
326
235
145
70
11
-52
-81
-85
-73
-53
-42
-22
-8
4
-54
-219
-477
-757
-970
-1153
-1382
-1693
-1986
-2168
-2245
-2248
-2202
-2107
-1968
-1772
-1525
-1244
-962
-700
-464
-263
-85
75
226
345
390
395
424
518
625
705
768
855
999
1168
1326
1444
1525
1584
1621
1635
1597
1501
1352
1160
939
705
491
294
90
-114
-281
-371
-402
-415
-431
-454
-497
-560
-607
-637
-699
-809
-918
-981
-1000
-997
-1002
-974
-890
-772
-609
-423
-197
11
210
444
656
851
985
1054
1073
1074
1095
1068
1006
933
865
809
768
762
753
732
695
659
654
650
608
522
433
346
258
173
90
11
-63
-102
-118
-116
-115
-123
-109
-90
-54
-65
-209
-469
-785
-1031
-1234
-1476
-1774
-2099
-2337
-2456
-2467
-2405
-2301
-2153
-1964
-1717
-1419
-1099
-790
-514
-283
-96
75
248
382
437
433
445
523
633
725
790
868
1001
1177
1368
1534
1656
1733
1772
1784
1758
1676
1529
1318
1063
800
568
367
161
-67
-272
-396
-449
-468
-494
-557
-643
-703
-708
-711
-769
-871
-971
-1031
-1031
-999
-960
-920
-863
-740
-561
-318
-77
120
339
559
784
981
1127
1202
1209
1239
1265
1269
1237
1161
1073
997
981
977
950
888
805
747
711
700
652
566
469
358
272
197
132
38
-62
-121
-153
-151
-156
-174
-219
-277
-334
-461
-681
-992
-1321
-1579
-1803
-2032
-2304
-2553
-2698
-2746
-2697
-2594
-2431
-2217
-1976
-1682
-1360
-1019
-702
-439
-230
-68
105
278
434
530
561
622
733
874
992
1089
1218
1370
1548
1714
1845
1938
1967
1954
1899
1809
1665
1467
1229
955
687
449
249
50
-170
-347
-459
-509
-543
-618
-734
-842
-884
-904
-949
-1005
-1063
-1119
-1151
-1121
-1048
-946
-819
-687
-489
-219
38
258
468
699
909
1092
1262
1363
1418
1436
1428
1412
1385
1353
1272
1206
1168
1136
1102
1031
966
901
843
786
704
621
506
379
244
139
71
-30
-118
-198
-255
-288
-316
-327
-373
-437
-547
-780
-1100
-1436
-1711
-1928
-2200
-2526
-2828
-3029
-3071
-3043
-2951
-2807
-2610
-2327
-2004
-1648
-1315
-993
-666
-379
-126
70
278
447
546
626
696
837
986
1106
1221
1347
1535
1720
1891
2018
2090
2153
2180
2168
2078
1922
1716
1455
1174
863
583
330
81
-154
-365
-498
-573
-645
-790
-954
-1018
-1021
-1056
-1119
-1169
-1202
-1237
-1210
-1147
-1055
-901
-816
-668
-413
-128
128
314
588
825
1044
1265
1391
1490
1544
1597
1591
1596
1623
1572
1505
1428
1436
1409
1332
1261
1148
1090
1016
914
790
656
535
360
232
158
72
-45
-150
-209
-274
-296
-312
-341
-388
-472
-651
-993
-1396
-1800
-2108
-2388
-2743
-3122
-3460
-3595
-3605
-3545
-3412
-3242
-2968
-2651
-2264
-1848
-1452
-1025
-652
-337
-99
129
356
515
643
708
826
1015
1177
1305
1417
1611
1829
2046
2250
2378
2483
2552
2568
2505
2355
2150
1868
1554
1205
857
549
251
-36
-321
-534
-647
-726
-878
-1072
-1164
-1174
-1188
-1226
-1280
-1312
-1333
-1319
-1284
-1208
-1051
-968
-838
-589
-291
14
245
532
814
1095
1378
1549
1703
1804
1891
1928
1942
2003
1968
1884
1760
1693
1648
1530
1421
1274
1190
1143
1036
899
745
623
448
284
180
73
-17
-112
-193
-278
-320
-366
-479
-580
-747
-1007
-1385
-1821
-2179
-2514
-2845
-3240
-3638
-3900
-4022
-3991
-3878
-3701
-3462
-3168
-2779
-2352
-1926
-1524
-1106
-687
-358
-59
235
491
681
801
922
1076
1261
1421
1537
1699
1914
2151
2380
2562
2671
2722
2756
2734
2620
2429
2177
1885
1532
1153
787
441
110
-216
-495
-686
-825
-1003
-1218
-1362
-1412
-1458
-1529
-1571
-1582
-1579
-1534
-1470
-1360
-1174
-1019
-868
-650
-336
-46
195
493
776
1082
1372
1584
1744
1872
2002
2031
2057
2109
2104
2058
1973
1942
1897
1822
1723
1562
1424
1295
1162
975
795
670
490
321
199
129
52
-47
-113
-210
-258
-285
-365
-489
-743
-1177
-1718
-2142
-2463
-2845
-3340
-3830
-4124
-4232
-4197
-4107
-3958
-3715
-3428
-3018
-2525
-2003
-1518
-1102
-683
-321
-21
250
506
668
696
788
986
1229
1419
1541
1704
1924
2202
2428
2594
2735
2784
2809
2821
2766
2581
2282
1944
1539
1114
719
365
13
-375
-693
-898
-1037
-1194
-1379
-1507
-1591
-1626
-1631
-1626
-1592
-1555
-1504
-1405
-1234
-1049
-901
-753
-539
-261
33
306
532
762
1036
1303
1523
1700
1860
1961
2007
2066
2130
2155
2118
2034
1964
1906
1838
1723
1547
1371
1216
1076
933
796
644
465
312
206
144
98
35
-40
-105
-148
-206
-356
-647
-1121
-1699
-2183
-2552
-2928
-3376
-3839
-4144
-4250
-4214
-4109
-3958
-3702
-3372
-2952
-2444
-1914
-1428
-1028
-658
-334
-43
237
474
634
676
740
928
1166
1380
1518
1676
1908
2190
2458
2645
2774
2839
2837
2799
2707
2512
2198
1828
1415
988
608
254
-97
-464
-787
-988
-1139
-1325
-1510
-1624
-1687
-1732
-1717
-1688
-1656
-1611
-1533
-1434
-1243
-987
-842
-657
-385
-86
207
480
760
962
1221
1479
1640
1808
1934
2010
2009
2048
2106
2095
2059
1973
1919
1858
1766
1646
1459
1307
1170
1045
904
752
618
446
339
253
179
108
20
-55
-170
-245
-383
-693
-1147
-1719
-2231
-2613
-2982
-3408
-3831
-4116
-4206
-4151
-4014
-3840
-3591
-3240
-2830
-2366
-1849
-1352
-930
-555
-223
56
316
532
675
752
829
1006
1235
1419
1545
1681
1891
2131
2353
2530
2637
2697
2708
2656
2537
2338
2029
1640
1228
800
413
89
-234
-571
-865
-1102
-1340
-1551
-1675
-1760
-1830
-1848
-1802
-1711
-1580
-1436
-1308
-1120
-878
-688
-492
-262
-23
186
410
674
866
1071
1271
1427
1584
1741
1901
1969
2039
2113
2146
2148
2103
2069
1977
1856
1733
1564
1400
1194
987
777
598
478
318
199
128
75
48
34
31
-20
-116
-275
-607
-1113
-1643
-2098
-2482
-2945
-3485
-3898
-4126
-4151
-4097
-4016
-3830
-3564
-3160
-2696
-2200
-1659
-1185
-726
-331
-16
250
458
639
700
727
804
948
1128
1215
1333
1529
1803
2096
2300
2482
2591
2669
2722
2680
2556
2304
1984
1587
1150
727
301
-70
-456
-819
-1129
-1398
-1573
-1707
-1768
-1804
-1804
-1734
-1653
-1516
-1362
-1227
-1077
-868
-665
-489
-299
-104
68
246
487
683
856
1069
1247
1410
1580
1758
1871
1936
2006
2035
2066
2067
2036
1949
1828
1713
1544
1380
1186
980
789
609
496
394
309
259
237
234
232
206
152
49
-90
-326
-769
-1310
-1853
-2323
-2739
-3230
-3717
-4069
-4208
-4183
-4092
-3909
-3644
-3290
-2838
-2348
-1835
-1326
-865
-477
-167
81
284
469
596
620
643
743
909
1063
1185
1347
1593
1891
2155
2371
2545
2657
2714
2701
2591
2378
2092
1736
1308
867
448
65
-287
-637
-976
-1271
-1489
-1632
-1719
-1765
-1776
-1735
-1639
-1511
-1351
-1191
-1048
-877
-681
-489
-295
-93
99
285
524
756
943
1133
1312
1477
1650
1831
1986
2082
2159
2184
2176
2158
2087
1978
1856
1725
1572
1407
1242
1030
803
593
413
308
230
197
179
167
200
207
203
160
20
-225
-683
-1279
-1818
-2304
-2756
-3294
-3897
-4296
-4479
-4472
-4398
-4267
-3966
-3626
-3145
-2605
-2079
-1539
-1091
-613
-241
65
330
476
621
613
646
784
938
1110
1160
1324
1576
1887
2211
2411
2636
2767
2863
2909
2827
2668
2336
1983
1549
1062
632
185
-202
-617
-990
-1285
-1528
-1669
-1805
-1851
-1859
-1817
-1686
-1546
-1335
-1159
-984
-793
-635
-422
-278
-114
73
239
476
665
858
1040
1231
1445
1615
1821
1985
2131
2242
2328
2409
2414
2395
2269
2116
1956
1750
1543
1286
1058
822
601
440
299
219
179
158
166
182
226
243
171
46
-298
-874
-1520
-2073
-2495
-3024
-3644
-4242
-4646
-4753
-4731
-4654
-4481
-4164
-3743
-3233
-2646
-2051
-1513
-1035
-574
-201
87
344
528
588
551
588
743
926
1045
1144
1353
1678
2061
2373
2624
2847
2993
3100
3141
3075
2865
2523
2116
1628
1105
604
143
-310
-768
-1111
-1369
-1592
-1777
-1900
-1918
-1907
-1837
-1726
-1596
-1402
-1206
-1025
-808
-572
-409
-273
-103
93
281
481
711
884
1103
1351
1552
1730
1915
2113
2225
2337
2435
2464
2454
2372
2292
2162
2008
1838
1590
1355
1112
880
650
464
372
296
264
262
280
284
279
247
119
-67
-471
-1097
-1747
-2258
-2685
-3266
-3922
-4506
-4860
-4950
-4928
-4849
-4644
-4288
-3826
-3254
-2636
-2046
-1536
-1043
-574
-218
102
388
595
647
599
668
831
1014
1130
1249
1487
1807
2190
2486
2724
2932
3053
3140
3142
3047
2793
2441
2058
1564
1066
601
148
-331
-797
-1160
-1469
-1675
-1822
-1929
-1964
-1936
-1826
-1700
-1534
-1339
-1179
-977
-751
-551
-364
-213
-55
93
286
531
710
897
1109
1344
1563
1756
1966
2109
2249
2388
2498
2584
2591
2540
2380
2203
2045
1834
1603
1346
1108
874
684
530
391
310
256
232
215
239
268
202
95
-121
-552
-1197
-1881
-2397
-2858
-3405
-4053
-4616
-4925
-5028
-5011
-4938
-4699
-4326
-3849
-3259
-2666
-2055
-1532
-1034
-570
-250
42
276
480
570
573
688
857
1053
1179
1321
1597
1943
2321
2599
2864
3094
3222
3319
3289
3152
2871
2503
2089
1576
1064
554
71
-417
-899
-1339
-1706
-1899
-2011
-2084
-2082
-2019
-1884
-1740
-1527
-1294
-1116
-848
-629
-427
-217
-33
135
217
430
625
777
974
1140
1373
1570
1826
2042
2209
2427
2538
2651
2687
2694
2625
2422
2246
2007
1784
1527
1259
1009
744
587
455
383
358
349
365
340
360
315
231
123
-195
-727
-1443
-2063
-2553
-3110
-3766
-4528
-5054
-5279
-5333
-5273
-5159
-4829
-4400
-3844
-3200
-2597
-1966
-1435
-884
-409
-64
272
467
594
564
555
717
893
1083
1165
1339
1671
2062
2461
2728
3010
3217
3363
3478
3419
3256
2919
2516
2047
1494
999
471
-35
-586
-1146
-1541
-1797
-1941
-2102
-2167
-2105
-1994
-1785
-1566
-1324
-1090
-846
-619
-437
-205
-55
26
109
267
452
584
742
879
1089
1380
1650
1900
2128
2362
2521
2629
2725
2745
2668
2490
2276
2064
1857
1593
1276
965
691
500
350
255
200
199
248
301
396
466
471
401
188
-217
-851
-1559
-2139
-2685
-3332
-4090
-4745
-5087
-5213
-5185
-5104
-4902
-4511
-4016
-3413
-2807
-2156
-1572
-1069
-543
-172
126
341
484
540
465
527
653
790
886
974
1260
1639
2059
2394
2677
2959
3146
3318
3345
3240
2995
2594
2163
1638
1116
592
58
-428
-954
-1396
-1720
-1906
-2009
-2107
-2076
-1964
-1764
-1537
-1277
-985
-749
-486
-281
-94
76
211
304
372
556
709
831
940
1072
1278
1476
1735
1934
2133
2338
2468
2581
2623
2639
2536
2353
2169
1934
1699
1402
1100
779
502
313
150
94
82
134
194
285
395
393
367
203
-196
-828
-1545
-2091
-2637
-3267
-3979
-4660
-5008
-5134
-5109
-5066
-4893
-4478
-4000
-3354
-2694
-2033
-1426
-926
-391
-50
235
463
579
633
522
567
677
782
870
914
1170
1511
1927
2269
2515
2804
2978
3151
3199
3107
2900
2513
2129
1616
1093
590
57
-443
-1026
-1489
-1791
-1967
-2090
-2208
-2153
-2025
-1813
-1532
-1263
-957
-671
-393
-152
82
292
376
433
544
701
849
957
1046
1158
1363
1597
1810
2038
2251
2429
2556
2653
2715
2667
2519
2287
2054
1822
1548
1240
891
574
327
137
-18
-103
-96
-69
-9
109
207
252
209
10
-434
-1074
-1652
-2146
-2659
-3289
-4046
-4617
-4917
-4973
-4958
-4926
-4634
-4213
-3649
-3030
-2410
-1727
-1195
-646
-159
195
494
634
741
665
584
652
726
826
796
871
1106
1447
1842
2087
2381
2634
2840
3006
3005
2932
2659
2318
1907
1418
958
423
-64
-634
-1232
-1665
-1944
-2074
-2222
-2241
-2133
-1965
-1663
-1357
-1031
-707
-382
-87
164
451
618
683
733
816
906
944
992
1007
1105
1327
1557
1785
1994
2207
2353
2458
2576
2631
2597
2438
2239
2015
1742
1421
1017
636
325
103
-41
-169
-226
-235
-198
-106
2
100
124
55
-225
-743
-1304
-1798
-2257
-2822
-3538
-4249
-4707
-4856
-4854
-4806
-4640
-4299
-3829
-3244
-2610
-1964
-1343
-786
-271
134
452
669
780
801
701
666
721
782
794
778
912
1181
1529
1831
2078
2355
2599
2814
2927
2907
2750
2443
2080
1623
1135
651
149
-346
-898
-1396
-1755
-1975
-2127
-2240
-2213
-2073
-1848
-1544
-1222
-893
-560
-244
56
316
550
672
713
797
893
980
1021
1038
1099
1217
1420
1631
1838
2057
2243
2395
2495
2569
2577
2469
2288
2066
1828
1547
1213
860
512
224
-5
-182
-282
-292
-249
-170
-56
66
148
146
11
-376
-947
-1487
-1932
-2397
-3038
-3795
-4410
-4732
-4801
-4804
-4763
-4514
-4112
-3573
-2962
-2320
-1658
-1117
-576
-108
262
570
745
853
773
662
658
696
748
683
727
941
1288
1680
1937
2212
2457
2685
2860
2896
2858
2628
2321
1942
1482
1025
512
25
-538
-1107
-1564
-1892
-2057
-2218
-2277
-2208
-2042
-1767
-1463
-1120
-786
-466
-142
135
383
563
630
671
759
868
953
992
1041
1141
1306
1523
1722
1931
2152
2341
2493
2595
2665
2631
2493
2307
2096
1864
1562
1210
833
495
243
30
-115
-196
-215
-200
-136
13
156
240
199
-65
-594
-1229
-1773
-2256
-2807
-3519
-4244
-4753
-4966
-4993
-5003
-4907
-4613
-4139
-3528
-2865
-2142
-1489
-922
-383
52
397
626
774
811
726
691
724
801
819
798
921
1195
1591
1931
2207
2481
2716
2940
3059
3068
2925
2627
2268
1832
1371
862
331
-208
-795
-1312
-1711
-1957
-2118
-2239
-2238
-2135
-1929
-1671
-1393
-1090
-787
-481
-197
70
273
398
463
539
659
769
859
912
1017
1197
1415
1654
1859
2070
2249
2410
2542
2620
2656
2568
2408
2204
1977
1721
1382
1026
682
426
244
93
-9
-74
-74
-35
62
165
239
267
181
-32
-474
-1088
-1698
-2234
-2766
-3429
-4122
-4648
-4932
-4998
-4971
-4862
-4572
-4146
-3605
-3011
-2391
-1746
-1179
-633
-183
145
399
552
662
640
594
630
703
795
818
948
1221
1581
1975
2274
2566
2813
3026
3177
3175
3077
2809
2454
2027
1523
1020
480
-20
-529
-988
-1380
-1779
-2008
-2122
-2150
-2096
-1964
-1770
-1586
-1305
-1014
-796
-537
-241
-54
94
289
448
553
665
834
925
1063
1271
1421
1616
1834
2073
2236
2377
2523
2567
2601
2568
2504
2370
2168
1951
1638
1342
1043
759
501
268
153
53
9
20
43
101
177
257
207
40
-348
-1000
-1649
-2187
-2715
-3378
-4075
-4643
-5042
-5181
-5175
-5113
-4899
-4512
-3972
-3373
-2710
-2041
-1476
-925
-424
-14
303
525
674
673
628
669
785
905
952
1062
1290
1627
2021
2355
2638
2868
3080
3234
3272
3203
2967
2618
2190
1689
1172
640
122
-420
-998
-1486
-1811
-2000
-2157
-2243
-2215
-2074
-1838
-1560
-1268
-1019
-730
-472
-241
1
169
289
322
446
608
712
838
910
1055
1252
1521
1791
1991
2256
2454
2617
2721
2786
2782
2607
2419
2176
1936
1675
1356
1045
724
517
346
213
139
97
129
171
267
330
330
263
67
-302
-916
-1602
-2189
-2712
-3313
-4042
-4718
-5145
-5304
-5310
-5271
-5092
-4714
-4199
-3581
-2948
-2300
-1689
-1131
-592
-169
171
415
569
639
592
615
736
894
1006
1089
1327
1676
2076
2416
2685
2966
3205
3415
3492
3418
3202
2826
2399
1876
1321
773
224
-301
-819
-1297
-1760
-2068
-2202
-2295
-2298
-2196
-2018
-1810
-1539
-1194
-951
-688
-371
-175
5
180
347
421
509
717
810
933
1097
1262
1447
1661
1956
2149
2363
2572
2696
2790
2797
2777
2602
2380
2148
1853
1599
1281
991
715
493
373
259
228
235
280
335
402
477
419
284
-36
-636
-1334
-1955
-2489
-3128
-3873
-4602
-5181
-5460
-5505
-5477
-5373
-5050
-4551
-3964
-3302
-2601
-1939
-1355
-776
-290
71
350
533
621
587
591
707
853
964
1017
1187
1493
1902
2315
2628
2911
3149
3362
3471
3437
3289
2969
2575
2095
1550
1002
427
-130
-742
-1317
-1744
-2016
-2171
-2294
-2312
-2212
-2008
-1740
-1456
-1157
-858
-568
-312
-86
108
245
292
344
469
586
687
766
875
1049
1294
1577
1788
2008
2242
2430
2579
2683
2752
2673
2502
2303
2063
1819
1517
1180
848
597
423
258
161
122
165
244
332
426
458
460
360
114
-323
-954
-1591
-2188
-2774
-3449
-4196
-4766
-5097
-5220
-5233
-5157
-4881
-4485
-3951
-3347
-2713
-2038
-1434
-861
-390
-10
300
481
604
607
585
629
734
879
956
1101
1374
1737
2125
2441
2752
3012
3230
3360
3344
3224
2946
2574
2116
1589
1051
482
-64
-653
-1227
-1666
-1952
-2108
-2223
-2239
-2156
-1980
-1699
-1411
-1117
-825
-542
-287
-82
117
241
285
316
395
502
590
679
775
921
1135
1396
1643
1869
2110
2325
2479
2571
2617
2559
2397
2201
1980
1743
1462
1131
795
508
324
194
114
99
135
210
294
412
509
563
520
316
-88
-683
-1303
-1896
-2472
-3132
-3866
-4485
-4880
-5022
-5044
-4981
-4755
-4386
-3873
-3317
-2708
-2069
-1478
-905
-426
-28
262
446
561
560
545
549
621
723
785
909
1134
1501
1896
2231
2539
2801
3065
3242
3305
3243
3026
2716
2279
1783
1243
678
135
-413
-938
-1422
-1771
-1979
-2123
-2176
-2138
-2003
-1798
-1537
-1244
-990
-696
-427
-223
-40
98
221
263
335
445
497
604
698
830
1012
1239
1510
1693
1920
2120
2262
2375
2422
2442
2332
2192
2007
1745
1494
1176
882
593
395
289
150
109
125
201
284
366
466
500
527
434
176
-288
-892
-1480
-2051
-2568
-3185
-3873
-4426
-4769
-4875
-4890
-4765
-4491
-4108
-3571
-3004
-2373
-1768
-1225
-718
-319
56
317
500
609
608
607
617
727
826
884
1028
1260
1634
1996
2312
2582
2783
2988
3093
3105
2994
2751
2417
1975
1518
1011
483
-20
-535
-1024
-1462
-1721
-1875
-2008
-2033
-1977
-1819
-1615
-1368
-1134
-926
-646
-419
-247
-90
54
139
170
279
395
488
595
708
860
1051
1300
1507
1672
1874
2067
2216
2300
2336
2290
2139
1965
1765
1543
1305
1042
774
537
379
252
148
98
113
181
289
424
512
565
590
534
343
-39
-601
-1240
-1815
-2314
-2888
-3561
-4149
-4541
-4724
-4751
-4650
-4424
-4086
-3596
-3057
-2496
-1906
-1358
-856
-454
-112
153
326
455
477
450
446
527
666
765
913
1139
1481
1870
2200
2497
2733
2955
3108
3144
3082
2861
2544
2130
1664
1173
652
166
-347
-842
-1254
-1546
-1719
-1841
-1882
-1860
-1741
-1542
-1334
-1123
-905
-669
-469
-297
-137
-8
86
138
221
335
457
577
689
847
1038
1258
1472
1648
1832
2005
2136
2196
2202
2162
2041
1892
1725
1548
1352
1109
847
593
403
272
169
111
93
144
239
334
428
514
567
516
365
58
-412
-973
-1558
-2102
-2674
-3262
-3822
-4288
-4559
-4671
-4629
-4469
-4197
-3806
-3353
-2825
-2258
-1697
-1179
-751
-384
-102
99
243
324
371
397
465
572
683
833
1032
1315
1658
2010
2339
2617
2852
3008
3076
3059
2931
2698
2359
1943
1477
977
484
-29
-555
-994
-1308
-1518
-1673
-1762
-1785
-1722
-1577
-1385
-1191
-1003
-772
-580
-411
-259
-118
-12
13
114
228
352
474
576
739
890
1126
1346
1532
1744
1929
2111
2189
2263
2267
2170
2048
1864
1709
1494
1262
1012
738
562
391
276
183
129
156
202
313
382
454
495
473
430
292
80
-331
-882
-1455
-2018
-2544
-3098
-3616
-4099
-4443
-4574
-4569
-4441
-4239
-3913
-3491
-3006
-2446
-1925
-1453
-1045
-686
-375
-137
70
203
264
293
364
502
653
833
1029
1280
1612
1978
2326
2592
2794
2943
3032
3057
2963
2757
2449
2064
1630
1175
723
243
-241
-695
-1064
-1303
-1462
-1581
-1665
-1673
-1576
-1417
-1231
-1050
-872
-694
-531
-373
-223
-112
-38
27
137
274
412
548
676
845
1060
1293
1506
1676
1839
1984
2102
2183
2210
2164
2033
1874
1706
1525
1313
1063
815
595
446
342
252
185
151
164
200
257
312
336
332
291
225
112
-98
-460
-950
-1460
-1939
-2385
-2842
-3333
-3778
-4101
-4247
-4251
-4187
-4023
-3764
-3404
-2968
-2502
-2032
-1633
-1252
-898
-592
-314
-98
83
183
263
384
536
736
911
1108
1342
1630
1964
2251
2500
2679
2820
2912
2911
2833
2632
2356
2012
1629
1240
819
397
-71
-508
-847
-1089
-1252
-1403
-1487
-1521
-1478
-1349
-1217
-1076
-925
-749
-585
-430
-259
-136
-56
27
149
278
401
523
638
787
989
1211
1388
1538
1688
1824
1936
2024
2075
2045
1945
1822
1685
1524
1339
1125
889
679
516
373
244
160
124
129
181
232
260
273
257
206
131
61
-34
-199
-455
-865
-1374
-1864
-2282
-2684
-3122
-3535
-3855
-4043
-4071
-4013
-3904
-3721
-3442
-3076
-2682
-2260
-1842
-1459
-1103
-788
-487
-236
-28
146
260
390
554
764
967
1153
1389
1656
1963
2246
2468
2637
2752
2849
2869
2816
2664
2417
2124
1779
1424
1040
628
177
-260
-589
-852
-1066
-1233
-1358
-1421
-1416
-1321
-1213
-1100
-937
-780
-612
-452
-293
-178
-102
10
122
261
383
483
592
727
932
1128
1320
1489
1634
1774
1873
1969
1995
1983
1921
1807
1690
1520
1322
1071
822
621
443
304
169
62
-20
-48
-22
13
54
86
106
89
56
13
-85
-196
-304
-445
-705
-1125
-1586
-1993
-2318
-2626
-2973
-3309
-3578
-3706
-3713
-3675
-3565
-3379
-3116
-2808
-2471
-2082
-1717
-1369
-1041
-740
-458
-216
22
196
332
498
710
955
1153
1351
1554
1779
2042
2269
2459
2575
2652
2693
2665
2590
2420
2201
1924
1608
1291
903
470
29
-329
-629
-896
-1081
-1241
-1343
-1373
-1322
-1243
-1143
-978
-827
-664
-475
-278
-126
-27
83
171
280
382
456
534
620
759
885
1027
1168
1295
1427
1534
1649
1719
1753
1730
1640
1534
1388
1215
976
729
508
294
122
-17
-122
-205
-229
-207
-189
-152
-107
-63
-45
-38
-44
-109
-186
-267
-351
-440
-516
-606
-846
-1209
-1572
-1834
-2035
-2246
-2485
-2742
-2918
-2968
-2931
-2876
-2777
-2611
-2382
-2118
-1834
-1525
-1249
-973
-712
-450
-191
25
233
375
509
675
877
1085
1223
1369
1509
1686
1871
2006
2115
2155
2197
2192
2143
2045
1866
1670
1390
1073
737
411
95
-244
-504
-730
-906
-1017
-1081
-1089
-1075
-962
-818
-688
-523
-353
-188
-76
63
194
263
322
369
440
494
563
625
669
761
874
1005
1111
1221
1318
1373
1420
1420
1387
1308
1184
1022
829
641
422
203
13
-134
-236
-310
-342
-368
-365
-326
-290
-268
-242
-196
-179
-181
-187
-201
-240
-287
-316
-372
-433
-495
-544
-633
-821
-1062
-1280
-1435
-1583
-1748
-1945
-2133
-2244
-2265
-2247
-2263
-2240
-2133
-1960
-1774
-1551
-1307
-1088
-830
-554
-265
-27
200
425
595
767
945
1125
1232
1306
1403
1487
1591
1659
1715
1726
1717
1733
1682
1594
1456
1287
1069
838
637
385
131
-112
-317
-479
-606
-692
-792
-821
-781
-715
-615
-504
-386
-284
-134
33
182
340
456
530
578
650
726
764
810
859
911
948
985
1014
1017
1023
1015
996
936
854
758
619
481
340
178
3
-151
-274
-378
-438
-497
-556
-579
-567
-551
-527
-480
-448
-413
-343
-286
-257
-239
-230
-258
-286
-285
-302
-322
-351
-407
-502
-581
-622
-705
-817
-915
-1016
-1120
-1214
-1275
-1340
-1381
-1375
-1359
-1336
-1274
-1161
-1043
-920
-759
-599
-453
-310
-162
-9
142
302
429
528
620
714
797
868
933
974
996
1004
1007
996
968
924
847
750
636
515
387
254
138
22
-69
-145
-209
-242
-250
-224
-183
-111
-20
70
172
264
355
432
505
570
619
658
676
686
685
675
670
664
654
630
611
581
545
518
480
438
376
300
210
113
22
-71
-153
-223
-278
-315
-338
-349
-344
-315
-278
-242
-206
-177
-151
-136
-114
-95
-79
-66
-70
-79
-108
-136
-178
-228
-267
-305
-335
-366
-384
-403
-423
-426
-421
-397
-383
-386
-430
-544
-647
-752
-874
-988
-1109
-1197
-1282
-1308
-1297
-1259
-1147
-1016
-845
-691
-501
-307
-125
60
219
355
453
518
547
569
594
619
639
638
640
652
653
664
664
662
659
638
604
575
539
476
392
315
234
160
103
49
6
-20
-15
-3
25
91
169
241
332
422
500
573
628
676
709
720
712
691
661
638
605
563
524
483
438
392
341
286
235
172
101
33
-34
-107
-181
-234
-257
-271
-282
-292
-311
-328
-331
-337
-337
-325
-305
-292
-275
-251
-226
-211
-209
-216
-242
-273
-317
-354
-378
-395
-420
-456
-486
-517
-547
-559
-573
-587
-588
-580
-562
-544
-507
-477
-464
-442
-407
-368
-350
-356
-359
-389
-416
-446
-475
-494
-520
-515
-515
-480
-418
-334
-244
-156
-54
41
126
193
260
313
351
362
362
354
343
338
339
341
363
404
451
510
573
638
689
733
759
775
771
745
701
649
594
531
471
411
361
323
307
302
310
334
365
390
411
436
450
460
460
453
433
396
351
303
259
219
187
157
126
99
73
47
24
2
-14
-28
-40
-54
-72
-103
-146
-188
-233
-283
-329
-372
-411
-444
-470
-481
-489
-490
-480
-479
-480
-483
-484
-478
-469
-455
-450
-453
-471
-498
-520
-536
-542
-533
-514
-497
-475
-458
-440
-415
-381
-341
-303
-266
-239
-208
-191
-173
-164
-156
-157
-153
-146
-145
-137
-135
-123
-114
-91
-74
-65
-52
-47
-40
-41
-30
-26
-22
-12
-2
17
41
78
118
164
219
277
333
394
452
507
555
589
607
611
618
620
626
630
626
619
605
597
591
579
574
563
551
531
509
479
440
406
372
341
307
270
228
187
150
127
115
108
104
94
83
73
65
55
45
26
-4
-36
-67
-86
-93
-89
-91
-105
-126
-155
-185
-215
-235
-255
-272
-284
-310
-328
-352
-366
-384
-399
-412
-434
-447
-459
-460
-458
-452
-447
-442
-431
-415
-403
-385
-374
-365
-361
-355
-348
-345
-330
-315
-294
-276
-260
-251
-236
-221
-204
-194
-194
-195
-202
-201
-205
-196
-190
-175
-152
-122
-83
-44
0
36
76
109
134
153
170
181
191
197
200
201
203
217
231
254
272
291
307
330
350
367
380
381
373
363
351
337
327
317
313
304
301
294
294
297
303
315
326
342
352
354
344
329
306
277
244
211
179
152
132
113
102
90
84
80
81
80
74
66
63
56
49
40
25
8
-15
-40
-66
-90
-109
-124
-134
-140
-148
-156
-162
-168
-171
-171
-169
-176
-192
-215
-247
-287
-324
-356
-376
-389
-390
-392
-388
-373
-358
-333
-311
-289
-277
-267
-254
-246
-241
-244
-256
-270
-282
-288
-285
-274
-254
-233
-208
-180
-154
-123
-95
-69
-51
-39
-29
-29
-25
-27
-24
-19
-10
9
25
44
62
83
98
114
132
150
172
189
194
189
181
172
162
156
147
138
130
127
128
138
151
162
168
171
172
170
171
176
180
184
190
190
184
178
172
164
159
158
161
161
160
156
145
134
122
113
106
104
99
89
80
70
57
46
36
26
16
11
8
5
5
4
0
-3
-6
-10
-16
-23
-31
-36
-41
-44
-48
-50
-52
-53
-52
-50
-46
-43
-41
-40
-42
-47
-50
-53
-54
-53
-52
-49
-48
-44
-41
-35
-32
-28
-26
-24
-22
-20
-17
-15
-15
-15
-15
-14
-14
-11
-10
-8
-6
-5
-3
-2
-3
-1
-2
-1
0
-1
-1
-1
-1
-1
-1
-3
-3
-4
-4
-6
-6
-8
-9
-10
-12
-14
-15
-14
-14
-13
-12
-12
-10
-9
-8
-8
-7
-8
-9
-10
-12
-13
-13
-13
-14
-14
-15
-16
-16
-17
-16
-15
-14
-14
-12
-12
-12
-12
-13
-12
-11
-11
-11
-9
-9
-8
-8
-8
-7
-6
-5
-5
-3
-1
-1
-2
0
0
0
0
-1
0
0
0
0
0
0
0
0
1
1
0
1
1
1
0
-1
-1
-1
-1
-2
-2
-3
-3
-3
-3
-3
-4
-5
-4
-4
-5
-4
-4
-4
-4
-4
-4
-3
-4
-4
-4
-4
-4
-4
-4
-4
-4
-4
-4
-3
-3
-2
-2
-1
-2
-1
-1
-1
-1
0
0
-1
0
0
0
0
1
1
1
2
2
2
2
2
1
3
2
2
2
2
2
1
2
2
2
2
2
3
2
2
1
2
2
1
1
2
2
2
2
2
1
2
2
1
2
1
2
1
1
0
1
0
0
0
1
1
1
0
1
0
0
0
1
0
1
0
0
0
0
1
-1
-1
-1
-1
0
-1
-2
-1
-1
0
0
-1
-2
-1
-1
-1
-1
0
-1
-1
-1
-1
-1
-2
-1
-2
-1
-1
-1
-2
0
-1
-1
-1
-1
-1
-1
-1
-1
-1
-1
-1
-1
-2
-1
-1
-1
-2
0
-1
0
-1
-1
0
0
0
0
0
-1
1
0
0
0
0
1
0
1
0
0
1
1
1
1
1
0
0
-1
0
0
0
-1
0
0
1
0
0
0
0
0
0
1
0
0
0
0
0
0
0
0
1
0
0
1
0
0
1
1
0
0
-1
0
0
0
-1
-1
-2
0
-1
-1
-1
0
-1
0
-1
-1
-1
-2
-2
-3
-3
-3
-3
-3
-2
-3
-3
-3
-3
-1
-1
-1
-2
-1
-2
-1
-2
-2
-2
-3
-2
-2
-2
0
0
0
1
2
1
3
2
3
3
2
2
2
2
1
2
1
1
1
0
1
1
2
2
2
1
0
1
1
1
0
0
-1
-1
0
0
-1
0
0
0
-1
0
0
0
1
1
2
1
2
4
4
4
4
3
4
3
4
3
3
2
0
-2
-2
-2
-3
-3
-2
-1
-2
-2
-6
-7
-9
-10
-11
-13
-14
-14
-14
-11
-7
-5
-4
-3
-2
-1
0
3
4
6
8
10
10
8
5
1
-1
1
3
6
10
14
17
22
27
29
30
30
30
29
30
29
27
22
18
16
15
15
15
15
13
14
15
19
20
20
18
12
4
-2
-8
-14
-19
-24
-28
-30
-31
-30
-28
-24
-21
-18
-16
-16
-15
-12
-8
-6
-10
-16
-21
-23
-23
-22
-21
-19
-18
-16
-14
-7
-1
2
2
-2
-4
-4
-2
0
-2
-4
-7
-9
-10
-5
-4
-3
-4
-5
-5
-3
0
2
0
-6
-15
-22
-29
-32
-34
-37
-41
-43
-41
-35
-26
-13
-2
5
7
4
1
0
0
-2
-2
-1
0
4
9
14
21
25
30
32
35
42
47
51
54
50
40
29
20
14
10
5
1
-2
-4
-6
-5
-3
3
12
17
19
18
12
8
2
-3
-6
-10
-15
-21
-23
-23
-20
-14
-7
-3
2
6
11
17
20
21
17
11
6
6
7
9
8
9
12
14
18
21
22
21
18
14
13
11
11
10
6
2
-2
-4
-3
0
1
1
-2
-4
-6
-9
-9
-9
-9
-9
-11
-13
-15
-17
-18
-19
-18
-14
-11
-8
-8
-6
-5
-5
-8
-8
-9
-10
-12
-16
-18
-19
-17
-12
-11
-12
-15
-16
-16
-15
-14
-17
-20
-20
-21
-23
-26
-31
-34
-34
-29
-23
-17
-14
-13
-13
-15
-14
-11
-8
-2
5
9
14
16
15
13
10
8
9
14
18
23
26
25
24
20
17
17
17
18
15
13
13
13
13
12
12
13
16
20
22
20
18
14
10
9
9
9
9
8
10
11
13
13
11
10
10
13
13
11
10
8
6
6
6
6
3
-1
-3
-2
2
7
13
15
16
15
12
9
4
1
-1
-2
-3
-5
-9
-13
-15
-14
-11
-8
-7
-6
-5
-7
-9
-9
-10
-7
-9
-13
-18
-20
-19
-14
-8
-5
-4
-5
-8
-11
-13
-16
-20
-22
-25
-30
-33
-31
-29
-28
-28
-29
-26
-21
-14
-10
-8
-9
-8
-6
-4
0
2
3
4
6
6
7
9
