-7
-6
-2
1
5
-1
-6
-10
-11
2
5
5
-2
-15
-11
-9
-4
-1
-7
-9
-6
1
5
1
2
2
5
12
10
6
1
-2
1
-3
-8
-12
-15
-11
-9
-5
-5
-9
-10
-6
3
6
0
-7
-9
-4
3
3
2
3
4
7
9
10
12
12
12
4
0
-2
-2
1
-2
-5
-3
1
9
11
7
-1
-5
0
2
2
1
-2
-2
-1
1
7
7
5
4
5
11
12
9
4
2
1
2
1
-1
-5
-8
-6
-4
0
1
-2
-4
-8
-8
-2
7
12
8
0
-6
-2
6
10
2
-12
-21
-16
-3
8
5
-8
-19
-16
-5
6
2
-10
-17
-16
-3
4
-1
-9
-12
-6
0
4
3
-2
-2
-6
-2
3
2
2
-5
-9
-4
4
12
12
5
0
-2
6
15
15
8
-1
0
10
14
12
5
-1
-1
3
9
6
1
-5
-8
-4
1
5
2
-5
-5
0
6
9
7
3
3
2
-3
-7
-2
10
16
8
-4
-9
-4
5
7
2
-7
-16
-11
-3
1
-1
-11
-17
-12
0
12
12
5
-7
-16
-8
2
7
1
-9
-10
-4
3
4
0
-6
-8
-5
-1
5
4
-4
-7
-2
5
6
6
5
4
6
5
7
9
4
-4
-9
-5
8
16
8
-2
-7
-3
9
13
7
-5
-15
-7
6
13
13
-1
-15
-19
-5
14
16
2
-19
-19
-2
14
13
-5
-17
-12
2
7
8
-4
-14
-15
-7
7
8
-1
-12
-17
-7
7
13
4
-13
-22
-11
10
24
18
-4
-20
-15
2
15
15
2
-13
-18
-6
12
18
6
-15
-26
-9
17
33
19
-12
-26
-13
17
37
25
2
-11
-6
9
18
18
6
-3
-5
3
13
20
16
1
-7
-10
5
17
13
0
-15
-12
3
9
7
-5
-9
-9
-8
-3
5
3
-4
-10
-11
-3
-6
-4
-6
-6
-2
-7
-5
-7
-4
-2
-10
-12
-20
-13
-12
-11
-4
-10
-5
-10
-12
-14
-17
-4
-4
0
-3
-13
-7
-9
4
4
-2
-5
-10
0
7
17
12
1
1
5
20
25
19
8
0
9
19
27
27
16
9
7
12
17
13
11
13
13
14
7
13
22
18
15
4
7
13
16
16
14
11
4
3
3
9
13
3
-5
-15
-7
-5
-12
-20
-32
-12
-9
-16
-33
-47
-29
-20
-13
-22
-46
-45
-40
-21
-17
-32
-43
-40
-22
-6
-8
-23
-29
-28
-16
-7
-6
-11
-23
-26
-20
-8
2
-1
-6
-15
-17
-9
0
8
3
-7
-8
0
12
16
11
6
0
1
6
10
16
16
18
20
18
23
26
32
36
37
38
36
37
42
52
61
61
62
62
68
77
79
79
79
86
86
82
83
87
89
85
78
79
80
74
66
55
47
43
30
13
-13
-27
-28
-29
-48
-87
-109
-105
-98
-124
-171
-192
-180
-164
-174
-208
-223
-215
-192
-181
-188
-192
-185
-168
-150
-136
-117
-103
-93
-79
-60
-40
-20
-6
3
10
22
39
49
59
58
54
54
56
68
76
76
68
56
58
69
83
83
67
57
62
81
97
99
92
89
106
130
148
152
154
164
177
192
203
216
225
232
236
238
247
258
263
255
237
226
224
215
201
185
178
176
157
126
110
110
119
99
51
29
18
16
1
-17
-33
-79
-122
-130
-116
-120
-173
-244
-293
-311
-311
-315
-359
-439
-512
-554
-532
-519
-560
-628
-699
-693
-654
-637
-630
-654
-647
-608
-561
-492
-452
-421
-385
-341
-259
-173
-113
-57
-10
47
112
161
214
256
289
327
323
316
334
376
409
357
301
290
327
363
333
282
238
230
253
261
265
255
248
248
259
298
334
360
372
377
378
408
455
490
485
451
458
475
496
495
451
420
381
362
347
306
280
235
193
158
118
106
72
32
3
-27
-32
-42
-71
-81
-74
-71
-88
-137
-130
-81
-69
-91
-173
-176
-94
-59
-89
-217
-258
-198
-151
-149
-246
-352
-381
-362
-304
-315
-412
-483
-527
-506
-484
-498
-520
-581
-656
-679
-652
-578
-566
-652
-718
-718
-641
-576
-574
-587
-602
-576
-500
-429
-374
-352
-326
-275
-212
-133
-44
20
65
99
147
217
289
351
386
399
417
455
504
545
556
550
538
533
547
556
557
535
502
490
493
505
487
448
417
412
424
423
410
398
389
388
393
402
402
392
388
388
393
403
401
395
394
387
376
360
357
358
343
314
284
262
246
237
223
172
94
49
79
114
69
-52
-131
-119
-75
-60
-131
-205
-272
-252
-184
-184
-204
-306
-358
-383
-384
-327
-362
-382
-465
-602
-725
-788
-706
-690
-809
-1031
-1199
-1201
-1140
-1095
-1182
-1301
-1348
-1321
-1218
-1155
-1081
-1027
-991
-899
-782
-616
-452
-318
-192
-89
49
213
363
487
577
647
719
802
866
904
908
897
889
860
849
826
755
651
532
495
496
453
344
226
193
218
240
210
164
147
181
252
301
324
353
428
512
567
584
603
666
739
792
791
772
769
759
756
718
661
600
534
484
421
350
274
180
89
21
-37
-90
-158
-226
-278
-329
-344
-356
-371
-402
-429
-431
-415
-391
-372
-351
-349
-349
-332
-299
-274
-299
-328
-297
-223
-204
-265
-343
-375
-366
-317
-285
-316
-420
-530
-527
-463
-373
-413
-572
-648
-602
-480
-550
-761
-815
-716
-577
-696
-917
-979
-907
-742
-725
-796
-855
-866
-751
-636
-538
-475
-468
-402
-308
-178
-49
60
177
275
331
404
496
594
705
784
850
857
851
910
973
1017
1002
949
913
882
907
906
858
793
710
683
665
648
618
541
514
483
465
465
443
451
417
403
396
400
411
390
390
372
369
348
314
322
304
307
259
216
214
163
157
99
61
30
-46
-59
-120
-175
-203
-252
-251
-317
-369
-375
-394
-369
-415
-449
-434
-404
-360
-422
-424
-394
-378
-378
-400
-317
-302
-314
-344
-398
-293
-286
-291
-348
-388
-173
-246
-309
-380
-394
-239
-256
-168
-262
-600
-766
-796
-623
-486
-692
-953
-1282
-1395
-1170
-1030
-960
-1074
-1333
-1330
-1213
-901
-625
-641
-614
-622
-486
-157
104
347
415
409
546
679
902
1086
1134
1126
1075
1086
1172
1269
1352
1292
1097
949
931
984
982
864
677
518
439
449
453
387
278
190
164
209
270
301
304
290
298
341
425
538
604
599
573
564
603
649
662
646
589
538
496
444
402
353
296
204
90
11
-46
-88
-142
-230
-311
-387
-399
-429
-461
-491
-512
-505
-529
-514
-508
-473
-467
-417
-379
-407
-452
-411
-279
-254
-357
-457
-403
-238
-153
-240
-414
-487
-412
-290
-211
-299
-385
-491
-487
-368
-287
-294
-563
-843
-870
-783
-679
-779
-996
-1131
-1300
-1288
-1202
-1102
-1013
-1118
-1213
-1182
-1034
-738
-563
-489
-427
-372
-163
95
329
527
608
697
836
989
1203
1312
1341
1340
1330
1368
1421
1431
1412
1244
950
791
827
1048
932
463
92
17
295
370
185
-85
-282
-148
-5
128
170
87
83
79
238
440
546
618
602
609
675
746
879
934
879
792
689
708
746
717
610
418
279
219
149
77
-70
-233
-359
-478
-507
-528
-580
-633
-716
-722
-686
-660
-586
-547
-521
-533
-502
-350
-247
-258
-289
-228
-144
-85
-88
-36
6
-77
-102
-133
-19
40
-49
-164
-357
-356
-213
-93
-89
-314
-696
-999
-1126
-944
-794
-912
-1163
-1569
-1809
-1805
-1571
-1288
-1345
-1544
-1706
-1675
-1347
-1013
-737
-675
-695
-571
-342
12
364
605
724
764
878
1102
1369
1597
1676
1630
1570
1577
1653
1726
1720
1619
1430
1231
1129
1012
775
521
400
470
262
-140
-426
-410
-171
-215
-379
-569
-580
-333
-164
-37
-33
-56
30
152
429
640
686
696
713
816
928
1017
1103
1069
945
839
795
855
862
727
516
288
187
133
47
-80
-270
-434
-582
-640
-636
-639
-700
-797
-851
-812
-689
-539
-463
-472
-534
-521
-354
-150
-20
-74
-178
-157
27
253
264
90
-31
-68
48
161
215
123
-198
-350
-356
-168
-9
-72
-254
-670
-1059
-1290
-1200
-921
-838
-1129
-1703
-2113
-2107
-1696
-1297
-1255
-1507
-1832
-1795
-1438
-976
-615
-563
-576
-576
-361
75
478
792
886
874
938
1103
1416
1695
1809
1765
1623
1582
1657
1749
1764
1620
1378
1155
1008
958
811
514
181
17
26
-108
-376
-625
-642
-538
-525
-541
-624
-596
-433
-243
-71
-38
26
168
371
623
742
777
821
905
1029
1070
1089
1093
1043
971
869
809
764
681
558
367
177
30
-77
-174
-295
-429
-590
-697
-736
-728
-735
-783
-794
-781
-724
-644
-549
-457
-386
-360
-293
-252
-155
36
154
198
67
63
207
292
347
255
112
-8
-58
79
133
30
-72
-192
-191
-69
-144
-655
-1619
-1919
-1060
-240
-479
-1914
-2965
-2670
-1687
-901
-1147
-1887
-2287
-2192
-1566
-1025
-722
-639
-799
-771
-547
-107
502
912
1048
917
830
1119
1555
1980
2156
1993
1721
1568
1711
1999
2077
1915
1594
1290
1149
1133
1127
934
430
-145
-390
-179
101
-178
-761
-1098
-936
-563
-461
-506
-618
-622
-446
-294
-52
160
285
374
415
632
825
938
1077
1117
1124
1044
1028
1152
1166
1079
888
695
625
548
452
280
36
-110
-254
-362
-448
-584
-704
-850
-913
-877
-830
-760
-781
-813
-756
-654
-500
-397
-318
-270
-272
-163
47
207
215
120
193
314
377
391
306
279
192
188
197
135
86
-35
-94
-29
-72
-582
-1492
-1948
-1303
-479
-618
-1893
-3127
-3121
-2194
-1288
-1313
-2143
-2766
-2754
-2088
-1352
-1000
-919
-1104
-1125
-852
-353
312
788
971
908
834
1099
1590
2089
2356
2238
1954
1797
1952
2280
2428
2271
1911
1530
1339
1344
1401
1291
872
362
14
-143
-226
-347
-379
-417
-673
-1057
-1237
-955
-475
-250
-417
-731
-742
-295
291
656
649
470
442
679
1109
1443
1474
1329
1150
1132
1224
1353
1428
1262
972
674
536
535
495
338
3
-339
-549
-600
-575
-610
-757
-960
-1110
-1100
-951
-815
-777
-845
-882
-782
-629
-465
-317
-256
-202
-224
-111
89
197
296
274
302
294
238
257
199
208
183
39
-18
-82
14
22
-51
-150
-699
-1440
-1987
-1645
-836
-748
-1633
-2926
-3329
-2698
-1810
-1462
-1964
-2587
-2825
-2475
-1791
-1227
-924
-960
-1045
-948
-557
113
763
1132
1131
1004
1103
1531
2101
2527
2593
2344
2088
2091
2361
2613
2592
2298
1879
1561
1444
1461
1421
1165
675
197
-144
-350
-419
-406
-369
-640
-1105
-1368
-1208
-709
-376
-388
-657
-854
-589
-39
552
825
684
507
530
928
1415
1665
1649
1401
1195
1161
1295
1518
1512
1220
796
466
406
478
469
240
-198
-594
-792
-778
-642
-695
-917
-1166
-1280
-1147
-979
-834
-792
-886
-869
-825
-637
-375
-189
-20
-142
-225
-150
87
461
498
408
287
245
380
254
240
232
192
164
-74
-77
-95
-72
13
-122
-514
-1439
-2259
-2143
-1295
-722
-1416
-2856
-3698
-3355
-2333
-1654
-1868
-2559
-3022
-2862
-2168
-1481
-1012
-903
-997
-966
-697
-35
742
1275
1441
1285
1272
1592
2139
2687
2889
2729
2398
2238
2421
2697
2784
2571
2138
1733
1489
1439
1444
1248
845
323
-97
-252
-381
-551
-748
-797
-821
-1095
-1312
-1244
-814
-409
-356
-523
-628
-340
181
636
848
836
781
825
1096
1453
1667
1618
1456
1343
1309
1390
1422
1358
1123
790
536
372
348
277
57
-284
-615
-745
-781
-820
-910
-1052
-1189
-1258
-1217
-1076
-959
-927
-899
-854
-733
-590
-441
-282
-154
-41
-12
63
211
364
465
379
307
336
400
453
294
201
139
73
55
-61
-71
-171
-221
-202
-493
-1166
-2105
-2398
-1746
-1040
-1186
-2382
-3456
-3530
-2786
-1944
-1782
-2221
-2768
-2925
-2474
-1713
-1023
-683
-734
-840
-708
-180
630
1300
1598
1531
1400
1550
1980
2551
2944
2936
2642
2340
2342
2585
2773
2705
2336
1866
1503
1348
1347
1248
940
478
-1
-295
-445
-544
-712
-875
-922
-1042
-1216
-1286
-1108
-740
-529
-490
-540
-461
-118
277
595
711
735
804
942
1205
1420
1484
1436
1334
1290
1248
1218
1194
1074
862
567
309
133
21
-54
-235
-491
-747
-908
-962
-1002
-1048
-1136
-1201
-1187
-1099
-958
-864
-792
-755
-650
-469
-295
-189
-145
-21
118
294
461
547
474
401
485
702
798
629
302
108
216
439
504
229
-147
-376
-240
17
126
-296
-1267
-2224
-2436
-1634
-820
-990
-2212
-3434
-3597
-2796
-1833
-1584
-2105
-2740
-2910
-2394
-1603
-942
-659
-706
-781
-660
-184
532
1199
1553
1526
1389
1461
1846
2401
2795
2824
2547
2245
2179
2366
2564
2557
2247
1783
1398
1218
1199
1128
872
476
0
-394
-572
-560
-616
-883
-1072
-1081
-1133
-1230
-1168
-916
-675
-632
-615
-567
-292
175
463
562
530
610
823
1070
1341
1380
1253
1147
1142
1242
1231
1162
1032
832
657
490
361
235
86
-99
-362
-571
-650
-677
-734
-839
-933
-990
-982
-905
-814
-781
-762
-702
-559
-384
-226
-123
-121
-107
-2
260
458
472
352
215
373
590
741
604
264
182
217
407
373
118
-26
-140
9
28
-102
-194
-595
-1197
-1962
-2047
-1315
-836
-1272
-2566
-3432
-3243
-2380
-1634
-1716
-2330
-2841
-2751
-2067
-1293
-800
-729
-859
-854
-533
73
756
1257
1422
1353
1347
1628
2098
2571
2828
2755
2473
2252
2302
2508
2612
2468
2077
1627
1309
1225
1223
1080
695
161
-282
-449
-447
-647
-1006
-1152
-1018
-995
-1257
-1452
-1291
-899
-597
-559
-620
-564
-286
134
471
679
692
606
665
928
1256
1367
1268
1131
1036
1019
1049
1088
1002
745
406
165
90
81
14
-247
-538
-736
-808
-801
-839
-856
-934
-1014
-1024
-978
-823
-705
-628
-542
-466
-285
-138
-18
84
113
253
405
563
569
453
391
448
589
654
621
466
387
323
326
323
226
233
164
166
74
-93
-244
-690
-1270
-1873
-1844
-1218
-898
-1378
-2543
-3248
-2983
-2137
-1477
-1629
-2264
-2757
-2602
-1868
-1085
-656
-677
-878
-858
-447
240
922
1309
1346
1233
1260
1608
2107
2537
2711
2578
2305
2116
2207
2456
2570
2385
1943
1476
1200
1149
1149
1003
587
52
-382
-582
-602
-687
-820
-999
-1212
-1412
-1458
-1269
-974
-804
-786
-891
-900
-574
-91
324
397
295
293
492
906
1202
1245
1091
927
970
1071
1178
1161
971
732
482
350
283
206
106
-149
-434
-629
-680
-612
-630
-737
-917
-1064
-1030
-891
-702
-610
-620
-614
-564
-386
-195
-44
39
35
106
231
360
440
426
530
553
581
571
501
513
479
514
427
231
89
53
200
308
176
-110
-347
-372
-567
-1178
-1825
-1864
-1349
-1020
-1464
-2399
-3011
-2882
-2168
-1636
-1663
-2156
-2547
-2401
-1848
-1175
-764
-687
-733
-697
-357
189
789
1218
1353
1382
1438
1695
2094
2502
2752
2686
2436
2254
2275
2458
2563
2448
2094
1667
1378
1271
1226
1067
677
223
-125
-288
-424
-686
-800
-856
-934
-1209
-1405
-1245
-961
-662
-694
-854
-850
-587
-75
232
358
315
269
472
775
1104
1169
1060
973
922
973
1001
1014
939
729
488
262
165
164
111
-71
-388
-646
-747
-747
-716
-762
-908
-1031
-1055
-941
-827
-779
-720
-704
-624
-527
-366
-164
-73
-27
0
140
323
396
451
422
470
417
418
474
530
608
413
275
81
161
254
219
166
-12
-58
-154
-112
-235
-891
-1773
-2212
-1582
-774
-880
-2049
-3315
-3436
-2605
-1598
-1367
-1948
-2636
-2853
-2340
-1524
-878
-670
-840
-975
-815
-263
492
1101
1341
1259
1188
1365
1823
2376
2792
2847
2554
2242
2220
2487
2763
2748
2424
1951
1579
1466
1514
1484
1200
652
92
-188
-183
-196
-544
-861
-925
-914
-1065
-1230
-1107
-862
-698
-696
-760
-697
-406
-2
272
359
360
348
487
836
1177
1245
1078
956
964
1052
1151
1150
1006
739
481
331
273
263
184
-80
-399
-617
-680
-688
-760
-837
-972
-1087
-1103
-1007
-852
-772
-740
-727
-709
-597
-384
-151
-53
-102
-99
36
218
326
343
322
298
308
384
393
399
419
342
222
69
40
-2
-1
57
31
-88
-290
-337
-568
-1197
-2015
-2250
-1577
-895
-1138
-2438
-3545
-3493
-2490
-1519
-1491
-2204
-2904
-2907
-2179
-1293
-721
-672
-886
-988
-719
-46
735
1290
1433
1343
1340
1609
2114
2643
2964
2941
2639
2395
2446
2739
2981
2901
2495
1999
1662
1618
1688
1591
1187
588
127
-14
55
-107
-595
-1006
-1017
-822
-849
-1039
-1127
-1005
-834
-764
-705
-586
-350
-111
73
232
359
466
576
766
979
1071
1062
1062
1082
1081
1035
997
969
858
686
485
337
253
144
-30
-254
-431
-563
-686
-782
-836
-886
-964
-1011
-1005
-940
-852
-760
-694
-706
-718
-665
-476
-240
-97
-115
-159
-61
117
278
358
384
301
191
229
365
474
412
234
85
7
29
48
46
112
68
-114
-438
-961
-1612
-2186
-1976
-1258
-985
-1768
-3122
-3755
-3342
-2348
-1709
-1925
-2611
-3122
-2925
-2164
-1341
-846
-850
-1025
-1031
-620
119
890
1389
1455
1342
1418
1808
2380
2873
3107
3022
2722
2563
2735
3069
3241
3050
2602
2136
1845
1814
1810
1623
1165
564
134
32
156
93
-453
-1093
-1309
-975
-639
-809
-1107
-1269
-1137
-934
-764
-488
-262
-73
-63
-17
236
589
940
1059
1072
980
949
1109
1322
1452
1270
995
843
851
906
782
533
270
47
-94
-212
-297
-401
-613
-838
-984
-1006
-994
-1018
-1025
-1040
-1016
-981
-946
-826
-667
-531
-539
-582
-483
-259
61
211
159
42
60
300
472
523
409
321
299
341
419
375
323
237
205
183
130
138
39
-396
-1333
-2316
-2385
-1492
-749
-1282
-2913
-4189
-4089
-2878
-1749
-1718
-2649
-3589
-3648
-2778
-1681
-1026
-1024
-1333
-1450
-1089
-298
604
1240
1408
1290
1253
1581
2233
2909
3334
3321
3004
2749
2831
3215
3546
3515
3062
2450
2028
1968
2065
1974
1549
863
294
72
118
39
-427
-928
-1142
-1102
-1069
-1209
-1312
-1308
-1191
-1085
-1034
-885
-636
-328
-87
50
125
230
495
867
1148
1169
1042
1012
1167
1371
1418
1290
1095
943
868
817
706
536
303
46
-184
-354
-464
-617
-760
-895
-1002
-1066
-1127
-1131
-1065
-994
-973
-989
-952
-790
-649
-522
-449
-359
-241
-125
65
159
267
354
440
466
440
506
579
626
554
384
259
213
293
379
333
228
23
-134
-469
-1215
-2060
-2363
-1634
-858
-1177
-2593
-3958
-4023
-2981
-1820
-1585
-2406
-3353
-3576
-2824
-1713
-967
-866
-1191
-1380
-1081
-302
603
1238
1439
1343
1304
1573
2132
2781
3246
3311
3004
2671
2682
3042
3402
3422
3017
2408
1952
1854
1975
1939
1541
921
320
-37
-154
-138
-171
-517
-1053
-1491
-1524
-1215
-983
-1016
-1278
-1501
-1445
-1104
-601
-257
-209
-323
-308
-16
420
747
861
863
861
956
1111
1266
1341
1269
1097
911
811
789
759
673
490
240
-22
-198
-283
-359
-505
-702
-877
-938
-902
-873
-899
-926
-896
-828
-762
-689
-578
-480
-421
-336
-171
20
167
246
322
447
502
459
412
455
645
716
595
335
92
118
318
513
486
154
-168
-344
-494
-1001
-1897
-2284
-1757
-1035
-1239
-2566
-3777
-3861
-2907
-1876
-1772
-2480
-3277
-3376
-2654
-1695
-1043
-998
-1264
-1359
-1014
-267
532
1085
1264
1231
1294
1586
2095
2654
3075
3188
2971
2712
2711
2993
3295
3289
2922
2376
1960
1870
1953
1900
1511
865
314
59
60
-25
-456
-986
-1288
-1230
-1075
-1119
-1320
-1490
-1443
-1194
-978
-864
-805
-680
-438
-151
89
204
296
473
728
914
991
1031
1083
1173
1208
1176
1080
972
929
830
698
526
356
221
48
-101
-277
-475
-630
-731
-749
-770
-839
-915
-968
-927
-857
-799
-739
-668
-574
-475
-347
-226
-65
63
145
190
236
363
437
458
433
458
606
677
614
399
274
309
372
379
253
192
77
71
-206
-1028
-2081
-2535
-1640
-628
-790
-2349
-3981
-4114
-2944
-1559
-1305
-2280
-3359
-3633
-2810
-1653
-895
-835
-1206
-1402
-1132
-404
477
1173
1424
1317
1246
1469
2003
2644
3131
3251
2942
2559
2504
2831
3243
3335
2965
2347
1843
1737
1880
1867
1473
792
253
53
13
-137
-528
-993
-1255
-1243
-1141
-1248
-1446
-1459
-1273
-1102
-1099
-1085
-944
-634
-287
-56
32
49
192
446
755
955
952
878
876
1038
1198
1206
1100
951
820
712
633
573
437
227
-15
-219
-329
-417
-494
-602
-732
-849
-941
-942
-858
-767
-724
-771
-803
-742
-562
-315
-187
-197
-232
-59
192
319
342
345
418
446
459
495
525
599
633
546
318
23
-53
183
509
557
144
-361
-728
-1072
-1593
-2019
-1757
-1229
-1214
-2133
-3333
-3766
-3219
-2136
-1570
-1993
-2897
-3397
-2931
-1899
-1043
-802
-1097
-1355
-1159
-463
426
1090
1311
1232
1201
1472
1983
2555
2991
3141
2993
2732
2678
2908
3227
3347
3101
2582
2086
1878
1962
2000
1716
1081
480
198
143
-4
-393
-746
-916
-935
-1029
-1233
-1361
-1354
-1230
-1137
-1064
-919
-816
-680
-441
-93
173
193
169
278
592
926
1082
1085
1006
972
1005
1102
1202
1146
927
655
520
501
455
304
63
-189
-401
-539
-606
-651
-720
-835
-976
-1053
-1005
-914
-857
-836
-817
-786
-761
-618
-470
-360
-299
-175
1
41
86
148
312
413
396
295
131
242
426
506
305
-7
-63
34
333
441
274
52
-253
-819
-1746
-2407
-1961
-883
-535
-1665
-3520
-4347
-3595
-2043
-1139
-1689
-2968
-3801
-3444
-2200
-1032
-591
-965
-1511
-1545
-862
231
1151
1511
1349
1134
1283
1871
2629
3238
3476
3281
2876
2716
2986
3488
3766
3523
2877
2209
1929
2077
2263
2088
1381
542
127
118
250
-50
-678
-1210
-1370
-1099
-1024
-1207
-1460
-1524
-1313
-1120
-907
-782
-660
-473
-241
21
191
356
499
705
936
1059
1124
1138
1220
1295
1252
1197
1115
1044
913
719
555
368
202
27
-182
-345
-516
-678
-819
-902
-938
-1050
-1175
-1254
-1221
-1096
-1002
-949
-933
-888
-755
-629
-503
-371
-222
-46
72
162
201
193
307
433
654
729
594
389
253
387
467
452
327
154
103
62
81
-149
-933
-1946
-2546
-2000
-1088
-1044
-2283
-3814
-4246
-3486
-2342
-1891
-2378
-3236
-3642
-3218
-2292
-1444
-1088
-1168
-1347
-1266
-702
155
978
1418
1471
1419
1590
2091
2749
3317
3559
3417
3094
2980
3213
3588
3757
3524
2992
2459
2193
2223
2240
1992
1432
762
315
147
103
-121
-579
-1012
-1326
-1408
-1348
-1289
-1317
-1443
-1468
-1416
-1250
-962
-603
-270
-124
-99
-17
251
669
1024
1172
1149
1113
1203
1390
1578
1624
1490
1286
1109
1052
1025
927
736
454
174
-58
-213
-346
-534
-746
-935
-1077
-1150
-1197
-1195
-1201
-1195
-1163
-1141
-1079
-1001
-814
-672
-586
-484
-400
-201
29
254
311
195
153
289
457
580
533
422
292
180
216
254
346
419
339
115
-248
-930
-1838
-2538
-2207
-1271
-997
-2036
-3758
-4617
-4106
-2822
-1977
-2305
-3312
-4040
-3828
-2833
-1753
-1155
-1254
-1595
-1650
-1095
-102
859
1407
1439
1315
1454
1954
2678
3349
3727
3689
3350
3161
3322
3726
4007
3884
3360
2734
2350
2350
2461
2309
1807
1052
444
153
76
-90
-499
-818
-1071
-1322
-1571
-1605
-1326
-1081
-1084
-1301
-1355
-1086
-567
-83
145
170
102
213
618
1133
1489
1430
1247
1221
1390
1629
1677
1597
1396
1155
982
884
853
728
458
90
-236
-418
-526
-613
-758
-921
-1112
-1290
-1349
-1313
-1257
-1280
-1304
-1234
-1145
-1045
-949
-774
-536
-332
-236
-269
-265
-68
325
647
653
329
69
246
686
955
735
215
-90
-44
313
628
552
181
-391
-1139
-1955
-2489
-2060
-1177
-1049
-2228
-3994
-4657
-3863
-2472
-1837
-2451
-3535
-4090
-3629
-2547
-1545
-1140
-1331
-1626
-1563
-910
52
920
1388
1393
1330
1511
2045
2725
3280
3583
3520
3221
3070
3238
3642
3926
3774
3236
2604
2240
2244
2336
2141
1533
760
305
170
-66
-509
-924
-965
-950
-1215
-1541
-1728
-1554
-1253
-1064
-1036
-1114
-1005
-714
-319
87
352
418
413
576
910
1233
1399
1451
1421
1368
1383
1431
1459
1412
1259
1013
746
564
480
345
134
-117
-376
-617
-796
-869
-907
-996
-1140
-1263
-1298
-1222
-1082
-999
-942
-916
-868
-725
-547
-312
-221
-157
-39
128
334
411
475
477
488
482
494
555
543
470
243
101
101
219
373
246
10
-522
-1342
-2169
-2504
-1795
-1041
-1267
-2689
-4172
-4301
-3284
-2134
-1970
-2772
-3614
-3778
-3086
-2103
-1388
-1187
-1344
-1446
-1205
-541
306
1007
1333
1354
1379
1650
2183
2799
3267
3437
3296
3011
2932
3152
3498
3637
3346
2823
2335
2115
2157
2098
1759
1156
626
343
51
-328
-675
-728
-627
-838
-1373
-1785
-1658
-1102
-656
-708
-1094
-1300
-981
-245
382
513
199
-51
189
829
1402
1504
1222
948
995
1271
1514
1504
1244
937
680
579
547
481
334
51
-253
-540
-705
-745
-759
-796
-992
-1219
-1324
-1248
-1040
-906
-902
-972
-1002
-901
-670
-361
-148
-103
-179
-162
70
413
646
594
416
292
391
603
725
668
449
208
53
59
207
403
362
36
-385
-845
-1334
-1891
-2053
-1554
-1152
-1481
-2663
-3670
-3638
-2836
-1977
-1937
-2608
-3283
-3343
-2633
-1709
-1096
-1040
-1281
-1343
-953
-164
621
1123
1219
1149
1273
1664
2228
2732
3023
3076
2882
2683
2711
2930
3178
3176
2879
2448
2074
1967
1971
1882
1485
838
315
92
-29
-316
-600
-689
-733
-1030
-1405
-1521
-1291
-909
-692
-773
-993
-1008
-654
-119
305
447
271
111
340
868
1270
1285
1072
912
915
1086
1262
1254
1053
758
519
379
341
320
168
-96
-368
-547
-670
-739
-759
-811
-944
-1101
-1157
-1068
-913
-789
-760
-797
-760
-603
-333
-104
-2
3
7
124
320
466
557
580
558
497
368
362
453
553
477
150
-97
-150
52
243
228
2
-277
-563
-1126
-1889
-2260
-1660
-879
-1021
-2298
-3609
-3716
-2740
-1677
-1534
-2299
-3097
-3211
-2533
-1592
-933
-803
-1065
-1236
-989
-273
539
1089
1241
1166
1226
1517
1964
2412
2725
2852
2716
2493
2465
2694
2982
3044
2760
2287
1864
1723
1788
1687
1327
760
294
-20
-172
-182
-246
-473
-920
-1290
-1396
-1183
-819
-651
-766
-1018
-1038
-713
-211
238
334
187
55
224
655
1036
1199
1080
867
786
917
1146
1227
1096
819
528
374
312
284
169
-39
-302
-570
-712
-738
-728
-796
-969
-1103
-1123
-1035
-913
-822
-778
-768
-713
-552
-321
-135
-76
-40
53
250
441
501
462
384
420
462
523
513
418
247
69
55
79
51
-144
-300
-333
-273
-246
-376
-405
-700
-1364
-2210
-2403
-1490
-753
-1031
-2377
-3429
-3231
-2229
-1243
-1302
-2076
-2727
-2667
-1854
-1023
-533
-559
-797
-784
-404
279
858
1157
1218
1221
1368
1614
1924
2277
2548
2623
2427
2186
2176
2344
2552
2542
2251
1831
1496
1438
1443
1251
840
376
45
-126
-137
-141
-329
-660
-904
-921
-792
-603
-496
-492
-512
-461
-298
-95
150
373
487
514
567
681
849
1027
1150
1126
955
846
858
951
1005
877
623
339
175
110
36
-67
-260
-489
-703
-806
-779
-792
-860
-990
-1083
-1068
-987
-839
-732
-649
-569
-534
-416
-238
-17
103
72
104
191
332
428
425
352
224
190
195
191
134
13
-135
-294
-311
-350
-407
-540
-594
-603
-648
-704
-677
-603
-944
-1672
-2352
-1981
-1010
-631
-1456
-2812
-3178
-2502
-1421
-957
-1416
-2105
-2454
-1998
-1187
-512
-273
-510
-716
-610
-31
657
1072
1165
1087
1135
1352
1664
2032
2327
2450
2331
2090
2029
2198
2437
2523
2309
1944
1594
1421
1380
1316
1097
630
163
-64
66
137
-115
-494
-742
-649
-459
-296
-238
-311
-296
-241
-83
152
340
504
548
647
785
838
908
999
1102
1082
936
863
868
921
885
668
427
238
161
86
-82
-252
-455
-641
-791
-875
-900
-1004
-1104
-1141
-1095
-1000
-967
-893
-813
-697
-556
-482
-386
-280
-132
19
93
101
92
155
278
357
304
239
201
119
-10
-157
-95
-38
-145
-420
-775
-853
-780
-582
-582
-807
-1040
-1227
-1110
-804
-427
-611
-1492
-2370
-2195
-1026
-238
-670
-1990
-2719
-2334
-1280
-558
-784
-1427
-1923
-1730
-1037
-319
43
-160
-472
-504
-80
526
948
1098
1058
1052
1131
1331
1642
2002
2195
2075
1825
1717
1891
2163
2250
2059
1609
1178
1022
1196
1447
1254
673
121
4
299
473
347
-21
-312
-274
-79
160
249
164
45
20
216
487
663
734
738
760
795
825
900
955
970
893
751
668
644
637
537
345
150
-5
-101
-190
-297
-428
-580
-698
-769
-811
-843
-890
-915
-881
-815
-749
-733
-722
-656
-560
-458
-375
-313
-266
-235
-185
-102
-42
-1
-21
-70
-72
-39
-6
-80
-279
-449
-484
-372
-335
-546
-846
-1044
-1001
-842
-775
-885
-1096
-1221
-1096
-906
-703
-631
-661
-745
-994
-1196
-1274
-899
-451
-476
-992
-1613
-1614
-1164
-662
-493
-817
-1139
-1238
-955
-513
-236
-141
-327
-479
-349
58
502
683
682
655
698
865
1098
1354
1519
1569
1535
1518
1614
1761
1881
1868
1772
1642
1528
1511
1545
1529
1369
1118
924
856
861
863
765
615
471
396
412
430
464
464
443
416
388
408
434
493
511
460
386
343
402
467
488
405
265
159
138
173
155
58
-104
-234
-311
-351
-393
-475
-556
-638
-674
-668
-692
-732
-808
-847
-811
-752
-675
-669
-691
-677
-635
-584
-563
-519
-493
-443
-416
-392
-339
-327
-309
-389
-462
-480
-440
-342
-393
-555
-724
-721
-541
-423
-520
-729
-843
-783
-623
-561
-578
-677
-724
-631
-513
-391
-392
-422
-364
-202
-127
-263
-519
-563
-259
-62
-142
-521
-763
-624
-402
-186
-263
-433
-476
-448
-249
-122
-26
-5
-59
-1
110
292
428
537
624
627
628
683
817
997
1109
1143
1119
1088
1159
1225
1272
1269
1203
1141
1062
1068
1093
1035
908
764
720
728
723
664
573
515
481
477
461
465
479
451
413
376
384
397
386
392
375
364
345
320
347
343
316
239
148
118
78
57
-11
-106
-175
-254
-271
-300
-345
-418
-526
-579
-584
-545
-530
-590
-672
-730
-734
-686
-641
-607
-611
-656
-687
-680
-605
-540
-557
-616
-681
-625
-538
-475
-475
-595
-667
-692
-597
-497
-538
-633
-729
-669
-551
-525
-607
-726
-702
-591
-472
-500
-557
-575
-483
-314
-278
-270
-339
-302
-167
-76
13
-63
-152
-201
-129
54
105
44
-120
-183
-133
-2
104
103
31
-44
1
91
231
274
243
166
111
232
407
569
569
481
444
504
667
798
861
809
767
809
945
1070
1059
980
896
912
975
1006
988
903
822
753
730
729
693
632
548
487
466
455
454
446
421
387
344
340
352
345
321
264
214
181
169
156
107
51
0
-23
-43
-79
-130
-192
-239
-271
-295
-302
-336
-396
-449
-493
-497
-511
-548
-574
-618
-654
-684
-694
-676
-674
-690
-712
-718
-696
-676
-675
-668
-671
-643
-615
-634
-646
-657
-590
-548
-577
-614
-618
-518
-427
-417
-468
-488
-430
-335
-296
-313
-362
-380
-302
-233
-171
-190
-221
-183
-172
-112
-89
-45
-1
-7
35
50
94
120
120
147
168
233
250
242
229
242
304
314
314
264
262
314
377
412
321
254
243
314
391
389
344
260
234
279
338
355
333
290
298
343
393
440
426
405
363
365
421
459
492
471
454
452
464
520
551
540
493
445
451
465
477
460
418
389
368
366
349
311
263
219
196
185
162
115
59
2
-26
-33
-43
-81
-134
-180
-193
-185
-180
-195
-239
-276
-289
-290
-299
-329
-361
-380
-387
-385
-388
-397
-424
-454
-466
-464
-456
-479
-516
-535
-519
-472
-475
-522
-563
-562
-520
-515
-527
-545
-543
-493
-446
-398
-397
-414
-389
-339
-246
-204
-234
-267
-271
-173
-103
-103
-116
-118
-66
-47
-49
-17
21
59
39
19
45
102
144
141
143
134
147
161
192
230
207
187
171
196
257
273
266
256
275
308
319
310
305
302
305
324
327
322
303
294
309
304
284
252
251
291
324
309
241
200
199
226
245
227
206
171
158
186
207
215
177
135
126
146
172
163
127
97
91
106
122
120
96
69
56
51
58
51
33
22
-2
-15
-39
-49
-43
-45
-42
-59
-86
-113
-128
-130
-144
-148
-156
-153
-150
-156
-154
-164
-161
-158
-166
-174
-196
-209
-197
-195
-181
-178
-189
-187
-210
-213
-212
-220
-203
-215
-217
-211
-209
-196
-205
-216
-217
-206
-181
-173
-179
-185
-171
-135
-129
-150
-164
-156
-133
-121
-122
-123
-105
-83
-69
-53
-40
-21
-4
9
32
57
65
53
33
40
81
96
102
95
88
106
121
144
171
173
165
137
137
155
118
101
126
146
145
86
49
73
107
156
118
41
27
57
150
187
131
85
58
111
179
183
144
64
47
80
120
118
68
51
57
113
153
129
114
95
110
135
124
117
78
60
77
71
75
34
6
20
39
58
16
-27
-38
-14
33
28
-4
-52
-77
-66
-55
-32
-41
-57
-59
-73
-60
-64
-75
-83
-100
-98
-110
-119
-113
-101
-79
-73
-79
-94
-99
-90
-88
-79
-89
-96
-91
-96
-95
-109
-118
-116
-115
-103
-98
-101
-109
-115
-103
-89
-67
-55
-50
-47
-50
-39
-31
-11
12
10
8
-3
-3
15
17
12
-2
-11
6
26
41
29
8
8
6
11
6
-15
-25
-24
-9
2
1
-1
-8
-2
13
32
40
31
24
23
34
51
64
63
54
48
56
72
78
72
54
46
59
75
81
63
58
57
63
58
48
43
30
40
47
54
61
51
36
17
15
36
54
44
20
9
12
27
29
23
9
-3
-5
-2
4
4
-3
-2
-1
4
8
6
5
4
-1
-3
4
10
10
-9
-24
-21
-9
10
12
13
11
6
4
0
-1
-3
-12
-30
-37
-28
-9
-2
-15
-34
-50
-51
-36
-24
-17
-30
-45
-45
-36
-19
-17
-36
-45
-45
-35
-23
-25
-26
-30
-33
-33
-32
-27
-31
-37
-40
-42
-36
-34
-30
-32
-41
-45
-51
-50
-32
-13
-1
-9
-21
-32
-26
-21
-16
-10
-13
-6
2
13
21
17
23
27
27
22
15
20
36
52
52
35
18
13
19
23
16
8
4
5
14
21
28
25
18
19
26
30
27
24
24
28
25
13
6
8
14
13
1
-8
-10
-5
5
10
12
10
7
6
5
9
9
7
7
7
7
6
4
5
2
0
3
5
7
8
8
8
5
1
-2
-1
0
0
-4
-9
-9
-4
2
1
-5
-10
-11
-5
3
6
6
0
-5
-6
-4
0
2
3
-2
-7
-12
-15
-14
-13
-11
-6
-5
-3
0
5
11
11
5
2
5
12
16
16
7
-2
-4
1
4
2
-2
0
3
10
14
10
1
-7
-10
-9
-6
-2
-1
-3
-6
-7
-9
-11
-14
-19
-22
-19
-13
-13
-12
-4
11
30
30
29
29
28
29
26
18
8
-2
-5
6
19
24
20
8
0
-1
5
9
9
7
-1
-7
-13
-18
-23
-30
-33
-39
-41
-37
-29
-20
-14
-16
-22
-20
-13
-12
-18
-24
-26
-13
5
10
12
4
-4
-4
7
20
24
24
26
31
34
27
13
-2
-11
-5
10
17
15
-1
-11
-8
-1
1
-5
-10
-11
-7
-2
-4
-14
-17
-12
-8
-6
-9
-14
-10
-5
-2
-4
-7
0
10
17
11
-1
-1
8
22
29
25
21
11
7
9
8
8
5
0
0
-1
-6
-8
-10
-8
-11
-16
-19
-20
-22
-25
-34
-40
-38
-31
-21
-17
-14
-13
-10
-2
7
6
-5
-6
1
15
27
26
24
23
23
17
9
15
25
38
46
46
40
33
30
25
22
17
15
15
14
13
6
-5
-10
-7
-5
-4
-9
-16
-13
-7
3
10
12
12
10
9
7
6
2
-4
-5
-5
-7
-7
-9
-8
-8
-10
-10
-9
-13
-18
-20
-18
-13
-14
-20
-27
-31
-31
-32
-37
-47
-53
-51
-44
-35
-24
-18
-15
-14
-15
-10
-5
-6
-9
-14
-18
-19
-17
-15
-13
-13
-17
-15
-6
8
24
31
30
25
16
11
11
14
13
12
16
24
35
36
23
10
4
18
38
51
51
38
28
18
15
14
9
1
-3
0
9
9
4
4
8
16
18
15
11
12
23
34
41
38
25
20
19
20
19
11
5
4
5
1
-8
-14
-13
-8
-2
-2
-4
-7
-11
-16
-27
-39
-44
-43
-37
-34
-32
-34
-35
-33
-27
-22
-17
-15
-10
-7
-5
-3
-3
5
6
6
1
-3
2
8
15
18
11
6
3
6
7
-4
-12
-14
-4
12
18
12
2
-4
-1
4
10
14
13
9
2
-10
-19
-26
-25
-21
-22
-25
-31
-29
-20
-6
3
5
2
0
4
9
13
14
11
7
6
9
11
8
3
-2
-1
2
-3
-10
-18
-25
-25
-23
-21
-16
-9
-5
-7
-14
-18
-21
-14
-2
9
17
16
13
15
15
15
14
14
17
24
30
32
33
40
46
51
47
37
23
14
17
24
31
26
16
6
-4
-12
-14
-12
-6
2
7
4
0
-3
0
1
2
-4
-14
-19
-19
-14
-12
-13
-16
-18
-16
-11
-6
-4
-7
-13
-17
-16
-7
0
-2
-11
-18
-16
-10
-4
0
2
2
2
2
1
-2
-3
-1
1
-2
-12
-23
-29
-25
-18
-16
-20
-23
-24
-24
-24
-22
-20
-13
-7
-6
-8
-14
-17
-10
1
10
15
16
13
10
9
13
24
33
33
29
19
16
20
25
29
28
17
7
1
2
3
3
-1
-4
-1
8
14
11
5
-1
-2
3
11
16
15
12
12
13
12
10
12
14
17
11
-4
-22
-30
-29
-21
-20
-31
-46
-56
-57
-52
-46
-42
-44
-48
-47
-46
-38
-28
-18
-10
-3
3
5
8
14
20
24
34
47
56
61
61
58
56
56
61
68
73
76
67
55
51
56
62
60
51
37
22
20
19
19
16
12
7
-3
-14
-27
-36
-38
-36
-37
-46
-56
-63
-66
-73
-78
-84
-85
-78
-71
-68
-69
-68
-60
-46
-30
-17
-11
-14
-18
-20
-15
-3
9
22
31
33
31
26
23
25
27
28
27
28
28
27
26
25
25
26
22
13
3
-4
-7
-7
-4
-2
-8
-19
-30
-33
-27
-18
-17
-19
-22
-21
-13
-7
-2
-3
-6
-3
5
13
15
17
22
27
26
24
17
13
7
2
-2
-4
4
13
19
19
15
9
7
9
11
13
13
14
10
4
2
-1
-2
4
11
15
14
10
9
15
18
21
23
28
31
33
33
28
21
19
21
23
21
17
13
12
11
7
1
-8
-20
-27
-30
-31
-33
-37
-40
-43
-46
-50
-52
-48
-41
-31
-24
-18
-19
-22
-21
-15
-3
8
10
7
3
-1
-1
0
4
6
5
3
2
0
-1
-4
-6
-9
-11
-12
-14
-14
-12
-16
-21
-24
-27
-22
-14
-8
-5
-7
-12
-15
-9
1
4
4
0
1
10
17
20
20
20
24
29
31
36
34
30
30
29
26
21
18
19
24
26
19
8
0
3
11
18
16
9
-1
-8
-8
-7
-10
-15
-17
-13
-10
-9
-7
-8
-10
-8
-8
-7
-6
-4
0
6
7
8
7
7
9
10
7
2
-2
-4
-6
-6
0
4
9
12
12
10
4
0
-4
-9
-13
-16
-16
-13
-10
-7
-6
-8
-10
-10
-11
-9
-12
-13
-10
-8
-6
-10
-15
-18
-20
-18
-13
-11
-6
0
6
11
13
11
10
13
19
21
18
12
6
5
8
13
17
14
3
-9
-19
-24
-21
-12
-8
-8
-10
-15
-19
-23
-23
-21
-21
-23
-25
-25
-21
-13
-5
3
9
16
20
22
23
27
32
37
38
40
41
40
39
39
39
38
37
40
41
40
35
28
22
18
14
11
6
-1
-9
-13
-14
-13
-14
-19
-25
-30
-32
-35
-36
-34
-26
-21
-24
-29
-36
-39
-42
-45
-46
-46
-46
-45
-43
-40
-36
-30
-25
-22
-20
-15
-12
-10
-13
-17
-21
-22
-14
-6
0
5
5
3
1
4
11
20
29
35
39
38
36
35
36
40
45
49
46
43
39
40
49
56
60
60
50
38
29
27
30
32
30
29
26
20
11
2
-6
-11
-13
-19
-23
-26
-27
-29
-30
-33
-37
-44
-50
-53
-54
-57
-58
-59
-56
-51
-47
-42
-36
-26
-16
-5
4
8
5
1
2
10
18
27
34
38
42
42
39
39
41
43
42
41
41
44
42
43
44
45
45
38
32
26
20
18
15
14
10
0
-14
-25
-29
-28
-29
-33
-37
-39
-43
-46
-49
-53
-54
-55
-53
-47
-43
-41
-41
-42
-41
-35
-28
-22
-23
-26
-29
-34
-35
-32
-27
-19
-11
-6
-6
-11
-15
-19
-19
-13
-11
-7
-7
0
8
17
26
29
29
22
20
23
28
33
36
40
43
43
40
33
26
23
28
34
34
34
34
33
34
39
37
32
22
14
11
12
13
12
5
-1
-1
1
4
8
10
9
4
1
-2
-2
-3
-1
2
1
0
-5
-11
-22
-28
-29
-30
-28
-28
-31
-31
-27
-21
-18
-16
-17
-17
-15
-9
-6
-4
-2
0
6
11
12
14
17
20
23
23
22
21
20
20
25
25
27
24
20
19
15
10
2
-5
-10
-6
-1
6
9
7
1
-4
-2
0
2
0
-4
-5
1
8
13
12
4
-8
-16
-18
-15
-12
-15
-22
-27
-27
-25
-22
-24
-32
-42
-45
-45
-45
-45
-44
-43
-44
-44
-41
-40
-36
-33
-32
-33
-36
-40
-43
-39
-42
-43
-46
-47
-45
-48
-52
-53
-55
-49
-42
-36
-30
-23
-15
-8
0
9
16
21
29
40
51
62
67
72
81
92
100
102
103
99
98
102
108
114
111
104
99
98
97
99
98
96
93
88
83
81
82
81
79
75
70
62
55
51
50
46
40
31
20
9
-2
-11
-18
-26
-34
-46
-61
-69
-74
-80
-84
-91
-95
-97
-100
-100
-97
-95
-93
-87
-81
-73
-66
-65
-67
-70
-67
-62
-58
-57
-55
-52
-53
-56
-52
-45
-41
-35
-34
-32
-33
-33
-30
-29
-27
-24
-25
-24
-25
-26
-24
-20
-13
-6
-4
-9
-15
-20
-21
-24
-25
-25
-29
-28
-29
-34
-37
-38
-35
-30
-24
-17
-14
-10
-7
-4
-2
-1
3
10
21
29
35
40
43
47
52
58
63
69
75
79
85
87
88
87
86
90
92
88
81
72
69
70
71
73
71
71
69
67
68
67
62
58
53
52
51
49
49
49
46
42
34
27
23
21
17
13
8
3
-6
-14
-20
-26
-27
-27
-28
-29
-37
-45
-51
-54
-55
-53
-52
-52
-53
-56
-54
-51
-49
-47
-48
-49
-49
-51
-54
-57
-59
-55
-49
-42
-41
-40
-42
-43
-44
-46
-48
-47
-41
-38
-34
-35
-40
-40
-40
-35
-30
-30
-31
-32
-28
-19
-11
-4
-3
-5
-5
-5
-4
-3
-5
-6
-4
0
5
9
8
2
-2
-2
1
7
15
18
15
15
15
13
13
14
13
14
21
25
29
33
34
32
27
24
24
29
39
48
51
46
41
41
42
46
50
50
46
39
36
35
37
36
35
34
33
34
36
34
30
25
21
18
17
15
13
9
5
5
5
6
2
-7
-13
-14
-17
-15
-13
-13
-17
-19
-21
-22
-20
-25
-30
-33
-34
-30
-26
-26
-26
-28
-28
-25
-21
-20
-21
-20
-21
-19
-17
-16
-15
-15
-13
-11
-10
-9
-8
-10
-12
-14
-14
-12
-12
-13
-14
-12
-9
-6
-4
-3
-1
-1
-3
-6
-6
-1
3
5
5
0
-3
-4
0
7
11
12
7
0
-7
-9
-7
-3
2
3
1
-2
-4
-2
1
1
1
1
2
6
10
11
10
11
10
8
7
9
10
10
13
12
13
16
12
8
4
4
6
8
11
11
11
13
13
11
6
0
-5
-4
-1
6
11
12
9
5
3
1
3
9
13
12
8
2
-4
-4
0
3
6
6
3
-2
-5
-7
-8
-7
-8
-9
-11
-16
-16
-14
-11
-7
-6
-9
-14
-21
-22
-21
-19
-13
-11
-11
-12
-10
-6
-3
-2
-4
-4
-2
0
0
-1
-1
1
4
4
2
0
2
9
16
18
17
14
11
11
14
18
22
22
17
10
3
-1
-2
-2
0
3
4
6
6
3
-2
-6
-9
-12
-13
-11
-8
-3
1
1
-3
-7
-8
-6
-3
4
11
12
11
8
5
3
2
1
1
0
-2
-4
-4
-4
-1
1
0
-5
-11
-15
-16
-15
-16
-17
-19
-19
-13
-6
-2
-1
-8
-17
-23
-24
-21
-12
-3
3
5
4
-2
-8
-12
-10
-6
2
6
8
7
4
3
5
9
15
22
27
29
29
30
29
27
25
20
16
15
20
27
33
36
30
20
9
3
4
8
12
11
4
-3
-11
-16
-14
-10
-6
-7
-10
-10
-9
-6
-2
-4
-8
-12
-17
-19
-17
-11
-7
-5
-8
-9
-11
-11
-15
-18
-20
-20
-20
-20
-17
-12
-10
-9
-10
-15
-19
-19
-17
-10
-4
-2
-2
-3
-5
-6
-6
-7
-7
-9
-7
-5
-4
-5
-6
-6
-5
1
7
8
10
11
13
13
12
11
10
8
7
8
10
13
18
19
16
11
6
1
0
2
7
8
8
6
6
10
15
20
19
15
11
13
16
20
20
15
13
13
13
12
10
7
5
1
0
2
6
8
7
6
0
-9
-19
-27
-28
-21
-11
-3
-1
-4
-9
-13
-14
-10
-7
0
4
6
8
9
9
10
10
9
5
5
2
1
-1
-6
-11
-16
-18
-19
-16
-10
-8
-9
-11
-13
-17
-20
-20
-20
-16
-14
-14
-15
-16
-16
-13
-6
-3
-3
-7
-10
-13
-12
-7
-1
4
7
10
16
21
22
21
18
14
12
12
9
9
9
9
6
3
0
1
5
14
18
19
14
5
-3
-8
-11
-9
-8
-5
-1
5
10
10
6
0
-9
-14
-14
-13
-8
-2
5
10
12
11
8
6
6
8
10
9
8
5
3
3
0
-3
-8
-6
1
7
9
9
2
-7
-15
-20
-20
-19
-17
-12
-7
-3
-4
-8
-11
-14
-14
-16
-17
-19
-19
-15
-9
2
11
16
18
18
16
12
8
7
14
23
30
32
27
19
11
7
8
9
11
7
1
-4
-9
-14
-19
-22
-21
-18
-10
-5
-3
-1
-2
-4
-4
-4
-3
-1
3
5
7
7
9
12
14
15
12
8
-2
-9
-11
-11
-4
1
2
2
-6
-12
-15
-16
-13
-9
-7
-5
-5
-7
-9
-10
-10
-5
0
4
4
4
2
3
5
6
4
2
-3
-8
-11
-7
-1
2
4
4
3
3
2
4
6
7
7
12
15
18
19
18
15
11
6
-3
-10
-13
-15
-15
-14
-12
-12
-10
-11
-12
-14
-16
-14
-10
-3
1
4
3
-1
-3
0
3
8
13
17
18
20
15
11
6
2
0
-1
-1
-2
-4
-4
-1
1
2
2
0
-8
-12
-14
-14
-9
-1
9
13
12
7
2
-1
1
7
12
12
12
8
7
5
3
1
-1
0
4
6
7
6
6
8
13
16
15
13
8
6
8
7
7
5
1
-4
-9
-13
-18
-20
-19
-17
-15
-15
-19
-24
-28
-30
-30
-29
-26
-23
-18
-14
-8
-2
0
2
3
6
9
12
11
7
3
-2
-7
-7
-5
-1
3
4
3
-1
-4
-4
-1
1
4
7
7
7
8
10
12
11
10
11
11
11
11
10
7
4
-1
-3
-6
-5
-3
-2
-1
1
0
0
-1
-2
-2
-1
0
5
13
19
25
28
28
25
21
18
17
16
17
17
16
13
8
2
-1
-5
-4
-5
-6
-8
-14
-22
-27
-31
-31
-27
-21
-15
-9
-4
1
5
7
5
2
-2
-2
-2
-3
-2
-5
-8
-10
-11
-12
-14
-16
-19
-21
-20
-18
-12
-7
-4
-3
-5
-5
-5
-4
-3
-3
-4
-5
-5
-2
3
6
8
7
5
5
5
5
3
-2
-2
0
3
9
13
12
11
6
5
7
12
15
13
9
5
5
5
7
7
4
1
1
4
8
9
7
4
3
1
3
4
3
3
5
7
10
12
12
12
14
14
13
10
6
3
1
2
3
2
-3
-9
-13
-16
-17
-13
-12
-11
-8
-4
2
7
10
10
6
1
-2
-6
-6
-4
-5
-8
-12
-15
-15
-14
-13
-12
-17
-18
-18
-15
-11
-9
-7
-6
-6
-4
-2
-1
0
3
5
8
10
10
9
7
3
2
-1
-2
-3
-3
-4
-5
-6
-8
-7
-5
-3
-4
-6
-7
-4
-2
2
5
6
8
9
10
7
2
-5
-10
-9
-2
5
11
15
15
14
13
13
10
6
4
4
7
11
13
15
15
12
13
13
11
10
8
4
1
-1
1
4
6
6
5
5
5
5
3
1
-4
-7
-8
-7
-2
-1
-1
-2
-3
-5
-4
-4
-2
-1
-1
-3
-3
-2
2
5
3
-3
-12
-19
-21
-20
-19
-21
-23
-26
-28
-28
-26
-22
-16
-10
-6
-4
-2
0
-1
-2
0
1
4
7
9
7
3
-2
-5
-5
-4
-1
1
3
4
6
7
7
5
4
4
5
7
10
11
9
6
3
2
4
6
7
8
9
7
8
10
12
12
9
8
8
8
10
12
11
8
4
4
6
10
14
18
18
16
14
13
12
12
11
10
8
5
5
6
6
3
-4
-9
-11
-10
-9
-10
-13
-17
-18
-20
-22
-23
-24
-21
-18
-17
-16
-15
-17
-19
-20
-22
-23
-19
-13
-8
-2
0
1
-3
-3
-5
-5
-5
-5
-6
-5
-3
-2
-2
-5
-8
-10
-11
-9
-5
1
9
14
15
13
7
2
2
3
10
15
18
19
18
18
14
11
8
7
9
12
14
18
19
18
14
11
10
9
11
15
15
13
10
6
2
-2
-2
0
7
12
14
12
9
7
8
7
6
4
2
1
0
-3
-7
-13
-15
-17
-18
-20
-21
-22
-22
-20
-17
-18
-19
-18
-16
-14
-12
-12
-13
-11
-9
-8
-8
-7
-7
-9
-10
-8
-7
-7
-6
-5
-8
-11
-12
-10
-8
-5
-2
1
5
6
6
5
4
4
6
9
12
17
17
16
13
11
9
6
6
7
7
10
9
9
10
7
5
4
5
11
14
17
17
17
16
12
10
9
7
8
7
6
7
7
9
9
8
7
3
2
3
5
6
6
4
3
0
-2
-3
-4
-6
-9
-13
-21
-26
-32
-33
-30
-25
-22
-20
-17
-13
-9
-4
0
2
2
-3
-8
-12
-15
-15
-14
-13
-11
-10
-9
-8
-7
-7
-7
-4
1
6
14
16
19
19
17
13
10
8
8
10
17
20
20
13
5
-1
-5
-7
-4
-2
0
1
2
1
-1
-4
-9
-12
-13
-11
-9
-8
-10
-13
-16
-16
-11
-5
0
4
8
11
15
18
22
24
26
26
28
28
26
24
19
13
7
2
-3
-5
-8
-15
-19
-20
-18
-12
-4
4
8
5
2
0
-3
-3
-1
4
7
10
11
9
4
0
-7
-15
-19
-21
-18
-15
-12
-11
-11
-12
-13
-12
-9
-8
-7
-7
-6
-2
5
11
14
13
10
6
5
6
3
1
0
-2
-3
-4
-7
-9
-12
-14
-16
-14
-11
-11
-10
-9
-9
-7
-6
-6
-6
-7
-7
-3
2
4
4
4
2
4
9
16
22
25
26
25
22
18
14
10
5
1
-2
-5
-5
-6
-5
-5
-8
-11
-12
-9
-3
2
9
14
20
22
22
20
17
15
14
14
10
5
-7
-17
-22
-22
-19
-15
-9
-6
-4
-4
-3
-3
-3
-3
0
4
6
8
9
10
11
12
12
11
7
4
3
5
6
6
4
1
0
0
-1
-5
-12
-16
-16
-11
-6
-3
0
-2
-6
-9
-11
-14
-17
-17
-16
-13
-9
-6
-4
-1
0
2
3
1
0
-1
-2
-1
-2
-4
-7
-7
-5
-1
1
0
-3
-6
-7
-6
-5
-3
-1
0
0
1
2
4
5
9
13
16
18
17
15
13
10
11
10
8
5
0
-4
-9
-15
-16
-14
-9
-2
2
5
7
10
11
11
7
4
4
7
9
9
8
4
-1
-3
-4
-4
-4
-3
-1
3
8
10
10
11
12
14
15
12
6
-1
-4
-6
-5
-5
-7
-13
-20
-26
-28
-29
-29
-27
-26
-20
-13
-5
-1
1
2
2
1
3
6
13
20
24
22
15
7
2
1
1
1
-1
