-1
-1
-1
1
0
-1
-1
-1
-2
-1
0
0
0
0
1
1
1
1
-1
0
0
0
0
0
0
1
0
0
0
-1
0
0
1
2
1
1
2
2
1
1
1
1
0
0
0
0
0
-1
0
0
0
0
0
0
0
0
2
2
1
1
1
0
1
0
-1
-1
0
0
-1
-1
-1
0
0
1
1
2
0
0
1
0
0
-1
1
0
0
0
0
0
0
0
1
1
0
1
0
-1
0
0
0
0
-1
0
0
0
0
-1
0
-1
0
-1
-2
-2
-1
-1
-2
0
-1
-1
-1
-1
-2
-1
-1
-1
0
0
0
1
1
1
1
0
1
0
0
0
1
1
1
1
1
1
0
1
0
1
0
1
0
0
0
0
0
1
0
0
0
0
0
1
1
0
1
0
0
0
1
0
1
1
0
0
0
0
1
0
0
0
0
1
0
-1
-1
0
-1
-1
0
0
0
0
0
0
-2
-1
0
-1
-1
0
0
0
-1
0
0
-1
0
0
-1
-1
-2
-1
0
0
0
-1
0
-1
0
0
0
0
0
1
0
0
0
-1
-1
-1
0
0
0
1
0
1
1
0
0
2
1
0
1
0
1
1
1
1
2
1
1
0
1
1
1
1
1
1
1
1
0
0
0
0
0
0
0
0
0
0
0
-1
0
-1
-1
-1
-1
-1
-1
0
0
0
0
-1
-1
0
0
-1
-1
-1
0
0
0
0
0
0
0
0
0
-1
-1
0
0
0
0
0
0
0
-1
-1
0
0
0
0
0
1
0
1
1
1
0
0
-1
0
0
1
1
2
1
0
0
0
0
0
0
-1
-1
1
1
0
1
0
0
0
0
0
0
0
1
0
0
-1
0
0
0
0
1
0
0
0
0
0
0
0
0
-1
-1
-1
0
0
0
-1
0
0
0
0
0
1
1
1
1
0
0
0
0
0
0
-1
0
-1
0
0
0
1
0
0
1
0
1
0
0
-1
-1
0
0
0
1
0
0
0
0
0
1
0
0
0
0
0
0
0
0
0
-1
0
-1
0
-1
0
0
0
1
1
0
0
0
-1
0
-1
0
0
0
1
1
1
1
1
0
0
-1
0
0
0
0
-1
1
-1
-1
-1
0
0
0
0
0
-1
0
0
1
0
0
0
1
-1
-1
-1
0
0
0
0
-1
0
0
0
0
1
1
0
0
0
0
0
1
1
1
1
1
-1
-1
-1
0
0
0
0
0
0
0
0
0
1
0
0
-1
0
0
0
0
0
0
1
0
0
1
0
0
1
0
0
-1
0
-1
0
0
0
0
0
1
-1
0
0
0
0
-1
0
1
0
-1
1
1
0
0
-1
0
0
1
0
0
-1
1
0
0
1
0
0
0
0
1
0
1
0
0
1
0
0
1
0
0
1
-1
0
-1
0
2
2
1
0
0
-1
-1
0
0
-1
0
0
0
0
1
0
0
-1
-1
0
0
1
1
0
0
0
0
0
-1
0
0
0
0
-1
0
-1
0
0
1
0
0
-1
0
0
-1
1
0
0
-1
0
-1
0
1
1
1
0
0
-1
-1
0
0
0
-1
0
0
0
0
0
0
1
0
0
0
1
0
0
0
0
0
0
1
1
0
0
0
1
1
0
1
1
0
0
0
0
0
0
-1
-2
-1
-1
0
0
0
1
0
0
1
1
1
1
0
0
-1
0
-1
0
0
0
0
0
0
-1
0
-1
0
1
0
0
-1
0
0
0
0
0
0
-1
-1
0
0
0
0
0
0
0
0
0
0
0
0
0
0
0
0
1
1
1
1
0
0
0
0
0
0
0
0
0
1
1
0
1
1
0
0
1
0
0
0
0
1
1
0
0
0
1
-1
-1
-1
-1
-1
0
0
1
1
0
1
0
1
0
1
0
-1
0
-1
0
0
-1
0
0
0
-1
-1
0
0
0
1
1
0
0
0
-1
0
-1
0
0
-1
0
0
0
0
0
1
0
0
0
0
0
0
0
0
1
1
0
0
0
0
0
-1
0
0
0
1
0
-1
0
0
0
1
0
0
0
-1
0
0
1
0
1
1
1
0
0
0
1
0
0
0
0
0
0
0
0
0
0
0
0
-1
-1
-1
0
0
0
0
0
0
0
0
1
0
0
0
0
0
0
1
0
0
-1
0
1
-1
0
-1
0
-1
0
-1
-1
0
0
0
0
0
0
1
-1
0
0
0
0
0
0
0
-1
1
0
0
0
0
0
0
0
1
1
0
0
0
1
0
0
0
0
0
-1
0
-1
0
0
1
0
0
0
1
0
1
0
-1
-1
-1
0
0
0
0
-1
-1
0
-1
0
0
1
0
0
1
0
0
0
0
0
-1
0
-1
-1
0
-1
0
0
0
1
0
1
0
0
0
0
0
0
-1
-1
-1
0
0
0
1
1
1
1
1
0
0
1
1
0
-1
1
0
-1
-1
-1
-1
-1
0
0
0
-1
0
0
0
0
1
-1
-1
-1
0
0
-1
0
-2
-1
-1
0
0
0
0
0
0
1
1
0
0
1
0
1
0
0
-1
0
-1
-1
-1
-1
0
-1
-1
-1
-1
-1
-2
-1
-1
0
0
-1
-1
0
0
1
1
1
1
2
2
2
2
3
3
3
3
5
4
5
5
5
5
4
4
5
4
4
3
2
1
2
1
0
0
-2
-2
-3
-5
-5
-7
-7
-7
-8
-8
-8
-8
-8
-8
-8
-8
-7
-6
-5
-3
-2
-1
1
2
3
4
4
4
4
3
2
1
0
-1
-3
-4
-6
-6
-6
-7
-7
-7
-7
-8
-7
-8
-8
-6
-7
-6
-5
-5
-5
-3
-2
0
1
2
5
6
7
8
10
10
11
11
10
10
10
8
7
7
7
6
5
6
6
7
8
8
11
12
14
15
17
18
20
21
21
20
20
20
19
18
16
14
11
8
5
1
-3
-9
-14
-19
-25
-31
-38
-45
-50
-56
-63
-68
-74
-77
-80
-81
-80
-76
-72
-66
-59
-51
-42
-33
-22
-12
-2
8
18
29
38
48
57
65
70
75
78
81
83
83
81
74
69
60
48
35
17
-6
-30
-50
-67
-81
-92
-99
-101
-96
-89
-72
-48
-23
1
25
52
78
99
117
133
144
150
153
153
156
157
156
151
145
138
130
121
111
101
86
64
38
13
-9
-31
-52
-69
-83
-90
-92
-86
-73
-58
-41
-22
1
26
47
68
84
99
107
109
101
82
55
21
-17
-67
-126
-195
-267
-332
-386
-429
-461
-486
-499
-498
-480
-447
-404
-359
-316
-270
-220
-169
-114
-63
-19
22
59
100
138
176
212
247
279
309
333
351
361
361
353
336
309
271
224
172
116
61
7
-41
-83
-117
-136
-138
-133
-124
-118
-117
-117
-115
-109
-103
-94
-81
-59
-35
-4
39
92
151
213
281
348
406
452
484
501
504
490
461
419
367
317
267
219
171
127
89
55
30
15
2
-9
-24
-43
-67
-98
-130
-163
-194
-223
-243
-252
-252
-238
-212
-171
-119
-63
-6
47
94
130
160
175
173
155
118
75
28
-19
-58
-99
-139
-202
-294
-405
-513
-604
-684
-761
-832
-899
-958
-1000
-1007
-974
-924
-865
-794
-706
-604
-491
-359
-229
-118
-18
81
175
263
340
415
482
535
577
612
639
655
666
677
679
670
649
624
584
534
469
392
305
211
107
-17
-157
-287
-392
-479
-547
-580
-563
-517
-449
-344
-199
-30
132
283
432
561
657
726
784
827
841
831
807
772
740
710
683
659
645
629
602
568
529
477
397
294
190
86
-25
-139
-241
-321
-392
-442
-464
-456
-428
-372
-285
-170
-45
74
174
257
330
381
404
376
282
121
-85
-316
-572
-842
-1102
-1327
-1511
-1657
-1738
-1743
-1691
-1601
-1481
-1331
-1165
-1005
-849
-699
-566
-458
-369
-292
-237
-194
-135
-49
54
165
291
433
585
738
878
1001
1085
1130
1136
1098
1020
901
754
587
408
231
71
-61
-165
-236
-265
-255
-210
-144
-70
4
72
129
170
196
202
177
102
-34
-173
-269
-322
-347
-336
-260
-136
21
215
441
676
872
1020
1134
1199
1202
1142
1036
900
733
560
394
240
125
60
38
49
88
137
180
218
255
274
246
163
50
-73
-205
-342
-471
-573
-647
-677
-648
-568
-447
-297
-128
52
220
367
471
517
527
509
449
350
232
113
-11
-152
-342
-591
-862
-1098
-1272
-1432
-1595
-1754
-1882
-1961
-1995
-1961
-1872
-1784
-1695
-1592
-1458
-1291
-1112
-917
-727
-563
-395
-201
3
194
375
565
764
948
1114
1264
1389
1488
1571
1632
1655
1626
1563
1483
1384
1267
1132
976
797
617
465
344
235
123
9
-109
-223
-330
-460
-652
-883
-1054
-1123
-1144
-1159
-1130
-1010
-826
-596
-306
41
389
675
936
1211
1435
1559
1603
1604
1571
1488
1376
1241
1090
974
899
840
808
806
791
762
744
741
703
582
411
236
64
-126
-334
-511
-641
-738
-777
-729
-609
-447
-250
-21
214
429
601
697
710
653
505
236
-167
-701
-1298
-1859
-2339
-2743
-3079
-3331
-3465
-3464
-3321
-3058
-2725
-2368
-2015
-1682
-1380
-1108
-892
-757
-684
-643
-603
-536
-429
-283
-87
172
505
898
1303
1685
2043
2374
2638
2807
2872
2811
2625
2352
2037
1684
1302
919
561
249
12
-134
-203
-219
-191
-126
-39
40
89
90
36
-60
-190
-356
-618
-969
-1273
-1440
-1495
-1494
-1434
-1243
-936
-559
-106
392
888
1284
1568
1838
2042
2080
1971
1778
1558
1310
1051
821
605
464
439
463
540
665
767
825
843
859
840
697
448
162
-117
-393
-683
-931
-1088
-1182
-1194
-1083
-881
-625
-331
-17
307
629
927
1148
1257
1291
1261
1143
940
661
312
-130
-655
-1218
-1755
-2232
-2645
-2990
-3258
-3443
-3531
-3517
-3423
-3295
-3145
-2958
-2749
-2534
-2326
-2133
-1937
-1744
-1550
-1328
-1069
-761
-403
-8
423
885
1358
1829
2259
2624
2932
3177
3332
3388
3352
3230
3030
2774
2483
2159
1817
1484
1178
903
670
475
310
169
43
-79
-206
-345
-493
-701
-1033
-1429
-1762
-1985
-2147
-2279
-2310
-2187
-1941
-1586
-1131
-578
22
570
1096
1616
2032
2306
2451
2504
2473
2342
2154
1922
1667
1477
1339
1234
1198
1213
1239
1265
1286
1304
1261
1106
860
571
260
-99
-497
-857
-1156
-1405
-1538
-1529
-1410
-1191
-885
-497
-55
392
790
1075
1242
1312
1255
1049
710
227
-408
-1140
-1902
-2577
-3118
-3576
-3949
-4197
-4277
-4177
-3958
-3634
-3261
-2929
-2605
-2288
-2022
-1819
-1691
-1586
-1483
-1401
-1277
-1087
-843
-539
-168
320
896
1485
2070
2624
3099
3489
3777
3932
3922
3738
3441
3068
2627
2172
1714
1267
888
584
365
232
148
101
86
87
105
90
12
-136
-433
-864
-1294
-1666
-1973
-2242
-2437
-2448
-2290
-2019
-1609
-1084
-447
208
806
1428
1977
2328
2529
2612
2582
2423
2155
1867
1546
1252
1079
952
902
953
1024
1119
1232
1334
1405
1359
1208
997
709
353
-81
-537
-911
-1231
-1472
-1557
-1532
-1390
-1105
-702
-206
311
813
1257
1545
1698
1735
1610
1366
1012
543
-34
-761
-1586
-2370
-3029
-3535
-3931
-4218
-4358
-4374
-4246
-3986
-3698
-3408
-3123
-2852
-2592
-2368
-2184
-2025
-1896
-1776
-1622
-1400
-1087
-705
-255
285
882
1516
2159
2741
3223
3621
3925
4109
4135
4005
3743
3368
2932
2480
2019
1569
1175
851
596
410
284
202
130
60
1
-75
-180
-368
-739
-1232
-1698
-2048
-2325
-2596
-2781
-2751
-2534
-2181
-1695
-1085
-379
275
897
1578
2175
2548
2732
2821
2826
2679
2428
2135
1795
1512
1337
1228
1208
1252
1317
1386
1462
1552
1589
1482
1249
960
635
241
-241
-704
-1077
-1414
-1650
-1692
-1559
-1309
-955
-486
57
594
1042
1357
1543
1628
1593
1386
1027
527
-160
-1014
-1926
-2762
-3429
-3947
-4381
-4712
-4858
-4768
-4503
-4129
-3688
-3272
-2898
-2525
-2171
-1909
-1760
-1664
-1578
-1509
-1423
-1254
-992
-664
-270
235
869
1554
2214
2833
3378
3811
4140
4337
4339
4122
3755
3320
2829
2297
1761
1234
762
382
114
-28
-77
-81
-61
-28
-2
-4
-62
-278
-701
-1194
-1594
-1907
-2246
-2601
-2813
-2788
-2559
-2180
-1671
-1008
-282
422
1165
1913
2507
2835
2988
3079
3032
2808
2482
2091
1705
1408
1200
1069
1015
1046
1139
1270
1449
1625
1668
1546
1320
1057
731
285
-239
-725
-1140
-1477
-1654
-1629
-1453
-1163
-752
-238
284
747
1137
1405
1560
1633
1548
1261
766
39
-886
-1899
-2826
-3580
-4215
-4752
-5141
-5300
-5177
-4857
-4431
-3933
-3416
-2910
-2406
-1927
-1559
-1345
-1237
-1152
-1099
-1066
-983
-825
-598
-275
189
817
1512
2180
2809
3386
3879
4249
4468
4502
4300
3899
3412
2860
2237
1592
985
454
21
-278
-435
-496
-486
-415
-302
-182
-104
-169
-471
-917
-1327
-1664
-2011
-2394
-2699
-2792
-2682
-2390
-1910
-1259
-500
237
999
1835
2551
2997
3230
3348
3330
3130
2786
2350
1875
1471
1191
1006
927
934
991
1118
1319
1546
1689
1655
1472
1216
900
476
-64
-603
-1050
-1422
-1652
-1663
-1507
-1259
-905
-435
93
603
1062
1428
1657
1753
1675
1395
923
222
-714
-1786
-2819
-3662
-4326
-4887
-5329
-5553
-5470
-5127
-4647
-4080
-3499
-2960
-2428
-1900
-1456
-1173
-1033
-973
-968
-998
-979
-852
-641
-345
85
689
1409
2122
2778
3390
3916
4319
4578
4656
4500
4116
3606
3027
2364
1662
984
379
-110
-455
-640
-689
-657
-566
-428
-266
-126
-143
-342
-685
-1142
-1591
-2002
-2396
-2717
-2914
-2914
-2664
-2200
-1529
-767
31
920
1795
2566
3178
3553
3696
3650
3441
3090
2606
2068
1570
1161
896
778
740
799
963
1186
1455
1665
1737
1659
1432
1098
662
127
-440
-991
-1441
-1702
-1759
-1629
-1331
-949
-492
31
549
1019
1380
1619
1734
1684
1438
940
120
-951
-2101
-3147
-3983
-4684
-5294
-5730
-5899
-5747
-5343
-4787
-4128
-3448
-2800
-2182
-1633
-1196
-915
-795
-767
-779
-806
-778
-681
-514
-234
202
823
1550
2262
2947
3588
4151
4591
4835
4836
4599
4165
3606
2967
2255
1505
766
106
-410
-762
-934
-958
-896
-761
-560
-336
-178
-184
-424
-822
-1250
-1656
-2043
-2422
-2731
-2863
-2774
-2456
-1938
-1284
-500
346
1223
2135
2935
3488
3791
3900
3839
3590
3170
2644
2061
1524
1127
868
748
755
844
1032
1291
1552
1740
1762
1622
1366
1020
578
35
-533
-1012
-1370
-1577
-1585
-1444
-1213
-882
-446
62
571
1014
1364
1562
1596
1464
1091
410
-572
-1740
-2868
-3810
-4626
-5358
-5937
-6264
-6244
-5917
-5379
-4715
-4018
-3304
-2602
-1952
-1388
-987
-768
-667
-650
-668
-648
-581
-471
-293
36
580
1279
2017
2731
3398
4016
4544
4904
5045
4942
4602
4088
3450
2717
1926
1124
383
-234
-695
-968
-1079
-1082
-997
-831
-606
-467
-489
-640
-898
-1220
-1593
-1975
-2291
-2528
-2655
-2587
-2293
-1780
-1153
-450
388
1269
2096
2822
3398
3785
3967
3951
3761
3401
2920
2395
1864
1431
1149
984
920
946
1068
1279
1479
1592
1605
1496
1258
891
439
-35
-521
-961
-1250
-1384
-1407
-1317
-1126
-819
-412
46
516
933
1248
1420
1394
1161
654
-208
-1328
-2458
-3451
-4329
-5169
-5920
-6423
-6594
-6425
-6011
-5433
-4755
-4030
-3258
-2464
-1739
-1161
-753
-505
-407
-406
-407
-354
-268
-150
85
503
1107
1785
2460
3145
3822
4437
4923
5202
5226
4997
4579
4026
3331
2508
1630
774
12
-598
-1026
-1267
-1364
-1355
-1228
-998
-765
-696
-818
-1026
-1282
-1575
-1901
-2226
-2489
-2635
-2617
-2393
-1943
-1323
-633
126
1039
1984
2791
3433
3899
4152
4203
4068
3750
3277
2735
2216
1764
1438
1254
1141
1094
1156
1313
1520
1668
1696
1622
1440
1116
671
156
-358
-839
-1224
-1395
-1380
-1262
-1044
-742
-379
43
477
862
1134
1268
1247
990
436
-438
-1554
-2717
-3760
-4695
-5575
-6341
-6854
-7001
-6804
-6368
-5757
-5040
-4261
-3464
-2685
-1948
-1338
-900
-611
-450
-379
-330
-260
-162
-22
240
700
1333
2044
2759
3451
4128
4751
5194
5413
5391
5124
4660
4049
3330
2519
1646
790
14
-636
-1101
-1370
-1497
-1527
-1470
-1357
-1235
-1187
-1219
-1341
-1587
-1860
-2073
-2208
-2287
-2308
-2219
-1899
-1389
-779
-87
679
1521
2317
3048
3699
4131
4300
4286
4124
3813
3394
2902
2402
1973
1672
1501
1379
1318
1333
1381
1449
1482
1435
1281
988
600
208
-161
-510
-813
-1001
-1044
-999
-886
-674
-414
-117
238
604
910
1073
1056
823
292
-569
-1641
-2759
-3773
-4697
-5612
-6450
-7063
-7323
-7210
-6866
-6359
-5676
-4874
-4001
-3133
-2330
-1643
-1117
-723
-423
-239
-124
-8
119
280
542
970
1565
2214
2840
3483
4138
4754
5221
5464
5479
5264
4849
4285
3586
2751
1851
957
138
-555
-1091
-1426
-1621
-1757
-1842
-1830
-1750
-1715
-1799
-1963
-2081
-2139
-2172
-2209
-2205
-2083
-1823
-1440
-902
-230
478
1205
1940
2675
3327
3794
4051
4153
4150
4034
3774
3406
3013
2646
2326
2096
1945
1838
1748
1659
1608
1567
1465
1234
891
523
180
-139
-425
-634
-759
-808
-797
-717
-551
-332
-84
196
488
737
852
767
463
-149
-1099
-2230
-3313
-4245
-5115
-5992
-6755
-7208
-7297
-7100
-6704
-6160
-5480
-4705
-3853
-2969
-2172
-1521
-1015
-632
-365
-202
-64
104
285
493
812
1312
1938
2572
3162
3763
4367
4896
5271
5414
5326
5037
4587
4005
3267
2399
1489
612
-167
-796
-1250
-1523
-1654
-1675
-1632
-1582
-1546
-1558
-1658
-1820
-2005
-2178
-2303
-2386
-2398
-2307
-2053
-1622
-1081
-413
356
1173
1993
2762
3410
3873
4141
4230
4167
3960
3638
3225
2775
2367
2034
1798
1653
1581
1578
1625
1689
1725
1702
1594
1377
1056
681
288
-141
-509
-740
-850
-847
-756
-588
-352
-80
209
509
791
976
947
647
59
-850
-1992
-3148
-4195
-5160
-6085
-6905
-7441
-7591
-7410
-7001
-6436
-5732
-4913
-4026
-3096
-2219
-1488
-923
-493
-194
-11
106
214
341
506
788
1246
1841
2491
3123
3751
4404
4999
5426
5622
5568
5288
4816
4189
3429
2535
1569
624
-228
-921
-1426
-1747
-1895
-1936
-1920
-1821
-1666
-1548
-1577
-1723
-1880
-2056
-2218
-2337
-2408
-2378
-2190
-1860
-1351
-676
85
880
1719
2604
3370
3931
4314
4495
4456
4266
3938
3460
2948
2478
2073
1763
1564
1480
1438
1454
1559
1675
1750
1701
1491
1198
869
484
87
-254
-526
-714
-766
-687
-553
-389
-151
127
389
631
788
721
372
-284
-1236
-2327
-3398
-4405
-5383
-6334
-7114
-7582
-7671
-7443
-7001
-6380
-5597
-4706
-3774
-2829
-1979
-1289
-718
-278
26
234
388
505
586
734
1033
1468
2005
2581
3166
3784
4437
4996
5367
5507
5394
5072
4594
3979
3209
2306
1354
428
-405
-1077
-1575
-1911
-2088
-2174
-2230
-2211
-2101
-2027
-2053
-2138
-2207
-2213
-2178
-2122
-2031
-1809
-1434
-987
-468
216
964
1644
2340
3031
3594
3965
4169
4227
4129
3925
3625
3226
2810
2468
2170
1921
1762
1658
1603
1566
1529
1517
1482
1325
1017
676
361
45
-249
-433
-499
-510
-439
-268
-63
155
390
582
688
714
597
215
-510
-1534
-2675
-3776
-4760
-5641
-6476
-7191
-7635
-7697
-7420
-6962
-6395
-5658
-4776
-3868
-2968
-2110
-1391
-865
-480
-164
63
229
396
574
795
1143
1660
2282
2896
3461
4043
4652
5181
5516
5603
5455
5108
4588
3932
3157
2272
1333
409
-415
-1074
-1548
-1859
-2092
-2272
-2346
-2268
-2146
-2106
-2169
-2236
-2250
-2266
-2270
-2243
-2124
-1889
-1547
-1057
-407
311
982
1673
2430
3170
3733
4090
4308
4362
4286
4096
3769
3334
2884
2474
2120
1874
1738
1650
1564
1518
1546
1561
1464
1232
949
658
349
27
-223
-347
-394
-339
-191
-25
125
276
427
567
657
651
450
-86
-955
-2055
-3212
-4248
-5155
-6059
-6955
-7674
-7990
-7876
-7518
-7043
-6418
-5626
-4724
-3783
-2838
-1960
-1270
-748
-313
31
276
472
665
856
1097
1494
2073
2694
3242
3772
4354
4950
5425
5669
5679
5464
5051
4496
3804
2964
2004
1012
96
-696
-1317
-1754
-2037
-2224
-2371
-2455
-2435
-2330
-2288
-2333
-2397
-2411
-2379
-2313
-2230
-2090
-1782
-1340
-806
-151
639
1418
2122
2873
3610
4162
4470
4606
4586
4415
4153
3786
3340
2897
2518
2192
1932
1783
1696
1645
1625
1633
1628
1543
1316
978
650
364
83
-162
-274
-292
-280
-198
-41
113
278
495
683
738
617
259
-437
-1468
-2666
-3834
-4897
-5874
-6824
-7700
-8304
-8483
-8277
-7828
-7245
-6511
-5604
-4607
-3602
-2635
-1766
-1079
-561
-160
157
386
562
752
946
1222
1687
2300
2929
3510
4101
4723
5299
5713
5898
5826
5513
5015
4349
3537
2607
1596
594
-319
-1079
-1662
-2049
-2346
-2608
-2717
-2635
-2491
-2412
-2390
-2377
-2303
-2174
-2046
-1958
-1803
-1540
-1236
-788
-128
577
1187
1845
2593
3283
3839
4256
4497
4555
4516
4381
4073
3666
3259
2852
2478
2172
1939
1765
1617
1496
1469
1496
1416
1171
909
671
381
139
14
-74
-170
-151
-11
136
268
419
562
661
733
664
331
-317
-1288
-2481
-3687
-4788
-5797
-6753
-7630
-8281
-8547
-8399
-7988
-7466
-6789
-5938
-4992
-3995
-2986
-2097
-1411
-864
-408
-46
235
461
667
883
1196
1672
2283
2932
3525
4086
4697
5299
5736
5927
5872
5571
5070
4443
3691
2795
1784
787
-121
-886
-1493
-1923
-2219
-2506
-2698
-2686
-2500
-2375
-2414
-2497
-2507
-2424
-2297
-2162
-2028
-1743
-1337
-860
-240
514
1237
1880
2611
3390
4023
4401
4582
4593
4485
4345
4086
3677
3233
2836
2472
2183
1996
1857
1723
1603
1560
1592
1586
1410
1073
770
522
219
-75
-262
-335
-305
-127
131
336
488
626
728
751
710
447
-186
-1171
-2366
-3580
-4706
-5728
-6711
-7640
-8350
-8654
-8519
-8076
-7510
-6849
-6002
-5023
-4028
-3056
-2152
-1434
-914
-483
-88
217
431
618
815
1093
1542
2156
2821
3453
4057
4680
5296
5772
5988
5919
5628
5156
4523
3759
2860
1849
815
-145
-951
-1574
-2012
-2310
-2597
-2812
-2837
-2735
-2616
-2556
-2579
-2589
-2484
-2313
-2131
-1919
-1582
-1145
-656
18
779
1473
2141
2861
3550
4111
4527
4715
4703
4575
4402
4118
3714
3311
2901
2536
2277
2095
1956
1831
1685
1557
1532
1502
1326
1020
737
495
218
31
-82
-187
-204
-95
76
263
474
656
718
611
402
-50
-847
-1892
-3094
-4291
-5372
-6362
-7275
-8033
-8559
-8699
-8443
-7949
-7291
-6504
-5565
-4534
-3545
-2580
-1712
-1083
-613
-229
67
324
563
781
1011
1326
1821
2452
3096
3734
4336
4902
5440
5813
5937
5800
5425
4863
4140
3286
2336
1314
303
-607
-1359
-1893
-2349
-2770
-3042
-3104
-3013
-2887
-2763
-2628
-2479
-2310
-2071
-1839
-1545
-1184
-867
-468
119
779
1376
1965
2626
3313
3876
4299
4606
4692
4666
4579
4360
4071
3728
3331
2939
2588
2317
2097
1850
1613
1440
1337
1254
1054
804
609
394
176
53
21
8
52
210
432
585
664
692
581
321
-113
-815
-1783
-2898
-4028
-5085
-6091
-7006
-7729
-8236
-8468
-8380
-7979
-7364
-6646
-5818
-4864
-3916
-3034
-2174
-1419
-866
-458
-91
256
521
749
1041
1389
1809
2360
2989
3618
4206
4743
5218
5561
5708
5643
5359
4858
4181
3371
2488
1540
571
-323
-1075
-1672
-2077
-2338
-2675
-3028
-3215
-3202
-3103
-3008
-2939
-2842
-2609
-2242
-1826
-1411
-867
-270
290
955
1738
2409
2892
3354
3781
4097
4261
4286
4180
3973
3794
3600
3336
3054
2766
2514
2334
2209
2118
2024
1841
1574
1360
1174
887
482
146
-46
-207
-287
-195
-17
167
408
683
888
1027
1109
1004
607
-110
-1054
-2175
-3397
-4627
-5790
-6830
-7694
-8281
-8558
-8528
-8228
-7632
-6796
-5881
-4919
-3888
-2888
-2047
-1358
-769
-332
-58
149
337
499
696
1021
1452
1965
2561
3226
3918
4568
5132
5571
5827
5859
5642
5178
4511
3669
2697
1666
640
-324
-1131
-1806
-2432
-2942
-3244
-3315
-3255
-3170
-3060
-2889
-2622
-2300
-2012
-1768
-1452
-1093
-725
-259
297
855
1349
1865
2447
3015
3480
3837
4083
4210
4291
4258
4097
3842
3518
3205
2883
2589
2338
2087
1810
1538
1345
1236
1091
855
649
490
329
193
114
120
194
337
555
738
858
953
968
834
536
5
-824
-1922
-3129
-4240
-5261
-6226
-7093
-7783
-8188
-8256
-8014
-7501
-6820
-6058
-5175
-4220
-3284
-2423
-1663
-1034
-571
-241
64
346
558
752
1002
1363
1876
2477
3093
3706
4287
4846
5317
5602
5655
5457
5047
4472
3744
2907
1990
1012
48
-815
-1519
-2006
-2322
-2674
-3037
-3185
-3089
-2959
-2878
-2850
-2794
-2583
-2260
-1920
-1610
-1157
-616
-149
418
1189
1879
2349
2867
3436
3881
4150
4233
4146
3954
3778
3556
3226
2883
2583
2302
2095
1991
1898
1815
1692
1474
1331
1273
1099
749
457
299
80
-130
-141
-40
70
293
612
874
1036
1100
1027
730
183
-639
-1731
-2916
-4074
-5202
-6249
-7154
-7854
-8225
-8245
-8013
-7504
-6729
-5828
-4892
-3908
-2891
-2005
-1271
-616
-138
125
312
501
646
779
1005
1368
1861
2419
3022
3668
4321
4918
5367
5655
5736
5543
5116
4507
3712
2761
1741
716
-263
-1129
-1831
-2420
-2918
-3246
-3378
-3358
-3244
-3078
-2850
-2622
-2392
-2141
-1900
-1605
-1264
-959
-610
-101
473
1010
1543
2150
2739
3174
3550
3866
4014
4068
4071
3950
3711
3405
3061
2685
2309
2023
1814
1590
1402
1257
1164
1085
918
758
675
562
430
392
380
356
354
477
679
795
876
944
871
645
294
-323
-1252
-2414
-3593
-4617
-5541
-6384
-7097
-7612
-7835
-7724
-7333
-6751
-6079
-5295
-4353
-3411
-2564
-1761
-1058
-552
-205
99
409
654
863
1108
1389
1759
2283
2886
3466
4000
4508
4991
5340
5455
5341
5025
4522
3850
3050
2182
1238
270
-608
-1345
-1912
-2291
-2473
-2704
-3063
-3249
-3174
-3095
-3112
-3106
-3048
-2847
-2503
-2086
-1686
-1170
-458
174
797
1657
2467
2917
3323
3844
4184
4239
4142
3951
3633
3327
3103
2799
2484
2276
2098
1954
1905
1873
1826
1751
1563
1383
1295
1112
679
258
71
-125
-380
-380
-164
12
243
655
1032
1213
1261
1164
729
-66
-1058
-2197
-3410
-4633
-5823
-6872
-7668
-8176
-8295
-8069
-7633
-6973
-6044
-4977
-3977
-3007
-2022
-1208
-644
-162
221
351
366
445
541
662
932
1402
1963
2559
3241
3982
4672
5212
5558
5698
5623
5276
4704
3978
3060
2003
932
-78
-998
-1757
-2276
-2583
-2714
-2868
-3032
-3011
-2788
-2552
-2387
-2288
-2263
-2147
-1939
-1700
-1506
-1158
-660
-214
348
1149
1922
2475
3095
3708
4145
4412
4505
4399
4137
3909
3616
3162
2712
2335
1968
1690
1580
1496
1437
1384
1253
1185
1176
1100
869
632
502
324
125
88
123
122
293
552
731
889
975
895
553
-77
-933
-1985
-3123
-4208
-5300
-6335
-7143
-7728
-8037
-8033
-7836
-7375
-6601
-5719
-4797
-3847
-2914
-2074
-1414
-830
-352
-70
186
454
639
842
1151
1537
2008
2528
3105
3754
4367
4904
5279
5453
5459
5220
4748
4120
3303
2369
1440
513
-366
-1127
-1774
-2283
-2660
-2874
-2902
-2845
-2699
-2556
-2511
-2411
-2234
-2066
-1883
-1683
-1464
-1136
-686
-145
404
973
1629
2248
2829
3431
3890
4133
4269
4305
4229
4036
3710
3313
2900
2547
2267
1979
1737
1556
1389
1301
1280
1217
1144
1031
854
677
512
370
240
142
124
185
258
424
619
744
850
881
797
520
-71
-964
-2009
-3132
-4225
-5255
-6247
-7108
-7775
-8120
-8103
-7856
-7390
-6718
-5952
-5093
-4135
-3198
-2362
-1661
-1092
-611
-247
67
361
574
810
1151
1606
2160
2729
3291
3885
4457
4964
5368
5574
5548
5291
4815
4203
3424
2518
1589
638
-264
-1023
-1631
-2075
-2374
-2471
-2535
-2757
-2883
-2769
-2670
-2695
-2679
-2642
-2484
-2162
-1754
-1365
-868
-59
691
1289
2102
3001
3526
3899
4392
4705
4709
4549
4321
3969
3552
3229
2830
2403
2170
2014
1884
1846
1807
1745
1701
1519
1271
1115
965
591
121
-58
-130
-384
-494
-317
-175
4
392
791
1025
1150
1233
1041
390
-546
-1671
-2961
-4240
-5482
-6656
-7608
-8336
-8755
-8744
-8463
-7950
-7118
-6087
-5075
-4107
-3062
-2071
-1396
-899
-420
-155
-37
152
318
449
694
1143
1745
2384
3085
3868
4610
5254
5755
6035
6102
5874
5331
4628
3762
2718
1621
540
-482
-1361
-2009
-2456
-2782
-2969
-2943
-2797
-2578
-2288
-2129
-2080
-1967
-1804
-1663
-1529
-1397
-1235
-951
-470
130
710
1389
2173
2894
3568
4203
4649
4823
4819
4708
4482
4110
3614
3070
2532
2094
1741
1452
1270
1136
1036
1044
1104
1098
1066
1003
860
681
538
428
257
99
72
130
231
393
595
765
936
1012
891
522
-182
-1134
-2225
-3415
-4650
-5828
-6868
-7737
-8424
-8762
-8697
-8416
-7922
-7169
-6264
-5287
-4230
-3189
-2287
-1574
-994
-497
-124
155
399
624
913
1294
1776
2381
3025
3656
4325
4978
5519
5910
6084
5984
5597
5012
4294
3404
2376
1336
310
-636
-1434
-2038
-2440
-2763
-2986
-3033
-2906
-2702
-2481
-2360
-2377
-2338
-2176
-1961
-1810
-1596
-1278
-890
-330
394
1142
1827
2591
3341
3979
4549
4938
5009
4851
4677
4410
3983
3469
2897
2338
1895
1612
1385
1217
1129
1056
1060
1158
1207
1088
915
728
508
340
235
116
-2
39
187
337
529
800
1013
1120
1174
1095
729
24
-958
-2114
-3307
-4516
-5733
-6847
-7756
-8435
-8770
-8684
-8307
-7741
-6978
-6044
-5088
-4126
-3160
-2325
-1655
-1089
-617
-278
-3
256
479
740
1141
1712
2395
3107
3831
4533
5190
5727
6064
6182
6042
5617
4982
4227
3328
2300
1235
193
-758
-1532
-2057
-2391
-2595
-2643
-2655
-2704
-2688
-2636
-2623
-2630
-2616
-2582
-2477
-2256
-1936
-1547
-990
-229
523
1300
2184
2985
3631
4213
4683
4913
4910
4741
4420
3950
3468
3021
2534
2118
1799
1533
1388
1332
1300
1305
1326
1275
1163
1017
791
441
92
-109
-301
-462
-441
-296
-97
203
578
932
1246
1543
1760
1749
1474
876
-77
-1276
-2603
-3964
-5258
-6449
-7504
-8276
-8674
-8716
-8449
-7882
-7066
-6148
-5169
-4140
-3205
-2430
-1769
-1280
-956
-733
-558
-372
-141
175
624
1228
1982
2811
3646
4487
5270
5900
6341
6532
6417
6010
5368
4533
3538
2455
1353
299
-632
-1345
-1850
-2176
-2332
-2435
-2489
-2419
-2260
-2109
-2118
-2275
-2433
-2506
-2477
-2409
-2333
-2083
-1597
-978
-223
653
1576
2442
3224
3964
4603
4969
5036
4875
4541
4121
3611
3015
2419
1874
1488
1265
1117
1061
1091
1149
1189
1225
1272
1233
978
644
362
74
-215
-452
-579
-561
-396
-98
299
705
1080
1417
1663
1785
1706
1347
647
-385
-1649
-2976
-4247
-5464
-6599
-7555
-8198
-8425
-8239
-7785
-7159
-6373
-5459
-4498
-3584
-2753
-2059
-1568
-1241
-1008
-823
-648
-448
-189
175
720
1436
2297
3192
4038
4823
5526
6084
6385
6373
6057
5484
4706
3795
2796
1749
731
-199
-971
-1499
-1800
-1980
-2107
-2167
-2111
-1988
-1877
-1836
-1937
-2160
-2347
-2449
-2490
-2454
-2314
-2038
-1562
-824
94
998
1851
2732
3543
4186
4669
4893
4809
4513
4114
3635
3060
2450
1878
1382
1062
930
893
921
989
1073
1169
1223
1156
960
693
372
10
-298
-510
-701
-809
-712
-452
-103
339
836
1275
1632
1906
2046
1976
1676
1118
247
-874
-2126
-3363
-4488
-5497
-6396
-7065
-7417
-7450
-7199
-6738
-6143
-5461
-4712
-3959
-3324
-2810
-2375
-2068
-1859
-1647
-1406
-1144
-791
-322
283
1043
1935
2882
3765
4541
5192
5689
5972
5973
5695
5200
4526
3720
2850
1971
1126
365
-246
-690
-976
-1124
-1241
-1418
-1579
-1645
-1713
-1887
-2180
-2506
-2752
-2863
-2845
-2748
-2532
-2105
-1494
-739
175
1146
2011
2763
3438
4006
4353
4423
4263
3925
3510
3083
2634
2186
1802
1521
1370
1332
1350
1384
1390
1343
1259
1142
935
561
94
-319
-656
-947
-1147
-1211
-1138
-904
-506
27
603
1148
1618
1960
2168
2241
2153
1874
1374
694
-95
-1020
-2068
-3103
-3985
-4711
-5315
-5771
-6021
-6079
-5968
-5701
-5372
-5041
-4693
-4355
-4061
-3806
-3557
-3264
-2937
-2567
-2120
-1577
-908
-144
666
1516
2389
3222
3975
4576
4970
5176
5203
5044
4715
4254
3721
3144
2553
2007
1522
1096
726
404
139
-72
-294
-615
-1058
-1545
-1993
-2420
-2859
-3251
-3512
-3575
-3394
-3017
-2496
-1809
-951
-32
874
1789
2613
3189
3539
3778
3868
3736
3465
3139
2785
2483
2291
2155
2062
2051
2090
2122
2132
2080
1919
1626
1208
720
218
-303
-868
-1386
-1702
-1838
-1857
-1677
-1287
-804
-255
370
981
1470
1820
2032
2062
1911
1651
1292
853
421
16
-360
-737
-1204
-1747
-2287
-2811
-3295
-3722
-4166
-4663
-5131
-5445
-5618
-5747
-5765
-5615
-5397
-5070
-4573
-3936
-3231
-2512
-1772
-1031
-307
401
1075
1652
2117
2504
2865
3210
3475
3664
3823
3895
3890
3841
3714
3484
3165
2804
2383
1887
1338
769
174
-432
-988
-1490
-2019
-2576
-2959
-3110
-3114
-2970
-2709
-2320
-1841
-1232
-504
145
796
1484
2019
2414
2830
3178
3318
3339
3339
3314
3182
3035
2909
2722
2587
2445
2217
1969
1676
1299
908
516
79
-344
-729
-1084
-1366
-1488
-1459
-1455
-1350
-1028
-693
-358
69
535
922
1256
1563
1781
1880
1879
1807
1623
1417
1174
879
628
363
146
-2
-163
-391
-675
-1110
-1837
-2762
-3663
-4477
-5292
-6019
-6571
-6964
-7110
-6948
-6552
-5923
-5122
-4238
-3336
-2442
-1572
-779
-100
454
885
1229
1553
1812
2052
2358
2691
3013
3336
3597
3752
3822
3791
3610
3256
2775
2169
1437
659
-77
-794
-1465
-2039
-2502
-2811
-2906
-2796
-2572
-2223
-1828
-1350
-830
-304
257
727
1168
1598
1991
2364
2701
3003
3259
3485
3665
3780
3803
3726
3595
3369
3088
2746
2294
1806
1270
717
205
-252
-648
-978
-1203
-1326
-1365
-1338
-1226
-1075
-919
-690
-454
-240
-14
217
467
711
947
1183
1405
1602
1753
1839
1825
1725
1537
1259
937
528
103
-309
-731
-1111
-1476
-1781
-2070
-2318
-2512
-2671
-2853
-3166
-3628
-4204
-4747
-5146
-5413
-5568
-5582
-5434
-5060
-4515
-3811
-2965
-2062
-1232
-527
99
618
1010
1256
1426
1540
1596
1646
1707
1778
1900
2065
2246
2374
2399
2331
2147
1839
1425
956
426
-155
-695
-1106
-1368
-1500
-1488
-1317
-1042
-677
-234
209
617
969
1283
1533
1731
1885
1991
2084
2171
2292
2454
2623
2770
2901
3027
3086
3025
2879
2621
2233
1787
1321
854
409
21
-296
-518
-621
-618
-541
-415
-249
-85
49
139
172
171
146
96
52
55
105
196
348
561
762
890
963
938
823
617
326
-48
-478
-887
-1295
-1641
-1922
-2122
-2230
-2276
-2266
-2207
-2138
-2101
-2074
-2061
-2049
-2090
-2132
-2206
-2378
-2644
-2882
-3041
-3085
-2978
-2797
-2533
-2248
-1899
-1538
-1174
-799
-464
-241
-123
-28
33
67
99
148
233
345
472
652
829
1006
1158
1268
1331
1306
1227
1109
953
779
618
490
395
381
444
566
723
893
1086
1245
1376
1485
1561
1597
1596
1608
1632
1655
1688
1750
1823
1875
1944
2035
2089
2104
2067
1985
1834
1610
1359
1091
850
661
529
442
379
342
322
314
291
262
221
131
25
-77
-154
-227
-281
-287
-270
-249
-206
-156
-132
-119
-131
-164
-250
-406
-612
-858
-1111
-1339
-1527
-1679
-1751
-1781
-1759
-1734
-1713
-1681
-1677
-1672
-1696
-1709
-1715
-1714
-1714
-1690
-1650
-1591
-1521
-1431
-1284
-1142
-1017
-947
-940
-969
-1031
-1102
-1159
-1189
-1172
-1107
-1004
-858
-700
-534
-382
-260
-144
-36
40
81
112
135
164
183
236
336
465
648
854
1067
1284
1459
1584
1661
1685
1665
1608
1524
1438
1374
1321
1292
1294
1316
1371
1423
1475
1530
1567
1585
1556
1494
1401
1288
1171
1067
996
933
899
896
910
947
980
986
957
894
814
712
597
479
360
241
137
59
2
-48
-94
-130
-148
-182
-225
-274
-358
-461
-576
-683
-776
-855
-894
-922
-934
-941
-945
-954
-982
-1010
-1056
-1114
-1194
-1284
-1370
-1443
-1494
-1501
-1496
-1472
-1442
-1403
-1344
-1287
-1206
-1134
-1062
-1013
-979
-943
-919
-901
-880
-842
-803
-753
-685
-601
-502
-389
-244
-117
-12
85
142
165
152
122
81
30
-1
-25
-16
20
67
131
204
284
347
411
457
484
525
563
601
655
720
787
837
909
984
1050
1126
1188
1227
1228
1208
1173
1137
1127
1121
1126
1139
1148
1142
1115
1068
1001
930
858
773
684
606
528
454
401
367
335
317
309
306
306
300
286
249
193
118
36
-38
-102
-153
-194
-226
-259
-287
-307
-326
-342
-367
-398
-439
-488
-538
-588
-628
-660
-682
-688
-704
-715
-718
-713
-698
-703
-701
-710
-728
-728
-731
-737
-746
-754
-743
-731
-726
-716
-706
-701
-705
-696
-709
-705
-704
-693
-671
-680
-641
-610
-564
-487
-383
-274
-193
-132
-85
-50
-36
-31
-21
-7
3
36
83
150
199
259
330
367
401
430
451
440
429
419
397
378
372
387
412
447
492
538
582
616
645
672
676
652
620
600
570
555
567
566
572
572
578
583
572
566
537
500
463
411
365
317
278
260
256
249
235
236
232
220
208
190
171
131
93
60
17
-15
-41
-51
-50
-52
-48
-53
-63
-77
-90
-101
-126
-167
-218
-269
-320
-353
-370
-378
-383
-388
-387
-388
-391
-389
-385
-395
-406
-422
-428
-428
-444
-447
-459
-468
-475
-487
-476
-460
-439
-403
-367
-335
-312
-299
-298
-308
-319
-330
-323
-305
-271
-231
-208
-184
-172
-163
-154
-142
-112
-74
-36
-4
16
33
49
71
110
143
168
184
189
188
174
173
177
177
187
199
226
251
276
299
303
296
282
257
224
188
174
178
196
209
219
227
230
243
249
256
260
253
239
210
176
144
120
114
120
141
179
222
265
304
328
319
278
227
174
126
95
77
70
67
79
99
118
129
130
129
127
117
97
61
13
-51
-122
-183
-232
-252
-249
-219
-176
-132
-95
-79
-83
-112
-150
-190
-221
-237
-242
-238
-228
-215
-186
-159
-135
-122
-113
-105
-110
-117
-128
-145
-160
-173
-182
-178
-168
-145
-117
-82
-59
-46
-51
-79
-104
-128
-143
-157
-159
-139
-113
-77
-42
-17
0
-4
-10
-19
-32
-52
-79
-89
-90
-79
-63
-51
-33
-14
16
42
68
92
100
93
75
44
8
-21
-25
-9
21
66
105
143
174
197
193
167
138
101
77
64
63
72
86
101
123
138
151
159
162
161
144
118
85
53
29
18
16
21
39
73
114
137
137
118
85
46
5
-29
-54
-72
-74
-50
-11
32
68
92
101
92
76
49
19
-5
-20
-28
-22
-13
-1
8
14
20
21
26
27
25
19
2
-24
-49
-64
-73
-72
-67
-63
-64
-70
-71
-76
-80
-74
-72
-69
-73
-77
-81
-87
-91
-93
-93
-97
-103
-108
-109
-103
-93
-80
-73
-71
-69
-72
-79
-81
-76
-70
-63
-58
-49
-46
-46
-42
-34
-22
-17
-16
-19
-28
-29
-10
24
56
80
90
86
66
42
24
14
11
20
36
53
61
65
67
63
58
52
47
34
25
18
14
11
9
8
12
21
35
50
58
61
57
49
29
1
-25
-41
-41
-29
-4
27
53
70
80
85
81
68
53
37
25
14
8
3
3
10
22
36
43
48
48
40
25
11
-2
-11
-12
-4
5
17
25
29
28
25
26
24
16
2
-13
-27
-37
-42
-40
-36
-29
-26
-21
-17
-12
-11
-16
-26
-38
-51
-59
-63
-61
-51
-35
-18
-5
8
15
18
20
16
9
-2
-11
-17
-24
-28
-31
-31
-28
-19
-9
-7
-5
-8
-12
-19
-30
-40
-45
-48
-46
-40
-35
-33
-32
-31
-32
-34
-37
-38
-33
-24
-17
-10
-3
1
-1
-4
-5
-2
6
20
37
48
50
43
34
25
20
24
31
39
44
48
50
47
40
29
13
-4
-23
-41
-50
-47
-33
-11
10
32
52
66
76
79
73
57
32
2
-23
-39
-45
-40
-27
-9
13
36
53
58
49
29
2
-23
-41
-53
-61
-67
-65
-51
-34
-13
8
21
29
25
13
-2
-15
-24
-29
-30
-28
-25
-20
-10
10
34
50
55
46
35
24
13
3
-6
-14
-19
-18
-15
-8
3
11
18
20
19
16
9
5
4
2
-5
-13
-15
-14
-6
-1
4
9
9
8
5
3
-2
-6
-14
-24
-26
-22
-6
15
34
46
45
35
24
13
4
1
-1
-3
-5
-7
-10
-5
-2
-4
-8
-11
-10
-2
5
6
0
-8
-12
-14
-10
-1
9
13
12
7
-3
-17
-27
-30
-35
-41
-48
-51
-48
-40
-30
-20
-15
-12
-5
0
1
-3
-11
-24
-35
-41
-37
-31
-21
-4
10
17
19
14
7
4
7
12
15
18
20
23
28
34
38
44
46
47
46
43
33
20
9
1
-10
-15
-15
-7
2
9
17
19
16
13
9
-1
-10
-13
-12
-7
-2
1
4
6
11
17
20
21
21
20
17
14
11
8
4
-2
-6
-9
-8
-4
-3
-5
-5
-6
-4
-3
-5
-8
-10
-8
-1
7
14
16
14
8
2
-4
-11
-13
-11
-9
-8
-11
-20
-26
-28
-22
-15
-11
-12
-18
-21
-16
-11
-9
-5
-6
-5
-9
-11
-11
-10
-7
-3
-1
-2
-2
-5
-7
-8
-6
-1
1
-1
-6
-12
-18
-19
-16
-10
-5
3
10
11
15
19
20
18
13
8
1
-2
-3
0
4
10
16
16
11
1
-4
2
9
16
15
8
4
2
-2
-5
-6
-7
-4
1
10
20
29
35
34
23
6
-8
-15
-17
-12
-6
-2
-3
-4
-4
-5
-4
-1
1
6
13
18
25
29
22
16
12
9
8
8
11
14
13
10
3
-7
-15
-15
-11
-5
-4
-6
-11
-15
-18
-19
-19
-19
-18
-15
-13
-9
-7
-6
-5
-10
-16
-24
-28
-24
-17
-8
-1
-2
-11
-19
-23
-22
-13
-2
10
15
13
5
0
0
3
11
18
20
18
14
11
14
13
12
12
13
11
5
1
-3
-2
1
-2
-8
-8
-8
-8
-7
-9
-9
-7
-5
-6
-7
-8
-9
-6
-4
-5
-2
1
4
10
14
17
15
11
7
6
10
17
20
23
22
22
20
18
14
13
12
11
8
1
-5
-6
-7
-10
-12
-11
-7
-4
-11
-20
-26
-29
-29
-25
-18
-9
-2
-3
-4
-1
-1
-1
-4
-3
1
5
8
5
1
1
4
8
9
6
4
4
3
5
11
14
14
12
5
-6
-14
-15
-10
-6
-5
-6
-7
-8
-10
-12
-13
-12
-9
-6
-6
-4
-4
-5
-4
-1
5
6
6
2
1
3
2
3
3
-3
-4
-5
-3
0
4
8
9
12
13
9
4
-3
-6
0
9
16
20
20
15
12
8
8
7
5
4
2
2
2
1
-1
-1
-3
-6
-9
-10
-8
-6
-5
-5
-8
-6
-2
2
3
3
1
-1
-1
1
3
4
2
0
-1
1
3
2
0
-3
-2
-2
2
6
6
5
4
3
-1
-3
-2
-2
-2
-2
1
2
3
1
-3
-10
-13
-12
-11
-11
-11
-15
-16
-17
-16
-14
-11
-11
-11
-8
-3
5
11
14
16
18
18
17
14
13
12
11
8
4
1
-2
-4
-6
-7
-4
3
6
5
1
-6
-9
-12
-14
-14
-10
-6
-5
-8
-10
-9
-7
-1
-1
0
1
1
0
-5
-3
-4
-2
0
-2
0
4
7
9
10
13
12
11
8
6
6
9
9
4
0
-2
-4
-2
1
7
13
18
23
25
25
21
15
9
3
0
-1
1
4
4
0
-3
-6
-9
-8
-5
-2
-1
-1
-4
-8
-12
-13
-12
-10
-5
-1
4
7
5
1
-3
-5
-7
-6
-5
-2
-3
-4
-4
-5
-5
-7
-8
-8
-8
-6
-5
-8
-11
-12
-12
-11
-11
-9
-5
-5
-5
-9
-12
-14
-14
-12
-8
-2
3
4
4
2
-1
-2
-3
0
4
10
11
11
10
10
6
1
-3
-6
-5
-1
5
10
14
14
11
7
6
7
13
20
23
24
20
10
2
-4
-2
3
9
15
15
13
9
4
0
-3
-3
-4
-3
0
5
8
9
8
4
-2
-5
-9
-10
-8
-1
2
2
-3
-10
-19
-22
-20
-17
-13
-8
-4
-2
-2
-4
-5
-5
-5
-1
5
13
18
18
15
10
2
-8
-13
-12
-10
-5
-5
-9
-11
-16
-18
-17
-14
-11
-7
-3
-2
-3
-6
-9
-10
-11
-10
-9
-6
0
5
9
8
7
6
3
3
5
6
8
10
13
12
9
5
1
1
1
4
8
11
12
11
6
3
2
5
6
7
7
5
5
6
6
7
4
0
-4
-2
2
5
8
6
-1
-9
-14
-15
-11
-6
-3
-4
-6
-8
-8
-7
0
3
4
3
3
4
7
8
5
1
0
-2
-4
-6
-6
-6
-4
0
2
4
5
3
3
6
8
5
2
-2
-5
-7
-8
-8
-6
-6
