-1
0
-1
0
0
0
0
1
0
0
0
0
0
0
0
0
0
0
0
0
1
0
0
0
0
1
0
-1
0
1
0
0
0
0
0
0
0
-1
-1
0
0
1
1
0
-1
0
0
-1
0
0
0
-1
0
0
1
-1
0
0
0
0
0
1
-1
0
0
0
1
0
0
0
1
1
1
1
0
0
0
0
1
0
1
0
0
0
1
0
0
0
-1
1
1
0
-1
0
0
0
0
0
0
0
0
0
0
0
1
0
0
0
0
0
0
0
-1
0
1
0
0
-1
0
-1
0
0
-1
0
0
0
0
0
0
0
0
0
0
0
0
0
0
0
0
0
0
0
0
0
1
0
0
0
0
0
0
0
0
0
0
0
-1
0
0
0
0
0
0
0
-1
0
0
0
0
0
0
0
0
0
0
0
0
0
0
0
0
0
0
0
0
0
0
1
-1
0
0
0
0
0
0
0
1
0
0
0
0
0
-1
0
0
0
0
0
0
0
0
0
0
-1
-1
-1
-1
0
-1
0
0
0
0
0
0
-1
-1
0
-1
0
0
0
-1
0
0
0
0
0
0
0
1
0
0
0
0
0
0
0
0
-1
0
1
1
0
0
0
0
0
0
0
0
0
0
0
1
0
0
0
0
0
1
1
0
0
0
0
0
-1
0
0
0
0
-1
0
0
0
0
1
0
0
0
1
0
0
0
0
1
1
0
0
0
0
1
0
0
0
0
0
0
0
1
0
-1
0
0
0
0
0
0
0
0
0
0
0
1
0
0
1
0
0
0
1
0
1
0
-1
0
1
1
0
0
0
0
0
0
-1
0
0
0
0
0
-1
0
0
0
0
0
0
0
0
0
0
-1
0
1
0
0
0
0
0
0
0
-1
0
1
0
0
0
0
-1
0
-1
-1
0
0
0
0
1
0
0
0
1
0
1
0
0
1
1
0
0
-1
0
0
0
0
0
0
0
0
0
0
0
0
0
0
0
0
0
0
0
0
0
0
1
0
0
0
0
0
-1
0
0
1
0
0
1
0
0
0
0
0
1
-1
0
0
0
0
1
1
0
0
-1
0
0
0
0
1
0
0
0
-1
-1
0
0
0
0
0
0
0
0
0
0
0
0
0
0
0
1
0
0
0
0
1
0
-1
0
0
0
0
-1
0
0
0
0
0
-1
0
0
0
0
-1
0
0
0
0
0
0
0
0
0
0
0
0
-1
0
-1
0
0
0
0
0
-1
0
0
0
0
0
-1
-1
0
0
0
0
0
0
0
1
0
0
0
0
0
0
0
0
0
0
-1
0
0
-1
0
0
0
0
0
0
0
0
0
0
0
0
-1
0
0
0
1
0
1
0
0
0
1
1
0
0
0
-1
1
1
-1
-1
-1
0
0
-1
0
0
-1
0
0
0
-1
-1
-1
-1
0
-1
0
-1
0
-1
0
-1
-1
-1
-1
-2
-2
-3
-3
-3
-3
-3
-3
-4
-3
-3
-3
-3
-3
-3
-3
-3
-2
-1
-1
0
-1
0
0
1
1
2
3
2
4
5
4
7
7
8
7
8
9
9
9
9
9
8
7
7
6
7
6
5
4
3
2
2
1
1
0
0
0
-2
-1
-1
-1
-2
-1
-2
-2
-2
-3
-3
-2
-2
-3
-3
-4
-4
-5
-5
-5
-6
-7
-8
-8
-8
-9
-9
-9
-8
-8
-7
-7
-6
-6
-4
-4
-3
-2
-3
-1
-1
-1
1
2
3
4
5
5
4
5
5
6
6
6
6
6
7
7
7
9
9
9
9
10
10
12
14
15
17
18
20
22
25
29
31
34
35
37
39
41
42
41
41
40
39
37
33
30
26
21
19
14
8
1
-8
-19
-28
-36
-42
-49
-58
-70
-82
-92
-98
-103
-108
-115
-121
-125
-124
-118
-109
-101
-94
-90
-87
-81
-71
-57
-44
-36
-29
-20
-12
-3
4
8
8
8
9
12
15
17
18
18
14
13
12
11
11
12
14
16
21
30
38
46
52
56
61
67
74
80
83
87
91
98
105
110
110
109
106
104
104
106
106
105
100
95
90
89
88
84
79
72
64
57
51
48
41
34
25
16
8
0
-8
-16
-25
-30
-34
-38
-42
-44
-46
-47
-49
-51
-57
-59
-62
-65
-66
-64
-59
-55
-55
-56
-57
-54
-53
-52
-56
-68
-82
-93
-94
-88
-82
-77
-78
-77
-79
-77
-77
-78
-78
-85
-90
-91
-84
-71
-58
-50
-46
-48
-49
-44
-37
-34
-32
-30
-23
-12
-1
9
13
16
19
23
29
34
41
46
49
48
44
45
46
43
39
35
37
42
46
46
46
45
44
45
47
49
49
48
47
44
43
42
44
46
45
43
45
48
51
52
49
43
35
33
33
37
38
36
34
33
33
31
27
14
-17
-59
-91
-99
-85
-64
-43
-21
1
24
39
54
65
74
81
87
93
100
110
121
121
116
111
109
113
122
130
133
127
122
120
117
105
85
66
57
56
63
69
69
64
53
37
11
-35
-96
-160
-223
-297
-382
-465
-525
-557
-580
-599
-603
-579
-529
-473
-413
-347
-275
-199
-127
-59
4
62
114
150
177
192
192
184
163
135
102
64
33
1
-30
-56
-79
-88
-88
-81
-63
-39
-10
21
55
97
135
169
204
235
266
290
307
318
320
313
298
278
258
236
210
181
152
127
109
97
86
78
80
89
97
104
111
120
125
127
127
124
115
104
88
70
48
21
-6
-30
-51
-71
-89
-102
-108
-114
-113
-110
-102
-88
-74
-59
-47
-37
-23
-7
11
18
16
8
1
-8
-20
-38
-52
-64
-74
-83
-94
-101
-113
-126
-142
-163
-175
-178
-185
-224
-288
-335
-325
-280
-235
-196
-143
-72
3
53
78
75
59
48
34
28
25
47
87
117
126
115
97
82
64
51
36
16
7
8
17
17
1
-26
-64
-97
-121
-130
-132
-132
-121
-100
-78
-55
-31
-12
-31
-92
-159
-189
-157
-95
-42
-2
24
45
57
59
59
50
37
26
33
65
111
154
177
172
155
136
124
116
112
114
115
120
127
136
139
124
97
65
46
44
54
67
73
74
76
85
98
108
109
96
81
81
96
119
137
142
138
126
112
101
92
85
75
62
51
43
36
29
17
1
-18
-33
-44
-48
-46
-35
-29
-34
-48
-58
-58
-57
-64
-81
-94
-103
-103
-94
-87
-84
-94
-110
-121
-138
-166
-186
-190
-200
-265
-375
-465
-496
-465
-400
-313
-217
-142
-70
15
98
150
152
146
145
159
187
215
245
263
271
263
222
168
131
119
112
79
24
-55
-153
-273
-422
-580
-723
-813
-817
-740
-622
-490
-362
-236
-109
1
97
183
263
338
400
460
517
555
565
538
487
414
324
237
159
93
31
-24
-59
-75
-76
-79
-78
-72
-56
-26
22
88
165
239
298
337
363
370
361
339
306
274
234
188
138
79
14
-54
-121
-173
-197
-192
-170
-145
-119
-80
-24
30
68
91
110
134
162
180
191
189
171
137
92
42
-5
-48
-83
-112
-137
-157
-177
-183
-184
-184
-184
-187
-175
-147
-108
-64
-40
-28
-19
-8
9
15
7
-4
-5
14
43
81
107
104
79
50
37
15
-34
-92
-109
-84
-43
-1
49
112
153
147
91
16
-61
-118
-155
-185
-247
-424
-697
-1015
-1258
-1382
-1422
-1353
-1196
-948
-664
-423
-211
-50
84
190
270
373
478
610
748
846
895
865
780
648
487
323
169
49
-40
-90
-97
-93
-92
-108
-132
-135
-112
-54
25
122
233
361
494
593
651
667
650
615
569
531
501
474
443
396
343
275
195
107
18
-57
-117
-154
-160
-142
-108
-86
-81
-89
-100
-105
-111
-114
-132
-175
-238
-281
-273
-233
-196
-174
-152
-120
-87
-64
-50
-39
-34
-32
-24
-15
-8
-8
-14
-23
-30
-31
-29
-17
7
35
58
57
51
54
60
64
57
42
25
3
-10
-17
-19
-29
-42
-48
-38
-18
5
27
40
67
93
103
114
149
208
254
276
291
313
306
236
100
-105
-370
-697
-1035
-1349
-1622
-1811
-1919
-1905
-1747
-1476
-1128
-806
-542
-314
-104
114
308
497
684
851
1007
1116
1173
1165
1077
924
717
485
271
101
-30
-137
-217
-269
-304
-329
-340
-326
-285
-212
-103
52
240
430
605
740
836
900
927
921
885
841
791
730
667
595
507
384
233
85
-34
-119
-179
-221
-238
-230
-200
-160
-116
-79
-50
-24
-20
-49
-122
-184
-170
-84
19
84
101
92
69
11
-79
-188
-289
-362
-403
-417
-411
-388
-356
-319
-279
-250
-229
-207
-175
-111
-37
19
55
72
80
70
36
-19
-82
-134
-163
-174
-175
-175
-173
-166
-145
-116
-91
-71
-46
-14
25
59
83
96
108
128
153
181
198
198
192
182
177
176
166
132
67
6
-24
-34
-39
-42
-28
-14
-3
0
9
35
58
102
161
212
245
228
39
-411
-1092
-1739
-2047
-1953
-1585
-1177
-839
-562
-333
-111
35
78
69
43
131
350
662
1018
1269
1363
1278
1070
819
547
289
67
-94
-166
-149
-71
19
51
0
-115
-247
-327
-317
-213
-40
170
399
623
804
915
927
840
697
553
472
453
464
448
374
279
199
120
-3
-186
-364
-466
-470
-403
-294
-167
-52
31
65
77
71
49
32
25
49
84
103
95
52
-19
-115
-216
-303
-358
-367
-341
-303
-262
-224
-208
-212
-235
-269
-300
-315
-289
-210
-109
-15
41
65
68
51
25
-14
-60
-88
-88
-60
-27
-14
-24
-51
-87
-121
-147
-154
-149
-131
-89
-28
41
92
103
64
18
4
37
87
121
152
186
217
223
204
171
130
92
92
153
258
387
451
380
127
-295
-748
-1167
-1497
-1720
-1851
-1831
-1661
-1347
-957
-622
-380
-240
-131
6
167
377
610
848
1076
1266
1390
1412
1319
1120
864
593
354
177
61
-7
-54
-90
-131
-202
-278
-348
-389
-370
-289
-130
85
326
562
746
859
902
897
863
805
738
673
614
562
508
434
327
187
15
-165
-341
-492
-579
-588
-517
-405
-288
-186
-108
-47
-7
22
54
84
117
152
185
208
187
121
17
-103
-219
-333
-416
-454
-453
-417
-379
-341
-310
-297
-296
-315
-332
-325
-296
-236
-157
-70
6
50
68
60
34
-4
-47
-78
-93
-91
-79
-74
-75
-84
-109
-148
-189
-221
-226
-200
-147
-77
2
75
127
157
159
145
127
112
107
102
101
121
163
204
208
183
136
93
62
56
91
167
279
392
498
571
556
410
78
-423
-947
-1372
-1636
-1736
-1738
-1638
-1417
-1097
-750
-476
-300
-194
-84
72
251
492
773
1034
1260
1396
1438
1387
1229
992
730
487
284
143
43
-28
-86
-157
-249
-349
-437
-495
-497
-442
-322
-127
113
362
596
766
857
874
841
785
718
652
590
537
482
422
352
243
90
-85
-254
-391
-483
-537
-556
-549
-521
-451
-350
-254
-171
-104
-39
32
109
173
218
227
197
134
38
-75
-175
-250
-311
-345
-358
-361
-349
-338
-336
-330
-336
-349
-334
-295
-228
-151
-75
-4
53
96
109
107
87
46
23
12
9
23
19
-3
-38
-77
-118
-150
-167
-175
-154
-108
-58
3
58
82
83
69
66
86
101
108
120
142
166
181
204
228
237
257
265
263
238
179
143
146
185
271
358
432
445
320
44
-425
-955
-1422
-1764
-1909
-1948
-1863
-1622
-1288
-876
-521
-281
-127
-39
92
263
480
749
1000
1233
1397
1465
1457
1328
1098
824
535
292
104
-36
-125
-185
-226
-269
-338
-410
-479
-507
-461
-349
-155
90
342
595
805
951
1015
994
927
831
734
642
555
485
410
329
228
89
-74
-236
-372
-469
-524
-540
-512
-459
-386
-305
-231
-159
-96
-35
30
91
155
184
162
107
28
-42
-109
-180
-243
-302
-328
-335
-332
-311
-309
-320
-337
-354
-347
-326
-295
-250
-189
-110
-28
42
86
97
84
60
33
22
11
-1
-6
-19
-31
-49
-84
-121
-158
-194
-217
-221
-195
-150
-94
-35
8
46
71
88
109
100
85
90
106
152
188
206
209
196
191
172
153
161
195
269
319
347
380
400
426
429
413
368
222
-43
-470
-982
-1441
-1747
-1842
-1829
-1745
-1572
-1289
-915
-571
-303
-111
34
192
365
578
814
1044
1251
1397
1474
1456
1342
1143
871
584
325
125
-26
-131
-214
-292
-352
-411
-463
-499
-502
-445
-331
-157
67
311
540
722
852
924
938
905
841
760
669
565
457
355
253
138
8
-138
-286
-417
-522
-583
-600
-575
-516
-427
-317
-209
-107
-20
35
56
48
37
54
80
86
61
13
-27
-72
-132
-195
-268
-337
-388
-415
-405
-386
-369
-356
-336
-300
-264
-223
-186
-136
-58
15
77
117
135
140
133
109
75
39
3
-26
-45
-59
-79
-101
-125
-150
-165
-176
-172
-142
-104
-61
-15
33
86
127
153
162
158
157
161
181
201
200
194
176
153
150
161
186
228
260
286
308
315
314
302
296
305
313
314
256
100
-195
-646
-1129
-1532
-1780
-1857
-1837
-1707
-1461
-1125
-731
-392
-154
-7
91
216
372
579
821
1050
1254
1388
1446
1423
1286
1054
764
464
207
5
-137
-223
-275
-312
-349
-395
-443
-479
-482
-435
-329
-159
65
313
549
737
860
913
893
822
718
608
517
439
373
312
247
171
66
-65
-218
-370
-490
-552
-553
-500
-412
-302
-188
-78
16
65
75
58
47
53
64
74
76
74
70
43
-11
-85
-179
-269
-341
-382
-392
-388
-369
-348
-319
-287
-261
-233
-203
-165
-109
-44
18
74
110
120
122
115
88
54
8
-38
-75
-104
-124
-141
-155
-178
-197
-205
-203
-189
-180
-170
-137
-86
-29
34
93
146
182
194
185
176
160
132
124
137
176
227
241
232
226
217
217
215
209
208
226
267
313
353
357
293
146
-152
-595
-1066
-1454
-1668
-1716
-1669
-1525
-1294
-1006
-696
-412
-195
-53
40
160
332
559
807
1031
1229
1350
1387
1358
1232
1029
776
508
292
133
22
-50
-114
-172
-234
-294
-358
-421
-452
-432
-342
-185
13
231
447
623
745
802
793
746
670
586
507
440
384
326
262
175
61
-65
-197
-319
-411
-469
-481
-454
-399
-320
-236
-162
-111
-81
-56
-26
16
58
97
129
144
146
115
39
-72
-203
-323
-411
-456
-470
-461
-438
-407
-367
-341
-326
-314
-299
-260
-198
-121
-40
31
94
138
165
160
122
75
19
-29
-60
-86
-98
-103
-113
-120
-132
-150
-178
-200
-201
-176
-132
-78
-22
41
95
134
173
201
207
198
181
181
201
211
202
187
161
146
147
155
162
161
176
210
266
322
365
435
506
535
490
343
115
-183
-546
-923
-1240
-1450
-1543
-1516
-1404
-1249
-1073
-892
-700
-503
-318
-142
46
256
479
720
941
1110
1206
1225
1192
1113
988
823
650
487
334
204
87
-29
-139
-251
-350
-425
-465
-466
-417
-324
-198
-32
145
314
459
570
649
686
687
662
630
589
528
459
376
282
177
56
-65
-176
-269
-339
-391
-411
-405
-370
-316
-260
-198
-141
-89
-37
6
41
62
70
65
44
9
-30
-71
-110
-154
-208
-269
-326
-368
-390
-396
-390
-378
-363
-344
-314
-270
-223
-166
-107
-49
2
41
70
89
91
79
63
50
35
10
-32
-81
-124
-151
-163
-165
-162
-160
-152
-138
-124
-106
-87
-62
-24
21
79
149
208
260
287
283
257
213
181
169
161
161
153
155
176
192
212
224
232
255
275
295
315
331
363
398
397
377
275
42
-313
-773
-1191
-1489
-1631
-1620
-1531
-1345
-1121
-872
-594
-377
-200
-80
3
143
330
571
819
1030
1186
1269
1292
1225
1073
866
629
410
241
113
22
-29
-96
-168
-236
-323
-397
-456
-483
-448
-347
-183
11
230
426
562
651
669
640
603
547
490
438
370
305
251
202
156
85
-19
-146
-260
-342
-393
-402
-392
-370
-321
-269
-209
-144
-96
-58
-32
-11
13
34
56
81
96
96
65
7
-63
-137
-205
-268
-325
-365
-392
-392
-374
-350
-313
-277
-244
-204
-168
-130
-93
-52
-3
48
95
122
133
121
87
35
-22
-77
-116
-139
-153
-151
-139
-136
-136
-144
-153
-156
-158
-144
-108
-44
38
114
178
205
208
202
178
163
149
133
123
121
132
151
180
206
233
261
272
278
275
278
294
318
353
379
401
393
324
201
5
-265
-627
-1030
-1355
-1535
-1553
-1469
-1318
-1107
-872
-624
-395
-202
-53
63
191
362
561
769
957
1109
1198
1211
1164
1057
886
666
447
269
131
24
-65
-130
-183
-240
-297
-349
-394
-419
-404
-332
-206
-42
135
309
461
567
624
634
597
529
450
383
341
319
299
268
216
138
38
-76
-190
-288
-355
-390
-389
-356
-300
-233
-168
-113
-73
-43
-25
-16
-11
-7
10
34
50
48
27
-18
-80
-155
-236
-308
-362
-399
-416
-416
-407
-391
-365
-332
-290
-244
-193
-141
-84
-31
14
53
76
95
109
111
96
63
15
-27
-60
-80
-90
-99
-104
-113
-121
-131
-139
-140
-141
-111
-52
15
78
118
147
163
160
142
112
85
82
108
155
197
213
217
220
215
186
133
103
126
180
249
314
375
445
496
513
473
342
156
-69
-335
-625
-941
-1205
-1339
-1353
-1271
-1166
-1034
-877
-708
-504
-314
-139
28
177
371
577
761
924
1034
1093
1098
1055
973
847
695
525
369
248
138
33
-58
-154
-237
-299
-354
-384
-391
-371
-291
-176
-36
102
232
348
428
481
500
476
431
372
324
309
305
298
276
226
162
76
-30
-138
-238
-307
-347
-354
-321
-277
-233
-194
-169
-148
-146
-148
-131
-99
-55
-13
17
40
46
31
-4
-66
-131
-199
-261
-301
-332
-348
-351
-345
-322
-295
-272
-256
-247
-227
-196
-154
-91
-29
29
72
89
96
84
57
32
5
-12
-21
-31
-31
-29
-28
-33
-55
-76
-95
-95
-81
-79
-67
-30
26
99
155
184
195
193
187
175
169
168
155
138
119
140
210
284
328
339
340
344
353
343
313
297
306
337
351
304
177
-29
-298
-637
-993
-1285
-1456
-1472
-1380
-1222
-1013
-785
-562
-366
-205
-81
23
135
266
434
634
827
990
1090
1108
1058
954
794
600
398
221
89
-3
-66
-110
-147
-190
-245
-296
-345
-381
-373
-319
-210
-63
95
246
377
485
555
577
546
473
396
352
342
350
343
315
271
209
126
14
-114
-239
-337
-377
-367
-322
-265
-205
-141
-81
-42
-32
-44
-70
-79
-57
-15
30
54
60
44
7
-55
-138
-224
-303
-358
-380
-380
-372
-358
-330
-296
-260
-235
-223
-210
-192
-153
-102
-46
9
55
99
127
129
108
62
12
-25
-45
-51
-59
-67
-78
-87
-93
-101
-104
-110
-116
-104
-68
-14
30
57
77
93
113
119
117
119
131
158
189
219
239
243
240
241
264
289
304
323
354
402
431
429
396
326
222
62
-145
-401
-698
-985
-1217
-1347
-1387
-1359
-1262
-1109
-906
-689
-480
-282
-101
69
237
420
605
769
909
1013
1074
1083
1039
948
816
651
473
313
174
50
-51
-139
-208
-261
-298
-331
-343
-328
-289
-217
-114
7
145
278
383
456
506
538
548
536
508
466
415
355
305
272
219
141
44
-54
-130
-194
-247
-284
-309
-312
-293
-247
-186
-131
-90
-71
-59
-37
-15
0
10
11
14
14
0
-36
-89
-147
-205
-264
-314
-356
-388
-403
-403
-389
-366
-342
-310
-266
-216
-163
-114
-66
-24
17
52
72
82
75
52
27
0
-33
-67
-99
-123
-131
-128
-121
-115
-120
-136
-151
-139
-104
-64
-28
1
45
89
118
143
159
165
167
168
180
204
238
279
315
334
342
347
349
338
309
297
306
324
348
372
386
350
231
36
-236
-563
-917
-1230
-1421
-1479
-1420
-1273
-1067
-819
-573
-343
-153
-12
91
182
307
469
645
823
983
1092
1127
1088
989
838
644
428
233
84
-21
-89
-128
-149
-176
-209
-251
-298
-332
-342
-302
-205
-65
99
263
401
484
519
527
520
480
398
307
244
221
222
219
196
141
63
-26
-117
-201
-281
-339
-362
-344
-290
-221
-152
-97
-49
-13
4
-4
-30
-61
-78
-75
-56
-30
-21
-38
-75
-132
-203
-286
-357
-404
-420
-407
-376
-338
-299
-259
-218
-176
-141
-110
-74
-34
16
69
112
142
154
155
139
109
64
0
-65
-120
-158
-171
-168
-158
-142
-122
-103
-91
-84
-72
-43
2
54
104
147
175
190
199
204
203
194
173
159
159
179
218
260
300
334
350
345
319
292
269
247
239
249
280
310
286
182
-23
-330
-711
-1092
-1379
-1523
-1534
-1447
-1274
-1025
-738
-465
-244
-81
25
106
195
316
473
645
814
963
1064
1104
1068
949
759
527
308
128
-4
-97
-151
-166
-166
-164
-177
-198
-232
-263
-274
-237
-138
6
164
302
416
506
575
601
563
477
381
306
262
242
240
237
221
183
117
35
-66
-176
-268
-315
-316
-278
-216
-145
-80
-30
-10
-19
-41
-60
-67
-65
-58
-41
-13
13
13
-17
-73
-152
-234
-307
-360
-387
-394
-384
-348
-299
-247
-201
-171
-155
-146
-135
-117
-91
-57
-26
6
36
57
59
37
-14
-74
-124
-158
-172
-174
-171
-159
-140
-126
-116
-111
-107
-94
-67
-37
3
44
88
134
180
219
242
248
246
250
255
259
267
293
330
358
367
355
328
291
250
212
195
200
234
272
267
165
-69
-407
-775
-1100
-1323
-1438
-1448
-1345
-1149
-886
-618
-391
-211
-82
10
86
173
300
461
639
809
956
1056
1086
1035
912
735
530
326
143
0
-84
-114
-114
-109
-118
-137
-165
-189
-209
-204
-163
-92
11
138
274
400
488
527
513
457
384
314
263
231
219
224
228
220
191
137
52
-47
-139
-212
-254
-266
-242
-193
-133
-73
-39
-34
-50
-73
-90
-90
-80
-65
-46
-28
-15
-16
-44
-102
-178
-254
-319
-368
-404
-420
-414
-388
-340
-281
-229
-191
-163
-145
-133
-117
-91
-50
0
44
69
74
60
24
-22
-72
-121
-163
-185
-176
-151
-118
-90
-77
-73
-77
-72
-51
-18
24
77
133
184
221
248
266
268
255
227
208
208
219
241
269
288
292
270
226
187
163
158
172
204
251
274
206
0
-327
-676
-970
-1171
-1276
-1313
-1248
-1077
-837
-565
-328
-147
-29
32
75
130
233
371
512
651
783
894
957
937
836
687
514
334
173
49
-15
-24
-14
2
1
-8
-34
-81
-126
-161
-161
-122
-56
50
184
315
412
452
443
412
371
322
268
222
203
203
219
226
211
173
101
10
-80
-158
-214
-250
-259
-237
-188
-131
-79
-41
-20
-21
-42
-69
-88
-90
-74
-55
-36
-23
-23
-40
-87
-164
-249
-330
-388
-416
-415
-387
-348
-298
-246
-193
-148
-124
-118
-114
-106
-88
-63
-42
-18
2
17
21
5
-32
-81
-128
-160
-169
-157
-121
-79
-43
-23
-12
-1
-3
-8
-14
-13
10
54
118
196
270
323
348
340
312
281
260
252
245
238
220
204
196
196
200
205
214
229
221
127
-101
-436
-787
-1061
-1219
-1291
-1293
-1207
-1033
-806
-572
-361
-191
-61
20
74
142
250
396
543
667
759
823
856
827
747
625
479
329
191
93
46
49
59
55
47
36
24
2
-37
-70
-75
-37
47
167
280
357
397
415
431
435
411
357
298
256
237
233
232
217
188
137
77
14
-59
-138
-213
-268
-291
-273
-223
-151
-76
-17
19
31
22
6
-9
-25
-44
-63
-75
-83
-89
-102
-135
-189
-253
-305
-337
-350
-351
-347
-331
-302
-263
-222
-184
-153
-133
-121
-108
-90
-74
-67
-60
-52
-39
-31
-37
-61
-90
-110
-125
-129
-130
-128
-123
-117
-104
-90
-74
-61
-52
-40
-24
8
52
106
163
211
250
271
281
291
308
333
334
291
221
138
69
11
-32
-42
-20
21
62
79
25
-138
-400
-699
-940
-1092
-1146
-1113
-991
-795
-570
-343
-142
10
103
143
160
178
216
295
410
539
652
734
773
760
692
580
448
307
187
115
102
129
166
196
217
226
211
172
121
76
46
52
93
150
210
275
339
391
411
395
356
306
255
209
176
163
162
169
176
163
125
50
-43
-132
-201
-245
-263
-252
-207
-136
-63
-3
27
33
12
-26
-67
-111
-149
-173
-177
-166
-151
-142
-149
-172
-208
-253
-299
-339
-359
-352
-325
-287
-243
-194
-148
-110
-94
-101
-126
-149
-159
-157
-143
-121
-99
-74
-57
-54
-72
-106
-149
-177
-183
-171
-145
-110
-68
-34
-4
16
24
22
16
16
26
43
60
88
122
160
188
200
191
160
120
70
22
-21
-54
-64
-52
-25
10
47
75
71
32
-53
-201
-401
-615
-755
-786
-737
-662
-565
-428
-265
-119
-20
43
87
126
157
195
254
326
408
488
550
584
583
552
503
443
383
322
261
218
217
257
301
321
324
316
291
251
208
181
166
157
169
207
250
280
293
298
301
291
264
223
175
126
83
51
33
32
48
59
51
19
-21
-56
-87
-112
-136
-152
-158
-145
-110
-68
-48
-50
-72
-103
-138
-175
-207
-226
-233
-237
-235
-230
-230
-235
-243
-253
-270
-289
-305
-302
-281
-253
-218
-181
-150
-131
-122
-128
-146
-171
-198
-208
-203
-183
-147
-109
-76
-54
-49
-68
-107
-147
-176
-181
-162
-134
-95
-56
-15
19
35
31
23
21
21
22
17
14
24
40
51
48
42
33
36
45
45
40
30
26
31
42
44
34
14
-22
-55
-84
-134
-216
-310
-359
-345
-296
-269
-262
-236
-183
-108
-33
40
94
137
167
192
233
285
349
397
415
409
401
398
387
372
352
314
272
258
283
324
336
318
291
271
260
257
261
258
244
226
225
234
242
230
202
161
120
106
111
119
121
119
113
101
92
92
88
69
31
-11
-43
-65
-70
-67
-62
-70
-84
-91
-95
-104
-131
-168
-198
-218
-223
-213
-197
-189
-194
-202
-206
-207
-211
-219
-229
-238
-254
-266
-272
-268
-251
-237
-232
-226
-212
-189
-167
-156
-159
-171
-180
-174
-158
-154
-168
-190
-202
-206
-194
-177
-157
-140
-125
-100
-70
-46
-36
-35
-34
-39
-56
-67
-59
-30
-10
-3
-3
10
32
50
52
39
34
34
44
40
30
18
16
30
43
49
43
32
20
7
-3
-8
-15
-11
-2
5
6
0
-6
-25
-45
-64
-73
-52
-11
39
92
146
201
235
254
250
244
227
196
181
190
222
255
287
311
331
341
329
302
271
239
210
195
188
192
204
217
223
217
198
169
143
137
144
157
165
176
195
213
214
199
174
136
103
70
44
18
-9
-27
-37
-35
-39
-46
-44
-42
-54
-85
-123
-158
-173
-172
-168
-165
-163
-160
-152
-148
-154
-172
-196
-224
-243
-254
-263
-263
-266
-270
-268
-264
-266
-277
-287
-290
-280
-263
-248
-233
-216
-196
-182
-179
-188
-201
-209
-213
-210
-207
-194
-169
-122
-77
-48
-34
-40
-58
-105
-154
-165
-125
-68
-41
-33
-15
19
52
66
82
77
49
15
-9
0
14
38
53
68
87
101
123
128
125
96
59
14
2
42
91
123
126
136
146
153
143
121
88
37
-13
-46
-42
-26
7
37
69
103
126
147
158
164
155
144
139
136
153
171
193
210
218
225
226
223
214
214
231
247
268
290
308
320
313
297
276
245
213
188
184
188
185
179
168
159
154
150
133
102
69
39
21
4
-11
-28
-43
-52
-57
-56
-65
-79
-92
-111
-133
-153
-160
-156
-151
-150
-160
-176
-187
-200
-210
-232
-261
-278
-286
-283
-277
-274
-274
-277
-278
-286
-294
-300
-302
-295
-295
-297
-300
-291
-278
-269
-257
-250
-249
-254
-254
-250
-242
-230
-214
-193
-176
-168
-155
-139
-113
-90
-78
-62
-40
-4
34
57
66
54
38
27
16
21
30
36
40
42
69
93
119
144
171
198
193
179
168
160
136
104
93
109
146
176
216
244
272
299
310
307
268
236
190
155
136
123
134
139
157
160
169
184
186
184
158
138
123
124
127
128
127
124
125
113
103
88
84
82
82
97
105
113
102
92
81
68
59
41
28
16
10
10
13
23
27
19
5
-9
-17
-27
-36
-49
-62
-69
-71
-72
-70
-67
-71
-74
-77
-83
-85
-86
-87
-91
-91
-86
-76
-68
-65
-71
-82
-95
-101
-102
-106
-111
-117
-120
-124
-129
-132
-134
-134
-138
-143
-150
-161
-168
-172
-173
-173
-170
-165
-159
-154
-154
-156
-158
-169
-184
-193
-189
-174
-162
-152
-140
-127
-106
-91
-76
-63
-59
-57
-55
-48
-38
-29
-17
0
11
28
42
56
58
40
24
10
16
33
49
67
86
117
145
162
169
159
139
111
85
72
69
70
75
94
118
147
176
199
220
223
210
185
163
154
152
160
171
176
182
190
193
190
173
145
115
92
87
83
87
89
89
97
102
111
117
118
112
96
72
43
12
-22
-46
-64
-69
-65
-57
-49
-42
-29
-33
-47
-62
-66
-61
-61
-63
-69
-69
-65
-62
-58
-55
-59
-71
-86
-93
-88
-72
-57
-47
-40
-40
-42
-48
-54
-64
-79
-93
-100
-94
-83
-70
-60
-52
-43
-34
-32
-31
-37
-43
-54
-74
-88
-93
-85
-69
-55
-47
-43
-36
-30
-31
-37
-53
-72
-87
-96
-103
-107
-105
-100
-93
-88
-83
-79
-80
-84
-87
-83
-70
-50
-32
-18
-19
-30
-44
-53
-57
-57
-51
-37
-9
20
54
77
87
90
79
67
51
47
58
67
70
63
54
60
78
98
107
98
85
69
59
53
50
50
50
57
72
92
109
118
116
101
81
59
49
51
53
55
57
63
80
97
111
115
106
85
55
31
24
38
64
84
96
106
107
100
79
59
43
33
29
36
50
61
58
38
13
-21
-56
-89
-118
-129
-127
-107
-83
-53
-22
5
19
15
2
-18
-41
-65
-82
-93
-95
-91
-82
-59
-36
-18
-17
-29
-46
-67
-88
-111
-127
-128
-124
-113
-96
-76
-60
-48
-39
-36
-42
-52
-60
-65
-64
-63
-57
-50
-42
-29
-19
-13
-12
-12
-13
-12
-11
-7
0
4
5
3
6
13
18
18
17
15
15
14
13
14
13
10
6
5
4
-1
-5
-11
-14
-15
-7
9
22
39
45
45
41
37
40
43
49
52
47
44
41
43
47
43
36
28
22
22
25
30
29
28
31
39
48
51
44
40
38
37
34
25
19
16
14
10
3
-5
-10
-5
2
6
5
3
2
-1
-6
-9
-10
-16
-21
-26
-25
-23
-27
-34
-44
-42
-34
-18
3
23
40
52
60
67
62
38
-3
-50
-90
-116
-128
-125
-102
-71
-35
-5
23
51
71
73
57
33
9
-12
-27
-32
-40
-44
-47
-39
-21
-5
6
11
15
21
28
40
55
69
72
61
42
27
18
17
17
16
15
16
23
34
46
54
49
41
33
28
29
33
39
42
40
39
38
44
46
38
27
15
2
-11
-24
-33
-37
-41
-47
-55
-59
-61
-66
-76
-92
-102
-105
-92
-72
-58
-55
-66
-80
-89
-91
-81
-71
-63
-57
-53
-43
-31
-15
-8
-10
-12
-14
-12
-11
-17
-27
-39
-50
-50
-31
0
32
56
65
62
52
41
29
10
-9
-28
-37
-27
-4
27
54
70
74
68
50
30
12
-4
-19
-30
-36
-30
-9
21
51
72
80
82
79
74
64
46
26
11
3
9
22
37
43
41
34
24
17
13
12
15
22
28
35
39
41
42
35
23
0
-27
-52
-64
-57
-38
-14
12
35
51
59
55
39
14
-14
-36
-46
-43
-35
-25
-14
-1
10
16
21
26
27
23
17
16
22
36
48
54
51
38
24
9
-5
-17
-26
-31
-25
-14
2
17
26
25
20
12
0
-13
-28
-43
-58
-74
-85
-89
-86
-76
-63
-54
-53
-56
-63
-76
-91
-110
-122
-127
-124
-113
-93
-77
-73
-77
-87
-94
-102
-107
-103
-90
-73
-56
-39
-18
1
17
26
31
36
38
41
42
42
43
42
45
50
58
69
78
85
92
99
107
114
120
125
119
106
89
72
55
40
34
33
34
35
37
41
50
63
76
81
78
71
64
62
63
67
68
71
76
78
78
73
66
61
59
64
71
75
71
65
58
53
49
40
27
12
-5
-21
-33
-41
-46
-48
-44
-42
-44
-52
-61
-73
-84
-93
-103
-108
-113
-122
-133
-141
-149
-154
-151
-140
-127
-116
-113
-115
-119
-123
-127
-131
-139
-148
-157
-159
-156
-150
-138
-125
-108
-93
-75
-59
-45
-35
-27
-20
-13
-5
2
8
15
26
41
57
72
83
94
106
117
127
133
137
135
127
123
117
113
112
114
120
125
126
125
122
121
120
117
117
118
117
110
99
85
75
65
61
59
59
63
69
81
93
102
104
97
81
63
40
19
2
-8
-13
-16
-17
-19
-18
-19
-22
-32
-45
-58
-70
-84
-98
-110
-118
-124
-122
-115
-107
-97
-89
-85
-86
-89
-88
-84
-76
-65
-55
-49
-46
-44
-41
-40
-39
-41
-45
-47
-43
-39
-33
-30
-31
-37
-47
-54
-63
-66
-65
-61
-56
-51
-44
-40
-39
-39
-39
-39
-37
-36
-35
-36
-36
-31
-24
-15
-6
5
17
27
38
48
54
54
50
46
42
41
41
46
53
64
73
81
88
90
91
89
88
88
90
91
88
79
67
55
41
31
24
19
14
9
2
-3
-7
-6
-6
-6
-6
-7
-7
-8
-5
-3
-2
-1
2
7
17
22
27
31
38
47
52
55
54
52
50
46
47
49
52
57
59
61
59
55
52
49
45
37
30
24
18
8
-5
-20
-34
-45
-53
-59
-62
-62
-60
-60
-63
-71
-84
-97
-108
-118
-130
-144
-156
-164
-165
-156
-138
-118
-97
-80
-69
-62
-59
-57
-61
-70
-77
-79
-75
-62
-48
-34
-25
-16
-6
3
10
16
18
18
19
19
17
15
13
12
14
19
21
20
23
25
28
34
43
52
59
66
71
75
77
77
75
67
58
52
53
59
67
73
77
79
83
88
94
97
95
93
88
81
75
70
68
68
69
69
69
68
69
70
69
66
61
52
39
22
6
-9
-20
-25
-26
-28
-32
-38
-43
-47
-49
-53
-57
-63
-68
-71
-77
-80
-83
-89
-96
-104
-110
-111
-113
-114
-116
-113
-108
-102
-96
-94
-96
-97
-95
-91
-86
-82
-81
-80
-78
-73
-68
-61
-52
-40
-26
-14
-4
5
12
15
21
25
30
38
45
58
73
87
98
107
113
119
120
121
120
118
115
114
117
120
124
128
128
126
123
117
110
101
96
90
82
75
65
55
45
34
28
23
17
10
3
-6
-17
-28
-41
-52
-62
-70
-79
-90
-103
-113
-116
-114
-114
-114
-113
-113
-113
-114
-115
-112
-109
-108
-105
-98
-92
-83
-75
-65
-56
-50
-47
-45
-40
-32
-23
-13
-3
7
17
25
31
36
41
44
45
48
51
57
63
72
79
82
80
74
66
59
59
62
65
66
68
67
64
58
48
36
26
17
8
2
-8
-16
-21
-25
-25
-25
-23
-21
-20
-17
-14
-11
-11
-10
-10
-10
-12
-15
-15
-13
-11
-9
-3
2
5
6
6
5
5
7
10
11
12
6
1
-5
-10
-11
-10
-10
-9
-6
-1
0
2
5
8
8
5
0
-6
-8
-9
-8
-8
-7
-7
-8
-10
-12
-16
-17
-19
-18
-18
-21
-22
-21
-21
-21
-24
-26
-29
-33
-34
-35
-32
-27
-17
-12
-5
0
4
5
9
14
19
24
23
24
22
19
17
15
16
18
20
19
20
23
26
27
30
30
29
26
19
13
5
-2
-7
-10
-14
-19
-25
-28
-27
-24
-18
-15
-14
-14
-13
-13
-15
-19
-20
-18
-17
-15
-16
-13
-11
-6
2
9
11
11
9
8
7
9
11
6
1
-8
-17
-22
-22
-18
-12
-5
5
16
23
25
23
19
19
23
27
27
25
20
17
18
18
17
22
25
32
34
35
35
34
32
33
34
33
28
20
12
3
-1
-2
2
5
4
0
-6
-11
-12
-10
-10
-11
-15
-18
-23
-25
-27
-28
-29
-31
-30
-30
-32
-34
-36
-37
-35
-27
-21
-13
-11
-11
-11
-11
-9
-6
-3
-6
-12
-23
-30
-34
-35
-32
-25
-15
-3
11
22
30
35
33
27
18
11
5
-4
-12
-20
-26
-26
-28
-30
-32
-32
-26
-13
5
23
37
40
39
37
37
44
58
76
100
127
155
176
178
148
83
-11
-106
-170
-180
-139
-67
16
85
132
154
162
160
150
137
121
101
81
56
31
6
-21
-48
-74
-97
-119
-137
-147
-153
-150
-143
-129
-112
-95
-81
-70
-59
-52
-49
-47
-51
-59
-74
-92
-108
-124
-135
-142
-145
-146
-142
-135
-127
-121
-119
-117
-114
-105
-90
-72
-57
-45
-34
-19
-3
18
39
58
69
74
74
75
84
97
111
123
127
130
133
135
136
139
143
147
152
158
165
168
164
158
156
156
159
162
163
161
155
145
136
128
117
104
91
78
68
63
59
54
47
39
30
22
14
11
10
12
14
16
17
15
9
0
-12
-26
-40
-50
-62
-75
-91
-108
-121
-129
-132
-140
-152
-167
-183
-197
-209
-217
-220
-220
-218
-218
-214
-212
-207
-202
-194
-186
-179
-173
-165
-155
-141
-126
-110
-95
-80
-67
-55
-43
-34
-22
-10
-1
5
10
15
22
33
44
54
63
71
80
89
96
101
100
97
91
84
78
76
78
85
93
97
97
95
92
88
85
85
85
90
94
95
94
93
92
94
95
99
106
110
111
107
105
102
99
96
95
95
92
87
81
76
70
61
55
50
45
40
33
27
22
12
0
-16
-31
-38
-39
-33
-29
-27
-32
-42
-52
-60
-64
-61
-60
-59
-58
-59
-59
-57
-59
-62
-65
-67
-64
-60
-59
-58
-58
-57
-57
-54
-53
-53
-54
-56
-57
-54
-52
-50
-48
-48
-49
-50
-52
-59
-67
-75
-78
-76
-74
-71
-65
-58
-49
-41
-38
-35
-34
-36
-38
-38
-31
-22
-13
-7
-6
-5
-2
5
11
15
21
25
30
33
35
38
39
41
42
45
48
49
50
51
52
56
58
59
59
62
63
60
53
48
45
46
48
47
43
37
32
27
24
23
23
24
24
23
21
17
14
11
13
17
22
26
26
25
21
17
16
18
22
25
24
22
19
15
8
3
-5
-11
-14
-14
-12
-6
-4
-4
-1
-2
-2
-7
-11
-16
-18
-19
-19
-20
-19
-18
-18
-21
-24
-24
-25
-26
-27
-27
-28
-25
-20
-17
-14
-13
-14
-14
-14
-12
-10
-8
-4
0
2
0
-2
-5
-7
-7
-7
-10
-15
-19
-22
-19
-16
-14
-11
-10
-9
-6
-3
-3
-4
-7
-12
-13
-13
-12
-11
-11
-10
-7
1
8
15
19
18
17
15
18
20
22
21
15
8
1
-4
-4
-7
-6
-4
1
5
9
11
7
4
4
5
10
10
6
1
-2
-5
-8
-10
-13
-13
-12
-8
-6
-5
-6
-10
-13
-14
-14
-13
-12
-12
-13
-8
-2
3
5
3
0
-4
-4
-1
6
9
9
9
7
6
5
7
6
6
7
6
5
1
-3
-6
-6
-1
6
10
10
9
8
9
9
7
6
5
7
10
13
17
17
16
12
7
2
-5
-8
-8
-7
-4
-4
-4
-3
-5
-7
-5
-2
1
1
1
1
0
-2
-2
-1
2
4
8
9
7
5
6
7
8
7
5
3
4
7
10
10
7
4
2
1
0
-1
-5
-8
-11
-11
-7
-3
1
0
-2
-4
-5
-3
-2
-2
-2
1
3
2
-1
-5
-8
-10
-12
-12
-12
-12
-12
-15
-15
-16
-14
-13
-14
-16
-17
-17
-14
-13
-12
-12
-12
-9
-7
-3
1
1
3
3
4
3
4
4
4
2
1
2
5
7
8
8
8
6
6
4
2
0
-3
-3
0
2
5
5
2
0
1
3
6
9
12
17
20
18
16
10
7
5
5
5
8
11
15
17
20
20
18
15
13
11
10
12
15
19
23
28
29
26
21
16
11
6
1
-2
-6
-11
-16
-20
-21
-19
-16
-12
-9
-5
-2
-4
-8
-12
-15
-16
-13
-9
-7
-5
-3
-1
0
-2
-9
-13
-17
-20
-22
-24
-26
-28
-28
-27
-24
-22
-22
-20
-18
-12
-7
-4
-3
-3
-3
-6
-6
-8
-5
0
2
6
10
12
12
12
10
9
9
10
12
14
14
11
9
7
2
-1
-5
-6
-5
-1
2
6
12
15
16
21
25
28
28
25
23
22
20
16
13
9
6
5
6
5
5
5
4
1
-2
-5
-9
-8
-8
-6
-6
-6
-7
-6
-6
-9
-9
-8
-9
-8
-8
-9
-10
-11
-11
-10
-10
-11
-11
-12
-13
-12
-12
-13
-11
-8
-6
-7
-8
-6
-2
0
0
0
-1
-1
-2
-3
-1
-3
-6
-7
-7
-3
1
5
6
5
2
-2
-2
0
3
2
1
1
2
4
7
9
11
12
11
12
12
10
8
7
8
8
9
7
8
8
7
6
7
7
5
2
0
-1
2
5
7
7
9
9
11
12
11
9
7
5
5
1
-4
-8
-9
-8
-8
-7
-6
-5
-4
-3
-6
-7
-8
-8
-5
-3
-2
-3
-6
-9
-10
-11
-10
-8
-5
-2
2
4
5
4
2
-2
-4
-6
-8
-8
-10
-11
-12
-10
-9
-7
-8
-12
-14
-13
-10
-5
-4
-3
-1
3
5
8
9
7
6
4
2
1
1
1
3
5
5
5
6
6
6
4
1
-1
-2
0
1
0
-2
-3
-2
1
5
5
4
1
0
-1
-2
-1
2
5
8
9
9
10
9
6
1
-2
-5
-7
-5
-4
-2
-2
0
2
4
4
4
4
8
12
19
21
21
21
19
16
11
8
5
3
2
1
-2
-2
0
1
3
1
-1
-2
-4
-3
0
0
-2
-4
-4
-2
0
2
2
1
-2
-6
-7
-9
-10
-11
-13
-14
-13
-10
-7
-6
-8
-9
-13
-17
-18
-18
-17
-14
-11
-9
-6
-7
-8
-11
-10
-10
-8
-6
-5
-5
-6
-8
-9
-8
-7
-5
-3
-5
-5
-6
-5
-4
-3
-1
-2
0
4
8
10
9
5
2
0
0
0
2
2
2
1
2
3
5
7
8
11
15
19
22
20
18
18
18
21
22
21
21
22
23
23
21
13
5
3
1
0
0
0
1
4
5
7
8
7
6
4
3
2
3
4
4
3
0
-3
-6
-7
-8
-9
-10
-7
