0
0
0
1
1
0
1
0
0
0
0
0
0
0
1
0
1
0
0
0
1
0
0
0
0
0
0
0
-1
-1
0
0
0
0
0
-1
-1
0
0
0
-1
1
0
0
-1
0
0
0
0
0
0
0
0
0
0
0
0
0
0
0
0
0
0
0
-1
0
0
0
0
-1
0
0
-1
0
-1
-1
0
0
0
0
-1
0
0
1
0
0
1
0
0
1
0
1
0
0
0
-1
0
0
0
1
0
0
1
1
1
1
0
0
1
1
0
0
0
0
1
0
1
0
0
0
0
0
0
1
0
0
0
0
0
0
-1
0
0
0
0
1
0
0
0
0
0
0
0
0
0
0
-1
0
-1
-1
-1
-1
-1
-1
-1
-1
-1
0
-1
0
-1
-1
0
0
-1
-1
-1
0
0
0
0
-1
0
0
0
-1
0
0
0
0
1
1
0
1
1
1
1
1
1
1
1
1
1
0
0
0
0
0
1
1
2
1
1
0
1
1
0
1
1
0
1
0
0
1
0
0
1
1
0
-1
0
-1
-1
0
0
-1
-1
0
-2
-1
-2
-2
-2
-3
-3
-2
-3
-4
-2
-2
-3
-3
-5
-4
-5
-4
-4
-4
-5
-4
-5
-5
-4
-5
-5
-4
-4
-3
-4
-3
-3
-2
0
-1
-1
0
0
2
3
3
4
3
4
5
6
6
6
7
6
7
8
8
8
8
8
8
8
8
7
7
6
7
7
6
6
4
3
4
3
3
2
2
1
0
-1
-2
-4
-4
-5
-6
-6
-7
-8
-8
-9
-10
-11
-14
-14
-15
-15
-16
-15
-17
-18
-18
-19
-19
-20
-20
-20
-18
-16
-16
-17
-16
-16
-14
-13
-12
-10
-9
-7
-7
-6
-5
-3
-1
2
5
8
9
10
11
14
16
19
21
24
26
29
32
35
37
40
42
44
46
49
51
53
57
60
62
63
62
64
65
67
69
69
68
66
64
63
59
54
48
42
35
28
21
15
8
0
-8
-18
-26
-34
-43
-50
-57
-62
-70
-77
-84
-88
-91
-96
-99
-103
-108
-112
-114
-113
-110
-107
-104
-102
-101
-100
-98
-95
-90
-85
-80
-77
-74
-71
-67
-64
-59
-55
-49
-44
-38
-33
-27
-21
-13
-5
4
14
23
32
40
49
57
66
75
84
93
100
107
114
119
129
135
141
145
149
152
154
156
158
159
158
159
158
158
155
152
147
141
134
125
117
108
100
93
84
73
59
47
37
26
15
4
-5
-16
-27
-35
-45
-54
-71
-87
-102
-117
-131
-144
-156
-170
-187
-211
-250
-299
-343
-368
-372
-373
-377
-382
-380
-371
-350
-314
-266
-221
-189
-158
-118
-71
-29
4
32
57
79
100
123
148
166
178
191
200
204
201
198
193
182
158
129
96
63
32
6
-19
-44
-74
-106
-135
-152
-149
-123
-83
-44
-3
41
89
136
187
244
294
329
345
360
374
384
382
380
378
375
362
345
337
332
323
305
284
256
223
188
156
132
104
65
18
-21
-44
-59
-71
-85
-102
-118
-127
-124
-119
-115
-109
-108
-116
-131
-149
-170
-198
-245
-319
-424
-535
-624
-675
-694
-704
-723
-739
-738
-704
-633
-529
-425
-357
-319
-278
-208
-124
-52
-4
26
51
77
112
157
206
243
265
290
326
359
384
405
419
415
389
352
310
261
208
156
106
57
2
-42
-66
-68
-63
-62
-61
-58
-49
-45
-68
-118
-167
-178
-155
-129
-100
-60
-5
55
130
236
352
442
481
507
547
592
605
580
541
495
435
367
314
285
263
243
230
227
225
222
223
234
250
254
229
177
117
71
34
-4
-55
-106
-137
-142
-130
-117
-93
-69
-56
-56
-51
-41
-64
-152
-322
-540
-761
-945
-1094
-1221
-1323
-1406
-1462
-1470
-1402
-1259
-1081
-908
-758
-616
-467
-303
-144
-7
95
149
176
209
263
320
366
414
468
528
584
641
706
772
816
819
790
736
653
542
417
294
160
18
-117
-223
-286
-304
-288
-254
-211
-156
-84
1
82
136
138
84
-28
-141
-199
-184
-153
-143
-125
-76
21
142
303
480
639
746
802
852
882
873
795
688
583
473
350
232
155
112
88
81
102
139
179
224
278
321
336
310
250
180
113
47
-15
-77
-128
-155
-146
-107
-50
26
127
214
261
290
298
286
233
147
-9
-295
-706
-1132
-1422
-1592
-1743
-1948
-2126
-2207
-2203
-2111
-1903
-1582
-1297
-1122
-987
-782
-515
-287
-132
-19
72
129
184
289
425
520
574
673
837
990
1092
1184
1290
1356
1335
1261
1175
1050
868
649
444
258
55
-155
-324
-429
-475
-476
-437
-379
-313
-226
-102
20
101
144
152
113
9
-128
-227
-281
-317
-322
-251
-120
23
176
374
613
813
971
1089
1153
1162
1098
1014
897
728
540
347
178
42
-36
-50
-39
-8
59
150
236
296
334
366
360
299
222
144
58
-54
-153
-201
-221
-212
-154
-49
79
221
368
490
572
619
637
615
553
425
154
-306
-894
-1438
-1832
-2126
-2397
-2652
-2841
-2936
-2911
-2691
-2312
-1924
-1636
-1424
-1199
-934
-643
-357
-125
9
60
114
225
376
511
629
774
958
1166
1355
1523
1673
1791
1850
1829
1740
1594
1382
1109
816
533
245
-55
-336
-545
-672
-726
-712
-645
-556
-460
-320
-134
28
118
153
167
167
142
97
6
-126
-264
-327
-300
-211
-85
71
257
435
646
881
1089
1209
1236
1229
1171
1047
870
664
449
235
66
-55
-156
-226
-235
-176
-76
44
165
262
328
372
399
395
332
223
117
36
-42
-116
-156
-162
-127
-33
118
289
456
614
758
871
945
978
947
848
674
404
-16
-618
-1314
-1983
-2503
-2876
-3149
-3359
-3524
-3580
-3484
-3200
-2789
-2355
-1980
-1690
-1421
-1124
-783
-443
-176
-11
75
161
306
505
734
950
1157
1388
1649
1907
2125
2297
2409
2440
2380
2231
1999
1686
1321
938
561
194
-161
-486
-747
-912
-971
-933
-828
-705
-574
-436
-278
-131
-30
21
21
-13
-62
-121
-215
-327
-383
-337
-194
-18
187
414
651
897
1133
1381
1563
1616
1564
1451
1305
1097
846
578
301
58
-127
-247
-326
-356
-320
-249
-148
-39
60
125
149
158
159
134
49
-74
-177
-245
-284
-293
-252
-167
-45
127
335
549
739
903
1024
1103
1143
1120
1010
826
619
435
250
23
-304
-793
-1437
-2119
-2631
-2919
-3102
-3306
-3524
-3646
-3646
-3510
-3234
-2873
-2521
-2253
-2004
-1696
-1314
-898
-505
-160
109
332
584
895
1220
1485
1694
1891
2095
2287
2410
2460
2473
2475
2421
2279
2065
1796
1488
1152
824
510
190
-129
-421
-631
-756
-817
-829
-815
-800
-774
-686
-541
-428
-400
-422
-427
-431
-448
-430
-354
-231
-107
62
297
563
827
1080
1353
1585
1738
1801
1789
1706
1554
1381
1171
906
619
356
139
-46
-158
-201
-226
-247
-247
-196
-124
-65
-37
-31
-37
-88
-167
-255
-326
-376
-402
-383
-336
-248
-94
107
331
574
828
1038
1174
1260
1304
1275
1148
963
772
560
290
-48
-448
-980
-1679
-2394
-2939
-3259
-3492
-3730
-3945
-4069
-4055
-3908
-3612
-3235
-2866
-2563
-2273
-1921
-1518
-1097
-683
-295
42
322
614
959
1331
1660
1910
2141
2399
2647
2802
2867
2903
2894
2810
2641
2409
2121
1780
1418
1050
696
331
-25
-326
-553
-715
-811
-834
-819
-816
-821
-778
-688
-627
-621
-636
-630
-611
-605
-577
-493
-357
-194
12
272
564
862
1138
1392
1604
1768
1873
1895
1830
1706
1547
1335
1058
781
547
333
137
3
-60
-102
-130
-133
-103
-61
-36
-40
-64
-83
-122
-186
-253
-320
-374
-393
-373
-328
-231
-57
160
398
649
903
1110
1232
1300
1308
1238
1072
836
605
385
159
-126
-485
-965
-1605
-2315
-2960
-3404
-3692
-3951
-4244
-4509
-4585
-4497
-4271
-3933
-3552
-3172
-2827
-2414
-1923
-1416
-924
-484
-56
329
684
1050
1442
1820
2093
2321
2576
2842
3040
3130
3174
3186
3169
3086
2918
2663
2329
1967
1587
1210
824
407
12
-326
-580
-770
-896
-962
-1007
-1029
-1028
-982
-916
-884
-885
-895
-877
-847
-792
-682
-515
-295
-30
289
623
945
1260
1551
1814
2027
2171
2221
2164
2025
1830
1614
1359
1073
798
543
327
146
29
-47
-103
-137
-153
-146
-144
-158
-187
-235
-298
-377
-459
-540
-601
-615
-567
-461
-311
-109
126
379
639
889
1094
1225
1280
1270
1214
1104
929
701
446
187
-77
-366
-760
-1356
-2117
-2882
-3463
-3827
-4128
-4477
-4843
-5069
-5078
-4910
-4590
-4196
-3786
-3375
-2913
-2350
-1746
-1162
-632
-157
266
648
1052
1481
1871
2163
2385
2652
2967
3254
3426
3501
3545
3583
3581
3480
3257
2931
2554
2164
1766
1349
886
400
-55
-429
-705
-896
-1014
-1092
-1161
-1214
-1212
-1152
-1089
-1090
-1158
-1218
-1199
-1095
-952
-808
-627
-367
-30
355
749
1149
1517
1832
2114
2362
2531
2551
2436
2250
2033
1787
1483
1148
820
542
325
164
59
-22
-77
-111
-119
-103
-113
-178
-303
-449
-570
-666
-749
-819
-826
-753
-614
-435
-221
9
243
492
759
1020
1220
1317
1315
1252
1151
999
805
585
338
34
-342
-826
-1457
-2208
-2976
-3597
-4038
-4421
-4836
-5231
-5429
-5391
-5183
-4827
-4381
-3913
-3472
-3004
-2456
-1874
-1308
-787
-298
149
550
943
1355
1766
2104
2387
2697
3053
3388
3618
3765
3878
3962
3974
3865
3640
3314
2925
2501
2057
1604
1118
622
157
-227
-525
-746
-893
-994
-1090
-1203
-1288
-1305
-1315
-1401
-1534
-1589
-1526
-1413
-1295
-1137
-883
-543
-145
304
806
1298
1705
2044
2338
2575
2700
2674
2524
2298
2062
1806
1494
1158
872
659
487
364
299
260
208
135
75
28
-50
-216
-441
-649
-815
-947
-1050
-1093
-1067
-975
-822
-617
-339
-4
338
633
873
1082
1237
1303
1264
1174
1057
909
730
509
272
-2
-334
-799
-1467
-2273
-3033
-3579
-3994
-4440
-4930
-5323
-5464
-5378
-5124
-4782
-4412
-4008
-3552
-3010
-2423
-1842
-1274
-732
-236
178
566
993
1434
1819
2114
2406
2753
3137
3468
3682
3830
3966
4093
4131
4022
3784
3459
3094
2689
2243
1749
1219
700
222
-188
-520
-756
-911
-1053
-1218
-1375
-1493
-1609
-1740
-1836
-1863
-1847
-1822
-1736
-1549
-1263
-920
-510
4
541
1024
1449
1858
2219
2480
2656
2702
2616
2443
2229
1969
1668
1408
1188
990
823
709
644
594
534
440
334
201
-11
-284
-542
-741
-898
-1003
-1065
-1111
-1134
-1112
-1016
-834
-560
-239
76
380
664
910
1099
1219
1254
1220
1120
948
742
531
307
26
-333
-809
-1463
-2209
-2877
-3377
-3775
-4186
-4603
-4924
-5031
-4936
-4718
-4443
-4141
-3804
-3433
-2979
-2458
-1932
-1432
-951
-489
-56
379
828
1266
1658
2001
2338
2717
3108
3418
3602
3716
3829
3930
3943
3825
3599
3294
2957
2602
2221
1796
1328
850
410
36
-269
-507
-688
-862
-1056
-1280
-1510
-1708
-1853
-1959
-2050
-2092
-2046
-1893
-1655
-1363
-1003
-558
-67
404
845
1278
1670
1977
2211
2361
2411
2372
2265
2102
1907
1732
1568
1395
1256
1162
1102
1046
989
908
782
607
364
70
-230
-504
-750
-942
-1053
-1118
-1160
-1162
-1108
-994
-816
-567
-261
53
341
590
791
936
1016
1056
1066
1027
908
722
537
333
63
-318
-848
-1489
-2151
-2721
-3188
-3635
-4100
-4534
-4811
-4877
-4782
-4600
-4373
-4088
-3755
-3360
-2893
-2389
-1885
-1405
-947
-511
-81
360
777
1154
1498
1844
2230
2646
3034
3331
3539
3713
3873
3986
3982
3845
3607
3318
2995
2635
2237
1794
1316
834
400
43
-251
-501
-722
-956
-1259
-1571
-1784
-1887
-1970
-2086
-2158
-2131
-2024
-1853
-1609
-1241
-807
-381
62
534
1007
1400
1743
2055
2268
2388
2440
2406
2261
2116
2021
1885
1714
1573
1479
1364
1237
1147
1038
876
631
321
9
-281
-560
-817
-992
-1109
-1208
-1289
-1322
-1305
-1239
-1067
-803
-490
-163
138
403
639
859
1028
1124
1137
1058
941
816
677
490
276
32
-349
-905
-1571
-2203
-2701
-3105
-3533
-4055
-4547
-4812
-4832
-4711
-4527
-4297
-4026
-3674
-3199
-2667
-2145
-1641
-1148
-669
-231
168
554
954
1341
1658
1971
2358
2789
3152
3389
3551
3699
3848
3945
3914
3747
3486
3196
2886
2528
2089
1582
1072
602
175
-190
-479
-714
-928
-1131
-1399
-1738
-2012
-2129
-2163
-2232
-2284
-2212
-2025
-1779
-1511
-1146
-630
-118
296
701
1186
1613
1899
2154
2350
2434
2425
2370
2222
2047
1944
1827
1672
1537
1467
1378
1234
1085
929
767
520
169
-193
-463
-668
-876
-1030
-1126
-1209
-1301
-1360
-1328
-1199
-961
-674
-372
-36
310
617
839
986
1105
1201
1231
1150
1016
899
775
591
376
72
-512
-1355
-2164
-2723
-3109
-3550
-4101
-4655
-5009
-5077
-4956
-4717
-4440
-4138
-3802
-3361
-2775
-2190
-1681
-1228
-799
-392
-24
371
786
1165
1468
1757
2175
2705
3188
3484
3666
3856
4048
4188
4192
4037
3729
3340
2953
2576
2166
1651
1083
557
104
-274
-559
-732
-909
-1222
-1602
-1889
-2025
-2121
-2257
-2403
-2449
-2338
-2113
-1833
-1501
-1070
-603
-123
424
996
1498
1886
2211
2475
2684
2820
2790
2587
2367
2234
2094
1919
1778
1661
1529
1394
1284
1169
1001
729
369
16
-258
-490
-733
-971
-1185
-1356
-1460
-1516
-1517
-1424
-1243
-990
-682
-329
30
344
620
862
1061
1187
1219
1134
988
854
687
451
163
-152
-605
-1287
-2044
-2678
-3127
-3495
-3905
-4354
-4729
-4881
-4827
-4671
-4462
-4237
-3963
-3592
-3090
-2546
-2063
-1616
-1161
-691
-241
188
641
1095
1505
1854
2240
2707
3164
3511
3721
3865
4002
4123
4158
4045
3793
3450
3090
2737
2353
1895
1374
886
464
80
-254
-511
-772
-1153
-1595
-1926
-2100
-2227
-2388
-2522
-2545
-2409
-2161
-1844
-1448
-980
-503
-36
494
1039
1486
1824
2094
2315
2492
2628
2625
2456
2289
2197
2109
1980
1875
1790
1673
1537
1400
1266
1093
825
456
78
-237
-514
-778
-1012
-1222
-1398
-1493
-1513
-1479
-1368
-1157
-869
-536
-193
123
385
615
815
993
1142
1214
1165
1010
856
708
536
343
101
-324
-1062
-1952
-2715
-3224
-3602
-4084
-4701
-5266
-5525
-5461
-5247
-4984
-4714
-4403
-3994
-3432
-2776
-2177
-1656
-1160
-652
-155
299
759
1211
1596
1896
2249
2755
3305
3722
3945
4095
4287
4507
4644
4585
4339
3957
3535
3135
2716
2211
1609
1008
462
-26
-427
-723
-971
-1291
-1684
-2033
-2245
-2357
-2477
-2611
-2687
-2611
-2380
-2074
-1698
-1257
-745
-239
266
831
1371
1815
2140
2412
2654
2815
2847
2698
2504
2372
2270
2134
1966
1831
1687
1549
1423
1293
1135
887
559
194
-93
-322
-588
-885
-1170
-1386
-1544
-1633
-1659
-1597
-1412
-1147
-808
-407
30
417
733
996
1185
1307
1318
1252
1126
994
878
702
460
148
-288
-969
-1836
-2644
-3265
-3751
-4269
-4882
-5448
-5787
-5827
-5669
-5423
-5139
-4839
-4448
-3913
-3251
-2600
-2013
-1429
-864
-335
149
642
1156
1618
2009
2395
2878
3408
3848
4150
4366
4579
4785
4927
4914
4715
4375
3967
3551
3105
2581
1963
1317
727
198
-264
-629
-925
-1286
-1754
-2149
-2365
-2487
-2647
-2831
-2923
-2862
-2648
-2368
-2024
-1557
-1035
-522
36
704
1312
1767
2167
2518
2814
3040
3155
3056
2866
2756
2645
2467
2265
2107
1941
1772
1638
1505
1344
1069
648
199
-109
-315
-546
-805
-1073
-1352
-1597
-1746
-1796
-1747
-1553
-1270
-922
-505
-89
253
538
846
1138
1369
1508
1495
1364
1182
994
746
422
43
-542
-1397
-2346
-3167
-3785
-4314
-4859
-5453
-5968
-6186
-6112
-5887
-5603
-5293
-4921
-4445
-3821
-3151
-2560
-2023
-1507
-986
-467
58
603
1141
1644
2094
2602
3219
3837
4315
4627
4876
5103
5290
5362
5221
4888
4450
3992
3525
3022
2436
1763
1108
541
54
-357
-684
-939
-1287
-1808
-2314
-2625
-2786
-2949
-3153
-3285
-3209
-2928
-2529
-2114
-1551
-865
-245
383
1100
1815
2282
2624
2944
3135
3228
3205
3026
2699
2486
2400
2248
2066
1912
1810
1706
1638
1576
1450
1232
839
380
17
-251
-582
-1003
-1391
-1711
-1901
-1952
-1910
-1770
-1501
-1110
-684
-206
316
765
1094
1337
1528
1636
1647
1531
1281
1008
780
483
21
-617
-1442
-2405
-3256
-3799
-4218
-4761
-5369
-5799
-5933
-5842
-5627
-5357
-5057
-4716
-4328
-3837
-3234
-2631
-2099
-1599
-1085
-564
-11
586
1149
1640
2091
2598
3202
3827
4311
4577
4776
4997
5160
5174
5023
4726
4293
3805
3311
2801
2257
1663
1049
471
-8
-373
-709
-1131
-1654
-2132
-2426
-2596
-2816
-3126
-3336
-3321
-3113
-2840
-2494
-1996
-1452
-906
-258
572
1328
1858
2299
2729
3093
3296
3383
3259
2997
2796
2668
2505
2260
2068
1915
1769
1677
1639
1570
1339
971
605
368
184
-102
-495
-929
-1337
-1666
-1874
-1958
-1929
-1756
-1453
-1062
-581
-88
328
702
1084
1434
1685
1796
1731
1522
1273
1037
673
131
-631
-1648
-2738
-3606
-4091
-4489
-5020
-5561
-5867
-5814
-5557
-5174
-4760
-4393
-4042
-3652
-3141
-2625
-2189
-1826
-1485
-1111
-712
-231
316
857
1357
1839
2432
3151
3849
4354
4646
4883
5112
5249
5183
4895
4428
3845
3271
2724
2180
1595
999
446
-29
-347
-573
-807
-1117
-1492
-1834
-2071
-2219
-2441
-2757
-3002
-3068
-2974
-2800
-2538
-2161
-1696
-1126
-444
363
1154
1778
2303
2807
3253
3486
3529
3409
3134
2867
2666
2468
2175
1908
1729
1574
1471
1416
1341
1142
880
651
488
363
147
-196
-612
-996
-1312
-1534
-1649
-1688
-1603
-1385
-1050
-665
-250
186
603
1028
1451
1796
1978
1953
1789
1566
1274
804
4
-1057
-2234
-3314
-4129
-4701
-5184
-5731
-6131
-6177
-5893
-5459
-4984
-4449
-3944
-3464
-2950
-2408
-1927
-1585
-1327
-1106
-870
-543
-124
341
781
1235
1813
2545
3347
4031
4528
4879
5156
5374
5422
5234
4812
4254
3628
2969
2329
1681
1023
384
-161
-558
-789
-881
-1019
-1300
-1636
-1891
-2058
-2235
-2474
-2763
-2992
-3048
-2951
-2756
-2439
-2011
-1521
-943
-195
632
1342
1931
2460
2930
3302
3526
3532
3311
3009
2711
2430
2159
1915
1709
1542
1463
1451
1468
1427
1242
949
670
467
250
-26
-347
-709
-1048
-1297
-1477
-1600
-1595
-1440
-1145
-718
-228
223
596
926
1217
1454
1645
1727
1625
1379
1084
702
151
-604
-1581
-2631
-3503
-4106
-4579
-5066
-5507
-5743
-5690
-5423
-5038
-4597
-4134
-3677
-3232
-2750
-2244
-1805
-1441
-1119
-832
-545
-169
306
781
1204
1652
2223
2907
3580
4117
4488
4763
4981
5091
5015
4741
4307
3755
3161
2559
1952
1356
783
247
-233
-576
-766
-935
-1184
-1504
-1796
-1988
-2141
-2362
-2638
-2860
-2946
-2919
-2801
-2568
-2228
-1792
-1269
-630
131
888
1524
2043
2531
2963
3237
3316
3211
2991
2756
2528
2264
1981
1752
1574
1453
1415
1443
1454
1345
1120
846
603
375
88
-244
-567
-846
-1091
-1290
-1449
-1537
-1473
-1241
-876
-437
0
376
692
999
1298
1537
1666
1664
1548
1381
1158
766
129
-766
-1823
-2842
-3658
-4269
-4840
-5407
-5835
-5987
-5839
-5515
-5093
-4629
-4171
-3721
-3234
-2688
-2162
-1723
-1382
-1094
-803
-457
-25
443
878
1294
1797
2438
3139
3770
4247
4608
4913
5161
5261
5132
4798
4309
3729
3129
2529
1920
1288
663
102
-338
-628
-838
-1073
-1388
-1704
-1945
-2124
-2293
-2485
-2683
-2811
-2820
-2708
-2481
-2148
-1740
-1290
-728
-36
682
1312
1850
2319
2703
3016
3209
3214
3067
2862
2647
2412
2201
2019
1818
1639
1525
1498
1490
1420
1235
946
656
369
77
-226
-522
-808
-1063
-1238
-1352
-1394
-1335
-1158
-872
-481
-41
326
608
858
1109
1345
1536
1611
1522
1317
1056
715
262
-361
-1233
-2323
-3380
-4130
-4650
-5145
-5692
-6140
-6281
-6135
-5794
-5383
-4948
-4493
-4031
-3473
-2838
-2226
-1723
-1315
-931
-561
-134
365
884
1363
1787
2259
2858
3563
4187
4593
4868
5117
5320
5374
5228
4879
4364
3772
3169
2576
1960
1313
665
72
-391
-704
-927
-1175
-1514
-1880
-2164
-2323
-2482
-2712
-2937
-3056
-3020
-2867
-2593
-2191
-1715
-1190
-591
154
958
1640
2172
2646
3089
3405
3548
3533
3341
3048
2773
2529
2254
1980
1767
1604
1497
1484
1540
1512
1320
1018
700
395
62
-304
-636
-907
-1150
-1363
-1502
-1571
-1533
-1345
-1005
-569
-96
355
729
1072
1393
1632
1699
1594
1392
1112
788
379
-235
-1104
-2130
-3120
-3934
-4545
-5044
-5545
-5981
-6195
-6136
-5898
-5559
-5134
-4660
-4190
-3708
-3167
-2615
-2127
-1725
-1353
-954
-514
-9
548
1081
1568
2110
2773
3493
4138
4627
4983
5245
5432
5499
5371
5039
4554
3976
3348
2728
2130
1517
887
298
-181
-526
-762
-970
-1244
-1596
-1936
-2186
-2384
-2616
-2886
-3097
-3173
-3086
-2871
-2544
-2109
-1573
-937
-224
578
1376
2062
2607
3085
3506
3756
3807
3663
3390
3064
2750
2459
2163
1898
1704
1589
1542
1547
1544
1448
1237
947
635
317
-69
-499
-876
-1139
-1317
-1450
-1534
-1561
-1490
-1252
-859
-393
108
591
991
1307
1556
1744
1819
1740
1534
1206
798
302
-361
-1259
-2339
-3385
-4259
-4932
-5540
-6142
-6625
-6845
-6741
-6464
-6098
-5675
-5188
-4672
-4139
-3556
-2976
-2425
-1934
-1480
-1022
-529
41
673
1295
1851
2434
3143
3913
4590
5100
5482
5770
5964
6023
5857
5481
4965
4358
3701
3010
2333
1659
989
370
-158
-548
-820
-1028
-1225
-1569
-2082
-2565
-2836
-3014
-3252
-3505
-3652
-3561
-3242
-2762
-2246
-1561
-720
82
901
1851
2771
3306
3683
4023
4168
4114
3941
3621
3116
2732
2513
2262
1990
1831
1769
1715
1740
1770
1717
1549
1187
727
329
-40
-548
-1100
-1506
-1806
-2018
-2067
-1984
-1810
-1413
-792
-178
393
960
1431
1762
2010
2186
2188
2007
1699
1243
688
11
-929
-2097
-3270
-4259
-5093
-5816
-6429
-6943
-7264
-7315
-7106
-6758
-6341
-5846
-5340
-4796
-4204
-3621
-3056
-2519
-2022
-1568
-1065
-448
225
906
1584
2286
3038
3872
4688
5307
5781
6173
6414
6476
6364
6066
5548
4903
4217
3482
2724
1983
1277
606
36
-424
-770
-1002
-1292
-1713
-2186
-2537
-2772
-3042
-3355
-3633
-3768
-3707
-3472
-3121
-2617
-1959
-1218
-419
520
1512
2347
2992
3521
3972
4248
4332
4211
3881
3494
3143
2800
2424
2118
1933
1817
1776
1810
1869
1792
1548
1195
805
443
7
-519
-1025
-1412
-1655
-1804
-1871
-1856
-1704
-1357
-876
-351
202
764
1197
1524
1802
2010
2083
1996
1809
1482
1042
423
-443
-1532
-2739
-3850
-4784
-5482
-6093
-6720
-7184
-7311
-7085
-6698
-6266
-5770
-5230
-4686
-4122
-3528
-2945
-2412
-1950
-1520
-1059
-534
74
738
1366
1970
2640
3418
4236
4940
5479
5879
6165
6322
6304
6040
5551
4944
4257
3517
2759
2024
1323
634
29
-452
-794
-1034
-1205
-1433
-1881
-2410
-2803
-3039
-3273
-3558
-3801
-3876
-3721
-3336
-2865
-2252
-1403
-519
331
1266
2305
3058
3529
3973
4246
4288
4166
3898
3389
2883
2587
2321
2018
1793
1722
1668
1681
1762
1779
1741
1536
1124
662
256
-256
-906
-1426
-1776
-2023
-2119
-2037
-1900
-1662
-1155
-532
77
727
1342
1797
2100
2336
2405
2257
1989
1592
1035
289
-686
-1877
-3085
-4079
-4908
-5627
-6204
-6598
-6766
-6709
-6419
-6014
-5544
-5008
-4487
-3992
-3491
-3012
-2605
-2223
-1842
-1504
-1138
-641
-36
579
1230
1979
2761
3568
4360
5004
5491
5882
6136
6142
5928
5551
4997
4309
3577
2844
2104
1401
770
192
-275
-625
-865
-1023
-1265
-1670
-2130
-2477
-2732
-3000
-3273
-3501
-3614
-3547
-3280
-2893
-2355
-1669
-927
-127
788
1701
2447
3049
3514
3819
3967
3976
3772
3375
2986
2663
2343
2047
1853
1727
1656
1674
1717
1739
1664
1436
1101
737
354
-122
-651
-1125
-1505
-1766
-1882
-1881
-1812
-1574
-1136
-600
5
654
1244
1676
1963
2170
2265
2214
2049
1748
1284
637
-228
-1311
-2443
-3444
-4314
-5068
-5708
-6212
-6504
-6558
-6388
-6066
-5645
-5154
-4645
-4141
-3628
-3142
-2711
-2294
-1901
-1533
-1161
-733
-204
376
993
1655
2383
3165
3920
4554
5062
5498
5801
5902
5818
5541
5084
4499
3838
3132
2394
1680
1021
421
-84
-481
-771
-979
-1135
-1367
-1772
-2228
-2584
-2848
-3124
-3415
-3632
-3680
-3518
-3189
-2762
-2159
-1347
-506
312
1232
2189
2894
3375
3777
4005
4008
3845
3523
3048
2601
2297
2023
1747
1579
1529
1504
1544
1635
1682
1650
1436
1035
597
179
-330
-909
-1376
-1692
-1904
-1987
-1904
-1727
-1434
-927
-338
234
851
1436
1863
2145
2351
2439
2333
2040
1602
1010
215
-787
-1959
-3087
-3973
-4693
-5352
-5926
-6320
-6465
-6324
-5998
-5583
-5099
-4593
-4099
-3628
-3153
-2699
-2333
-2007
-1663
-1340
-996
-513
63
636
1239
1919
2690
3499
4234
4816
5239
5590
5840
5861
5657
5264
4707
4034
3321
2606
1890
1210
589
49
-384
-692
-897
-1023
-1203
-1593
-2043
-2327
-2502
-2767
-3100
-3378
-3509
-3445
-3189
-2867
-2425
-1737
-957
-185
694
1699
2464
2980
3464
3844
4009
3957
3764
3339
2874
2558
2234
1844
1560
1457
1390
1401
1507
1606
1621
1478
1188
840
522
88
-546
-1119
-1501
-1781
-1930
-1888
-1784
-1618
-1210
-641
-60
554
1179
1631
1882
2109
2263
2199
1968
1627
1119
418
-505
-1640
-2809
-3781
-4585
-5305
-5908
-6351
-6553
-6489
-6191
-5797
-5335
-4774
-4221
-3739
-3277
-2840
-2476
-2137
-1784
-1467
-1180
-780
-258
292
872
1549
2309
3100
3876
4529
5033
5456
5773
5871
5722
5398
4915
4301
3621
2914
2189
1504
897
351
-109
-458
-690
-836
-1004
-1274
-1610
-1891
-2128
-2436
-2749
-2977
-3120
-3159
-3038
-2765
-2372
-1808
-1123
-386
437
1307
2070
2662
3202
3649
3877
3933
3826
3531
3162
2827
2482
2117
1861
1711
1565
1470
1496
1540
1509
1399
1183
886
550
128
-364
-824
-1172
-1450
-1663
-1742
-1733
-1627
-1354
-913
-414
127
682
1127
1454
1726
1955
2036
1955
1753
1414
927
214
-782
-1955
-3082
-4035
-4827
-5526
-6171
-6663
-6866
-6769
-6470
-6062
-5574
-5019
-4496
-3980
-3450
-2968
-2520
-2123
-1774
-1449
-1075
-587
-34
522
1097
1772
2541
3357
4112
4711
5211
5638
5935
6043
5921
5582
5077
4464
3779
3052
2322
1633
981
368
-118
-466
-721
-899
-1164
-1585
-1987
-2262
-2478
-2733
-2992
-3199
-3278
-3168
-2899
-2564
-2107
-1440
-718
23
900
1806
2463
2990
3516
3899
4081
4066
3877
3505
3116
2839
2543
2224
1997
1845
1711
1681
1710
1700
1632
1410
1049
669
286
-200
-760
-1205
-1498
-1739
-1884
-1893
-1853
-1688
-1261
-705
-142
452
1004
1416
1675
1874
1995
1933
1716
1387
935
297
-583
-1724
-2884
-3826
-4593
-5289
-5966
-6512
-6805
-6797
-6585
-6269
-5836
-5322
-4806
-4342
-3838
-3350
-2929
-2517
-2100
-1714
-1349
-873
-281
319
912
1584
2356
3179
3974
4616
5126
5595
5965
6129
6044
5767
5343
4781
4140
3458
2754
2067
1407
792
259
-167
-501
-716
-900
-1222
-1672
-2076
-2367
-2680
-3007
-3253
-3399
-3404
-3218
-2890
-2480
-1883
-1103
-302
523
1461
2336
2963
3465
3922
4183
4220
4109
3831
3433
3076
2777
2421
2087
1902
1789
1703
1720
1785
1772
1664
1407
1018
622
190
-379
-996
-1483
-1857
-2156
-2266
-2178
-2013
-1710
-1187
-587
19
682
1249
1619
1900
2132
2223
2112
1893
1579
1118
473
-419
-1567
-2788
-3848
-4736
-5477
-6186
-6860
-7324
-7441
-7290
-7032
-6625
-6121
-5620
-5155
-4633
-4075
-3558
-3024
-2504
-2043
-1588
-1019
-348
328
1013
1752
2558
3438
4303
5018
5564
6031
6410
6627
6653
6449
6063
5529
4883
4161
3400
2667
1950
1240
610
90
-329
-679
-982
-1343
-1868
-2455
-2939
-3268
-3522
-3722
-3906
-3949
-3718
-3268
-2706
-2060
-1189
-240
671
1589
2556
3307
3778
4195
4438
4500
4382
4149
3765
3295
2983
2764
2519
2276
2175
2117
2082
2073
1977
1820
1504
1009
462
-73
-659
-1331
-1924
-2337
-2595
-2690
-2536
-2238
-1890
-1316
-586
98
717
1285
1733
1991
2134
2190
2045
1716
1341
972
589
164
-524
-1629
-2855
-3854
-4508
-5037
-5711
-6500
-7137
-7368
-7313
-7184
-6989
-6674
-6295
-5922
-5447
-4867
-4258
-3638
-3049
-2438
-1764
-1008
-197
586
1323
1995
2752
3682
4581
5196
5563
5921
6245
6450
6497
6347
6019
5549
5044
4498
3907
3301
2641
1928
1236
654
175
-261
-702
-1271
-1962
-2640
-3179
-3548
-3818
-4033
-4190
-4135
-3823
-3315
-2713
-1999
-1130
-223
700
1618
2472
3100
3564
3942
4176
4264
4179
3964
3630
3306
3101
2938
2746
2574
2471
2401
2357
2279
2104
1821
1385
844
275
-303
-916
-1560
-2111
-2488
-2705
-2766
-2663
-2442
-2099
-1575
-960
-324
319
913
1387
1707
1907
1973
1843
1581
1269
931
619
347
99
-245
-847
-1756
-2734
-3496
-4010
-4521
-5255
-6060
-6691
-7003
-7121
-7175
-7098
-6865
-6548
-6145
-5507
-4725
-3926
-3149
-2352
-1502
-703
110
934
1637
2203
2753
3393
4060
4603
4961
5228
5489
5740
5945
5991
5876
5652
5328
4954
4503
3979
3376
2648
1855
1106
440
-222
-852
-1537
-2385
-3218
-3783
-4019
-4149
-4240
-4233
-4041
-3591
-2921
-2205
-1501
-662
190
932
1675
2438
2927
3157
3383
3574
3655
3615
3496
3247
3035
3026
3055
2976
2863
2802
2683
2560
2400
2103
1703
1152
468
-213
-776
-1355
-2017
-2556
-2845
-2956
-2923
-2685
-2369
-2007
-1429
-710
-65
498
985
1314
1475
1551
1563
1462
1233
926
581
271
91
-25
-108
-69
-59
-364
-1071
-1969
-2764
-3354
-4017
-4972
-6062
-7052
-7718
-8122
-8244
-8005
-7545
-7000
-6268
-5230
-4038
-2792
-1647
-594
417
1261
1994
2600
2997
3219
3363
3583
3909
4141
4275
4516
4807
5081
5406
5675
5812
5766
5549
5271
4838
4213
3422
2439
1338
222
-866
-1874
-2762
-3545
-4104
-4394
-4495
-4382
-4097
-3655
-3075
-2412
-1680
-942
-266
327
846
1295
1702
1996
2153
2276
2389
2512
2661
2810
2951
3066
3192
3328
3399
3388
3310
3125
2840
2469
2010
1447
757
14
-663
-1269
-1812
-2271
-2601
-2779
-2818
-2710
-2464
-2151
-1809
-1398
-959
-526
-122
197
425
561
642
720
751
704
613
529
482
474
469
470
487
497
510
512
449
358
170
-326
-1221
-2319
-3329
-4172
-4985
-5855
-6666
-7252
-7469
-7405
-7135
-6589
-5789
-4900
-3974
-2918
-1864
-914
-126
544
1121
1537
1894
2177
2328
2426
2627
2955
3326
3679
4024
4457
4891
5246
5572
5765
5748
5503
5085
4533
3815
2960
2018
972
-143
-1152
-1996
-2688
-3213
-3580
-3731
-3651
-3391
-2982
-2516
-2034
-1518
-994
-463
33
435
733
995
1246
1481
1681
1828
2005
2196
2424
2708
2963
3145
3247
3295
3280
3198
3020
2746
2342
1800
1214
593
-64
-734
-1364
-1858
-2225
-2492
-2630
-2653
-2618
-2500
-2281
-2000
-1685
-1368
-1040
-724
-461
-229
-39
73
146
220
314
402
456
486
502
490
467
454
442
408
331
215
84
-80
-286
-513
-735
-991
-1415
-2038
-2704
-3245
-3626
-3940
-4324
-4688
-4896
-4884
-4721
-4474
-4073
-3551
-2989
-2415
-1739
-1047
-407
170
649
1097
1483
1815
2078
2246
2385
2578
2825
3041
3222
3352
3494
3633
3717
3822
3880
3819
3626
3311
2932
2457
1891
1260
613
-53
-695
-1257
-1760
-2120
-2332
-2402
-2330
-2189
-1961
-1645
-1251
-786
-292
178
613
990
1276
1547
1783
1930
2003
2015
2012
1993
1962
1937
1918
1876
1825
1773
1679
1557
1383
1148
873
530
143
-277
-734
-1189
-1572
-1840
-2026
-2162
-2208
-2142
-2020
-1841
-1566
-1246
-915
-587
-287
-19
202
367
497
581
622
638
599
504
389
262
141
21
-103
-193
-261
-337
-436
-565
-717
-878
-1061
-1236
-1372
-1493
-1602
-1694
-1736
-1710
-1652
-1678
-1807
-1967
-2136
-2253
-2360
-2444
-2505
-2538
-2510
-2450
-2281
-1970
-1545
-1146
-752
-293
166
598
978
1316
1626
1839
1966
2019
2019
2000
1971
1963
1943
1934
1897
1885
1892
1877
1892
1877
1808
1660
1475
1275
1006
695
357
47
-271
-534
-722
-834
-857
-801
-640
-404
-105
226
570
884
1169
1423
1618
1760
1824
1807
1745
1631
1487
1326
1173
1069
981
899
837
772
688
598
504
390
246
56
-163
-381
-592
-790
-969
-1110
-1199
-1239
-1226
-1163
-1071
-943
-773
-596
-426
-280
-176
-122
-112
-104
-107
-124
-164
-212
-271
-346
-429
-503
-563
-618
-656
-697
-745
-803
-869
-947
-1036
-1126
-1184
-1214
-1224
-1212
-1180
-1127
-1090
-1042
-987
-898
-795
-666
-529
-399
-259
-156
-121
-191
-299
-425
-533
-650
-784
-910
-1037
-1105
-1156
-1136
-1048
-912
-770
-623
-420
-211
-10
156
306
437
543
638
706
746
797
837
896
957
1036
1138
1240
1360
1468
1593
1684
1736
1763
1768
1764
1709
1623
1504
1363
1212
1070
943
831
749
687
661
660
678
711
739
762
776
777
760
715
672
620
569
512
439
358
268
185
116
62
24
-17
-59
-94
-127
-167
-218
-273
-332
-391
-467
-547
-628
-692
-737
-766
-774
-782
-778
-774
-765
-757
-751
-738
-728
-726
-728
-717
-718
-731
-775
-819
-857
-886
-893
-906
-906
-897
-884
-882
-882
-880
-871
-864
-843
-808
-777
-749
-733
-696
-656
-588
-516
-442
-380
-325
-265
-220
-171
-120
-53
4
51
84
111
133
171
207
243
261
264
256
239
252
277
322
343
353
346
326
294
255
224
190
167
158
175
197
233
261
316
391
477
569
651
740
812
893
963
1023
1066
1089
1102
1108
1113
1111
1106
1096
1100
1098
1098
1089
1067
1031
992
935
861
781
695
600
488
372
254
145
44
-45
-110
-155
-185
-209
-221
-227
-237
-250
-264
-279
-298
-327
-370
-429
-491
-542
-580
-602
-607
-604
-606
-606
-616
-630
-653
-674
-700
-731
-763
-807
-862
-914
-926
-918
-896
-874
-863
-856
-848
-839
-819
-781
-723
-662
-601
-539
-479
-430
-400
-362
-326
-277
-232
-196
-168
-138
-112
-99
-77
-52
-24
-5
19
36
52
71
86
97
119
142
153
159
170
186
200
227
246
261
271
281
280
278
277
271
263
259
259
257
259
259
258
250
242
231
218
206
198
192
185
186
184
186
189
193
193
196
201
204
207
206
206
202
196
189
180
167
155
142
126
112
97
82
68
55
43
32
23
14
8
3
0
-5
-7
-10
-12
-13
-15
-15
-14
-14
-13
-12
-11
-8
-5
-2
1
4
6
9
11
12
15
18
21
22
26
31
35
41
44
46
46
47
49
50
51
52
53
51
48
44
40
36
30
27
24
22
18
14
11
9
7
6
4
3
2
1
-2
-3
-3
-4
-5
-6
-7
-7
-9
-10
-10
-12
-13
-15
-17
-19
-21
-22
-23
-23
-23
-22
-22
-23
-22
-22
-22
-22
-21
-20
-19
-17
-15
-13
-11
-9
-7
-4
-3
-2
-1
0
0
0
0
-1
0
0
0
-1
0
-1
0
1
2
4
4
3
4
3
3
3
3
3
2
1
0
0
-1
-2
-2
-3
-2
-4
-3
-5
-4
-5
-5
-5
-6
-8
-9
-9
-11
-10
-10
-11
-11
-11
-12
-12
-11
-12
-13
-12
-13
-14
-14
-14
-15
-15
-14
-15
-13
-14
-13
-13
-12
-12
-11
-10
-9
-9
-8
-7
-6
-5
-5
-5
-4
-4
-4
-3
-3
-2
-2
-1
-2
-1
0
0
0
0
1
1
2
2
2
2
2
2
2
2
2
2
2
2
2
2
1
2
1
1
1
0
1
2
0
0
1
1
1
1
2
3
2
2
2
3
3
2
3
3
4
3
4
4
3
3
4
3
4
3
3
2
2
2
2
1
0
1
0
0
0
-1
0
-1
-1
-1
-1
-1
-1
-2
-2
-1
-2
-1
-1
-1
-2
-2
-2
-2
-3
-1
-1
-2
-1
-1
-2
-2
-2
-3
-3
-2
-2
-3
-3
-3
-2
-2
-2
-2
-2
-2
-2
-2
-1
-2
-1
-1
-1
-2
-1
-2
-1
0
-1
-1
-1
0
0
-1
0
0
0
0
0
0
0
0
0
1
0
1
1
0
1
0
0
0
1
1
2
1
1
1
1
1
2
1
1
0
1
1
1
0
0
0
0
0
0
-1
0
1
0
1
3
2
3
4
3
3
3
2
3
3
2
1
0
0
0
-1
0
0
-1
0
0
0
-1
-1
-2
-1
-2
-2
-3
-3
-2
-3
-4
-5
-6
-7
-9
-8
-8
-8
-7
-5
-5
-4
-5
-4
-5
-5
-6
-5
-6
-5
-5
-4
-4
-4
-3
-3
-2
-1
0
1
1
2
1
1
1
1
2
0
-1
-1
-2
-2
-1
0
1
2
1
1
-1
-2
-3
-4
-7
-9
-11
-14
-16
-16
-16
-14
-14
-14
-14
-14
-12
-10
-9
-10
-12
-15
-16
-17
-19
-19
-20
-22
-24
-24
-21
-19
-16
-15
-15
-15
-16
-16
-13
-9
-10
-7
-6
-5
-7
-8
-13
-19
-25
-30
-31
-35
-35
-35
-33
-30
-28
-25
-20
-13
-7
-4
-2
-3
-5
-2
-1
-2
-4
-4
0
3
6
8
12
17
20
22
22
26
35
47
61
75
85
93
92
87
78
67
59
55
54
60
69
75
78
81
83
82
81
75
69
65
62
58
50
44
40
41
45
52
56
58
57
57
55
49
42
34
30
28
23
17
7
0
-3
-7
-11
-12
-15
-18
-23
-27
-28
-27
-22
-18
-14
-13
-15
-20
-35
-52
-68
-75
-79
-79
-77
-73
-74
-73
-68
-63
-53
-46
-38
-35
-39
-49
-63
-77
-90
-96
-97
-97
-93
-91
-88
-88
-91
-88
-81
-71
-58
-43
-30
-19
-14
-15
-19
-22
-28
-35
-42
-49
-54
-57
-60
-61
-55
-44
-31
-18
-7
1
7
16
28
41
49
49
45
35
28
22
19
23
27
31
36
42
49
52
54
55
59
63
69
77
86
95
98
95
83
66
48
34
24
17
14
15
19
27
33
42
44
48
50
51
50
51
52
53
53
48
42
33
25
20
18
18
20
21
25
33
37
39
38
34
31
28
26
26
25
20
10
-1
-8
-14
-18
-24
-29
-34
-37
-38
-35
-31
-26
-24
-27
-33
-36
-40
-38
-32
-25
-25
-31
-42
-56
-65
-66
-59
-51
-42
-40
-40
-42
-45
-44
-41
-36
-31
-31
-33
-37
-40
-43
-47
-53
-59
-65
-68
-67
-62
-54
-48
-43
-39
-39
-38
-36
-31
-25
-20
-16
-18
-27
-39
-45
-46
-43
-36
-31
-27
-23
-17
-10
-1
2
3
3
3
11
20
30
40
43
43
41
40
45
51
59
65
67
67
64
63
66
68
70
72
74
80
89
99
105
103
98
88
77
69
65
60
56
54
49
44
41
33
27
25
31
39
46
47
42
32
19
7
-2
-7
-9
-10
-15
-19
-23
-27
-30
-31
-31
-31
-32
-31
-29
-26
-23
-24
-24
-27
-31
-33
-35
-36
-35
-35
-32
-29
-29
-27
-30
-34
-35
-33
-29
-26
-27
-34
-47
-58
-66
-71
-69
-64
-58
-54
-54
-57
-61
-62
-64
-61
-55
-49
-40
-34
-26
-21
-16
-14
-15
-16
-17
-17
-14
-14
-16
-16
-17
-17
-14
-7
5
18
30
39
44
44
41
38
35
33
33
32
34
36
36
36
36
37
39
42
46
51
55
61
64
67
67
63
57
48
40
33
25
19
14
12
10
8
5
-2
-7
-7
-6
-2
6
13
16
16
13
6
-4
-14
-20
-21
-19
-13
-9
-6
-7
-11
-16
-18
-14
-9
-2
1
5
6
5
4
2
-1
-5
-10
-14
-17
-21
-23
-23
-20
-20
-23
-23
-20
-14
-6
2
7
7
3
-7
-16
-24
-27
-22
-14
-9
-6
-7
-10
-17
-22
-25
-26
-24
-17
-13
-11
-8
-3
2
7
11
11
8
3
-1
-5
-7
-5
-3
-2
-2
-5
-11
-13
-12
-9
-5
-1
6
8
7
4
1
-3
-5
-9
-11
-12
-13
-9
-3
1
3
1
3
5
11
14
15
17
14
9
4
2
1
1
3
6
9
14
18
23
25
24
19
17
14
14
20
24
25
23
17
11
6
3
3
3
1
-3
-10
-15
-16
-14
-10
-6
-6
-14
-24
-29
-26
-18
-5
4
4
0
-4
-7
-9
-6
-3
-1
-3
-7
-11
-11
-5
4
12
15
14
7
3
2
6
15
20
23
23
17
10
4
2
4
8
11
13
14
12
12
11
7
5
3
2
4
7
10
9
9
7
3
1
2
5
9
15
15
13
9
0
-4
-6
-5
-4
-3
-1
2
3
4
5
2
-4
-13
-23
-27
-28
-23
-17
-13
-13
-17
-22
-26
-24
-18
-9
-2
-2
-4
-7
-9
-7
-4
-2
-3
-8
-14
-16
-15
-13
-9
-7
-7
-8
-14
-16
-15
-9
-4
-1
-3
-10
-14
-18
-22
-22
-17
-12
-7
-5
-6
-7
-8
-6
-4
-4
-6
-7
-7
-2
5
13
16
18
16
11
7
7
10
17
24
25
19
12
6
4
6
8
10
15
19
26
31
34
32
28
21
15
10
10
12
16
18
19
20
20
17
14
12
12
10
11
11
10
8
6
6
3
1
-3
-7
-8
