0
0
0
0
1
0
0
0
1
0
1
1
0
0
0
0
-1
0
0
1
0
0
0
0
0
0
0
0
0
0
0
0
0
-1
0
0
0
0
0
0
0
0
0
-1
0
1
0
0
0
0
0
0
0
-1
1
0
0
0
1
0
1
0
0
0
0
0
0
0
-1
0
1
0
0
0
1
0
0
0
0
-1
1
1
0
0
1
0
0
0
0
0
0
0
0
-1
0
0
0
0
1
0
0
0
0
0
0
-1
-1
1
0
0
1
0
0
-1
0
-1
1
0
1
0
0
0
0
1
-1
0
0
0
0
0
0
0
0
0
0
0
0
0
0
-1
0
0
0
0
1
0
0
0
0
0
0
0
0
-1
0
0
0
-1
0
0
1
0
-1
0
0
0
0
1
1
1
0
0
-1
0
0
-1
0
0
0
0
-1
0
0
0
0
0
0
1
0
0
0
0
0
1
0
0
0
0
0
0
0
-1
1
-1
0
-1
0
0
0
0
-1
0
0
0
0
0
0
0
0
0
1
0
0
0
0
0
0
0
0
0
0
0
0
0
0
-1
0
0
0
1
0
0
0
0
-1
0
-1
0
1
0
0
1
0
0
0
0
0
0
0
0
0
0
1
-1
0
-1
0
0
-1
0
0
0
0
-1
0
0
0
0
0
1
0
0
0
0
0
0
0
-1
0
1
1
0
0
-1
-2
0
0
2
3
3
3
1
2
4
7
8
8
6
5
3
2
3
2
3
2
-1
-3
-4
-5
-4
-3
-3
-6
-6
-5
-3
-1
0
0
1
2
2
3
3
4
5
5
5
3
2
2
2
2
2
0
-1
0
0
-1
0
-1
-1
-1
0
0
1
0
0
0
0
0
1
2
2
3
3
1
0
-2
1
5
6
1
-8
-18
-26
-21
16
101
175
136
-15
-117
-28
173
280
217
79
-24
-46
-2
73
125
113
36
-72
-141
-136
-86
-40
-23
-36
-96
-194
-247
-192
-65
29
23
-58
-132
-133
-63
26
85
94
60
3
-35
-23
14
44
51
37
-3
-63
-106
-107
-74
-52
-65
-113
-161
-177
-154
-113
-79
-57
-40
-31
-31
-32
-17
13
45
69
70
54
43
53
72
79
65
39
18
8
8
8
3
-6
-15
-24
-31
-30
-22
-15
-12
-13
-11
-6
-1
2
1
3
6
7
1
-5
-3
9
18
4
-30
-58
-60
-42
-29
-27
-24
-28
-48
-83
-94
-77
-37
16
32
-18
-95
-109
-2
155
317
419
340
-249
-1519
-2545
-1936
221
1590
376
-2235
-3562
-2720
-979
294
542
37
-825
-1430
-1281
-404
805
1559
1487
935
432
251
382
1011
2019
2561
1987
656
-312
-248
583
1351
1361
634
-289
-877
-956
-592
3
377
262
-147
-474
-547
-402
49
702
1170
1164
795
530
704
1266
1843
2035
1773
1302
922
684
496
391
406
426
228
-164
-624
-961
-1007
-799
-640
-813
-1141
-1281
-1083
-686
-314
-108
-37
19
153
346
537
747
955
1092
1095
997
862
738
676
669
608
403
130
-49
-60
2
-13
-167
-414
-615
-657
-552
-396
-307
-351
-498
-638
-632
-434
-138
117
132
-89
-281
-154
244
498
479
339
333
466
518
497
443
459
432
214
-87
-703
-2204
-4452
-5593
-3903
-812
178
-2286
-5736
-6804
-4928
-1897
47
9
-1144
-2186
-2101
-896
839
2266
2635
2196
1594
1353
1567
2138
3014
3641
3421
2249
821
132
457
1300
1706
1169
11
-1060
-1439
-1104
-442
-4
-147
-616
-958
-894
-515
-30
503
929
1138
1099
1005
1138
1559
2118
2467
2393
1990
1529
1295
1328
1467
1440
1082
473
-161
-566
-712
-803
-1046
-1445
-1754
-1812
-1763
-1779
-1799
-1611
-1232
-831
-559
-414
-246
42
469
890
1151
1208
1159
1189
1325
1449
1408
1156
844
613
476
348
157
-57
-261
-462
-676
-865
-943
-895
-792
-746
-768
-768
-681
-490
-292
-148
-109
-113
-35
129
315
433
491
457
382
384
419
449
532
635
578
337
191
349
670
835
605
18
-1271
-3622
-5856
-5594
-2211
858
-65
-4197
-7325
-6744
-3622
-539
619
-241
-1908
-2850
-2125
-136
1992
3062
2760
1897
1368
1526
2120
2982
3896
4154
3336
1807
579
402
1138
1978
1946
843
-651
-1622
-1629
-965
-217
-14
-510
-1214
-1501
-1168
-524
128
601
808
808
760
902
1358
2012
2545
2653
2367
1936
1649
1628
1793
1899
1634
950
104
-523
-736
-736
-904
-1355
-1861
-2178
-2222
-2035
-1770
-1546
-1376
-1223
-1039
-781
-449
-60
364
709
897
952
1024
1222
1471
1618
1546
1309
1018
744
559
461
396
254
-42
-422
-762
-951
-989
-921
-837
-822
-873
-964
-984
-848
-592
-366
-242
-172
-120
-62
81
340
595
641
541
538
707
823
681
508
536
740
847
747
592
472
585
903
898
-811
-4782
-8231
-7010
-1217
2984
771
-5501
-9625
-8597
-4063
547
2202
433
-2721
-4353
-3091
107
3155
4243
3332
1852
1094
1296
2175
3638
5079
5328
3836
1523
25
267
1790
3052
2742
933
-1153
-2304
-2127
-993
126
235
-712
-1865
-2335
-1906
-937
116
797
894
571
242
378
1165
2306
3140
3181
2563
1819
1469
1703
2208
2397
1879
880
21
-360
-511
-761
-1144
-1524
-1780
-1932
-2054
-2213
-2292
-2093
-1652
-1186
-909
-825
-774
-492
75
681
1035
1114
1168
1356
1613
1758
1726
1574
1399
1257
1116
918
662
406
185
-53
-376
-764
-1081
-1182
-1076
-953
-1033
-1305
-1533
-1478
-1130
-696
-423
-421
-613
-733
-464
228
950
1127
749
254
134
606
1389
1845
1531
918
726
1114
1613
1656
1082
-567
-3838
-7352
-7575
-2928
2044
1440
-4439
-9640
-9844
-5974
-1325
1155
396
-2401
-4660
-4338
-1491
2024
4018
3681
2139
1114
1282
2330
3935
5534
6092
4934
2724
1071
1035
2398
3795
3750
2056
-219
-1729
-1865
-926
182
317
-768
-2175
-2833
-2444
-1523
-613
-41
52
-188
-413
-206
609
1767
2696
2969
2598
1994
1657
1881
2475
2839
2571
1773
864
185
-164
-219
-246
-538
-1128
-1793
-2200
-2276
-2118
-1857
-1643
-1542
-1564
-1590
-1433
-985
-356
172
424
511
628
859
1218
1589
1806
1774
1562
1373
1288
1289
1290
1154
848
399
-67
-420
-619
-640
-654
-830
-1158
-1510
-1708
-1726
-1563
-1275
-997
-812
-788
-872
-878
-668
-231
189
418
475
425
455
740
1176
1315
1198
1238
1542
1677
1322
813
546
159
-1759
-5238
-7276
-4863
-3
1537
-2300
-7643
-9588
-7176
-2863
229
265
-2059
-4360
-4542
-2276
995
3222
3324
2101
1292
1596
2539
3699
4947
5826
5523
3994
2339
1722
2481
3762
4184
3080
1003
-806
-1462
-953
-4
299
-529
-1919
-2870
-2836
-2123
-1278
-673
-518
-700
-880
-676
49
1083
2025
2469
2320
1912
1672
1870
2451
2957
2838
2051
1194
776
714
682
469
23
-589
-1191
-1583
-1718
-1667
-1600
-1629
-1705
-1767
-1759
-1625
-1302
-809
-384
-179
-81
105
454
907
1334
1582
1567
1361
1217
1293
1476
1531
1322
925
534
261
50
-160
-379
-608
-874
-1164
-1389
-1484
-1520
-1548
-1543
-1483
-1378
-1227
-1022
-815
-712
-594
-276
125
243
118
423
1110
1499
1204
653
606
1180
1940
2200
1844
1176
-247
-3233
-6665
-7094
-2898
1789
1440
-3916
-9143
-9968
-6592
-1932
808
68
-2864
-5242
-4941
-1951
1720
3787
3407
1859
958
1285
2578
4355
6003
6607
5522
3472
1943
1971
3385
4743
4664
2940
544
-1143
-1428
-523
525
493
-806
-2468
-3331
-3029
-2097
-1171
-699
-739
-1012
-1169
-844
49
1217
2153
2439
2168
1767
1647
1996
2556
2877
2688
2113
1515
1078
864
781
606
231
-358
-987
-1412
-1570
-1532
-1479
-1520
-1608
-1710
-1764
-1686
-1422
-1004
-582
-250
-28
98
274
590
1028
1404
1504
1357
1167
1146
1287
1413
1357
1078
656
221
-133
-325
-386
-475
-683
-1031
-1425
-1691
-1695
-1484
-1276
-1238
-1391
-1567
-1483
-1028
-524
-342
-333
-189
-58
-78
148
900
1616
1536
834
396
783
1612
2042
1739
864
-660
-3246
-6002
-6263
-2861
969
618
-4027
-8547
-9169
-6039
-1929
377
-274
-2773
-4742
-4346
-1585
1746
3582
3240
1890
1190
1695
3000
4526
5799
6189
5256
3548
2311
2408
3560
4546
4288
2691
614
-868
-1166
-483
310
231
-915
-2334
-3067
-2803
-1977
-1151
-705
-754
-1017
-1073
-609
340
1402
2151
2331
2096
1807
1726
1922
2321
2710
2751
2277
1552
954
679
661
642
385
-224
-1010
-1599
-1799
-1667
-1443
-1377
-1536
-1817
-1984
-1878
-1496
-929
-432
-179
-124
-96
99
499
1025
1421
1450
1189
903
856
1066
1299
1299
946
399
-88
-366
-440
-407
-393
-575
-990
-1434
-1667
-1568
-1246
-975
-1014
-1283
-1424
-1206
-815
-456
-68
178
98
-169
-210
170
791
1204
1066
796
887
1064
859
497
634
1073
658
-1580
-5003
-6861
-4871
-736
943
-1897
-6369
-8369
-6752
-3228
-366
135
-1492
-3427
-3751
-1966
804
2906
3333
2552
1864
1928
2621
3659
4848
5689
5490
4242
2748
2046
2514
3483
3881
3045
1283
-430
-1262
-985
-195
131
-503
-1696
-2566
-2630
-2063
-1309
-748
-522
-566
-654
-453
168
1067
1889
2286
2223
1942
1768
1820
1997
2178
2245
2085
1618
951
404
175
166
86
-291
-918
-1520
-1823
-1780
-1574
-1432
-1466
-1603
-1671
-1532
-1234
-901
-545
-176
138
316
437
645
955
1259
1393
1323
1135
972
960
1039
1029
801
404
28
-209
-348
-468
-623
-825
-1043
-1253
-1411
-1437
-1305
-1108
-997
-1004
-1019
-1000
-847
-471
-45
69
-103
-93
233
618
932
1191
1361
1369
1100
759
789
1160
1283
676
-961
-3660
-6165
-6008
-2596
575
-356
-4695
-8234
-8138
-5107
-1611
110
-713
-2832
-4140
-3290
-672
2084
3451
3069
2028
1589
2074
3175
4477
5563
5808
4879
3309
2146
2165
3126
3941
3626
2077
130
-1160
-1291
-566
99
-123
-1212
-2423
-2921
-2513
-1665
-915
-565
-564
-688
-635
-137
761
1734
2390
2548
2333
2018
1900
2084
2435
2671
2538
1991
1269
666
347
239
113
-152
-622
-1274
-1886
-2170
-2032
-1717
-1522
-1561
-1772
-1908
-1754
-1262
-590
-60
175
214
283
560
989
1386
1625
1632
1425
1162
1038
1095
1171
1074
731
240
-255
-643
-819
-811
-775
-903
-1208
-1499
-1669
-1731
-1653
-1359
-963
-781
-852
-868
-685
-337
125
575
732
396
116
440
1160
1764
1765
1285
765
607
904
1171
1019
146
-1804
-4542
-6478
-5414
-1956
-16
-2059
-6140
-8290
-7053
-4049
-1394
-481
-1369
-2895
-3490
-2212
293
2546
3429
2976
2303
2224
2770
3702
4779
5693
5730
4614
3110
2211
2381
3130
3480
2815
1262
-360
-1277
-1263
-685
-351
-775
-1764
-2604
-2701
-2197
-1513
-950
-613
-450
-384
-171
377
1198
2030
2543
2653
2485
2243
2142
2267
2534
2671
2396
1714
908
330
147
133
-28
-500
-1188
-1776
-2051
-1983
-1765
-1659
-1717
-1823
-1811
-1611
-1253
-797
-379
-57
197
403
621
902
1244
1540
1648
1542
1293
1085
1067
1164
1170
913
432
-80
-477
-683
-730
-745
-857
-1136
-1477
-1704
-1686
-1460
-1214
-1043
-996
-1020
-1000
-789
-308
142
287
203
192
411
633
868
1194
1354
1337
1204
951
702
560
485
-157
-2163
-4976
-6370
-4558
-1213
-331
-3112
-6723
-7850
-6063
-3182
-962
-544
-1789
-3162
-3139
-1345
1077
2766
3178
2669
2250
2434
3094
3971
4853
5461
5221
4092
2840
2211
2478
3071
3135
2319
851
-517
-1172
-1077
-630
-485
-968
-1797
-2404
-2382
-1872
-1224
-692
-392
-219
-115
107
643
1415
2225
2729
2728
2386
2032
1965
2187
2488
2550
2145
1409
641
119
-48
-66
-230
-710
-1376
-1891
-2088
-1996
-1775
-1628
-1625
-1708
-1710
-1504
-1140
-699
-244
171
482
632
704
837
1114
1452
1645
1603
1341
1014
839
860
906
747
330
-193
-620
-845
-936
-989
-1085
-1256
-1442
-1576
-1627
-1584
-1435
-1192
-867
-563
-400
-359
-177
205
478
517
491
625
857
1046
1275
1513
1470
1014
557
601
879
664
-582
-3009
-5693
-6518
-4179
-835
-467
-3776
-7449
-8122
-5754
-2606
-639
-657
-2007
-3183
-2892
-929
1597
3313
3522
2788
2301
2529
3299
4291
5227
5673
5103
3718
2427
2000
2473
3088
3002
1916
268
-1077
-1567
-1258
-703
-611
-1222
-2136
-2676
-2483
-1811
-1048
-464
-170
-108
-58
299
1005
1817
2496
2881
2897
2575
2215
2133
2297
2505
2488
2091
1375
550
-71
-326
-345
-459
-897
-1540
-2066
-2283
-2242
-2064
-1803
-1582
-1520
-1540
-1458
-1122
-581
-12
454
717
818
890
1110
1493
1790
1825
1611
1343
1172
1052
903
738
546
264
-160
-644
-1032
-1238
-1262
-1221
-1252
-1405
-1611
-1769
-1719
-1424
-1061
-854
-827
-729
-453
-91
236
512
730
813
839
1009
1220
1206
984
877
1134
1475
1453
838
-198
-1328
-2823
-4579
-5414
-4219
-1885
-1327
-3704
-6832
-7782
-5841
-2959
-1188
-1188
-2306
-3122
-2727
-986
1295
2878
3177
2534
2095
2554
3569
4535
5118
5261
4852
3867
2847
2431
2714
3147
2953
1943
493
-774
-1327
-1201
-768
-656
-1228
-2116
-2687
-2487
-1732
-990
-527
-357
-279
-109
298
1005
1803
2433
2746
2776
2680
2511
2377
2394
2511
2532
2191
1501
735
140
-166
-304
-505
-902
-1481
-2017
-2287
-2229
-1990
-1806
-1736
-1718
-1668
-1494
-1142
-619
-92
275
488
646
871
1163
1461
1697
1753
1613
1358
1124
1002
921
785
531
183
-207
-606
-922
-1112
-1185
-1222
-1355
-1548
-1644
-1555
-1366
-1254
-1187
-972
-651
-425
-329
-197
18
255
607
982
1162
1062
840
810
992
1224
1349
1263
1042
753
291
-419
-1347
-2657
-4531
-6025
-5421
-2896
-1361
-2967
-6227
-7848
-6543
-3690
-1280
-587
-1472
-2626
-2688
-1145
1210
3102
3668
3083
2487
2676
3536
4428
5029
5342
5093
4136
2903
2154
2267
2778
2840
2007
574
-756
-1467
-1432
-960
-704
-1088
-1917
-2526
-2437
-1788
-1000
-427
-159
-32
129
496
1137
1905
2543
2877
2940
2790
2511
2315
2345
2499
2478
2082
1393
658
106
-240
-477
-709
-1011
-1428
-1927
-2290
-2343
-2169
-1956
-1775
-1616
-1461
-1308
-1092
-702
-143
410
754
871
934
1113
1389
1607
1684
1601
1357
1052
800
658
545
359
53
-354
-784
-1152
-1371
-1414
-1365
-1361
-1465
-1596
-1624
-1461
-1084
-659
-453
-542
-679
-563
-180
266
679
944
824
413
375
986
1583
1527
1040
816
938
978
712
310
-73
-763
-2143
-4008
-5386
-5232
-3664
-2133
-2360
-4563
-6847
-7039
-4864
-2107
-639
-868
-1898
-2482
-1812
85
2228
3415
3352
2742
2464
2853
3692
4533
5031
4990
4331
3299
2409
2113
2395
2702
2383
1293
-81
-1077
-1335
-1050
-746
-831
-1361
-1984
-2241
-1938
-1275
-619
-204
-3
164
421
819
1404
2109
2695
2917
2786
2537
2374
2310
2291
2258
2072
1611
933
321
-65
-360
-726
-1134
-1444
-1669
-1910
-2156
-2266
-2162
-1927
-1689
-1491
-1321
-1142
-887
-478
56
546
819
891
976
1206
1481
1634
1585
1377
1108
867
706
594
413
113
-247
-592
-891
-1158
-1373
-1464
-1436
-1369
-1326
-1341
-1364
-1245
-902
-472
-212
-219
-298
-196
130
510
752
827
786
755
861
1039
1119
1082
1027
890
626
345
180
158
67
-552
-1911
-3581
-4781
-4960
-4100
-2876
-2517
-3682
-5485
-6184
-5001
-2867
-1242
-824
-1284
-1736
-1402
-147
1480
2734
3213
3049
2735
2770
3262
3917
4392
4531
4217
3439
2528
1969
1955
2188
2107
1396
296
-667
-1127
-1108
-899
-814
-1042
-1480
-1805
-1739
-1288
-715
-244
75
318
556
845
1274
1860
2415
2665
2556
2318
2201
2205
2151
1974
1708
1351
894
404
-18
-360
-681
-1015
-1334
-1587
-1778
-1951
-2056
-2007
-1844
-1651
-1436
-1164
-876
-631
-387
-73
305
658
929
1129
1251
1292
1288
1269
1257
1193
987
661
339
120
-62
-289
-538
-787
-1033
-1266
-1420
-1446
-1386
-1294
-1209
-1127
-1015
-850
-637
-372
-110
96
235
320
426
625
861
940
830
786
894
1073
1187
1087
705
228
130
325
366
51
-682
-1750
-3035
-4055
-4348
-3892
-3079
-2799
-3533
-4760
-5305
-4602
-3210
-1907
-1207
-1191
-1444
-1306
-431
858
2031
2710
2788
2521
2430
2811
3426
3933
4140
3932
3285
2515
2059
1995
2083
1966
1476
691
-149
-696
-841
-738
-668
-807
-1125
-1420
-1440
-1155
-685
-203
144
337
475
734
1162
1670
2103
2293
2177
1901
1773
1910
2084
1994
1613
1125
716
459
263
-10
-386
-758
-1051
-1290
-1485
-1606
-1652
-1648
-1564
-1406
-1245
-1097
-872
-561
-252
-27
124
271
462
717
968
1117
1154
1087
932
763
636
540
413
232
8
-218
-435
-652
-868
-1064
-1192
-1209
-1135
-1044
-991
-989
-974
-808
-476
-172
-68
-132
-148
27
327
579
691
689
551
390
483
769
822
465
107
137
331
267
-39
-257
-454
-1178
-2589
-3837
-3944
-3013
-2136
-2187
-3091
-4214
-4725
-4127
-2739
-1471
-1006
-1215
-1490
-1328
-492
763
1798
2189
2129
2060
2156
2431
2908
3442
3707
3479
2875
2237
1856
1830
1990
1976
1564
815
30
-453
-509
-321
-239
-446
-786
-1020
-1025
-806
-460
-126
100
256
417
637
953
1339
1659
1736
1628
1562
1658
1758
1658
1392
1120
949
832
656
345
-25
-335
-561
-741
-902
-1042
-1180
-1291
-1306
-1233
-1119
-1000
-861
-700
-536
-373
-195
18
247
449
579
644
681
718
730
694
624
518
390
260
149
36
-111
-297
-509
-695
-812
-850
-824
-769
-762
-818
-883
-813
-554
-237
-87
-178
-318
-302
-31
378
622
450
53
-90
185
568
730
602
272
-88
-198
27
316
260
-334
-1385
-2644
-3519
-3473
-2715
-2106
-2287
-3082
-3873
-4031
-3377
-2307
-1445
-1089
-1080
-1119
-899
-202
826
1674
2008
1978
1883
1878
2060
2449
2860
2999
2757
2247
1719
1425
1432
1531
1394
945
386
-73
-313
-304
-180
-156
-264
-377
-410
-338
-129
181
472
690
866
1022
1159
1302
1453
1516
1494
1522
1610
1579
1297
953
764
730
688
486
132
-222
-441
-535
-570
-600
-654
-786
-940
-964
-851
-689
-550
-406
-258
-153
-63
51
203
359
461
478
429
409
439
456
420
313
127
-101
-269
-320
-319
-344
-418
-533
-658
-743
-746
-682
-609
-547
-459
-353
-273
-226
-148
-49
-41
-109
-102
74
297
394
301
25
-242
-358
-297
-165
-94
-176
-360
-444
-378
-237
-190
-398
-1015
-2022
-2945
-3180
-2601
-1859
-1702
-2185
-2913
-3372
-3190
-2312
-1212
-600
-614
-842
-831
-398
357
1123
1563
1627
1504
1393
1435
1704
2118
2380
2299
1910
1413
1032
930
1108
1280
1173
784
300
-37
-57
198
421
393
225
163
232
351
540
793
1022
1141
1149
1051
931
984
1257
1503
1476
1177
820
616
628
722
671
470
240
51
-85
-123
-84
-104
-222
-345
-397
-425
-436
-357
-196
-48
0
-27
-59
-21
81
168
207
188
130
49
-1
17
32
-44
-192
-300
-340
-366
-395
-410
-408
-417
-432
-439
-441
-437
-429
-379
-274
-174
-172
-247
-268
-254
-311
-367
-273
-86
-74
-279
-541
-691
-610
-387
-211
-252
-455
-738
-959
-798
-174
468
487
-155
-848
-1144
-1305
-1677
-1994
-1849
-1489
-1596
-2185
-2705
-2704
-2253
-1717
-1298
-1138
-1070
-941
-699
-277
261
756
947
908
932
1110
1310
1457
1679
1927
1954
1672
1303
1106
1136
1294
1378
1282
1010
671
456
429
513
580
623
656
571
380
293
471
791
990
978
769
555
556
790
1039
1104
1034
870
707
613
576
543
511
551
552
422
199
7
-28
53
162
131
-64
-235
-239
-112
-5
34
37
7
-24
-19
12
20
19
29
25
-24
-96
-162
-210
-222
-231
-294
-395
-461
-449
-415
-383
-352
-336
-339
-359
-352
-338
-322
-274
-202
-180
-279
-477
-606
-511
-282
-170
-262
-399
-511
-618
-728
-726
-540
-324
-416
-848
-1149
-911
-324
-20
-173
-486
-565
-393
-159
-197
-914
-2014
-2516
-1765
-739
-738
-1670
-2453
-2418
-1874
-1207
-788
-755
-866
-853
-577
-139
352
646
596
554
830
1186
1215
1079
1203
1531
1669
1488
1188
1011
1042
1201
1298
1229
1054
855
681
584
635
770
872
851
696
527
428
460
592
800
921
766
507
462
728
1003
1036
890
728
651
633
640
647
642
597
496
406
354
317
237
173
190
178
65
-91
-131
-58
23
82
67
-13
-115
-151
-77
16
31
-64
-174
-216
-194
-172
-195
-240
-297
-346
-399
-421
-401
-382
-360
-349
-365
-429
-479
-448
-384
-367
-460
-615
-708
-677
-556
-430
-319
-305
-441
-665
-831
-782
-602
-459
-499
-698
-922
-1049
-999
-785
-516
-364
-468
-679
-729
-527
-211
-15
-76
-584
-1417
-1922
-1550
-742
-510
-1045
-1677
-1771
-1400
-889
-541
-430
-375
-275
-132
-30
171
456
666
795
921
984
805
607
748
1166
1456
1359
1013
712
694
954
1221
1248
1089
905
755
683
764
940
1009
936
812
676
557
526
624
746
789
723
585
512
589
752
807
765
736
720
665
571
543
551
531
467
369
270
177
126
131
150
123
25
-102
-146
-88
-17
-7
-30
-46
-92
-168
-192
-145
-102
-143
-257
-362
-391
-345
-293
-288
-338
-415
-478
-494
-452
-396
-368
-398
-446
-487
-518
-526
-513
-500
-524
-585
-702
-799
-735
-509
-313
-297
-424
-606
-740
-659
-419
-297
-367
-525
-636
-705
-719
-674
-608
-517
-494
-549
-608
-573
-430
-272
-209
-246
-291
-245
-211
-400
-736
-894
-648
-344
-373
-618
-761
-722
-700
-612
-332
9
156
60
-15
97
333
537
644
729
792
748
621
599
814
1052
1081
916
762
755
833
942
998
950
802
667
649
700
711
619
504
504
603
620
478
361
435
625
750
709
564
450
468
600
708
703
576
431
365
378
379
311
213
162
163
144
111
86
76
51
-7
-53
-70
-68
-45
-22
-17
-41
-91
-145
-186
-181
-161
-169
-211
-238
-223
-201
-212
-258
-310
-350
-365
-386
-423
-448
-441
-404
-436
-588
-761
-806
-681
-537
-509
-583
-633
-562
-418
-344
-413
-570
-662
-578
-397
-305
-400
-562
-673
-726
-668
-471
-300
-333
-493
-540
-417
-297
-279
-331
-339
-294
-270
-252
-184
-90
-90
-199
-285
-304
-309
-294
-169
32
64
-119
-322
-347
-240
-133
-52
6
141
264
197
-15
-65
192
463
566
545
465
360
312
429
627
747
709
555
441
492
632
703
669
643
646
607
582
646
753
777
711
642
604
590
593
595
585
577
578
570
562
573
564
501
448
453
481
470
418
372
337
303
268
237
199
151
114
88
59
14
-45
-93
-94
-49
-33
-87
-159
-200
-226
-236
-229
-226
-240
-287
-339
-384
-395
-389
-412
-472
-535
-539
-509
-505
-567
-658
-701
-668
-622
-637
-673
-664
-618
-577
-566
-571
-577
-576
-566
-554
-508
-435
-413
-511
-643
-663
-578
-478
-420
-369
-314
-322
-401
-507
-513
-374
-210
-139
-173
-206
-216
-191
-123
-58
-43
-65
-25
78
152
117
6
-30
59
202
279
274
262
289
363
446
498
483
382
255
184
216
292
343
364
341
265
139
68
148
338
506
531
460
408
420
476
523
562
576
538
500
512
585
637
620
562
517
498
464
424
412
450
507
515
451
347
283
291
348
399
382
304
213
171
186
202
177
115
44
-13
-40
-46
-37
-25
-37
-84
-146
-199
-217
-200
-177
-191
-252
-328
-373
-371
-337
-328
-357
-397
-416
-411
-425
-462
-498
-490
-451
-441
-467
-491
-491
-479
-474
-460
-436
-426
-460
-519
-526
-470
-403
-373
-381
-386
-377
-359
-327
-273
-209
-169
-166
-169
-190
-211
-194
-146
-101
-103
-130
-184
-222
-189
-107
-29
-8
-48
-121
-161
-120
-48
1
23
64
114
136
125
83
80
151
282
387
377
282
201
233
337
419
422
366
308
285
281
269
273
305
344
345
294
220
191
248
334
367
317
244
226
283
341
333
271
227
241
267
250
184
129
144
207
251
214
129
64
67
115
155
161
143
130
120
109
97
96
105
106
82
32
-28
-73
-81
-52
-20
-24
-57
-85
-83
-63
-49
-41
-41
-44
-61
-104
-143
-161
-137
-98
-82
-102
-148
-189
-205
-185
-149
-129
-129
-142
-156
-170
-183
-192
-189
-175
-168
-186
-228
-265
-269
-250
-251
-274
-281
-261
-245
-256
-265
-221
-139
-93
-148
-263
-322
-264
-147
-77
-113
-210
-273
-248
-166
-96
-73
-74
-61
-39
-44
-79
-109
-96
-27
28
21
-20
-29
14
65
80
62
44
57
80
82
71
75
104
123
120
100
93
105
116
146
204
274
297
259
204
174
173
189
214
249
272
248
192
145
129
127
120
132
176
230
248
211
169
168
205
241
247
215
165
126
109
110
116
102
68
35
19
27
44
67
87
91
62
16
-16
-13
7
9
-17
-53
-77
-90
-108
-114
-102
-77
-56
-53
-62
-82
-97
-94
-76
-52
-55
-89
-119
-121
-97
-82
-85
-98
-110
-108
-104
-103
-104
-97
-90
-95
-109
-121
-137
-139
-122
-109
-110
-130
-147
-149
-141
-133
-121
-104
-95
-108
-139
-166
-145
-77
-17
-16
-62
-102
-110
-93
-66
-34
-6
9
5
-15
-24
-8
21
36
22
1
-8
3
11
-1
-16
-4
38
67
56
19
4
26
70
99
101
92
87
85
63
35
19
36
78
95
85
62
58
82
110
121
118
122
119
88
46
34
68
115
129
94
43
14
20
40
58
68
68
57
44
41
51
75
95
103
96
77
54
32
24
30
44
56
58
35
-16
-67
-82
-54
-8
18
10
-17
-41
-55
-54
-45
-29
-22
-29
-44
-63
-69
-58
-46
-47
-70
-100
-112
-96
-66
-52
-56
-65
-64
-47
-29
-30
-33
-24
-20
-27
-40
-38
-18
10
33
46
48
44
36
22
23
35
48
50
36
12
-9
-20
-18
-8
-3
-14
-39
-62
-69
-58
-46
-38
-39
-44
-51
-64
-64
-50
-28
-9
-11
-29
-56
-72
-64
-36
6
30
29
13
4
11
24
34
29
15
-3
-20
-38
-51
-53
-41
-25
-13
-8
-5
5
10
0
-10
-13
-6
-1
-4
-20
-34
-27
-1
26
38
32
17
15
28
47
70
85
82
59
27
6
3
22
50
72
85
90
78
53
36
39
60
89
110
114
103
83
66
56
43
30
15
10
15
22
34
38
27
10
-1
3
13
20
23
15
1
-18
-49
-79
-86
-68
-43
-26
-16
-11
-8
-15
-28
-39
-44
-35
-20
-5
-2
-16
-45
-76
-95
-98
-97
-88
-71
-53
-48
-57
-74
-78
-67
-49
-36
-34
-39
-46
-57
-70
-73
-68
-60
-50
-40
-32
-22
-5
13
19
7
-13
-25
-23
-3
27
51
53
30
5
1
22
57
88
101
93
69
43
23
27
55
88
98
77
47
34
45
66
86
92
85
63
37
20
23
40
55
55
41
25
15
14
27
46
51
33
-4
-37
-46
-34
-17
-9
-14
-27
-47
-63
-67
-55
-38
-31
-37
-47
-45
-33
-19
-14
-19
-30
-43
-45
-35
-18
-8
-13
-27
-41
-48
-47
-42
-32
-18
-5
-1
-11
-32
-50
-60
-53
-37
-24
-20
-24
-30
-29
-17
-3
7
6
-1
-4
-3
6
14
17
24
31
40
44
44
44
39
31
20
9
13
29
51
57
43
18
1
1
8
23
44
57
55
44
35
36
42
46
46
46
38
19
-1
-14
-10
10
30
34
30
29
26
18
8
1
1
-4
-24
-48
-64
-63
-52
-40
-38
-45
-53
-65
-66
-56
-44
-36
-36
-36
-36
-50
-67
-74
-62
-38
-14
0
6
9
10
10
11
14
24
30
33
33
32
36
46
58
70
78
79
76
70
68
68
65
64
64
58
42
20
5
8
26
42
39
25
11
-3
-17
-32
-46
-52
-51
-50
-54
-68
-87
-95
-91
-84
-80
-82
-89
-95
-100
-106
-110
-109
-103
-92
-81
-72
-72
-78
-82
-79
-63
-37
-9
13
20
21
23
34
56
75
89
92
88
85
89
97
107
108
100
86
73
64
63
72
83
83
75
67
66
74
85
90
85
78
70
61
47
32
20
16
13
11
7
0
-4
-8
-8
-15
-24
-35
-44
-47
-42
-35
-34
-44
-58
-70
-71
-62
-50
-42
-38
-37
-44
-54
-61
-62
-50
-33
-19
-18
-31
-47
-60
-58
-45
-28
-14
-11
-13
-17
-23
-30
-33
-31
-31
-29
-26
-22
-19
-17
-16
-22
-31
-31
-26
-15
-3
4
2
-1
2
11
19
22
17
11
11
16
24
35
41
36
28
16
10
15
23
26
27
25
22
17
11
10
16
32
47
59
62
56
47
38
37
45
53
56
51
42
34
29
28
32
38
39
32
23
11
6
10
12
11
0
-9
-18
-29
-40
-48
-51
-51
-50
-48
-50
-51
-52
-52
-51
-46
-38
-33
-30
-30
-33
-34
-39
-43
-44
-39
-25
-13
-6
-10
-16
-21
-21
-14
-3
10
18
25
29
31
34
33
32
31
33
38
40
38
34
27
21
16
15
22
27
31
33
28
20
13
12
12
12
12
9
5
3
0
-4
-12
-19
-21
-16
-12
-10
-6
-6
-7
-12
-22
-31
-33
-29
-22
-18
-15
-13
-11
-15
-18
-19
-17
-13
-15
-19
-22
-24
-19
-14
-11
-6
1
9
11
14
17
18
16
12
7
4
7
13
18
20
17
12
11
15
22
25
21
9
-4
-9
-4
7
22
30
30
25
18
11
6
4
2
-1
-5
-6
-2
7
18
22
9
-12
-33
-42
-35
-23
-13
-12
-12
-15
-24
-36
-43
-43
-38
-32
-23
-17
-18
-25
-33
-37
-37
-30
-21
-9
-1
1
3
2
1
2
6
10
17
22
24
28
30
29
28
22
16
20
23
24
21
17
12
10
15
27
37
40
38
37
36
33
26
20
15
11
11
14
15
13
7
1
-4
-6
-5
-1
6
14
21
18
5
-10
-22
-23
-14
-1
7
11
5
-5
-18
-28
-33
-30
-20
-11
-5
-5
-10
-14
-18
-22
-23
-23
-27
-28
-22
-19
-18
-21
-20
-17
-13
-10
-11
-11
-11
-16
-22
-28
-27
-21
-14
-14
-19
-28
-27
-18
-10
-5
-1
-2
-1
-1
0
1
1
4
5
7
6
-1
-2
2
5
9
11
7
5
7
10
13
18
20
23
25
25
26
28
32
33
29
21
10
4
3
7
12
13
10
3
-1
0
5
13
17
17
12
7
5
6
12
11
10
14
17
23
27
27
26
23
20
15
11
8
6
6
4
3
3
5
8
3
-4
-11
-13
-13
-12
-9
-6
-5
-3
-2
2
5
5
3
-4
-14
-22
-23
-21
-15
-10
-9
-9
-10
-12
-17
-22
-25
-27
-28
-30
-30
-29
-28
-26
-27
-29
-31
-28
-22
-21
-23
-22
-17
-9
-6
-5
-7
-7
-7
-10
-8
-4
0
-2
-6
-12
-15
-14
-13
-10
-7
0
9
9
5
-2
-2
6
19
30
36
35
33
30
28
29
36
44
52
53
49
43
40
40
40
37
39
37
32
22
12
7
4
-5
-15
-22
-23
-25
-30
-39
-51
-56
-52
-39
-22
-9
-2
-7
-20
-31
-33
-24
-11
-2
2
-1
-7
-14
-20
-21
-22
-26
-31
-37
-43
-49
-55
-57
-56
-53
-47
-39
-33
-29
-25
-13
1
18
31
37
40
42
49
54
58
63
70
77
82
81
77
73
72
75
77
77
74
67
61
56
54
51
43
28
10
-1
1
8
15
12
5
1
1
2
1
-2
-5
-5
-6
-8
-10
-9
-9
-14
-18
-20
-17
-12
-10
-11
-16
-24
-33
-42
-46
-45
-46
-50
-57
-65
-68
-70
-72
-72
-74
-72
-68
-69
-75
-81
-82
-76
-70
-65
-59
-57
-57
-55
-50
-41
-35
-35
-40
-42
-38
-29
-16
-5
3
7
8
11
21
32
43
46
46
44
43
41
43
45
48
54
59
63
66
71
76
81
78
72
70
71
67
63
59
56
54
52
51
47
42
39
41
46
47
42
35
28
23
24
24
20
15
9
8
11
14
15
13
11
8
4
1
-4
-7
-11
-11
-11
-18
-32
-48
-55
-55
-46
-36
-31
-32
-33
-36
-39
-40
-41
-41
-38
-35
-35
-33
-28
-19
-13
-19
-28
-36
-40
-39
-32
-24
-18
-16
-18
-25
-31
-37
-36
-33
-28
-25
-26
-26
-22
-22
-21
-22
-22
-20
-18
-16
-14
-10
-5
0
5
10
15
23
27
29
30
29
29
31
31
32
32
32
35
32
24
17
13
13
17
21
22
17
10
6
6
8
10
11
11
14
17
13
5
-2
-6
-5
-2
0
5
12
17
16
10
1
-4
-6
-6
-6
-2
5
11
13
9
3
4
3
-1
-7
-7
-1
6
10
6
0
-2
-3
-2
0
5
12
19
17
11
7
3
0
-2
-3
-5
-5
-11
-15
-19
-16
-13
-10
-9
-11
-14
-15
-14
-9
0
4
3
-4
-10
-11
-5
4
12
18
22
23
20
14
9
10
17
21
19
12
6
2
-1
-1
1
0
-5
-13
-21
-24
-20
-12
-8
-7
-10
-14
-16
-14
-10
-7
-2
1
4
7
9
11
12
12
11
8
4
0
-3
-6
-5
-5
-6
-4
-2
-1
-3
-10
-17
-24
-27
-26
-19
-12
-7
-9
-14
-20
-20
-15
-10
-5
-2
-3
-9
-15
-20
-23
-23
-19
-13
-7
-6
-5
-9
-14
-20
-19
-13
-6
3
11
15
14
11
9
10
15
23
27
23
15
6
3
4
8
12
17
18
19
21
23
24
22
19
18
17
17
20
26
29
24
16
10
9
13
16
14
9
2
-2
-3
-2
4
8
12
13
9
5
4
3
5
8
14
21
26
26
23
17
9
4
3
6
12
14
13
6
-8
-17
-23
-24
-22
-15
-9
-8
-15
-24
-30
-30
-28
-27
-26
-27
-25
-22
-19
-18
-16
-16
-17
-20
-24
-24
-21
-19
-18
-18
-20
-23
-23
-24
-24
-23
-22
-21
-20
-16
-14
-14
-13
-14
-12
-8
-2
2
2
-1
-1
3
12
24
34
36
34
31
27
22
17
15
11
10
11
12
13
8
3
-3
-5
-2
2
3
2
0
1
1
2
4
6
10
14
17
17
14
11
14
15
19
23
28
31
29
23
16
9
5
4
2
3
6
6
4
3
7
10
14
13
10
8
9
9
7
6
4
2
1
-2
-2
3
8
10
11
8
4
1
-4
-6
-9
-10
-11
-15
-19
-18
-16
-13
-13
-17
-20
-19
-18
-15
-16
-17
-18
-18
-14
-8
-1
4
1
-4
-7
-7
-6
-9
-11
-13
-13
-13
-12
-10
-10
-9
-7
-11
-17
-22
-24
-26
-26
-25
-23
-19
-16
-13
-14
-16
-17
-17
-14
-11
-9
-5
-5
-7
-9
-10
-9
-6
-1
8
17
23
27
25
18
12
6
3
6
10
17
18
20
18
14
9
9
12
16
22
27
29
28
27
26
24
21
18
17
19
23
25
25
21
15
9
6
5
7
10
17
19
15
6
-1
-6
-8
-7
-5
-3
1
4
4
4
4
3
3
2
4
6
8
9
4
1
-4
-7
-6
-6
-3
-2
-3
-4
-9
-14
-19
-25
-27
-28
-22
-15
-7
-4
-7
-13
-19
-22
-24
-25
-26
-23
-17
-11
-4
0
2
2
0
-5
-6
-4
1
7
12
13
11
4
-7
-18
-23
-21
-16
-14
-13
-16
-20
-22
-24
-23
-19
-13
-7
0
3
2
1
0
1
3
3
1
0
1
1
0
0
-2
-4
-6
-5
-3
2
6
10
12
11
8
6
6
11
15
20
22
23
21
18
15
19
24
29
31
27
26
25
26
25
23
21
17
17
16
16
17
18
19
19
17
11
5
2
2
3
4
3
0
