-1
0
1
0
0
0
1
0
0
0
0
0
0
0
-1
0
0
0
0
0
0
1
0
1
0
-1
-1
-1
0
0
0
0
0
0
0
-1
0
0
1
0
0
1
0
0
0
1
0
0
0
-1
0
0
0
0
0
0
0
0
0
0
0
0
0
0
0
0
0
0
0
0
0
0
1
0
1
0
0
0
1
0
0
-1
1
0
-1
0
0
-1
0
0
0
0
-1
0
0
0
0
1
0
0
0
1
0
0
1
-1
0
0
0
0
0
0
-1
0
1
0
0
0
1
-1
0
0
0
-1
0
0
0
-1
0
1
0
-1
0
0
-1
-1
0
0
0
0
-1
-1
-1
0
0
0
0
0
0
0
0
0
1
0
-1
0
1
0
1
0
0
0
-1
0
0
0
0
0
0
-1
1
0
0
0
0
1
0
0
0
-1
0
1
0
0
0
0
0
0
0
0
0
0
-1
1
-1
0
1
0
0
0
0
0
0
0
0
0
0
0
0
0
0
0
1
0
0
0
0
-1
1
0
-1
0
0
0
0
0
0
0
0
0
0
-1
0
0
0
-1
0
0
1
1
0
0
0
0
-1
0
1
0
-1
0
0
0
0
-1
0
0
0
0
0
-1
-1
0
0
0
0
1
0
0
0
0
-1
0
0
0
0
0
0
0
0
1
0
-1
0
0
-1
0
0
0
0
0
0
0
0
0
0
0
1
0
0
0
0
-1
-1
0
-1
0
0
0
-1
0
0
0
0
1
1
-1
0
0
-1
-1
0
0
-1
0
0
-1
0
0
-1
1
-1
0
0
-1
0
0
0
0
0
0
0
1
0
0
-1
1
1
0
0
0
0
0
0
0
0
0
1
0
0
0
0
0
0
-1
0
0
-1
0
0
1
0
0
1
0
0
0
1
0
0
0
0
0
0
1
-1
0
0
0
1
0
-1
0
0
0
0
0
-1
0
0
0
0
1
0
0
0
0
0
0
1
0
0
0
0
0
1
1
1
1
0
1
1
0
1
0
0
0
0
-1
0
0
0
-1
1
0
1
1
1
2
2
2
2
2
1
2
1
2
1
1
2
2
2
1
1
2
2
1
1
1
1
1
0
1
0
0
0
0
0
1
0
0
0
-1
0
-1
0
0
-1
-1
-1
-2
-2
-1
-1
-1
-2
-2
-1
-2
-2
-1
-2
-2
-3
-4
-3
-3
-2
-2
-1
-1
2
2
3
3
4
4
6
7
9
12
15
17
20
21
21
21
20
20
20
22
23
23
23
22
23
28
38
46
50
47
39
32
24
19
14
11
8
4
1
-2
-3
-7
-10
-17
-21
-23
-22
-18
-14
-10
-9
-7
-7
-6
-6
-7
-7
-7
-7
-7
-6
-8
-10
-12
-16
-18
-21
-22
-22
-22
-19
-17
-16
-13
-11
-10
-10
-9
-8
-6
-2
3
7
10
14
17
18
20
22
24
28
31
35
37
38
36
34
32
32
30
28
27
28
31
33
35
31
29
26
22
21
20
19
21
23
25
27
30
35
39
42
44
41
38
31
21
8
-9
-24
-37
-46
-49
-51
-57
-71
-91
-115
-142
-173
-201
-223
-236
-241
-234
-225
-219
-223
-238
-253
-260
-248
-232
-241
-300
-400
-491
-529
-493
-413
-320
-244
-193
-155
-122
-80
-38
-3
23
43
78
133
205
263
284
268
225
176
133
106
93
88
86
87
90
94
96
96
91
89
100
130
179
235
285
324
352
369
375
372
353
324
291
265
258
259
270
273
260
229
190
154
126
105
88
73
69
74
88
101
101
85
62
34
15
10
18
29
22
1
-31
-58
-77
-92
-108
-127
-137
-133
-113
-86
-65
-48
-36
-24
-15
-3
12
29
54
93
137
171
183
168
137
111
89
71
54
34
19
8
0
-22
-57
-86
-90
-56
-12
26
52
59
51
12
-64
-155
-242
-291
-318
-322
-321
-359
-502
-800
-1162
-1443
-1525
-1444
-1272
-1055
-829
-586
-370
-179
-32
55
105
143
224
360
533
708
809
812
719
565
386
209
62
-48
-109
-125
-100
-44
8
38
20
-29
-70
-67
-3
105
244
390
518
612
662
680
663
615
552
492
460
448
454
452
422
361
270
178
92
29
-2
-5
-4
-25
-66
-112
-146
-154
-127
-70
6
81
149
214
273
310
306
261
192
110
28
-42
-103
-149
-184
-212
-227
-234
-232
-226
-211
-188
-158
-116
-70
-20
33
79
108
104
72
35
5
-20
-41
-61
-71
-61
-32
-8
-17
-65
-137
-196
-219
-203
-171
-152
-148
-157
-163
-143
-100
-59
-70
-144
-233
-266
-218
-145
-97
-93
-131
-167
-165
-98
4
104
151
-9
-523
-1325
-2003
-2170
-1834
-1324
-925
-653
-430
-229
-77
26
87
119
158
258
473
771
1083
1295
1308
1123
819
523
290
124
31
-3
19
69
116
148
132
52
-77
-201
-231
-125
86
331
553
726
835
869
837
753
640
512
406
351
356
387
398
342
217
61
-78
-163
-197
-185
-136
-70
17
121
228
295
289
226
146
97
92
134
201
251
253
195
92
-26
-138
-235
-309
-349
-343
-294
-227
-171
-140
-148
-186
-241
-287
-300
-279
-228
-167
-95
-33
8
28
12
-29
-68
-88
-80
-47
-4
44
61
35
-35
-116
-179
-230
-259
-271
-257
-231
-194
-153
-112
-81
-59
-57
-99
-194
-291
-319
-264
-188
-152
-148
-118
-30
14
-179
-726
-1454
-2023
-2193
-1994
-1631
-1214
-810
-462
-212
-43
103
212
278
316
406
595
869
1166
1373
1406
1248
973
673
401
201
79
33
33
65
134
204
237
185
68
-49
-96
-30
129
349
585
795
934
982
960
882
763
622
502
435
424
452
476
464
392
263
121
-33
-195
-354
-460
-464
-372
-213
-42
112
210
242
221
181
154
155
190
227
254
247
202
122
-7
-173
-360
-517
-591
-566
-464
-343
-248
-201
-200
-229
-268
-296
-296
-261
-193
-89
31
147
221
238
189
96
-8
-83
-113
-110
-79
-40
-16
-23
-56
-104
-170
-242
-288
-290
-245
-163
-51
66
144
167
127
26
-125
-280
-391
-462
-508
-531
-518
-469
-425
-375
-337
-363
-581
-1023
-1543
-1948
-2071
-1946
-1609
-1178
-732
-346
-106
90
216
312
363
388
499
674
944
1201
1369
1407
1260
1024
737
478
281
145
94
92
147
230
310
342
295
222
145
127
181
312
515
716
892
995
1018
981
872
737
584
451
348
241
130
17
-47
-45
-11
30
59
99
134
153
179
215
271
312
320
300
251
188
112
34
-36
-86
-126
-169
-215
-264
-306
-368
-438
-504
-532
-500
-436
-342
-241
-158
-103
-81
-71
-72
-91
-107
-114
-98
-66
-29
9
17
-10
-58
-111
-157
-196
-216
-217
-206
-181
-143
-81
-30
-25
-62
-105
-128
-141
-148
-146
-114
-67
-46
-52
-65
-63
-61
-106
-194
-281
-317
-301
-266
-204
-131
-72
-27
6
92
159
-154
-1058
-2239
-2959
-2814
-2180
-1612
-1220
-766
-234
76
127
127
171
234
221
271
562
1023
1500
1763
1703
1388
988
673
419
198
54
5
67
180
312
446
472
313
67
-115
-124
32
250
500
761
1003
1189
1247
1195
1048
833
599
410
369
439
475
399
233
97
31
-16
-70
-122
-138
-132
-131
-83
46
168
208
154
81
61
80
114
152
208
268
269
207
110
7
-123
-296
-454
-532
-528
-468
-392
-330
-280
-263
-279
-292
-292
-275
-243
-197
-116
-17
58
84
62
9
-69
-150
-211
-247
-263
-270
-274
-266
-255
-251
-250
-256
-271
-304
-345
-338
-258
-130
-2
87
119
106
44
-39
-99
-128
-127
-99
-30
79
144
141
78
-12
-109
-321
-688
-1180
-1765
-2336
-2781
-2951
-2780
-2356
-1805
-1255
-737
-297
44
329
552
730
901
1092
1338
1608
1842
1977
1972
1792
1467
1089
721
407
157
-15
-103
-112
-76
-35
-4
-22
-68
-97
-63
78
307
587
869
1120
1327
1449
1479
1422
1287
1120
947
806
704
616
533
423
284
94
-158
-450
-710
-856
-832
-659
-422
-181
13
149
222
230
195
144
115
111
149
225
290
319
263
111
-97
-323
-510
-625
-670
-658
-608
-552
-489
-428
-392
-395
-436
-458
-433
-340
-196
-47
82
154
167
134
62
-16
-108
-204
-268
-307
-313
-303
-307
-318
-349
-382
-407
-398
-317
-187
-49
64
114
136
143
143
171
202
205
195
189
223
246
201
122
27
-35
-67
-89
-71
-65
-106
-212
-458
-863
-1423
-2075
-2625
-2890
-2817
-2471
-1976
-1393
-808
-337
3
229
420
575
700
879
1133
1451
1753
1962
2024
1889
1596
1219
839
485
180
-29
-130
-140
-108
-57
-24
-54
-122
-188
-188
-101
80
350
654
961
1219
1389
1463
1421
1299
1128
957
822
736
677
599
484
337
159
-57
-303
-568
-781
-870
-809
-605
-342
-96
98
215
269
270
250
239
235
250
288
327
328
249
93
-123
-350
-546
-682
-744
-748
-704
-620
-532
-458
-405
-383
-394
-422
-423
-375
-276
-154
-35
70
132
136
106
51
-26
-114
-190
-237
-257
-266
-279
-294
-333
-400
-469
-509
-484
-384
-232
-84
44
156
260
325
337
309
278
252
214
189
208
258
294
272
190
81
-32
-146
-223
-232
-189
-80
57
145
102
-167
-658
-1304
-1944
-2436
-2656
-2539
-2218
-1781
-1290
-813
-362
-35
151
261
346
467
677
996
1365
1694
1906
1944
1824
1585
1251
888
550
258
60
-11
4
66
113
83
-6
-127
-211
-207
-115
56
294
587
896
1157
1337
1400
1352
1230
1067
907
781
686
613
541
461
356
207
19
-187
-401
-607
-790
-906
-905
-793
-593
-375
-187
-39
54
107
134
155
190
228
271
292
280
237
129
-38
-253
-495
-695
-829
-876
-839
-750
-653
-571
-514
-478
-452
-431
-401
-354
-270
-162
-33
98
192
241
228
155
67
-42
-133
-190
-221
-216
-211
-205
-215
-247
-274
-302
-311
-294
-250
-179
-95
7
137
277
383
423
412
401
384
343
317
318
334
321
273
219
169
118
44
-18
-38
-41
-1
75
150
157
-18
-388
-964
-1618
-2179
-2537
-2582
-2387
-2038
-1568
-1055
-540
-122
154
321
423
525
643
852
1164
1486
1730
1835
1793
1631
1366
1020
666
349
88
-63
-110
-87
-49
-39
-69
-143
-218
-260
-243
-133
45
303
622
934
1201
1371
1424
1370
1224
1037
855
703
588
488
391
292
175
33
-149
-355
-548
-717
-854
-950
-973
-882
-708
-506
-303
-124
34
146
208
259
292
304
297
260
216
149
30
-147
-360
-557
-712
-804
-833
-819
-760
-689
-625
-560
-492
-428
-363
-299
-225
-114
1
109
213
286
316
294
233
143
49
-34
-103
-147
-168
-184
-201
-237
-277
-299
-302
-286
-249
-179
-83
31
148
255
347
408
449
470
468
433
373
328
320
335
360
351
305
217
89
-22
-87
-74
-19
17
46
62
87
49
-168
-557
-1107
-1678
-2113
-2325
-2263
-2023
-1684
-1304
-904
-489
-139
125
291
370
438
549
769
1074
1364
1554
1611
1544
1384
1166
903
607
304
50
-98
-132
-98
-65
-57
-88
-146
-197
-218
-176
-75
77
287
543
810
1037
1181
1210
1144
1026
884
759
644
538
442
346
247
133
-2
-160
-339
-519
-690
-818
-877
-844
-727
-570
-399
-227
-75
50
150
226
289
319
321
319
300
266
192
70
-84
-261
-429
-560
-638
-666
-656
-608
-555
-506
-457
-423
-391
-353
-309
-241
-155
-61
43
132
191
214
196
150
77
-5
-78
-127
-153
-168
-179
-186
-184
-177
-163
-155
-149
-133
-106
-60
-20
25
102
199
292
330
324
310
295
285
252
230
231
252
287
273
234
177
116
77
42
35
58
120
197
229
154
-107
-549
-1117
-1663
-2086
-2318
-2326
-2179
-1882
-1504
-1073
-610
-247
16
175
298
453
639
894
1170
1425
1613
1693
1683
1565
1350
1067
750
442
196
30
-50
-69
-95
-126
-177
-238
-276
-296
-266
-189
-51
162
415
698
945
1120
1201
1180
1102
988
852
708
579
473
386
304
209
88
-76
-283
-513
-708
-821
-843
-781
-666
-522
-371
-247
-161
-111
-75
-36
16
90
177
265
328
334
282
173
16
-164
-343
-494
-589
-636
-640
-612
-575
-533
-500
-484
-466
-442
-395
-323
-237
-124
-9
96
178
221
236
216
162
99
28
-34
-79
-113
-120
-112
-104
-101
-112
-123
-141
-161
-167
-152
-90
-14
74
160
227
285
309
311
308
304
320
340
366
402
411
378
286
153
40
-39
-79
-74
-42
12
78
124
102
-72
-428
-931
-1465
-1893
-2143
-2177
-2021
-1739
-1379
-967
-543
-169
100
232
284
338
447
645
904
1172
1385
1507
1540
1474
1317
1072
755
436
171
-2
-71
-73
-56
-48
-67
-104
-148
-196
-236
-242
-173
-3
243
532
799
999
1113
1120
1057
953
819
679
545
441
374
327
266
154
-14
-210
-402
-550
-643
-687
-669
-609
-516
-391
-265
-157
-95
-58
-16
39
111
177
238
287
294
264
188
76
-66
-231
-394
-524
-598
-620
-606
-573
-532
-492
-453
-430
-426
-408
-377
-315
-226
-120
-6
95
173
218
228
195
130
62
-7
-60
-92
-105
-107
-104
-109
-128
-154
-182
-199
-206
-202
-175
-117
-16
95
206
285
311
313
295
290
279
255
255
276
322
342
314
272
226
162
88
16
-35
-39
-14
41
104
97
-56
-432
-957
-1504
-1931
-2119
-2113
-1953
-1685
-1344
-900
-439
-58
195
299
339
383
486
689
943
1202
1395
1490
1524
1470
1327
1085
756
432
171
13
-37
-35
-22
-22
-43
-74
-120
-179
-231
-246
-184
-29
198
464
703
879
986
1009
973
882
747
610
474
367
304
244
160
17
-161
-337
-495
-609
-688
-722
-700
-625
-493
-329
-173
-47
49
116
169
213
245
260
252
236
209
160
88
-19
-147
-274
-396
-486
-540
-561
-549
-528
-492
-452
-418
-389
-370
-345
-304
-236
-137
-35
62
149
209
248
246
207
145
76
21
-15
-35
-48
-65
-91
-133
-182
-232
-273
-299
-306
-269
-196
-103
-6
64
113
163
212
253
274
280
283
297
320
329
334
325
279
199
88
-8
-62
-85
-90
-71
-2
99
180
165
-29
-440
-980
-1513
-1900
-2048
-2014
-1835
-1546
-1179
-744
-318
27
230
288
285
296
410
627
888
1149
1339
1449
1496
1451
1309
1052
714
395
160
36
4
8
17
5
-27
-69
-130
-191
-245
-266
-202
-53
171
432
662
827
923
949
918
831
699
554
423
319
229
129
25
-88
-196
-291
-395
-483
-542
-562
-514
-413
-278
-141
-34
49
104
148
183
190
183
158
123
108
96
86
58
-8
-98
-201
-294
-365
-423
-460
-477
-470
-447
-429
-414
-402
-388
-351
-291
-219
-131
-49
24
93
141
173
181
163
129
81
35
-9
-54
-95
-143
-182
-218
-254
-280
-297
-294
-257
-191
-95
-2
64
115
144
176
205
207
196
169
161
198
258
324
342
319
253
152
62
-18
-68
-87
-72
-9
86
183
165
-56
-526
-1144
-1706
-2067
-2159
-2068
-1842
-1508
-1110
-643
-226
84
261
305
307
344
487
726
1004
1257
1426
1517
1540
1473
1295
1013
666
355
142
22
-6
1
9
14
-11
-45
-92
-149
-214
-247
-182
-21
225
500
739
912
1005
1007
943
831
676
528
408
334
305
253
157
-3
-181
-329
-459
-557
-633
-658
-602
-486
-324
-147
-1
93
132
148
178
201
207
192
158
145
136
116
72
-14
-124
-251
-363
-448
-502
-533
-552
-546
-506
-458
-426
-414
-415
-400
-358
-293
-197
-94
1
87
157
212
232
215
169
102
43
-12
-72
-128
-189
-251
-291
-311
-318
-307
-307
-303
-275
-207
-101
-12
53
109
153
202
234
249
259
249
245
261
285
315
318
279
207
94
-30
-126
-202
-212
-164
-57
92
143
14
-369
-936
-1476
-1863
-1996
-1937
-1746
-1425
-1034
-588
-163
162
373
443
428
428
502
678
907
1117
1290
1415
1484
1474
1329
1066
735
421
205
67
10
9
21
52
77
78
53
-20
-116
-174
-145
-10
200
435
654
819
923
946
897
796
640
473
329
230
179
119
20
-105
-208
-278
-357
-448
-543
-590
-556
-476
-341
-198
-89
-12
28
58
86
86
63
28
22
41
59
62
16
-61
-156
-267
-361
-435
-492
-525
-542
-526
-484
-440
-413
-399
-378
-338
-286
-222
-146
-69
17
110
197
262
274
238
177
106
46
-15
-72
-122
-158
-177
-192
-201
-209
-212
-209
-203
-183
-148
-103
-59
8
100
206
303
345
327
274
214
178
166
169
176
186
174
120
40
-43
-106
-149
-170
-149
-71
30
63
-59
-422
-964
-1488
-1822
-1886
-1763
-1533
-1226
-856
-447
-63
252
435
464
435
424
499
675
886
1081
1227
1307
1330
1300
1173
927
614
312
100
-6
-19
13
56
88
97
103
79
6
-83
-149
-135
-7
202
438
647
784
856
865
819
721
579
415
219
43
-65
-87
-57
-46
-77
-134
-193
-252
-317
-362
-382
-373
-329
-248
-128
1
94
133
129
108
69
19
-35
-82
-94
-94
-96
-103
-131
-177
-239
-304
-367
-428
-477
-512
-510
-473
-422
-369
-323
-274
-216
-152
-93
-43
11
59
105
145
169
171
147
98
31
-40
-114
-189
-245
-269
-267
-241
-203
-170
-140
-124
-106
-52
28
115
171
209
236
237
222
183
139
102
61
24
11
15
23
36
46
45
35
15
-15
-32
-33
-15
-19
-125
-408
-837
-1275
-1591
-1689
-1610
-1444
-1211
-930
-609
-278
9
219
333
380
409
495
669
875
1052
1170
1234
1268
1263
1173
984
725
460
264
154
111
105
111
117
118
107
76
32
-12
-33
-6
91
253
447
623
748
815
830
798
711
575
407
244
126
61
44
51
35
-20
-98
-183
-254
-312
-359
-376
-351
-289
-211
-128
-52
-3
14
6
-17
-36
-62
-84
-94
-98
-89
-87
-107
-151
-229
-317
-402
-471
-502
-509
-505
-488
-468
-437
-408
-391
-374
-347
-301
-238
-168
-91
-15
50
103
128
126
98
56
8
-50
-110
-159
-184
-188
-181
-162
-142
-131
-145
-179
-185
-142
-64
16
89
155
215
270
299
287
240
171
95
39
16
29
65
78
62
38
28
16
-3
-15
-21
-5
12
-5
-101
-372
-803
-1258
-1561
-1638
-1560
-1383
-1146
-836
-475
-132
171
389
495
515
515
559
673
844
1019
1153
1236
1268
1257
1170
972
696
433
232
117
75
76
108
137
156
162
153
103
28
-29
-32
37
169
341
519
673
774
808
785
688
526
327
117
-39
-103
-101
-84
-84
-86
-72
-87
-153
-251
-337
-384
-414
-405
-342
-241
-129
-36
38
92
95
60
1
-68
-116
-142
-155
-161
-172
-192
-223
-269
-323
-383
-433
-472
-495
-477
-431
-381
-324
-257
-177
-104
-53
-26
-14
-10
-1
25
59
92
110
108
89
47
-4
-61
-127
-194
-240
-251
-227
-189
-142
-93
-59
-29
9
49
84
101
95
87
86
95
106
94
51
-9
-53
-67
-62
-46
-48
-67
-92
-122
-129
-129
-116
-86
-67
-80
-228
-556
-967
-1296
-1407
-1332
-1181
-998
-773
-496
-215
29
215
324
360
367
411
527
685
837
960
1034
1062
1060
1011
890
694
484
326
240
209
205
226
256
269
275
274
254
205
153
131
171
266
384
500
600
659
676
654
576
432
264
110
-6
-74
-109
-104
-54
3
40
46
5
-75
-179
-268
-303
-280
-211
-126
-36
45
96
115
82
7
-80
-161
-213
-233
-229
-219
-206
-203
-212
-233
-283
-349
-408
-446
-459
-443
-400
-343
-273
-203
-144
-103
-78
-60
-47
-39
-37
-34
-24
-14
-4
-9
-33
-80
-140
-198
-243
-270
-277
-259
-225
-175
-115
-54
-6
25
34
25
11
1
4
14
18
9
-15
-54
-91
-118
-121
-100
-74
-67
-73
-94
-113
-124
-135
-146
-164
-164
-137
-155
-311
-626
-965
-1153
-1143
-1021
-895
-766
-579
-342
-104
109
272
379
422
432
485
601
733
836
893
915
924
931
895
778
621
479
373
303
263
267
324
371
380
379
364
340
304
265
262
295
350
412
475
530
557
543
477
367
262
172
79
2
-41
-23
45
97
117
116
72
-23
-139
-220
-247
-238
-212
-166
-89
-12
35
63
62
34
-10
-72
-135
-174
-187
-192
-200
-226
-257
-292
-345
-410
-454
-470
-477
-457
-406
-326
-240
-177
-140
-113
-97
-104
-115
-130
-148
-148
-134
-109
-84
-84
-109
-147
-189
-237
-282
-325
-350
-324
-268
-192
-107
-32
25
49
32
1
-18
-50
-85
-106
-106
-83
-69
-61
-63
-69
-85
-124
-172
-223
-241
-237
-208
-160
-117
-80
-57
-39
-36
-72
-233
-529
-858
-1042
-1012
-880
-765
-667
-498
-253
-38
119
245
335
390
398
430
531
670
791
868
912
923
912
859
760
645
556
496
446
415
413
455
494
487
472
463
445
400
355
341
363
402
443
493
540
541
472
376
285
217
162
88
13
-18
7
54
101
116
108
65
-17
-106
-166
-176
-179
-175
-160
-135
-108
-99
-97
-114
-139
-182
-225
-244
-249
-246
-258
-281
-310
-342
-377
-407
-422
-424
-416
-402
-382
-340
-285
-242
-214
-202
-200
-199
-191
-178
-166
-163
-167
-166
-149
-133
-136
-150
-166
-181
-198
-218
-223
-206
-176
-145
-105
-69
-47
-41
-58
-73
-74
-71
-62
-58
-63
-73
-87
-98
-103
-112
-140
-175
-200
-190
-169
-161
-168
-170
-139
-94
-39
6
45
82
90
36
-127
-368
-577
-651
-630
-587
-536
-434
-263
-90
49
166
253
285
270
268
334
449
561
648
717
767
787
769
711
624
532
464
412
381
389
425
464
479
467
464
459
423
372
329
302
286
291
324
365
366
319
240
159
87
17
-17
-12
23
68
122
175
212
207
158
93
15
-36
-73
-93
-110
-125
-133
-139
-138
-145
-159
-173
-193
-217
-221
-218
-218
-218
-223
-223
-229
-250
-263
-261
-267
-283
-286
-271
-248
-223
-208
-194
-182
-187
-195
-200
-216
-236
-251
-256
-243
-211
-171
-135
-124
-143
-177
-212
-230
-229
-213
-201
-187
-157
-125
-105
-97
-97
-110
-141
-169
-176
-165
-154
-145
-128
-103
-80
-71
-83
-126
-176
-210
-212
-181
-142
-104
-71
-29
12
52
85
90
78
38
-46
-183
-344
-476
-535
-525
-475
-404
-319
-221
-104
21
137
235
308
357
398
452
523
596
652
672
668
646
611
567
519
470
434
423
426
443
450
446
429
404
386
371
364
345
332
330
334
339
335
307
247
165
81
42
54
87
112
129
157
201
245
264
260
224
167
91
17
-44
-89
-111
-122
-126
-135
-140
-154
-166
-170
-174
-178
-189
-191
-190
-182
-175
-174
-187
-214
-254
-306
-347
-373
-376
-365
-332
-283
-239
-210
-201
-207
-228
-251
-271
-281
-285
-284
-279
-273
-271
-272
-277
-279
-285
-305
-324
-322
-298
-265
-251
-254
-261
-254
-239
-229
-227
-222
-215
-203
-185
-161
-131
-126
-149
-174
-178
-155
-119
-87
-83
-88
-96
-83
-64
-55
-49
-36
-16
0
23
50
90
127
176
233
262
258
209
138
62
0
-40
-62
-60
-42
2
58
120
194
280
359
409
437
444
448
473
512
556
585
581
557
540
525
507
481
456
431
403
380
374
372
352
310
257
210
169
149
149
166
197
227
257
281
295
298
287
261
232
216
209
192
161
125
94
78
55
26
-13
-69
-128
-173
-199
-215
-219
-219
-219
-224
-230
-224
-215
-214
-227
-241
-250
-257
-260
-263
-260
-262
-282
-311
-344
-369
-385
-390
-390
-392
-393
-391
-382
-372
-374
-389
-407
-420
-409
-384
-366
-349
-341
-334
-316
-297
-279
-264
-256
-252
-232
-214
-208
-240
-296
-344
-369
-360
-332
-278
-221
-176
-153
-140
-123
-111
-107
-122
-128
-120
-77
-5
72
133
163
171
168
168
172
174
180
201
230
259
268
267
277
305
346
354
341
307
272
246
217
200
190
190
197
209
229
245
259
259
241
230
248
299
370
424
457
458
442
413
381
345
293
247
218
231
281
348
402
422
410
374
342
317
288
259
227
204
198
205
209
203
187
168
148
131
116
105
89
63
37
19
8
6
4
-13
-43
-86
-133
-166
-192
-208
-212
-214
-212
-214
-214
-231
-256
-280
-308
-331
-356
-374
-382
-380
-375
-369
-364
-358
-357
-365
-380
-409
-438
-453
-442
-405
-371
-351
-345
-348
-349
-344
-349
-374
-419
-451
-459
-445
-413
-374
-334
-301
-289
-284
-286
-288
-279
-268
-240
-206
-157
-103
-65
-47
-43
-17
28
86
129
163
178
166
154
141
152
168
176
183
196
224
262
296
315
324
324
309
279
247
230
222
223
223
217
228
251
292
347
393
427
426
398
360
314
278
244
216
200
193
204
225
250
262
245
209
158
121
105
117
148
185
217
243
263
273
270
247
213
179
156
142
139
140
149
156
158
159
150
138
114
88
54
23
1
-14
-17
-15
-10
-13
-22
-34
-47
-56
-72
-93
-115
-122
-118
-109
-107
-118
-142
-172
-204
-231
-246
-263
-274
-285
-292
-285
-275
-264
-260
-262
-279
-306
-329
-349
-353
-345
-335
-334
-338
-334
-326
-318
-321
-337
-348
-347
-328
-303
-281
-267
-256
-246
-237
-227
-220
-218
-230
-253
-287
-312
-319
-308
-281
-237
-173
-95
-11
67
128
167
174
157
130
110
91
64
43
30
41
66
102
143
184
222
256
287
320
353
383
391
375
342
306
278
258
253
260
268
256
224
198
183
196
222
256
293
314
332
340
348
341
312
271
218
177
155
146
138
122
102
80
68
66
75
85
85
77
62
65
78
98
112
106
93
77
68
61
48
27
6
-4
-3
8
17
21
15
2
-13
-33
-56
-80
-101
-108
-109
-102
-93
-90
-84
-90
-101
-118
-135
-139
-135
-120
-114
-116
-117
-113
-98
-89
-90
-107
-138
-172
-203
-216
-219
-206
-186
-169
-152
-146
-144
-143
-146
-154
-175
-194
-210
-217
-225
-234
-237
-230
-222
-213
-204
-193
-179
-171
-166
-163
-159
-155
-156
-171
-187
-200
-204
-204
-199
-186
-166
-142
-113
-73
-13
47
93
121
126
101
53
1
-32
-48
-56
-48
-21
28
90
153
201
227
219
180
138
110
119
166
230
296
342
357
344
313
280
243
205
170
151
163
194
230
250
257
260
250
237
214
187
147
103
72
64
91
135
175
208
225
227
215
185
148
103
51
-1
-39
-52
-39
-11
11
22
24
27
29
35
39
43
44
39
30
12
-13
-45
-79
-106
-116
-104
-84
-59
-42
-36
-40
-43
-51
-62
-77
-90
-96
-98
-108
-124
-147
-171
-183
-184
-169
-146
-118
-94
-79
-67
-61
-53
-53
-65
-83
-108
-136
-154
-159
-155
-147
-135
-120
-94
-70
-61
-65
-90
-117
-145
-166
-176
-173
-158
-133
-102
-73
-51
-42
-53
-81
-115
-150
-179
-195
-197
-178
-139
-92
-48
-19
-4
-3
-13
-35
-60
-74
-68
-49
-21
18
61
103
132
148
148
122
84
37
-4
-24
-19
14
63
111
148
165
173
178
175
159
132
105
85
75
88
115
141
155
156
159
167
178
184
184
175
167
164
168
172
168
155
132
106
83
66
52
37
22
15
26
55
88
117
137
134
116
102
90
81
67
43
28
17
15
24
44
66
69
50
21
-9
-35
-55
-68
-74
-77
-79
-73
-66
-61
-63
-75
-93
-113
-118
-108
-84
-62
-41
-20
-6
0
-6
-23
-50
-88
-121
-142
-148
-147
-135
-112
-86
-60
-34
-12
-3
-8
-33
-69
-108
-148
-181
-203
-207
-186
-146
-97
-55
-32
-31
-43
-57
-75
-92
-101
-105
-107
-110
-118
-125
-133
-132
-121
-95
-58
-28
-19
-27
-50
-75
-90
-100
-106
-98
-68
-28
3
31
55
74
67
35
6
2
18
28
27
17
8
8
21
42
68
90
96
78
61
58
72
93
101
108
122
139
157
178
200
212
197
165
135
118
106
98
96
97
102
106
116
124
123
118
113
122
133
140
135
112
85
65
56
56
62
76
89
89
85
85
87
80
64
52
46
49
47
41
31
10
-15
-42
-59
-68
-65
-61
-68
-74
-73
-66
-51
-45
-41
-35
-33
-36
-50
-62
-73
-90
-106
-128
-144
-154
-160
-158
-155
-150
-140
-130
-112
-96
-75
-49
-28
-21
-26
-36
-48
-54
-59
-69
-84
-101
-108
-101
-80
-55
-36
-20
-12
-9
-11
-15
-24
-40
-57
-67
-82
-94
-99
-94
-81
-57
-31
-8
6
14
11
-10
-38
-65
-77
-72
-55
-24
13
39
53
53
46
34
18
4
-9
-20
-27
-16
11
42
65
80
85
80
70
50
30
6
-11
-10
6
37
71
101
122
131
138
133
118
94
71
59
53
52
59
75
95
109
115
116
119
120
119
113
105
93
83
75
71
69
60
42
21
0
-17
-23
-19
-10
-1
-2
1
10
18
25
19
8
-8
-23
-30
-35
-40
-46
-57
-72
-85
-92
-87
-80
-80
-85
-91
-88
-81
-67
-52
-38
-21
-3
11
20
14
-7
-36
-68
-91
-101
-102
-92
-81
-73
-58
-39
-17
-3
1
-4
-12
-21
-26
-25
-24
-18
-11
4
14
21
26
29
30
22
13
6
4
2
3
6
1
-7
-18
-17
-12
-5
9
16
17
16
11
6
-1
-15
-33
-37
-24
2
25
42
53
56
54
51
50
52
48
43
40
39
42
50
61
68
71
70
67
57
40
14
-19
-49
-73
-89
-98
-104
-103
-93
-85
-78
-72
-65
-62
-66
-79
-90
-94
-88
-72
-51
-33
-20
-14
-15
-18
-19
-14
-8
-2
2
13
25
35
49
65
74
75
73
72
71
70
67
61
51
40
37
37
46
57
68
78
88
101
113
114
99
66
27
-5
-27
-36
-40
-41
-40
-37
-29
-22
-12
-2
4
7
6
0
-4
-5
-2
0
4
12
17
26
32
35
32
23
5
-11
-22
-32
-42
-51
-57
-58
-56
-48
-43
-43
-47
-46
-30
-6
15
26
23
16
8
2
-6
-14
-19
-26
-30
-27
-17
-3
13
23
32
34
32
23
10
2
-7
-17
-26
-34
-33
-29
-20
-5
11
26
30
30
26
16
4
-10
-26
-39
-44
-43
-44
-46
-46
-49
-45
-41
-37
-34
-30
-35
-41
-45
-52
-61
-71
-81
-84
-80
-68
-52
-36
-21
-8
8
17
26
35
33
26
13
2
0
7
21
41
55
59
61
57
47
37
29
26
30
35
44
55
66
76
81
87
92
96
101
104
106
105
102
94
84
77
70
64
59
52
49
48
50
51
47
40
29
16
9
8
16
24
30
31
28
20
5
-13
-29
-38
-47
-53
-57
-62
-70
-80
-94
-107
-119
-125
-131
-138
-148
-159
-164
-163
-162
-159
-152
-139
-120
-105
-96
-91
-79
-63
-45
-28
-12
4
20
32
38
40
43
46
47
45
42
42
39
40
40
39
37
34
35
39
49
57
61
59
52
42
33
28
26
26
29
37
48
56
54
43
27
10
-2
-17
-26
-26
-25
-19
-13
-7
0
6
12
18
24
27
30
30
23
16
8
6
7
9
14
22
35
46
51
52
44
26
6
-15
-33
-47
-52
-47
-35
-21
-6
5
11
5
-4
-9
-13
-22
-25
-22
-12
-6
-1
9
22
33
40
43
44
44
40
33
21
5
-8
-20
-25
-26
-20
-8
9
28
40
41
36
29
20
8
-5
-17
-26
-34
-41
-46
-46
-45
-40
-36
-33
-28
-24
-23
-26
-32
-35
-36
-38
-42
-45
-46
-41
-38
-36
-38
-39
-37
-36
-39
-40
-35
-29
-22
-15
-4
9
21
27
28
24
19
18
17
14
13
13
14
15
18
24
29
32
32
31
26
25
24
26
20
14
9
11
17
25
32
39
44
45
42
37
29
24
22
19
20
23
23
22
20
13
7
2
4
7
10
10
6
4
1
-7
-13
-20
-26
-30
-28
-21
-10
-3
-2
-5
-12
-21
-33
-41
-46
-49
-47
-45
-44
-40
-38
-34
-34
-26
-18
-9
0
7
14
18
17
16
20
27
36
41
43
39
30
18
1
-13
-23
-26
-23
-15
-6
4
13
19
21
19
19
20
22
23
20
18
21
24
28
26
20
13
6
-3
-11
-13
-12
-13
-13
-16
-19
-19
-19
-22
-23
-20
-14
-10
-5
-5
-8
-4
-4
-2
-3
-5
-5
-5
-8
-12
-17
-15
-13
-13
-17
-21
-23
-21
-21
-21
-21
-20
-17
-17
-16
-11
-5
2
5
3
0
-3
-5
-10
-16
-23
-25
-22
-19
-13
-10
-6
-3
-3
-2
2
4
8
14
17
18
18
19
23
27
29
35
45
54
57
59
60
63
69
73
75
81
83
80
75
66
60
55
50
43
34
25
15
6
-4
-14
-21
-26
-27
-28
-31
-33
-37
-41
-48
-53
-56
-55
-56
-57
-62
-64
-63
-62
-60
-61
-60
-59
-55
-53
-54
-52
-50
-47
-44
-40
-34
-27
-16
-5
4
11
11
10
5
-4
-10
-8
-1
7
12
15
18
22
25
26
26
25
29
34
37
37
37
36
30
22
15
8
4
6
12
22
34
43
48
49
49
49
45
38
27
20
11
1
-6
-15
-22
-28
-35
-43
-49
-56
-61
-63
-68
-71
-72
-77
-76
-74
-69
-62
-53
-46
-37
-27
-19
-9
-2
2
8
13
20
29
41
51
61
68
73
78
83
86
90
92
90
86
85
80
82
87
88
85
79
71
61
54
51
53
61
71
78
80
78
76
73
69
61
52
46
38
28
12
-5
-23
-30
-25
-8
19
50
79
100
115
117
108
90
61
30
-6
-45
-82
-118
-155
-196
-243
-293
-345
-404
-463
-519
-570
-608
-629
-627
-601
-557
-498
-423
-346
-269
-191
-111
-35
35
99
148
181
200
202
194
181
165
150
134
119
106
98
89
79
68
60
62
71
87
111
138
161
177
185
191
199
210
220
229
232
231
227
217
205
187
165
141
118
92
67
47
29
17
11
11
19
36
66
106
151
196
236
274
309
337
358
378
394
405
409
405
396
385
374
362
347
329
307
280
245
203
161
118
79
42
6
-35
-82
-132
-188
-249
-310
-370
-426
-477
-523
-566
-601
-629
-651
-666
-673
-672
-664
-646
-622
-598
-573
-544
-504
-456
-398
-332
-262
-189
-122
-61
-10
29
60
84
98
101
98
84
61
30
-8
-47
-83
-115
-145
-173
-202
-228
-244
-248
-234
-205
-165
-118
-73
-29
13
49
84
120
159
197
234
271
304
339
370
396
426
458
487
516
541
557
570
579
579
574
562
545
521
492
458
424
389
359
330
299
267
229
191
154
114
78
45
9
-31
-73
-118
-162
-204
-241
-273
-300
-325
-351
-375
-397
-415
-425
-425
-417
-403
-384
-360
-335
-311
-286
-259
-231
-198
-166
-134
-108
-83
-66
-55
-51
-56
-60
-66
-77
-87
-98
-114
-125
-131
-131
-125
-116
-103
-90
-78
-69
-61
-50
-38
-24
-5
11
27
44
61
84
110
133
158
178
194
209
222
232
235
237
236
236
236
230
227
222
215
207
202
196
190
183
174
161
147
131
114
96
76
52
26
0
-25
-43
-54
-65
-76
-90
-101
-111
-119
-128
-139
-149
-155
-154
-154
-153
-155
-157
-160
-167
-173
-176
-170
-163
-160
-154
-149
-144
-138
-134
-132
-128
-124
-119
-112
-104
-94
-81
-70
-65
-61
-57
-51
-48
-42
-35
-29
-19
-12
-4
1
1
6
15
26
39
53
69
83
97
108
120
131
138
145
150
150
148
142
142
144
147
153
159
163
167
169
173
177
179
178
173
170
165
154
144
133
122
114
107
100
95
92
87
82
77
72
71
70
61
50
37
24
7
-10
-21
-32
-36
-38
-38
-41
-48
-56
-65
-75
-83
-89
-94
-104
-120
-141
-157
-164
-165
-160
-157
-155
-152
-151
-153
-158
-158
-156
-156
-151
-149
-146
-146
-149
-150
-148
-141
-134
-123
-114
-112
-109
-109
-105
-97
-84
-70
-59
-54
-50
-46
-44
-44
-39
-35
-30
-23
-15
-5
7
19
28
34
35
25
14
4
-1
4
17
34
53
73
86
99
106
107
111
117
126
131
134
133
128
123
119
117
118
120
121
118
112
107
104
105
108
113
117
114
107
95
82
68
60
60
56
56
52
51
55
54
48
41
35
27
20
16
9
5
3
1
-3
-5
-8
-11
-8
-4
-5
-9
-17
-23
-30
-39
-49
-57
-61
-66
-66
-66
-66
-69
-74
-80
-87
-88
-87
-79
-70
-67
-65
-64
-68
-71
-73
-72
-70
-66
-59
-58
-57
-53
-44
-34
-27
-24
-22
-21
-20
-21
-20
-19
-13
-7
-4
-3
-2
-1
-3
-7
-9
-11
-10
-7
-1
7
15
23
30
34
34
32
23
15
8
5
9
18
27
32
31
25
21
20
20
21
25
29
36
37
38
35
32
29
26
24
27
29
30
26
21
16
11
5
-4
-16
-26
-30
-28
-23
-18
-14
-12
-12
-13
-10
-10
-8
-6
-7
-5
-3
0
4
4
3
1
2
3
2
2
6
11
10
7
6
6
10
12
13
11
8
3
0
3
7
7
6
2
-2
-3
-7
-12
-17
-22
-25
-25
-21
-17
-12
-9
-7
-8
-11
-15
-15
-14
-11
-4
2
2
0
-6
-11
-10
-11
-9
-7
-5
-4
-4
-7
-11
-16
-18
-20
-26
-31
-31
-24
-10
3
9
10
11
13
15
16
17
20
20
17
14
14
15
19
22
24
27
28
30
32
30
25
21
19
17
14
15
15
17
15
10
4
0
-3
-2
2
8
13
18
17
13
8
6
10
13
18
18
17
14
6
1
-2
-3
0
2
7
9
11
9
8
5
2
-2
-5
-9
-12
-14
-11
-8
-7
-10
-12
-10
-11
-13
-20
-28
-33
-34
-34
-40
-45
-50
-51
-50
-48
-48
-48
-49
-49
-45
-36
-29
-28
-29
-30
-29
-29
-30
-29
-26
-20
-16
-12
-9
-7
-2
0
4
8
12
16
18
24
28
28
28
24
22
22
25
31
36
38
37
35
35
34
32
32
33
34
37
42
45
47
48
48
49
46
43
40
37
37
37
33
29
24
17
12
6
5
5
1
-2
-8
-13
-14
-16
-15
-14
-13
-12
-13
-15
-18
-20
-26
-34
-37
-36
-34
-31
-29
-25
-22
-18
-16
-17
-21
-24
-28
-29
-29
-30
-33
-35
-32
-29
-29
-28
-23
-16
-8
-5
-4
-5
-7
-7
-6
-4
-1
3
8
9
12
15
22
26
24
22
24
26
32
39
44
48
48
42
33
25
18
14
14
14
18
20
21
16
10
6
3
1
-2
-3
-4
-8
-10
-11
-15
-19
-21
-23
-26
-28
-28
-27
-26
-23
-19
-16
-14
-14
-14
-14
-17
-20
-22
-22
-23
-19
-11
-4
0
-1
-7
-11
-14
-15
-13
-14
-17
-18
-16
-9
-3
3
6
9
11
10
10
7
6
6
6
4
3
2
1
-4
-10
-13
-14
-15
-13
-13
-13
-12
-10
-2
6
12
16
18
20
19
19
18
19
20
21
21
20
20
17
16
17
19
21
24
25
23
21
17
15
18
22
24
26
28
30
34
37
40
38
33
26
19
14
15
18
20
18
17
13
9
4
-2
-7
-12
-16
-21
-23
-23
-23
-21
-20
-17
-16
-15
-14
-16
-19
-22
-25
-24
-27
-30
-32
-34
-35
-37
-37
-39
-41
-40
-39
-36
-32
-30
-31
-34
-36
-35
-34
-33
-32
-26
-21
-19
-19
-21
-24
-26
-28
-25
-22
-14
-3
7
14
18
20
20
17
15
12
13
15
17
18
16
13
11
11
15
20
26
30
30
33
34
35
33
32
30
30
30
31
34
37
39
38
37
36
35
31
27
23
21
20
21
20
21
22
22
23
24
26
26
22
17
12
10
7
0
-3
-5
-8
-10
-12
-14
-15
-16
-19
-20
-22
-27
-30
-33
-34
-32
-32
-30
-27
-24
-23
-21
-18
-15
-13
-13
-12
-17
-21
-23
-26
-26
-24
-19
-13
-12
-11
-13
-16
-17
-17
-16
-15
-15
-14
-10
-6
-5
-5
-9
-8
-5
-3
-1
-1
-1
-2
-3
-6
-6
-4
-4
0
4
7
9
6
5
4
4
1
-1
0
2
7
12
14
15
16
16
16
15
12
12
13
11
9
4
1
1
1
4
9
12
12
11
9
9
6
5
3
1
2
5
11
14
19
21
20
18
20
21
21
19
20
18
18
15
12
10
7
5
3
-1
-5
-5
-4
-2
0
-2
-1
-1
-1
0
-3
-4
-7
-10
-11
-12
-11
-11
-12
-15
-20
-22
-22
-20
-18
-14
-12
-12
-13
-15
-17
-16
-11
-8
-7
-8
-10
-9
-8
-7
-8
-8
-6
-3
-1
0
2
5
8
10
10
9
8
4
0
-2
-3
0
3
6
5
4
2
0
1
3
3
3
1
-1
-2
0
1
2
5
3
2
0
-4
-5
-6
-6
-6
-5
-3
0
4
4
3
1
0
0
1
2
3
3
2
2
3
3
7
10
12
8
3
-2
0
2
3
6
11
14
15
13
9
6
3
0
-2
-3
-7
-10
-10
-11
-7
-2
3
8
11
12
11
9
8
7
7
5
3
2
2
2
5
5
7
8
9
8
6
2
-3
-5
-6
-5
-3
-4
-2
0
-3
-4
-7
-11
-15
-16
-18
-17
-15
-13
-13
-11
-7
-4
-3
-7
-10
-15
-17
-18
-15
-9
-3
1
2
0
-4
-7
-8
-6
-3
-3
-2
-6
-11
-14
-11
-5
1
6
9
12
16
17
15
7
3
-1
-1
-3
-2
-1
0
3
5
4
5
7
8
8
8
12
13
13
11
8
6
4
2
0
-1
0
3
5
9
10
8
6
6
7
6
5
5
6
5
4
2
4
4
6
7
6
9
10
8
8
6
8
10
10
9
7
6
6
7
8
3
0
-2
-4
-7
-9
-11
-16
-17
-17
-17
-15
-16
-15
-15
-17
-18
-16
-14
-16
-19
-24
-28
-27
-23
-21
-19
-17
-13
-13
-11
-6
-4
-1
3
8
11
8
5
2
-2
-2
-1
-1
1
3
7
10
10
12
12
14
16
15
14
13
12
9
7
7
4
2
1
2
2
4
5
6
8
9
10
10
9
11
13
12
12
10
8
6
5
5
5
8
12
14
16
12
8
5
1
-3
-3
-2
0
4
3
3
1
-2
-5
-6
-7
-8
-8
-10
-13
-13
-10
-6
-1
0
-1
-4
-7
-8
-7
-9
-9
-8
-8
-9
-12
-13
-15
-17
-20
-20
-17
-16
-16
-16
-15
-15
-11
-7
-5
-2
-1
-1
0
0
0
0
1
2
4
8
11
11
10
6
5
4
4
9
12
15
15
12
7
3
-2
-3
-4
-2
0
3
5
5
7
7
4
4
2
3
7
11
11
11
12
14
13
13
11
9
8
5
5
8
8
8
9
8
5
6
9
11
11
8
1
-5
-8
-14
-14
-15
-18
-19
-19
-18
-16
-13
-13
-14
-14
-14
-12
-9
-5
-1
2
4
