11
-6
-22
-26
-19
-7
8
18
22
20
11
3
-2
-4
-2
4
8
3
-4
-7
-9
-10
-12
-5
6
13
13
13
11
0
-12
-18
-14
-7
-1
-2
-5
-7
-8
-10
-15
-10
1
11
17
15
10
6
0
-5
-4
-3
-4
-1
-1
3
13
18
16
9
-4
-9
-6
0
5
3
-1
1
2
-3
-8
-8
-8
-8
-9
-6
2
4
-1
-7
-16
-19
-14
-1
7
9
2
-5
-4
1
10
15
17
11
1
-4
-3
4
5
2
1
-3
-7
-9
-10
-6
0
11
17
16
12
1
-12
-20
-19
-13
-2
6
4
4
1
-6
-8
-5
0
6
11
11
5
1
-6
-9
-8
-5
2
10
14
15
12
9
3
-1
0
-2
-4
-2
1
5
8
6
-2
-9
-8
-4
0
5
9
6
4
-3
-7
-7
-5
0
7
10
3
-1
-2
-9
-4
1
-3
-7
-10
-8
-4
-1
-3
-7
-7
-4
0
2
-9
-15
-10
-5
2
-2
-6
-3
6
12
13
12
9
6
7
5
4
7
2
-2
-1
-5
2
11
14
15
8
-1
-7
-12
-14
-16
-15
-11
-9
-2
1
6
6
6
3
-3
-3
-5
-1
7
8
8
6
0
-8
-11
-11
-7
-2
2
2
-1
-6
-5
-2
4
10
12
14
11
5
4
0
-1
0
3
10
17
18
9
2
-7
-15
-18
-17
-14
-11
-5
-2
-4
-5
-4
1
7
10
11
6
3
2
-3
-2
1
3
7
8
4
-2
-4
-7
-7
-5
-3
-2
-5
-7
-6
1
8
10
10
5
-3
-8
-5
2
2
2
0
-4
-3
1
0
-1
-4
-10
-13
-11
-13
-15
-7
1
8
14
10
2
-2
-7
-9
-7
-1
5
6
6
1
0
5
9
12
12
8
6
6
3
0
0
2
2
3
2
-4
-1
2
2
5
1
3
6
5
7
8
8
12
5
3
-3
-7
1
6
14
13
5
0
-7
-1
1
0
-4
-16
-12
-4
3
1
-11
-15
-13
-10
-6
-5
-5
-9
-17
-18
-13
-13
-11
-9
-8
-2
3
3
3
1
-4
-5
-6
-1
4
3
-1
-4
-7
-8
-6
-5
-1
2
0
-2
-4
-3
0
4
9
10
8
6
5
7
8
7
2
2
4
7
11
9
13
13
8
8
5
2
1
6
14
12
8
6
4
4
3
2
4
5
1
-1
2
3
5
6
7
8
5
0
-1
2
3
3
-3
-9
-4
-2
-1
-3
-10
-14
-14
-16
-15
-9
-1
4
6
5
-5
-9
-10
-11
-8
-5
-3
-4
-10
-17
-16
-14
-12
-9
-4
-3
-3
0
1
9
14
9
1
-3
-1
0
2
4
2
-2
-2
1
5
7
7
3
-2
-4
-7
-8
-4
1
5
7
2
2
3
-1
0
7
11
11
2
-3
-5
2
6
7
9
4
0
-3
-5
0
4
3
3
5
3
-3
-6
-4
3
3
1
-1
-2
-5
-4
1
2
1
3
-1
-3
-2
-2
-4
1
9
10
7
-1
-6
-4
-2
-4
-6
-9
-5
3
6
1
-5
-10
-13
-10
-5
1
1
2
2
0
-1
-5
-3
4
7
11
7
3
2
3
4
4
6
8
5
0
-5
-3
1
7
15
12
3
-1
2
8
9
10
9
3
-3
-7
-5
-1
4
12
15
12
0
-7
-3
6
18
14
3
-10
-21
-17
-11
-7
-6
-17
-20
-10
-4
2
0
-2
-3
-5
-12
-17
-18
-13
-8
-11
-19
-28
-28
-18
-8
-1
-3
-11
-12
-9
1
7
12
12
6
1
-11
-13
-5
-3
2
5
1
1
4
5
6
3
0
4
12
19
18
13
13
18
21
23
21
14
10
9
9
7
0
0
7
15
17
14
12
15
19
23
22
17
15
16
22
28
26
22
14
6
2
4
3
0
-1
3
3
0
-2
-3
0
2
1
-3
-8
-10
-9
-4
-2
-5
-7
-11
-15
-17
-23
-30
-31
-27
-22
-24
-29
-30
-30
-31
-32
-35
-36
-38
-36
-30
-31
-34
-39
-39
-36
-39
-38
-35
-28
-26
-28
-28
-28
-23
-19
-14
-11
-7
-5
-2
2
8
8
4
2
5
10
17
16
14
11
9
10
10
11
13
16
19
22
26
25
28
30
33
35
38
45
56
67
72
71
65
63
65
74
79
80
81
81
81
78
74
71
70
70
69
61
50
42
39
38
41
33
25
16
12
16
8
-1
-11
-13
-11
-21
-34
-40
-31
-21
-24
-36
-54
-68
-82
-93
-102
-110
-122
-139
-157
-176
-193
-201
-197
-182
-174
-175
-184
-186
-168
-140
-112
-100
-100
-95
-75
-49
-26
-11
2
20
44
67
80
83
83
92
105
116
117
110
106
107
108
98
79
62
56
59
55
42
25
14
11
10
8
5
1
3
11
23
27
22
14
14
22
32
41
47
55
66
79
84
83
86
95
105
111
111
103
100
104
110
112
107
95
85
86
94
99
97
87
80
78
78
81
80
81
83
83
78
68
67
69
64
46
33
32
33
23
4
-26
-49
-58
-59
-50
-42
-80
-179
-287
-298
-231
-204
-288
-437
-519
-512
-447
-390
-395
-459
-519
-511
-440
-362
-320
-317
-319
-293
-233
-168
-114
-60
-6
44
80
106
140
190
253
304
316
305
297
315
347
372
367
325
282
267
272
271
243
202
165
142
129
114
98
84
75
66
55
42
16
-9
-12
21
43
7
-42
-57
-20
12
10
-8
-29
-31
-11
22
47
38
18
14
31
53
56
54
58
64
62
58
66
76
79
77
75
69
61
60
71
79
72
54
42
39
41
38
28
17
-2
-17
-28
-34
-35
-43
-41
-35
-32
-35
-43
-38
-27
-18
-28
-44
-51
-45
-35
-31
-38
-63
-92
-94
-71
-51
-60
-88
-99
-89
-76
-78
-82
-63
-42
-62
-133
-211
-218
-168
-132
-175
-292
-395
-416
-354
-284
-278
-336
-404
-423
-370
-287
-224
-210
-231
-240
-205
-132
-54
2
33
55
85
124
177
241
302
343
366
377
396
424
458
484
481
447
398
366
361
356
328
280
231
198
170
148
123
104
88
62
25
14
-21
-125
-218
-174
-5
1
-168
-323
-295
-124
11
70
6
-110
-134
-14
156
213
135
48
35
109
178
187
169
165
159
148
157
173
174
164
174
169
115
57
57
96
94
37
-32
-81
-77
-55
-55
-72
-124
-149
-126
-67
-25
-38
-42
-20
30
59
56
59
51
55
83
115
116
47
-16
14
97
129
85
35
-57
-261
-467
-464
-302
-296
-602
-1026
-1242
-1166
-931
-770
-873
-1149
-1340
-1252
-959
-707
-623
-672
-710
-628
-430
-183
7
114
173
250
371
507
644
775
867
893
874
875
913
968
1008
1005
947
847
746
700
688
648
544
402
281
216
184
157
103
32
-19
-46
-53
-55
-57
-53
-48
-43
-63
-111
-129
-65
40
50
-44
-137
-132
-40
46
74
3
-85
-88
12
123
141
83
32
44
93
120
116
98
82
70
61
58
44
32
42
62
54
19
8
38
74
75
43
-5
-55
-52
-25
-25
-78
-166
-205
-190
-152
-147
-181
-211
-218
-200
-183
-167
-163
-158
-156
-153
-161
-173
-171
-150
-93
-46
-26
-46
-66
-26
75
192
215
208
210
107
-137
-404
-353
-113
-75
-428
-982
-1290
-1257
-970
-727
-826
-1194
-1525
-1493
-1155
-836
-710
-799
-920
-882
-636
-304
-54
77
128
210
369
577
785
958
1103
1162
1160
1171
1228
1335
1419
1432
1336
1178
1068
1038
1047
986
827
623
458
395
368
320
206
82
17
-21
-13
-19
-25
-84
-234
-335
-290
-105
-68
-199
-339
-329
-203
-101
-16
-10
-39
-36
42
170
223
199
173
206
280
303
279
267
278
273
248
214
178
138
116
127
113
40
-46
-88
-76
-84
-130
-187
-237
-260
-285
-302
-325
-361
-389
-397
-370
-361
-368
-362
-336
-285
-258
-253
-235
-204
-176
-166
-166
-157
-152
-139
-82
-44
-57
-86
-40
105
174
168
118
123
216
270
280
93
-254
-498
-450
-259
-326
-726
-1195
-1451
-1398
-1205
-1093
-1211
-1499
-1697
-1631
-1359
-1105
-999
-1008
-994
-880
-670
-385
-116
68
206
354
534
733
952
1176
1360
1446
1455
1485
1574
1686
1763
1749
1632
1487
1388
1350
1307
1190
996
787
641
554
482
388
267
141
35
-33
-65
-88
-105
-123
-235
-416
-509
-349
-166
-209
-398
-506
-397
-233
-96
-42
-108
-191
-173
0
177
226
180
129
173
258
306
321
346
363
336
299
293
291
244
201
182
133
46
-15
-20
-5
-58
-155
-232
-279
-303
-344
-367
-389
-436
-462
-482
-470
-458
-467
-442
-418
-380
-355
-332
-303
-291
-285
-266
-216
-180
-182
-184
-158
-137
-108
-62
-3
60
124
182
182
141
138
234
397
427
169
-259
-504
-379
-152
-208
-642
-1144
-1402
-1369
-1177
-1107
-1280
-1582
-1753
-1656
-1439
-1255
-1179
-1178
-1176
-1080
-844
-559
-302
-114
32
174
360
631
935
1201
1359
1419
1483
1605
1770
1908
1966
1913
1792
1693
1665
1666
1605
1435
1210
1020
901
824
723
580
422
279
167
100
52
8
-54
-218
-401
-450
-301
-216
-425
-672
-691
-465
-286
-300
-377
-435
-359
-170
29
107
36
10
83
237
349
356
355
379
399
373
364
410
442
401
309
238
170
131
136
104
-2
-143
-248
-287
-316
-367
-428
-490
-550
-593
-614
-586
-529
-546
-586
-590
-552
-490
-426
-348
-299
-328
-352
-289
-187
-96
-65
-89
-133
-161
-77
87
189
152
38
22
137
270
312
259
216
221
187
13
-296
-570
-628
-510
-477
-807
-1390
-1789
-1768
-1469
-1292
-1488
-1867
-2087
-1961
-1617
-1321
-1222
-1269
-1274
-1097
-768
-402
-79
145
273
399
620
943
1285
1552
1700
1761
1821
1937
2105
2250
2287
2198
2049
1948
1917
1890
1797
1596
1354
1130
957
857
763
622
416
211
83
22
-4
-67
-146
-302
-512
-624
-509
-304
-399
-686
-834
-668
-420
-368
-412
-468
-476
-394
-211
-5
41
-21
-30
68
210
277
303
356
386
351
317
380
474
462
372
292
234
179
144
134
64
-93
-247
-314
-328
-349
-432
-527
-576
-626
-652
-650
-617
-609
-648
-659
-631
-558
-494
-461
-403
-349
-302
-270
-242
-171
-113
-61
-83
-108
-44
43
90
90
120
161
173
207
286
417
506
502
318
-114
-531
-581
-217
-16
-421
-1245
-1852
-1805
-1370
-1077
-1268
-1801
-2203
-2189
-1778
-1362
-1229
-1333
-1466
-1382
-1093
-683
-288
-41
77
139
309
629
1041
1411
1595
1630
1615
1710
1936
2187
2335
2290
2150
2015
1987
2059
2068
1950
1690
1414
1225
1138
1104
985
766
506
316
219
173
129
43
-107
-378
-606
-619
-461
-402
-609
-851
-928
-807
-654
-597
-621
-706
-703
-579
-402
-250
-182
-134
-97
-20
78
161
278
366
388
359
343
393
451
477
443
355
253
200
201
189
105
-37
-166
-239
-262
-285
-346
-423
-499
-567
-601
-615
-610
-582
-579
-579
-562
-538
-498
-446
-384
-370
-370
-320
-222
-120
-113
-136
-121
-41
70
121
165
184
192
227
249
333
423
531
561
287
-224
-717
-732
-304
-15
-342
-1277
-2051
-2096
-1538
-1037
-1199
-1804
-2320
-2313
-1812
-1303
-1066
-1174
-1367
-1365
-1110
-669
-261
13
122
131
218
486
920
1350
1593
1624
1569
1624
1872
2222
2446
2423
2226
2055
2051
2153
2228
2135
1854
1523
1281
1203
1185
1108
910
628
391
250
208
193
90
-137
-415
-539
-534
-569
-705
-882
-925
-887
-847
-854
-889
-869
-803
-688
-576
-519
-465
-397
-283
-156
-74
-10
58
156
243
304
373
436
462
449
439
434
396
340
305
300
265
188
101
28
-34
-108
-189
-252
-303
-371
-444
-494
-535
-565
-566
-536
-522
-567
-604
-590
-520
-437
-401
-389
-366
-309
-231
-167
-121
-98
-97
-36
81
222
304
293
290
315
384
430
525
574
287
-299
-825
-743
-176
107
-435
-1539
-2221
-2003
-1262
-818
-1166
-1934
-2419
-2180
-1528
-1098
-1098
-1360
-1510
-1387
-1059
-656
-336
-129
-55
-34
94
404
851
1265
1488
1502
1454
1574
1901
2272
2446
2367
2170
2038
2079
2217
2296
2166
1861
1557
1392
1380
1385
1281
1034
739
514
411
384
328
230
-16
-369
-587
-508
-359
-582
-1027
-1224
-1025
-768
-798
-1000
-1130
-1098
-931
-714
-584
-597
-626
-563
-382
-206
-122
-70
28
163
214
234
355
521
593
539
468
436
446
502
556
546
426
285
207
196
172
56
-98
-217
-281
-332
-369
-412
-495
-563
-592
-579
-575
-591
-560
-501
-460
-461
-466
-397
-303
-221
-151
-114
-50
42
154
207
162
137
230
375
466
480
437
235
-250
-751
-823
-418
-129
-472
-1326
-2051
-2100
-1590
-1109
-1155
-1723
-2308
-2406
-1985
-1477
-1272
-1369
-1552
-1612
-1432
-1046
-591
-247
-110
-86
-3
252
690
1171
1510
1602
1539
1561
1803
2192
2498
2567
2421
2233
2187
2314
2491
2500
2270
1943
1704
1647
1656
1602
1429
1145
864
640
513
448
368
201
-57
-339
-588
-673
-620
-594
-808
-1200
-1417
-1301
-1023
-946
-1101
-1269
-1273
-1071
-805
-608
-567
-607
-578
-427
-184
3
105
167
206
252
314
455
625
704
670
580
548
580
642
660
581
434
279
195
168
117
-8
-179
-321
-431
-482
-501
-528
-581
-681
-758
-793
-777
-741
-720
-656
-589
-563
-560
-517
-395
-277
-184
-152
-66
80
194
208
156
230
406
610
716
685
451
-104
-719
-876
-337
253
-14
-1128
-2176
-2242
-1494
-806
-864
-1646
-2420
-2579
-2079
-1460
-1225
-1389
-1696
-1813
-1630
-1222
-731
-352
-181
-190
-168
85
585
1169
1578
1679
1568
1545
1825
2305
2693
2766
2576
2345
2290
2444
2643
2676
2442
2064
1767
1693
1761
1757
1582
1261
937
709
586
514
410
216
-43
-353
-647
-854
-917
-821
-807
-1022
-1401
-1643
-1532
-1254
-1055
-1099
-1278
-1364
-1245
-941
-676
-544
-548
-568
-447
-238
-1
176
278
334
341
400
548
726
837
799
700
636
652
718
751
697
554
371
226
145
92
21
-104
-247
-373
-479
-544
-560
-565
-637
-742
-803
-766
-654
-574
-574
-595
-565
-472
-366
-275
-212
-153
-88
9
98
171
255
357
458
468
430
440
509
376
-224
-908
-958
-306
151
-416
-1649
-2456
-2174
-1307
-865
-1288
-2153
-2658
-2473
-1917
-1497
-1462
-1638
-1783
-1768
-1542
-1149
-675
-318
-197
-208
-123
232
802
1369
1696
1704
1582
1665
2082
2571
2842
2780
2554
2397
2424
2608
2750
2689
2401
2042
1814
1778
1827
1770
1522
1190
918
740
618
531
394
179
-111
-368
-616
-940
-1180
-1085
-724
-718
-1287
-1914
-1944
-1398
-923
-858
-1133
-1425
-1421
-1064
-562
-309
-353
-497
-478
-198
117
340
460
528
495
438
567
857
1080
1042
850
690
626
673
746
744
580
310
84
-4
26
10
-130
-341
-537
-664
-676
-601
-573
-692
-877
-953
-869
-736
-655
-601
-593
-626
-643
-559
-384
-223
-133
-90
39
163
168
119
163
367
539
556
515
388
-26
-695
-1021
-507
240
148
-1011
-2256
-2523
-1820
-967
-826
-1564
-2499
-2832
-2394
-1712
-1344
-1443
-1769
-1952
-1848
-1453
-898
-430
-251
-303
-307
-53
455
1090
1595
1749
1612
1524
1767
2269
2733
2919
2791
2543
2421
2516
2739
2869
2727
2361
2019
1880
1917
1947
1793
1448
1067
795
679
623
552
402
148
-217
-637
-926
-964
-803
-743
-995
-1441
-1727
-1629
-1284
-1016
-1068
-1315
-1455
-1325
-957
-599
-455
-525
-588
-482
-232
74
301
416
435
416
479
653
880
996
942
821
751
775
822
816
699
487
292
174
104
50
-22
-149
-339
-541
-686
-713
-669
-676
-762
-880
-949
-932
-859
-747
-661
-645
-654
-616
-484
-338
-226
-167
-123
5
158
269
267
286
364
478
618
699
578
-4
-794
-1096
-563
187
90
-1033
-2252
-2532
-1823
-1030
-963
-1698
-2531
-2768
-2345
-1736
-1470
-1581
-1806
-1893
-1753
-1434
-966
-506
-243
-224
-259
-72
406
1038
1557
1767
1696
1632
1846
2285
2704
2889
2810
2624
2520
2610
2791
2876
2720
2379
2062
1915
1933
1934
1786
1485
1133
838
640
539
464
357
145
-243
-780
-1162
-1087
-740
-672
-1141
-1731
-1904
-1595
-1182
-1013
-1130
-1413
-1576
-1366
-879
-494
-446
-561
-599
-415
-97
166
357
474
495
449
518
786
1038
1109
1003
859
781
791
870
893
771
536
302
167
122
84
-19
-201
-403
-567
-653
-642
-609
-687
-828
-910
-877
-809
-751
-654
-587
-606
-661
-623
-446
-261
-105
14
71
28
6
142
319
397
351
354
457
342
-237
-981
-1133
-470
126
-270
-1553
-2536
-2386
-1520
-959
-1299
-2195
-2858
-2770
-2139
-1607
-1505
-1733
-1981
-1996
-1716
-1237
-763
-415
-252
-241
-174
135
687
1251
1615
1724
1684
1765
2107
2575
2873
2898
2742
2587
2604
2767
2934
2915
2667
2330
2066
1976
1993
1948
1740
1411
1106
870
723
621
513
238
-258
-724
-866
-664
-556
-821
-1249
-1506
-1470
-1315
-1181
-1124
-1236
-1415
-1442
-1239
-948
-732
-658
-665
-610
-456
-238
9
240
323
282
330
512
717
838
848
802
737
719
770
825
789
645
462
334
296
247
120
-44
-189
-329
-474
-542
-568
-623
-691
-761
-828
-842
-785
-714
-652
-648
-615
-534
-459
-391
-396
-310
-167
-36
66
8
21
147
311
440
453
498
458
139
-486
-1051
-857
-97
205
-591
-1930
-2566
-2075
-1140
-833
-1447
-2329
-2767
-2497
-1916
-1537
-1552
-1795
-1932
-1862
-1564
-1105
-645
-340
-284
-316
-167
255
837
1364
1640
1655
1596
1732
2140
2608
2857
2812
2624
2505
2560
2732
2871
2817
2552
2224
2017
1975
1969
1858
1596
1256
951
747
629
542
386
31
-476
-828
-813
-633
-681
-1046
-1383
-1469
-1367
-1227
-1153
-1156
-1272
-1372
-1270
-1015
-766
-653
-616
-582
-511
-321
-69
190
352
347
295
368
605
805
861
819
729
676
689
772
831
742
558
371
255
194
114
-6
-163
-295
-410
-507
-530
-531
-559
-644
-748
-812
-781
-676
-597
-566
-608
-625
-555
-412
-274
-241
-211
-61
122
109
-35
7
272
412
350
237
287
339
13
-616
-1050
-745
-169
-227
-1067
-2022
-2273
-1823
-1278
-1199
-1694
-2292
-2497
-2217
-1814
-1607
-1594
-1691
-1755
-1669
-1383
-931
-489
-214
-162
-123
93
491
1000
1436
1662
1685
1698
1893
2232
2557
2724
2714
2610
2523
2554
2651
2697
2588
2333
2065
1917
1890
1832
1679
1447
1175
913
711
567
470
331
-112
-704
-927
-595
-247
-579
-1358
-1832
-1590
-1024
-800
-1009
-1400
-1629
-1459
-1011
-642
-588
-720
-792
-628
-295
-49
84
208
295
246
217
446
763
931
866
679
575
624
780
898
830
589
336
213
239
297
209
-11
-216
-360
-471
-501
-432
-435
-564
-729
-815
-756
-661
-603
-602
-650
-700
-704
-576
-418
-287
-228
-216
-108
-24
39
58
87
124
66
86
266
402
58
-769
-1319
-946
-68
163
-758
-2039
-2518
-1988
-1241
-1043
-1537
-2279
-2654
-2446
-1923
-1526
-1414
-1526
-1710
-1751
-1520
-996
-430
-89
-68
-171
-39
388
976
1481
1745
1775
1720
1851
2204
2619
2877
2858
2687
2528
2539
2699
2832
2779
2496
2146
1913
1857
1889
1805
1582
1273
975
763
637
552
369
0
-407
-609
-567
-513
-742
-1165
-1413
-1329
-1111
-1058
-1178
-1322
-1375
-1281
-1099
-897
-761
-740
-726
-605
-385
-169
33
189
249
277
313
446
651
784
764
655
613
663
735
749
655
502
368
293
278
250
133
-54
-214
-334
-425
-518
-590
-617
-659
-693
-722
-762
-782
-758
-681
-607
-578
-600
-618
-518
-371
-301
-309
-261
-139
-36
51
38
-16
-56
-35
136
341
362
-91
-867
-1283
-886
-112
-1
-886
-2009
-2431
-1947
-1204
-955
-1415
-2174
-2572
-2337
-1776
-1373
-1311
-1442
-1546
-1506
-1259
-838
-354
-18
45
-2
98
450
978
1502
1789
1784
1698
1805
2184
2617
2840
2796
2608
2482
2514
2658
2772
2702
2439
2109
1895
1833
1789
1678
1450
1151
866
659
524
410
190
-218
-526
-558
-430
-506
-903
-1246
-1294
-1107
-1007
-1052
-1133
-1240
-1260
-1134
-887
-724
-689
-672
-622
-451
-268
-103
93
254
331
309
380
580
749
806
728
636
585
579
621
620
524
342
170
84
78
63
-53
-215
-371
-481
-528
-544
-541
-602
-670
-709
-727
-701
-707
-688
-651
-592
-552
-544
-525
-498
-365
-245
-141
-48
-42
-78
-137
-59
94
156
170
140
209
138
-343
-950
-1158
-625
-78
-376
-1393
-2282
-2295
-1707
-1220
-1288
-1859
-2401
-2521
-2182
-1723
-1450
-1406
-1518
-1579
-1476
-1132
-616
-181
35
59
106
349
758
1272
1717
1895
1857
1823
2019
2414
2753
2872
2784
2628
2541
2582
2729
2810
2674
2376
2058
1862
1805
1739
1589
1337
1042
757
523
434
271
-138
-622
-748
-400
-253
-667
-1295
-1496
-1147
-846
-865
-1064
-1229
-1275
-1157
-841
-594
-533
-569
-583
-451
-240
-38
140
315
406
341
343
559
817
891
758
612
559
545
546
550
478
311
113
-19
-54
-76
-167
-331
-501
-589
-612
-620
-630
-654
-703
-757
-716
-641
-634
-637
-599
-535
-538
-537
-486
-460
-365
-241
-167
-157
-227
-214
-131
-108
-111
-106
-77
-15
3
-33
-217
-615
-948
-896
-491
-304
-765
-1521
-1943
-1816
-1461
-1302
-1470
-1835
-2157
-2194
-1935
-1578
-1369
-1364
-1429
-1417
-1217
-841
-429
-116
58
171
337
611
979
1373
1690
1821
1829
1887
2101
2416
2638
2705
2640
2537
2500
2537
2619
2609
2446
2192
1928
1759
1656
1522
1335
1104
868
652
469
247
-65
-419
-574
-442
-366
-605
-1079
-1329
-1151
-842
-712
-829
-1019
-1117
-1029
-755
-489
-398
-471
-516
-392
-156
70
229
337
387
369
369
496
682
771
699
559
444
396
399
389
308
128
-86
-213
-230
-200
-243
-386
-555
-657
-654
-606
-569
-553
-599
-646
-654
-622
-548
-503
-465
-405
-395
-430
-349
-218
-166
-186
-202
-214
-191
-166
-186
-167
-157
-148
-117
-109
-140
-68
-53
-338
-809
-1059
-780
-353
-385
-1062
-1790
-1891
-1467
-1061
-1103
-1489
-1850
-1992
-1792
-1472
-1258
-1177
-1257
-1271
-1150
-867
-465
-149
71
163
256
480
784
1184
1543
1729
1769
1777
1938
2203
2429
2513
2450
2376
2332
2333
2372
2340
2168
1893
1632
1487
1412
1330
1158
911
666
335
2
-194
-211
-183
-347
-641
-915
-1025
-970
-861
-770
-779
-882
-957
-882
-672
-450
-307
-281
-319
-275
-104
113
315
412
395
362
410
555
684
739
677
540
448
388
364
312
192
77
-46
-136
-195
-248
-314
-398
-451
-503
-536
-528
-496
-473
-505
-555
-545
-437
-330
-293
-317
-366
-380
-267
-107
-45
-48
-169
-354
-404
-244
-92
-74
-194
-447
-530
-452
-313
-224
-242
-212
-221
-216
-291
-603
-898
-968
-680
-373
-594
-1244
-1783
-1659
-1204
-1035
-1196
-1561
-1802
-1767
-1506
-1191
-1063
-1022
-1042
-1041
-871
-604
-269
18
190
282
354
558
869
1231
1533
1632
1612
1652
1836
2103
2281
2278
2194
2129
2113
2130
2143
2076
1866
1608
1395
1278
1231
1096
811
437
176
148
139
-21
-318
-548
-601
-602
-606
-634
-651
-656
-665
-604
-514
-440
-360
-259
-154
-82
-15
64
173
321
393
397
449
544
608
608
565
505
448
394
321
230
107
-36
-161
-285
-376
-419
-451
-477
-507
-530
-536
-507
-474
-456
-430
-393
-326
-293
-301
-266
-199
-121
-128
-212
-285
-312
-175
-104
-192
-279
-362
-369
-383
-445
-462
-430
-409
-517
-693
-711
-587
-393
-309
-439
-519
-393
-200
-233
-564
-828
-719
-369
-260
-673
-1202
-1345
-1086
-827
-858
-1079
-1300
-1343
-1192
-988
-853
-818
-798
-737
-577
-385
-243
-87
120
323
456
573
743
1013
1286
1444
1494
1525
1655
1836
1981
2003
1929
1884
1859
1848
1815
1731
1598
1387
1145
885
714
653
559
326
23
-156
-206
-209
-298
-426
-522
-606
-570
-434
-308
-295
-353
-309
-146
18
89
118
172
277
372
415
457
480
502
501
504
533
505
433
349
288
223
129
25
-61
-127
-221
-322
-405
-482
-534
-597
-642
-641
-629
-604
-599
-568
-490
-411
-324
-248
-194
-150
-90
-4
73
125
131
88
15
-32
-39
-57
-90
-157
-239
-401
-524
-525
-519
-551
-690
-802
-799
-714
-628
-648
-676
-673
-617
-385
-253
-502
-1012
-1116
-569
-155
-388
-1145
-1539
-1243
-865
-735
-923
-1130
-1245
-1216
-906
-668
-622
-662
-641
-483
-308
-101
65
190
318
470
604
745
995
1270
1452
1458
1464
1563
1723
1918
1984
1958
1866
1760
1770
1678
1507
1320
1194
1202
952
641
371
269
337
197
34
-128
-210
-176
-133
-31
-95
-208
-194
-111
68
191
224
214
275
407
467
501
576
610
563
529
528
521
473
384
323
230
126
32
-80
-147
-233
-342
-474
-594
-610
-641
-684
-695
-721
-716
-705
-652
-592
-581
-552
-499
-417
-315
-236
-180
-171
-163
-107
-54
-22
-92
-218
-294
-290
-270
-369
-494
-580
-615
-641
-707
-766
-817
-814
-790
-846
-942
-937
-840
-733
-691
-657
-621
-506
-263
-75
10
-116
-457
-613
-210
200
31
-629
-1054
-843
-542
-428
-661
-926
-944
-923
-765
-673
-655
-576
-523
-455
-445
-270
33
216
302
364
524
711
933
1201
1417
1478
1479
1579
1758
1905
1891
1793
1658
1586
1638
1669
1552
1222
914
832
825
751
553
327
185
73
86
114
122
120
60
70
82
199
339
359
379
378
435
546
683
801
743
658
679
746
781
726
620
511
419
343
270
187
80
-52
-193
-294
-366
-454
-567
-674
-746
-804
-851
-887
-874
-825
-804
-804
-825
-786
-702
-633
-575
-559
-534
-504
-482
-475
-469
-434
-476
-550
-656
-711
-707
-739
-795
-924
-935
-928
-982
-953
-888
-892
-915
-868
-926
-1017
-948
-688
-527
-618
-667
-592
-409
-146
-14
18
6
62
278
370
333
129
44
198
268
195
-81
-255
-241
-216
-123
-152
-244
-336
-366
-257
-244
-213
-168
-134
-152
-157
-21
166
343
411
475
542
649
814
961
1081
1106
1103
1144
1233
1330
1269
1211
1210
1205
1198
1105
1062
1011
941
872
765
722
685
651
637
608
595
582
568
575
590
598
602
609
608
603
587
581
588
613
601
549
504
442
406
379
342
283
171
62
-24
-97
-156
-230
-312
-417
-497
-546
-624
-705
-777
-813
-830
-854
-888
-931
-953
-966
-970
-996
-1000
-983
-988
-1013
-1071
-1031
-955
-931
-1042
-1150
-1091
-950
-929
-974
-985
-1041
-962
-871
-786
-752
-788
-760
-739
-583
-478
-492
-444
-468
-425
-343
-200
-165
-231
-195
-186
-118
-76
-26
-39
-3
92
107
180
231
305
306
274
352
421
506
415
266
274
366
495
427
273
173
202
338
431
466
359
198
174
352
541
592
505
404
410
525
636
601
503
425
447
551
653
679
607
567
633
788
920
949
906
875
918
965
965
906
856
826
788
771
741
714
664
604
545
484
471
461
438
364
252
176
145
142
110
33
-48
-116
-181
-204
-203
-226
-305
-371
-384
-366
-325
-336
-366
-400
-424
-439
-487
-460
-498
-600
-656
-721
-748
-766
-759
-810
-914
-889
-882
-877
-837
-883
-920
-867
-822
-859
-874
-862
-859
-826
-746
-716
-757
-713
-653
-623
-588
-573
-489
-401
-383
-332
-237
-96
-40
-88
-73
-53
29
90
80
33
-128
-185
-121
-13
68
-64
-127
-95
7
168
229
226
103
85
203
315
450
445
352
308
357
492
578
623
574
513
566
664
749
724
645
586
575
640
658
567
433
394
439
466
428
343
285
291
376
435
434
395
354
347
381
449
490
496
426
359
359
391
446
457
420
366
355
360
358
359
326
279
228
186
150
116
100
8
-123
-212
-242
-220
-239
-278
-320
-370
-345
-289
-263
-254
-299
-331
-283
-246
-266
-289
-311
-308
-280
-330
-394
-382
-336
-332
-385
-416
-455
-461
-408
-429
-478
-516
-532
-541
-581
-567
-606
-620
-554
-551
-543
-540
-505
-436
-374
-329
-365
-350
-284
-262
-199
-182
-191
-177
-125
-45
-40
-34
-76
-119
-69
7
92
101
79
30
29
137
208
259
263
201
140
192
312
338
288
223
210
255
300
291
238
212
215
260
306
245
154
197
278
275
215
154
170
213
257
262
225
211
227
303
343
304
242
232
281
323
315
259
201
173
172
155
164
157
155
136
45
9
32
108
140
95
56
15
26
15
20
51
44
38
-8
16
52
53
72
72
67
55
65
59
10
-1
19
-4
-23
-37
-66
-66
-12
8
-75
-129
-127
-107
-78
-86
-169
-227
-205
-180
-188
-156
-102
-129
-149
-145
-155
-141
-86
-34
-94
-173
-169
-126
-71
-83
-147
-182
-168
-114
-99
-152
-209
-250
-272
-229
-174
-159
-201
-270
-289
-262
-171
-126
-181
-224
-241
-176
-136
-151
-135
-144
-129
-120
-116
-82
-87
-66
-58
-100
-74
-32
25
46
28
44
38
81
81
39
51
58
65
39
49
89
114
158
148
99
94
170
267
284
229
149
123
149
211
191
135
137
116
116
109
147
220
217
176
99
103
194
195
170
149
124
121
93
153
205
200
177
135
158
128
112
113
120
142
85
27
15
56
99
96
56
7
-2
0
-4
-32
-42
-39
-93
-120
-132
-136
-106
-91
-66
-48
-27
-28
-44
-2
17
28
56
57
32
7
16
15
-6
-16
-50
-137
-181
-180
-163
-117
-134
-187
-222
-209
-161
-138
-105
-104
-136
-138
-173
-178
-126
-75
-51
-91
-107
-94
-42
14
2
-16
-7
20
36
16
-2
-34
-60
-51
-55
-66
-80
-67
-45
-59
-95
-120
-97
-78
-45
-39
-66
-73
-96
-58
-18
11
53
50
61
42
47
115
163
153
81
37
38
61
96
87
55
23
-9
-7
37
50
22
-22
-30
13
37
57
45
25
29
9
9
41
81
131
126
81
34
5
24
25
41
58
50
53
25
18
40
47
70
54
38
44
48
70
71
66
43
26
20
10
17
43
56
47
5
-45
-38
23
90
119
103
79
51
50
59
50
53
62
49
-10
-73
-82
-31
15
6
-50
-113
-112
-75
-26
5
14
-1
-63
-79
-63
-26
20
7
-31
-94
-112
-45
-6
16
-9
-54
-86
-107
-59
-58
-63
-48
-83
-88
-79
-41
-13
-25
-17
-32
-46
-54
-42
-11
-18
-24
-46
-54
-13
25
24
4
18
20
4
4
7
14
28
50
26
-22
-35
-20
11
32
3
-47
-74
-57
-4
37
70
59
11
-1
-9
47
104
95
33
-54
-48
-23
3
15
-19
-38
-52
-39
-11
21
67
55
-1
-34
-26
-12
-26
-28
-24
-34
-26
-11
11
14
9
20
14
44
54
22
17
-10
-28
-44
-28
-10
-37
-46
-50
-31
-3
3
-3
-26
-22
1
17
34
27
18
37
61
81
82
88
99
88
112
103
75
73
71
107
118
120
121
80
43
31
54
76
60
39
-14
-42
-22
-16
-7
-8
-16
-23
-34
-42
-52
-40
-15
-14
-28
-54
-56
-3
41
62
39
-15
-43
-47
-22
-12
-31
-55
-103
-111
-81
-55
-29
-42
-66
-82
-90
-61
-50
-19
-25
-107
-126
-119
-75
-44
-59
-40
-36
-36
-42
-71
-54
-15
21
17
-16
0
31
60
68
41
21
32
38
20
13
-4
-8
9
9
4
-18
-17
-6
12
37
26
17
1
-6
5
32
64
53
31
1
-27
-15
7
21
4
-25
-9
-12
-21
-8
-3
3
-7
-11
-10
5
35
60
66
76
90
103
121
93
84
95
91
90
48
16
13
27
52
53
39
0
-32
-48
-55
-57
-77
-73
-58
-44
-59
-95
-93
-84
-65
-48
-56
-56
-49
-33
-36
-44
-17
16
45
75
78
69
78
88
75
44
23
18
26
28
25
12
5
19
18
-1
-30
-38
-21
-8
7
-3
-26
-29
-38
-36
-7
35
65
46
9
-26
-33
-10
19
31
4
-26
-33
-1
22
7
-5
-20
-35
-42
-36
-15
-14
-15
-15
-39
-32
-30
-49
-50
-55
-16
14
33
47
16
11
-6
-2
29
64
91
39
-14
-50
-47
1
27
22
-14
-45
-40
-23
-12
-22
-31
-28
-40
-17
10
1
-2
-29
-56
-71
-65
-29
-28
-33
-22
-24
-14
-13
-8
8
8
12
13
18
27
9
-24
-41
-28
2
26
28
15
-6
-12
-6
-8
9
33
53
47
17
5
16
51
51
23
-1
-10
21
39
47
29
-11
-8
-3
19
50
59
80
72
57
48
25
35
56
72
81
72
65
65
72
68
32
-11
-24
-21
8
28
6
-23
-43
-34
-11
-6
-6
-17
-21
-19
-26
-20
-7
9
3
-19
-26
-9
31
61
48
10
-34
-63
-54
-21
27
34
-4
-64
-124
-125
-93
-60
-36
-61
-100
-126
-123
-84
-59
-53
-64
-83
-82
-55
-18
-7
-17
-38
-54
-47
-24
13
31
33
27
-6
-30
-35
-21
6
14
0
-15
-21
2
29
32
24
8
1
23
48
62
52
26
11
9
20
41
58
62
48
25
11
24
49
68
63
40
25
20
37
60
68
58
36
13
13
45
79
86
68
35
17
27
46
56
55
50
51
47
28
13
-2
-2
5
5
12
8
12
10
-13
-21
-18
-6
3
-8
-22
-34
-37
-35
-33
-30
-39
-53
-56
-46
-42
-47
-48
-45
-40
-41
-37
-33
-27
-21
-29
-47
-66
-78
-87
-70
-41
-21
-19
-34
-43
-49
-40
-23
-13
-10
-14
-24
-31
-26
-16
-10
-13
-18
-37
-39
-33
-20
-2
-3
-2
-13
-32
-41
-28
5
33
46
40
25
14
27
60
80
85
67
44
46
58
76
87
78
60
29
16
26
47
66
61
45
25
15
15
25
34
33
25
-4
-25
-20
-1
13
14
9
6
9
20
29
35
35
25
11
-3
-10
-8
-2
-9
-25
-45
-51
-30
-17
-12
-22
-36
-38
-31
-17
4
13
9
-3
-15
-14
-11
-11
-14
-28
-42
-48
-39
-21
-5
-5
-21
-33
-26
-11
-6
-8
-12
-10
-12
-23
-30
-38
-39
-32
-36
-47
-54
-53
-45
-33
-23
-12
-2
9
17
23
26
22
13
11
12
15
20
18
11
7
11
19
27
29
25
14
6
13
27
43
50
35
15
5
20
40
48
36
13
-17
-28
-15
-1
7
3
-7
-15
-11
5
26
28
21
2
-7
10
27
42
46
26
2
-7
4
23
33
23
1
-17
-23
-12
3
11
15
6
-3
-12
-15
-5
4
-1
-19
-35
-33
-5
33
55
43
8
-15
-17
3
29
35
22
2
-20
-33
-32
-23
-13
-23
-36
-57
-78
-78
-73
-69
-66
-61
-59
-60
-52
-31
-13
-1
4
1
-6
-13
-9
4
23
26
15
-1
-16
-17
-10
-7
-8
-14
-22
-31
-38
-33
-21
-6
5
9
-2
-20
-27
-16
6
30
39
39
32
30
38
58
81
95
93
79
64
60
73
91
95
83
52
19
10
34
61
73
60
32
8
5
22
36
40
35
23
14
11
16
15
5
-11
-26
-29
-17
-1
6
-4
-24
-38
-46
-39
-24
-21
-31
-49
