1
0
0
0
-1
0
0
0
0
0
0
-1
1
0
0
0
0
1
0
0
0
-1
0
1
0
0
0
0
0
0
0
0
0
0
-1
1
-1
0
1
0
0
0
0
0
0
0
0
0
0
0
0
0
0
0
1
0
0
0
0
-1
1
0
0
0
0
0
0
0
0
0
0
0
0
-1
0
0
0
-1
0
0
1
1
0
0
0
0
-1
0
1
0
-1
0
0
0
0
-1
0
0
0
0
0
-1
-1
0
0
0
0
1
0
0
0
0
-1
0
0
0
0
0
0
0
0
1
0
-1
0
0
-1
0
0
0
0
0
0
0
0
0
0
0
1
0
0
0
0
-1
-1
0
-1
0
0
0
-1
0
0
0
0
1
1
-1
0
0
-1
-1
0
0
-1
0
0
-1
0
0
-1
1
-1
0
0
-1
0
0
0
0
0
0
0
1
0
0
-1
1
1
0
0
0
0
0
0
0
0
0
1
0
0
0
0
0
0
-1
0
0
-1
0
0
1
0
0
1
0
0
0
1
0
0
0
0
0
0
1
-1
0
0
0
1
0
-1
0
0
0
0
0
-1
0
0
0
0
1
0
0
1
0
0
0
1
0
0
0
0
-1
1
0
0
0
-1
0
0
0
0
-1
0
-1
0
-1
0
0
-1
-1
0
-1
0
0
0
1
0
0
0
0
-1
1
0
1
0
0
1
1
1
0
0
1
1
1
1
1
0
0
-1
0
0
0
0
0
0
1
0
0
0
0
1
0
1
1
0
0
0
-1
0
0
0
-1
-1
-1
0
0
-1
-1
-1
-1
-1
-1
-1
-1
-1
-2
-2
-2
0
-1
-1
-3
-2
-2
0
0
-2
-3
-3
0
3
3
-1
-3
-4
0
3
4
3
-1
-2
-1
2
6
7
4
1
-1
2
6
8
8
4
2
2
5
9
10
9
4
3
4
9
11
8
4
2
3
6
8
6
4
3
0
1
3
3
3
1
-1
-3
0
0
1
-1
-3
-3
-3
-1
0
-3
-3
-4
-4
-3
-3
-4
-5
-4
-4
-4
-5
-6
-4
-3
-2
-5
-10
-9
-5
0
-1
-5
-10
-10
-5
1
2
-2
-6
-7
-3
2
10
9
4
-5
-8
1
13
17
11
0
-1
9
21
25
21
14
10
13
20
27
27
26
23
14
11
15
30
39
27
8
0
20
44
40
10
-25
-24
10
38
42
10
-26
-37
-26
7
21
11
-20
-60
-68
-49
-14
-4
-35
-68
-95
-87
-56
-32
-32
-65
-106
-126
-105
-60
-38
-61
-106
-128
-104
-57
-28
-39
-73
-93
-84
-57
-29
-12
-20
-37
-46
-40
-14
5
14
3
-15
-14
0
30
39
29
15
5
27
51
63
61
54
65
74
77
78
84
95
97
94
97
105
126
135
137
138
140
148
161
171
173
166
162
169
183
192
183
168
163
175
181
169
133
109
118
140
142
87
29
28
66
87
36
-19
-36
-30
-25
-53
-80
-101
-131
-150
-192
-225
-239
-260
-271
-318
-363
-396
-406
-384
-391
-410
-442
-456
-427
-396
-365
-355
-355
-335
-308
-261
-217
-183
-156
-140
-105
-61
-20
19
42
61
81
101
129
152
163
163
154
149
149
152
145
130
112
107
106
107
108
100
92
88
99
120
142
156
155
155
176
216
256
268
267
280
308
341
355
356
353
355
364
363
355
344
326
305
281
269
253
233
218
198
172
151
135
127
117
103
87
73
59
59
74
86
73
30
26
73
118
98
39
19
36
72
72
28
-42
-108
-128
-135
-147
-197
-293
-403
-491
-530
-560
-627
-736
-839
-904
-934
-945
-973
-1006
-1037
-1053
-1020
-962
-888
-821
-777
-723
-643
-520
-383
-283
-215
-152
-50
85
208
294
344
386
442
504
555
585
586
573
554
538
533
508
465
402
353
327
289
239
171
123
105
93
85
66
54
57
92
148
193
223
243
284
343
409
469
522
574
605
620
644
684
718
711
676
638
606
582
550
502
429
340
263
201
144
83
11
-55
-114
-160
-206
-249
-265
-274
-280
-290
-300
-290
-278
-256
-237
-231
-222
-215
-180
-155
-135
-126
-130
-127
-155
-168
-167
-162
-171
-226
-271
-296
-309
-308
-340
-371
-420
-452
-445
-463
-484
-526
-520
-493
-494
-478
-472
-438
-420
-418
-368
-338
-298
-306
-322
-281
-232
-169
-159
-172
-173
-181
-143
-90
-71
-109
-190
-204
-145
-69
-51
-110
-156
-129
-48
28
45
45
50
67
123
197
274
301
289
296
330
410
470
500
490
461
470
504
559
577
541
499
469
485
502
494
479
442
420
405
413
430
406
382
358
355
366
361
360
338
333
341
353
368
356
339
311
298
299
292
281
252
229
208
183
153
118
90
53
16
0
-12
-37
-101
-145
-138
-141
-185
-247
-248
-235
-235
-258
-265
-289
-325
-300
-258
-249
-346
-452
-460
-441
-510
-721
-921
-906
-814
-866
-1093
-1338
-1368
-1277
-1182
-1173
-1309
-1406
-1384
-1237
-1048
-953
-897
-860
-789
-622
-424
-222
-73
16
112
239
414
600
733
825
870
894
948
1045
1127
1134
1075
1004
953
919
898
851
760
638
518
444
398
348
284
203
151
104
46
29
73
149
111
-16
-69
14
118
100
31
65
166
219
179
142
225
337
410
400
345
336
367
453
514
465
364
294
340
405
386
314
235
193
172
149
126
98
51
-22
-100
-127
-125
-132
-159
-207
-249
-285
-289
-259
-252
-264
-300
-316
-303
-274
-205
-185
-210
-247
-258
-201
-164
-159
-191
-246
-242
-229
-200
-221
-280
-260
-244
-245
-330
-372
-290
-222
-231
-334
-378
-312
-214
-133
-149
-211
-215
-158
-122
-191
-246
-263
-329
-491
-608
-521
-438
-522
-773
-933
-848
-690
-583
-653
-781
-805
-720
-525
-375
-300
-274
-230
-79
102
271
423
536
619
678
770
912
1043
1141
1171
1151
1127
1130
1164
1177
1133
1047
935
846
784
733
651
533
382
251
122
-42
-179
-226
-162
-226
-436
-632
-664
-466
-286
-237
-357
-452
-322
-100
127
231
226
207
243
394
547
625
648
631
596
578
609
682
712
644
500
361
305
315
291
180
20
-141
-251
-285
-308
-375
-502
-587
-606
-610
-597
-587
-559
-553
-553
-515
-479
-425
-355
-308
-264
-245
-199
-150
-105
-8
54
54
10
-12
58
150
156
144
58
77
148
302
360
-140
-856
-1196
-650
5
-217
-1171
-2045
-2049
-1481
-1005
-1027
-1560
-2021
-2088
-1736
-1278
-1015
-952
-1043
-1081
-952
-601
-119
268
422
393
410
624
1003
1420
1680
1692
1527
1467
1664
1949
2091
2011
1802
1599
1504
1546
1603
1514
1247
899
667
595
575
488
281
52
-130
-255
-309
-346
-429
-646
-918
-989
-779
-516
-516
-729
-833
-663
-346
-95
-20
-35
-10
98
290
478
600
611
566
583
638
706
755
775
727
592
479
429
446
442
328
147
-16
-96
-109
-149
-229
-358
-508
-601
-622
-575
-574
-627
-651
-644
-611
-576
-520
-428
-361
-330
-322
-304
-214
-137
-46
11
21
24
27
191
301
222
69
-27
96
167
204
176
-32
-98
-54
267
415
-73
-900
-1491
-985
-95
59
-803
-1981
-2241
-1665
-899
-674
-1190
-1767
-1957
-1643
-1174
-888
-775
-852
-937
-873
-610
-180
200
385
378
324
440
764
1183
1512
1585
1448
1331
1460
1757
1969
1971
1786
1570
1442
1461
1557
1531
1328
1010
764
681
678
646
457
222
26
-129
-204
-256
-299
-413
-669
-937
-1046
-888
-641
-615
-764
-954
-962
-729
-430
-182
-162
-255
-261
-116
201
434
505
438
359
442
575
730
786
697
572
456
481
568
612
542
337
162
86
99
120
38
-123
-305
-424
-416
-377
-381
-452
-538
-589
-611
-552
-456
-384
-382
-447
-441
-336
-141
-31
-19
-44
-34
115
258
387
331
208
204
283
482
509
452
341
315
460
203
-409
-1063
-919
-202
-18
-720
-1862
-2291
-1943
-1366
-1130
-1511
-2035
-2343
-2185
-1735
-1389
-1252
-1349
-1422
-1358
-1105
-665
-217
86
163
166
316
667
1144
1573
1762
1703
1602
1724
2045
2321
2385
2242
2036
1893
1895
2001
2021
1831
1464
1143
1007
979
921
713
435
171
-41
-161
-222
-264
-339
-636
-1095
-1429
-1272
-772
-590
-863
-1335
-1456
-1118
-631
-278
-316
-533
-644
-446
9
394
523
405
300
382
585
808
968
980
839
649
604
743
881
850
617
340
191
184
247
219
40
-233
-455
-513
-456
-436
-519
-671
-814
-887
-858
-708
-548
-501
-592
-670
-610
-405
-217
-130
-114
-127
-84
13
205
366
369
285
249
352
517
616
668
632
552
480
127
-479
-1048
-878
-172
-35
-861
-2170
-2693
-2206
-1412
-1145
-1767
-2579
-2916
-2577
-1948
-1585
-1570
-1788
-1902
-1737
-1315
-748
-260
8
31
52
324
862
1484
1934
2080
1979
1909
2140
2581
2929
2955
2714
2444
2333
2424
2561
2523
2227
1771
1416
1271
1232
1127
840
464
105
-124
-225
-308
-407
-547
-869
-1349
-1718
-1592
-1070
-838
-1101
-1619
-1792
-1433
-880
-428
-403
-584
-701
-544
-39
445
699
588
406
464
699
1028
1209
1180
978
767
765
935
1123
1105
820
489
297
311
379
336
117
-224
-510
-619
-569
-547
-659
-840
-1002
-1022
-930
-773
-642
-662
-708
-735
-611
-378
-237
-116
-107
-79
-27
89
377
560
586
428
293
404
634
813
830
691
568
234
-413
-1020
-1051
-421
-137
-787
-2010
-2798
-2620
-2000
-1633
-1924
-2603
-3075
-3033
-2572
-2118
-1914
-1962
-2077
-2000
-1662
-1109
-527
-119
32
75
257
686
1280
1819
2118
2154
2098
2239
2611
3000
3172
3058
2837
2649
2623
2734
2763
2579
2163
1713
1453
1338
1245
1022
672
333
43
-153
-285
-393
-501
-710
-1075
-1532
-1752
-1486
-1033
-939
-1291
-1694
-1708
-1281
-732
-379
-395
-573
-618
-327
212
635
743
573
481
647
929
1219
1367
1338
1151
962
989
1146
1246
1114
804
523
384
392
406
277
-11
-339
-567
-624
-592
-613
-741
-918
-1067
-1110
-1027
-880
-792
-775
-805
-788
-691
-531
-314
-175
-120
-160
-113
139
407
497
343
204
286
508
758
811
631
440
203
-210
-847
-1177
-765
-330
-656
-1777
-2732
-2774
-2232
-1790
-1976
-2601
-3126
-3217
-2839
-2341
-2041
-2039
-2183
-2161
-1866
-1333
-741
-274
-50
17
207
628
1191
1744
2125
2268
2239
2305
2631
3053
3314
3291
3099
2906
2830
2900
2970
2882
2538
2072
1733
1588
1524
1320
981
613
280
49
-126
-248
-385
-648
-917
-1332
-1719
-1739
-1326
-867
-1051
-1565
-1848
-1593
-967
-466
-280
-453
-618
-453
22
541
783
679
474
523
845
1166
1312
1323
1202
985
877
976
1128
1089
831
512
280
192
205
168
-24
-323
-613
-770
-753
-677
-738
-918
-1072
-1131
-1094
-956
-804
-731
-778
-822
-726
-518
-275
-174
-190
-230
-156
116
435
623
523
269
247
560
913
1024
824
608
425
20
-639
-1205
-998
-393
-329
-1261
-2603
-3172
-2754
-1939
-1654
-2275
-3226
-3694
-3317
-2553
-2033
-2008
-2312
-2473
-2227
-1591
-853
-290
-20
35
151
504
1103
1776
2293
2521
2489
2463
2715
3177
3555
3626
3392
3056
2863
2931
3101
3101
2752
2167
1687
1491
1476
1365
1019
560
127
-170
-350
-452
-546
-745
-1035
-1364
-1709
-1954
-1878
-1450
-1058
-1241
-1761
-1983
-1602
-878
-378
-311
-574
-736
-479
93
649
840
689
479
565
953
1313
1445
1368
1184
976
924
1086
1238
1154
860
539
362
332
337
246
-5
-305
-533
-658
-660
-623
-688
-859
-1029
-1080
-968
-765
-617
-629
-698
-691
-571
-387
-226
-80
-10
-37
-26
186
550
785
636
221
27
360
942
1182
884
376
-227
-840
-1247
-1003
-300
-210
-1116
-2496
-3235
-2910
-2062
-1557
-1971
-2920
-3623
-3541
-2824
-2070
-1774
-2027
-2404
-2411
-1862
-997
-238
118
64
0
271
907
1685
2314
2559
2450
2330
2534
3048
3524
3665
3442
3058
2794
2809
2997
3063
2793
2235
1682
1401
1393
1388
1148
689
167
-208
-386
-459
-511
-663
-937
-1371
-1904
-2157
-1839
-1218
-1010
-1474
-2050
-2095
-1498
-693
-255
-362
-725
-840
-418
290
836
903
602
427
619
1039
1355
1436
1348
1111
932
990
1218
1352
1198
829
457
290
323
392
294
-8
-385
-656
-708
-629
-616
-770
-1004
-1136
-1113
-953
-748
-659
-673
-706
-687
-603
-418
-145
36
67
20
63
307
579
686
577
463
566
727
821
812
735
751
533
-86
-1005
-1504
-914
-164
-322
-1660
-3059
-3388
-2713
-1788
-1652
-2448
-3435
-3762
-3214
-2369
-1844
-1898
-2237
-2367
-2048
-1352
-620
-82
105
84
196
613
1298
1983
2418
2506
2345
2332
2687
3225
3591
3547
3205
2835
2695
2823
2976
2881
2426
1830
1432
1329
1357
1192
789
295
-134
-358
-476
-523
-619
-837
-1156
-1703
-2188
-2153
-1538
-982
-1208
-1883
-2226
-1843
-1010
-373
-268
-602
-852
-587
106
771
1002
807
548
620
985
1328
1482
1476
1310
1044
946
1108
1317
1310
1015
615
328
253
322
317
105
-258
-594
-747
-692
-577
-617
-829
-1056
-1144
-1056
-830
-624
-543
-647
-738
-679
-408
-56
141
216
164
226
352
504
626
667
698
671
672
692
749
856
672
-44
-1066
-1501
-851
-57
-234
-1598
-2962
-3287
-2636
-1790
-1689
-2438
-3385
-3718
-3230
-2450
-1925
-1896
-2182
-2360
-2141
-1525
-769
-171
50
46
140
542
1206
1894
2374
2499
2354
2306
2595
3093
3476
3532
3272
2883
2689
2807
2980
2911
2518
1980
1567
1397
1366
1234
900
438
2
-283
-453
-549
-648
-835
-1200
-1752
-2177
-2080
-1542
-1136
-1331
-1855
-2121
-1846
-1160
-570
-405
-654
-894
-672
-55
586
819
649
436
491
842
1214
1430
1421
1223
1009
974
1152
1312
1238
941
600
400
360
395
334
81
-285
-569
-632
-556
-524
-640
-862
-1037
-1067
-941
-721
-571
-572
-677
-705
-521
-227
2
60
16
85
301
578
647
481
404
588
899
961
704
458
463
383
-180
-1021
-1276
-723
-278
-789
-2083
-3027
-2964
-2180
-1606
-1909
-2834
-3526
-3407
-2726
-2082
-1890
-2103
-2338
-2251
-1744
-1044
-454
-123
-23
64
356
888
1528
2067
2367
2402
2341
2480
2855
3256
3446
3354
3066
2793
2739
2881
2953
2730
2270
1805
1524
1439
1362
1102
669
226
-69
-244
-366
-501
-680
-924
-1266
-1710
-2051
-2000
-1586
-1189
-1326
-1814
-2079
-1764
-1010
-436
-333
-612
-803
-517
104
690
890
731
530
601
985
1388
1549
1460
1249
1056
1029
1195
1343
1257
938
570
362
334
382
326
47
-332
-612
-702
-651
-625
-757
-1013
-1201
-1201
-1059
-869
-734
-700
-770
-808
-678
-385
-50
142
98
-9
68
413
747
724
535
414
560
928
1063
1020
625
-99
-895
-1309
-748
7
-109
-1426
-2931
-3340
-2665
-1755
-1596
-2379
-3407
-3833
-3413
-2664
-2131
-2085
-2365
-2559
-2412
-1809
-1026
-406
-113
-126
-103
245
935
1719
2246
2410
2305
2270
2597
3140
3574
3658
3428
3121
2974
3074
3240
3216
2851
2306
1884
1686
1662
1534
1185
718
259
-37
-219
-335
-458
-695
-1015
-1460
-1932
-2115
-1864
-1344
-1121
-1513
-2060
-2150
-1559
-733
-317
-444
-808
-828
-312
402
894
890
645
578
865
1313
1581
1593
1454
1275
1154
1189
1327
1390
1237
912
597
432
417
419
258
-75
-438
-670
-711
-652
-671
-875
-1137
-1280
-1225
-1050
-887
-803
-853
-937
-883
-609
-276
-122
-137
-179
-55
323
649
708
424
198
347
757
1140
1044
692
117
-554
-1089
-1134
-489
-113
-744
-2212
-3283
-3123
-2282
-1650
-1971
-2976
-3812
-3860
-3158
-2433
-2141
-2335
-2661
-2668
-2223
-1456
-714
-272
-173
-184
52
647
1397
2011
2323
2354
2291
2443
2928
3454
3691
3581
3316
3119
3112
3265
3345
3145
2658
2136
1839
1754
1710
1491
1062
571
176
-32
-140
-268
-472
-766
-1069
-1423
-1802
-1985
-1777
-1300
-1130
-1520
-2036
-2058
-1425
-652
-292
-461
-805
-786
-265
453
909
901
660
589
867
1310
1573
1576
1439
1269
1189
1269
1440
1460
1239
903
642
527
502
456
258
-58
-375
-578
-638
-644
-699
-889
-1149
-1281
-1213
-1021
-843
-817
-907
-1008
-964
-715
-391
-134
-86
-154
-138
85
402
570
552
409
420
622
866
909
698
270
-389
-1027
-1153
-617
-263
-819
-2124
-3129
-3126
-2457
-1928
-2204
-3078
-3783
-3788
-3195
-2600
-2398
-2558
-2759
-2665
-2210
-1544
-897
-456
-276
-183
92
634
1312
1912
2277
2379
2363
2530
2966
3438
3694
3641
3419
3213
3172
3286
3346
3174
2760
2308
2021
1904
1812
1574
1172
710
313
63
-88
-224
-443
-717
-1036
-1384
-1703
-1817
-1625
-1344
-1296
-1575
-1827
-1732
-1311
-834
-598
-599
-657
-509
-110
346
640
683
665
759
1017
1270
1386
1432
1436
1406
1338
1320
1374
1344
1195
961
753
613
500
391
205
-39
-296
-504
-632
-716
-802
-950
-1127
-1232
-1215
-1104
-984
-935
-928
-926
-861
-716
-505
-250
-64
-27
-80
43
406
732
711
421
297
548
966
1041
709
149
-451
-909
-1007
-633
-393
-870
-2006
-2946
-3031
-2498
-2010
-2171
-2911
-3647
-3800
-3307
-2657
-2317
-2425
-2679
-2686
-2282
-1589
-918
-486
-343
-262
15
578
1290
1882
2231
2352
2379
2560
2979
3437
3670
3612
3417
3241
3199
3277
3307
3142
2760
2318
2009
1870
1786
1570
1185
724
326
78
-63
-217
-486
-819
-1176
-1540
-1839
-1849
-1593
-1394
-1520
-1892
-2066
-1822
-1270
-804
-712
-861
-946
-670
-118
394
591
477
400
604
1019
1336
1411
1338
1262
1267
1344
1445
1467
1356
1149
940
799
729
644
479
226
-75
-336
-484
-520
-583
-744
-948
-1096
-1108
-1011
-877
-814
-837
-860
-805
-656
-493
-355
-252
-130
20
153
272
398
539
528
538
658
852
869
612
358
-63
-562
-951
-805
-402
-610
-1508
-2542
-2855
-2466
-2011
-2018
-2589
-3234
-3497
-3228
-2702
-2344
-2313
-2461
-2462
-2180
-1687
-1126
-662
-392
-262
-49
394
961
1517
1947
2184
2260
2341
2619
3014
3308
3386
3280
3123
3030
3048
3080
2987
2715
2333
2012
1838
1718
1526
1195
814
462
172
-17
-220
-460
-762
-1074
-1382
-1716
-1827
-1643
-1399
-1441
-1773
-1995
-1828
-1351
-888
-732
-853
-949
-767
-294
205
479
466
370
490
848
1191
1328
1293
1221
1194
1247
1352
1426
1363
1157
921
746
670
611
489
282
17
-210
-372
-454
-520
-645
-814
-946
-966
-918
-826
-773
-757
-777
-760
-621
-468
-339
-277
-153
44
268
397
387
330
389
661
922
994
734
419
300
331
197
-314
-814
-911
-712
-821
-1465
-2202
-2516
-2319
-2055
-2093
-2513
-2986
-3118
-2879
-2501
-2307
-2320
-2351
-2221
-1883
-1438
-1002
-662
-410
-168
153
578
1028
1429
1765
2022
2200
2368
2595
2854
3039
3115
3084
3009
2956
2939
2914
2781
2517
2204
1943
1771
1599
1341
988
642
359
139
-52
-336
-658
-1041
-1410
-1637
-1629
-1406
-1422
-1731
-2055
-2044
-1654
-1263
-1085
-1157
-1279
-1193
-830
-334
5
65
-25
18
328
748
1041
1090
1038
999
1056
1233
1394
1412
1242
1014
879
853
887
853
661
362
91
-62
-113
-140
-236
-425
-630
-713
-672
-601
-590
-623
-653
-664
-591
-449
-258
-97
-26
-3
48
209
390
465
442
443
545
727
827
737
569
391
125
-393
-900
-850
-402
-328
-1084
-2161
-2641
-2333
-1769
-1639
-2122
-2795
-3120
-2864
-2323
-1936
-1939
-2168
-2289
-2100
-1606
-1036
-594
-380
-316
-154
217
737
1242
1614
1824
1901
1986
2229
2597
2903
2997
2894
2717
2615
2642
2725
2703
2464
2103
1777
1610
1557
1427
1136
723
336
58
-97
-196
-375
-767
-1307
-1630
-1551
-1245
-1216
-1570
-1918
-1922
-1524
-1126
-958
-1046
-1194
-1113
-764
-266
38
33
-94
-52
258
609
819
850
826
827
883
1022
1145
1162
1055
900
798
758
729
653
506
316
102
-56
-128
-139
-199
-383
-598
-715
-659
-558
-506
-517
-566
-596
-546
-407
-221
-71
-53
-66
-24
152
390
449
400
272
328
590
763
724
420
255
223
22
-455
-910
-852
-588
-718
-1424
-2215
-2445
-2130
-1746
-1776
-2240
-2717
-2844
-2552
-2131
-1897
-1910
-2023
-1985
-1696
-1261
-829
-519
-319
-136
135
512
916
1305
1628
1845
1949
2041
2239
2510
2736
2801
2729
2613
2540
2574
2611
2533
2289
1947
1702
1575
1485
1304
1004
684
372
134
-6
-198
-550
-953
-1112
-965
-902
-1132
-1493
-1630
-1415
-1100
-923
-986
-1114
-1100
-864
-484
-196
-126
-189
-159
89
398
593
673
708
761
809
926
1077
1150
1107
972
880
839
806
753
646
504
320
149
42
-7
-58
-191
-393
-576
-654
-629
-564
-570
-664
-763
-753
-606
-435
-354
-394
-452
-403
-223
24
185
167
47
-39
79
342
520
456
175
-24
-78
-178
-501
-903
-965
-796
-858
-1416
-2106
-2345
-2106
-1792
-1824
-2175
-2536
-2629
-2395
-2062
-1848
-1831
-1890
-1842
-1587
-1173
-785
-512
-331
-139
145
493
858
1202
1503
1730
1864
1981
2171
2427
2630
2673
2598
2510
2464
2490
2527
2483
2298
1998
1751
1610
1542
1398
1156
879
525
198
-27
-126
-275
-531
-735
-877
-1028
-1177
-1177
-1038
-917
-932
-1014
-1014
-853
-590
-383
-279
-220
-155
-63
127
425
653
660
583
611
742
895
995
1016
928
818
766
773
801
728
541
313
175
140
81
-38
-181
-310
-450
-573
-611
-606
-612
-660
-722
-743
-705
-619
-551
-483
-405
-366
-370
-350
-186
59
190
130
-21
-48
120
345
435
297
116
58
132
90
-313
-892
-1177
-929
-681
-1024
-1857
-2478
-2421
-2015
-1834
-2122
-2592
-2826
-2682
-2319
-2012
-1903
-1937
-1955
-1794
-1438
-1022
-694
-480
-290
-46
278
640
987
1331
1626
1819
1918
2034
2286
2578
2747
2744
2649
2574
2547
2550
2527
2393
2149
1896
1731
1649
1506
1233
894
627
451
254
-14
-333
-495
-482
-447
-612
-932
-1095
-1017
-788
-658
-684
-781
-803
-612
-305
-43
36
-15
12
218
533
763
824
807
798
844
913
1000
1065
1026
911
777
718
703
649
525
343
170
12
-115
-204
-285
-383
-539
-693
-769
-768
-734
-731
-770
-838
-894
-841
-720
-581
-503
-506
-496
-445
-282
-129
-14
57
24
-11
-8
138
277
248
102
-48
-21
21
-175
-701
-1210
-1219
-894
-841
-1411
-2199
-2561
-2366
-2004
-1952
-2307
-2758
-2930
-2696
-2268
-1956
-1886
-1965
-1924
-1616
-1122
-653
-352
-160
8
255
595
986
1377
1666
1841
1914
2016
2238
2505
2712
2758
2707
2636
2593
2625
2649
2578
2339
2010
1771
1637
1554
1365
1081
692
191
-184
-266
-50
-7
-377
-904
-1203
-1045
-708
-479
-554
-817
-941
-785
-399
-71
27
-91
-187
-24
314
614
733
726
693
707
843
1039
1160
1121
957
802
730
729
714
600
402
165
-36
-167
-215
-257
-404
-617
-770
-781
-715
-692
-730
-824
-860
-802
-707
-620
-611
-602
-561
-437
-266
-146
-94
-106
-84
-19
117
268
338
273
136
105
168
269
286
210
86
-10
-64
-323
-822
-1269
-1202
-814
-814
-1506
-2391
-2664
-2256
-1758
-1763
-2271
-2756
-2820
-2443
-1961
-1689
-1689
-1805
-1749
-1419
-911
-458
-186
-39
115
376
725
1112
1484
1759
1879
1891
1957
2175
2468
2673
2659
2493
2330
2290
2350
2369
2230
1921
1582
1343
1255
1168
957
526
-19
-358
-309
-45
-155
-691
-1193
-1226
-845
-560
-567
-822
-974
-798
-419
-58
24
-65
-114
47
389
650
732
709
755
862
942
1021
1071
1054
959
836
765
721
670
549
351
153
-25
-151
-260
-359
-467
-631
-775
-846
-836
-822
-838
-852
-843
-790
-696
-588
-486
-425
-390
-309
-180
-40
23
48
99
176
278
330
351
316
249
201
161
173
172
133
14
-143
-191
-157
-90
-301
-873
-1470
-1542
-1002
-654
-1089
-2044
-2606
-2329
-1667
-1320
-1605
-2185
-2460
-2185
-1577
-1101
-1020
-1200
-1343
-1122
-603
-76
230
277
308
450
763
1146
1449
1641
1681
1671
1696
1850
2104
2256
2206
1986
1790
1750
1797
1840
1718
1419
1047
724
604
595
540
302
-84
-389
-526
-467
-384
-412
-539
-707
-740
-637
-428
-250
-219
-241
-211
-31
209
375
437
419
446
547
684
797
827
789
719
671
664
655
604
482
329
193
82
6
-67
-159
-308
-461
-534
-555
-551
-588
-652
-697
-700
-618
-535
-479
-477
-487
-406
-277
-136
-77
-63
6
105
190
203
186
223
243
250
190
132
128
128
119
10
-88
-148
-165
-195
-291
-381
-415
-380
-303
-410
-788
-1230
-1319
-885
-574
-804
-1514
-2004
-1849
-1371
-967
-1083
-1455
-1695
-1558
-1067
-681
-516
-612
-741
-640
-316
137
402
466
476
539
728
941
1184
1375
1429
1380
1292
1360
1548
1684
1665
1468
1296
1205
1200
1223
1101
861
588
352
180
54
59
89
-78
-350
-546
-468
-284
-217
-247
-375
-372
-249
-49
147
194
191
168
266
463
579
607
558
581
621
611
626
600
564
473
377
333
249
191
82
-31
-112
-224
-321
-443
-489
-508
-563
-595
-627
-599
-574
-548
-489
-448
-365
-262
-192
-171
-161
-85
27
70
50
20
75
207
249
201
73
36
70
93
95
-16
-133
-252
-242
-186
-225
-325
-464
-480
-453
-402
-399
-473
-488
-418
-386
-565
-834
-832
-505
-328
-540
-991
-1163
-948
-677
-529
-641
-812
-904
-845
-595
-375
-243
-283
-370
-285
-77
202
344
397
437
440
512
641
860
1006
990
934
885
986
1106
1147
1066
881
849
867
877
730
470
348
328
392
275
26
-130
-138
20
47
-23
-113
-152
-17
115
221
191
103
136
237
392
437
400
362
345
388
420
453
456
403
317
248
255
279
261
165
39
-42
-89
-98
-125
-175
-255
-363
-402
-374
-311
-302
-365
-405
-393
-325
-260
-233
-213
-215
-209
-179
-148
-107
-98
-113
-110
-92
-49
-54
-79
-97
-137
-169
-205
-233
-284
-368
-404
-420
-453
-519
-595
-610
-587
-559
-563
-586
-588
-535
-463
-399
-368
-350
-294
-299
-341
-403
-324
-151
-129
-277
-476
-468
-343
-264
-296
-376
-389
-356
-272
-228
-179
-126
-81
-48
-42
32
94
167
276
340
368
348
399
502
543
560
581
635
697
687
677
681
696
713
671
665
678
664
616
558
541
528
489
455
420
414
435
464
473
429
394
409
458
491
478
430
388
412
453
467
444
401
367
339
327
310
269
211
150
110
85
54
12
-46
-95
-139
-177
-186
-200
-234
-296
-353
-369
-367
-364
-384
-410
-423
-438
-433
-423
-415
-414
-433
-441
-442
-428
-404
-412
-450
-484
-471
-424
-423
-498
-560
-557
-517
-489
-513
-587
-661
-661
-585
-519
-517
-579
-644
-589
-479
-381
-379
-445
-427
-384
-287
-229
-209
-172
-156
-113
-133
-161
-133
-69
-12
-60
-133
-169
-123
-19
37
18
-64
-92
-19
88
182
165
104
74
126
240
254
230
197
208
279
327
393
403
415
450
448
492
559
664
717
672
631
633
716
788
796
742
658
636
668
726
728
661
578
535
579
628
633
594
537
513
507
529
534
483
410
337
319
308
291
260
193
142
109
102
88
52
10
-65
-112
-125
-124
-128
-174
-225
-261
-285
-289
-322
-372
-410
-418
-400
-410
-448
-497
-523
-524
-534
-561
-584
-582
-584
-616
-661
-678
-667
-663
-666
-669
-645
-627
-641
-655
-639
-576
-526
-540
-582
-574
-519
-434
-391
-399
-412
-411
-336
-264
-212
-221
-263
-243
-180
-113
-106
-143
-139
-104
-77
-76
-92
-69
-19
20
24
-7
-14
17
82
137
136
98
77
140
224
281
270
228
227
247
309
331
334
332
320
344
348
379
402
404
408
381
381
397
440
487
490
488
478
500
537
570
607
606
606
605
616
640
646
634
601
584
584
574
561
520
494
481
454
435
392
349
301
259
236
204
169
112
50
0
-45
-51
-60
-81
-118
-161
-168
-166
-170
-204
-245
-256
-254
-250
-283
-334
-373
-390
-390
-416
-458
-492
-511
-508
-516
-554
-583
-590
-576
-594
-634
-654
-638
-600
-591
-586
-593
-588
-560
-532
-492
-483
-466
-422
-390
-352
-342
-316
-299
-280
-234
-220
-205
-222
-206
-170
-141
-114
-159
-173
-182
-129
-66
-72
-75
-109
-62
4
44
37
-26
-21
23
83
107
97
102
125
179
247
308
337
331
314
341
389
435
442
412
399
389
397
383
354
334
327
339
330
317
288
272
290
307
312
287
261
281
324
367
373
359
354
345
352
364
375
376
352
345
354
388
414
412
387
352
333
327
327
312
268
208
158
135
126
100
53
-2
-48
-73
-70
-65
-84
-120
-163
-183
-182
-181
-190
-223
-244
-246
-241
-235
-253
-274
-298
-322
-328
-326
-324
-335
-365
-404
-424
-423
-409
-390
-399
-425
-441
-425
-388
-372
-393
-434
-446
-412
-372
-338
-339
-357
-366
-369
-341
-310
-296
-295
-292
-254
-202
-155
-128
-112
-103
-81
-39
7
35
23
-3
-20
0
34
53
33
-9
-12
20
86
98
76
55
44
74
101
137
147
140
148
160
193
205
212
212
211
242
243
251
258
250
275
273
276
269
252
264
265
306
315
302
296
258
257
242
243
248
222
214
188
187
191
200
213
188
166
151
157
188
210
221
207
190
196
208
215
190
159
139
119
122
111
94
70
31
6
-20
-30
-33
-45
-61
-77
-83
-89
-96
-105
-121
-134
-141
-148
-163
-180
-183
-189
-196
-205
-215
-203
-195
-185
-176
-178
-172
-167
-159
-163
-171
-179
-191
-203
-214
-222
-225
-235
-257
-282
-293
-289
-260
-236
-238
-248
-252
-228
-199
-183
-184
-197
-195
-167
-132
-122
-137
-145
-118
-78
-57
-66
-67
-39
0
27
22
20
32
39
45
38
31
25
25
35
51
61
45
35
40
61
74
75
88
99
106
102
107
135
154
150
129
117
138
171
197
201
184
176
175
189
202
196
179
164
162
181
196
196
187
160
143
140
155
173
166
148
131
135
150
151
134
108
97
107
116
108
81
63
73
84
75
44
14
19
32
36
13
-14
-24
-13
0
-14
-45
-70
-75
-53
-28
-25
-45
-72
-84
-79
-72
-71
-85
-105
-123
-123
-110
-98
-96
-106
-113
-114
-106
-97
-88
-89
-94
-93
-87
-76
-74
-82
-100
-111
-110
-109
-111
-115
-123
-120
-113
-106
-105
-122
-140
-148
-136
-119
-117
-124
-133
-129
-113
-102
-97
-92
-87
-83
-80
-78
-62
-33
-8
-1
-13
-28
-18
19
54
55
22
-2
8
43
61
51
24
2
6
20
37
38
26
19
19
37
56
68
64
54
61
80
99
112
112
97
86
81
96
123
129
116
97
100
123
145
148
129
108
100
107
134
154
142
112
82
69
77
86
92
82
65
47
36
36
35
27
4
-24
-33
-24
-7
7
0
-22
-38
-34
-20
-15
-21
-30
-26
-16
-9
-8
-17
-23
-26
-22
-12
2
14
8
-6
-18
-19
-14
-15
-22
-33
-39
-39
-41
-42
-53
-58
-57
-46
-33
-37
-44
-52
-59
-59
-52
-42
-35
-29
-33
-40
-44
-41
-38
-42
-52
-57
-48
-33
-28
-32
-38
-37
-38
-56
-79
-88
-86
-86
-89
-85
-80
-71
-71
-80
-88
-90
-71
-48
-33
-34
-40
-33
-23
-16
-16
-22
-18
-3
18
28
30
30
37
51
60
66
70
69
68
65
74
85
85
77
53
41
42
50
51
30
11
11
33
56
54
36
8
4
17
36
47
41
34
22
20
30
41
52
48
39
29
29
38
48
58
55
39
25
22
31
39
41
37
39
49
55
49
36
24
21
23
27
27
21
10
-5
-20
-26
-31
-35
-42
-46
-42
-42
-42
-41
-46
-48
-51
-38
-21
-7
-2
-8
-15
-18
-17
-12
-4
0
1
3
8
11
7
1
-2
1
6
5
-2
-13
-20
-23
-25
-29
-38
-50
-60
-66
-68
-63
-61
-58
-57
-45
-30
-22
-21
-28
-36
-33
-21
-8
-9
-17
-26
-27
-19
-12
-10
-15
-21
-20
-13
-4
4
2
-1
-1
0
7
20
34
34
26
18
15
25
33
37
32
27
26
26
33
35
32
26
18
15
13
12
12
11
7
4
6
4
4
-3
-10
-14
-10
-3
-5
-8
-13
-18
-22
-29
-31
-30
-22
-9
0
7
14
19
23
21
18
15
15
17
17
10
6
1
-1
0
6
9
5
6
11
20
28
28
28
30
30
30
21
12
4
-2
-6
-3
2
0
-5
-5
-2
6
16
25
29
25
18
4
-1
1
2
1
-3
-2
7
17
24
21
15
5
-2
-2
8
20
22
14
1
-6
-5
2
9
4
-9
-22
-24
-15
-8
-9
-17
-22
-20
-12
-7
-12
-19
-25
-24
-16
-7
-3
-5
-11
-9
0
9
11
7
1
-3
-5
-8
-8
-9
-12
-15
-12
-8
-12
-20
-31
-43
-51
-58
-58
-51
-45
-39
-35
-29
-20
-17
-17
-20
-23
-18
-10
-2
2
6
6
3
0
-6
-12
-20
-23
-20
-10
-1
4
6
1
-6
-8
-2
10
20
21
18
16
13
9
3
-3
-6
-5
-5
-4
2
13
24
34
38
39
40
40
38
39
35
31
29
26
29
29
25
23
24
24
28
34
40
43
44
43
42
41
39
37
35
30
23
17
13
11
11
12
15
17
17
16
13
11
8
8
10
12
10
2
-7
-15
-16
-16
-21
-26
-29
-26
-17
-13
-12
-18
-22
-22
-21
-22
-24
-27
-30
-32
-33
-32
-30
-31
-35
-40
-41
-38
-32
-28
-25
-22
-19
-19
-23
-30
-31
-30
-27
-28
-32
-35
-38
-39
-39
-40
-41
-41
-39
-34
-27
-17
-7
-2
0
6
15
29
39
37
30
24
23
16
8
1
-3
-3
-4
-4
-4
0
3
4
2
-3
-7
-6
-3
0
-1
-4
-5
-4
-1
5
9
11
16
29
41
50
58
63
68
71
72
72
71
69
63
57
50
40
35
31
28
22
13
6
4
5
9
10
8
4
-5
-12
-15
-16
-18
-19
-21
-22
-26
-28
-31
-30
-24
-21
-18
-16
-10
-1
1
1
2
3
-2
-8
-14
-14
-12
-10
-10
-8
-8
-13
-20
-24
-24
-21
-20
-15
-7
-1
1
0
-1
-3
-3
-1
0
-1
-4
-8
-12
-16
-16
-20
-23
-24
-22
-17
-11
-3
0
-4
-11
-14
-8
-4
-5
-5
-6
-6
-6
-8
-6
-5
-4
-2
-1
1
4
11
16
18
20
20
17
14
12
11
11
9
5
-3
-9
-11
-11
-12
-14
-21
-23
-22
-20
-18
-19
-20
-21
-19
-14
-8
-1
3
7
11
15
21
24
26
29
33
39
46
47
43
36
28
22
22
22
16
11
3
-1
0
3
5
0
-5
-8
-8
-5
-2
-2
-4
0
3
7
11
12
11
11
13
15
14
14
7
-2
-3
-4
-4
-4
-4
-2
0
4
4
3
5
3
2
-1
-3
-3
-6
-10
-15
-19
-20
-24
-25
-21
-14
-10
-6
1
8
14
16
15
11
4
1
-4
-4
-4
-7
-9
-13
-16
-17
-21
-19
-16
-16
-12
-12
-10
-7
-6
-9
-13
-16
-23
-27
-27
-25
-21
-18
-17
-17
-15
-16
-17
-17
-17
-13
-9
-3
3
8
14
17
21
20
16
16
13
14
19
21
19
16
14
16
17
14
10
7
5
6
5
7
8
7
6
5
4
3
2
1
-1
0
4
9
14
13
11
8
8
10
10
13
19
24
25
23
18
16
16
14
13
14
16
16
13
12
11
7
3
2
2
3
2
0
-4
-8
-13
-16
-18
-18
-17
-17
-17
-17
-18
-19
-18
-18
-20
-19
-17
-14
-12
-9
-7
-4
-1
0
-4
-7
-8
-10
-9
-9
-6
0
0
-4
-10
-16
-13
-7
2
8
12
8
-3
-12
-16
-15
-11
-8
-7
-3
-2
-1
-2
-2
-3
-6
-10
-12
-15
-17
-18
-15
-12
-12
-15
-19
-20
-19
-14
-9
-1
7
11
13
14
12
10
10
15
20
22
22
19
16
13
11
12
14
16
14
9
4
2
5
7
10
10
9
6
6
8
12
17
18
24
30
31
29
24
20
18
21
25
24
20
18
18
19
15
10
5
2
1
0
-5
-9
-9
-6
-3
-2
-6
-9
-13
-12
-8
-7
-5
-4
-4
-6
-7
-9
-14
-17
-15
-16
-18
-20
-22
-20
-18
-17
-17
-20
-22
-22
-21
-20
-18
-13
-11
-14
-16
-17
-17
-16
-16
-15
-13
-12
-10
-13
-12
-12
-13
-13
-16
-14
-10
-5
-2
-4
-5
-9
-10
-9
-10
-9
-8
-10
-12
-11
-6
-1
0
-2
-4
-4
2
10
12
11
10
12
17
21
23
21
18
18
22
26
27
26
24
24
26
28
31
31
32
31
27
26
25
26
27
28
27
25
24
22
17
14
12
13
16
18
15
14
14
16
16
15
16
18
16
12
6
0
-5
-7
-7
-8
-10
-14
-14
-17
-20
-25
-30
-32
-34
-36
-33
-31
-31
-29
-27
-27
-26
-24
-24
-23
-19
-14
-14
-14
-14
-16
-18
-18
-17
-16
-17
-21
-25
-26
-25
-24
-24
-27
-28
-28
-23
-19
-15
-13
-12
-11
-8
-4
1
6
10
14
15
14
14
14
16
20
23
20
18
14
13
16
16
17
15
13
14
12
11
9
8
6
6
8
11
13
15
15
14
13
16
20
22
23
21
19
18
17
17
17
15
14
15
16
16
12
6
0
-4
-7
-6
-4
-4
-2
-4
-5
-4
-4
-7
-11
-14
-11
-5
-1
2
3
2
1
3
5
2
-3
-5
-4
-1
4
6
5
3
-3
-9
-10
-12
-15
-17
-20
-21
-24
-24
-20
-16
-12
-12
-12
-13
-10
-7
-5
-3
1
6
10
14
15
13
10
4
0
-6
-8
-10
-10
-5
-4
-4
-4
-5
-8
-8
-5
-1
4
9
10
10
8
7
4
3
3
1
-2
-2
-1
-1
-3
-5
-9
-9
-8
-6
-1
6
11
11
9
5
-2
-8
-11
-11
-11
-10
-8
-6
-3
-2
-6
-7
-9
-7
-5
0
5
8
10
9
12
12
9
8
6
6
7
8
7
6
8
7
5
3
0
2
6
8
9
4
1
-2
-3
-1
1
6
7
6
5
6
9
8
7
7
10
15
16
15
9
6
3
0
0
-2
-2
-3
-3
-1
-1
-3
-6
-9
-12
-11
-12
-10
-8
-5
-4
-3
-6
-6
-4
-5
-4
-2
2
4
0
-4
-5
-2
4
7
9
8
6
3
0
-3
-2
0
1
0
-1
-5
-8
-7
-6
-7
-10
-12
-12
-9
-10
-8
-6
0
4
4
1
-1
1
3
4
1
-3
-2
-3
-1
-1
0
0
-3
-4
-4
-3
-1
0
1
2
1
-2
-4
-4
-3
-4
-5
-7
-9
-11
-10
-8
-8
-8
-8
-8
-7
-4
-2
-2
-3
-5
-8
-9
-7
-3
1
9
14
14
9
4
-1
-3
-2
1
6
9
10
8
6
5
4
6
8
9
9
10
12
14
16
17
18
18
16
17
18
20
17
15
12
9
9
8
11
12
13
12
11
9
11
11
12
10
7
5
2
-1
-3
-4
-5
-4
1
3
4
3
-2
-6
-7
-7
-6
-6
-6
-6
-6
-9
-14
-15
-14
-14
-19
-26
-32
-32
-29
-27
-26
-26
-25
-22
-20
-17
-15
-14
-12
-13
-16
-19
-23
-22
-18
-17
-12
-10
-9
-3
-5
-7
-3
-6
-7
-3
-3
0
3
4
5
3
0
1
5
8
7
3
-2
-2
3
8
13
17
20
23
24
23
21
18
17
16
16
16
16
17
17
18
22
25
27
27
24
20
15
12
10
11
13
16
13
10
11
10
10
10
9
4
2
3
6
8
7
5
4
4
5
6
2
-3
-8
-13
-15
-18
-21
-21
-20
-16
-9
-7
-5
-6
-7
-11
-15
-15
-14
-12
-11
-8
-9
-10
-8
-5
-3
-2
-3
-5
-4
-6
-9
-8
-5
-1
5
9
10
8
5
3
2
0
-3
-6
-11
-15
-18
-19
-16
-14
-16
-17
-19
-21
-21
-19
-15
-9
-6
-3
1
2
2
2
2
2
5
7
10
11
12
10
10
10
8
7
6
5
3
-1
-1
-3
-4
-4
-5
-6
-6
-5
-5
-3
-1
-1
1
3
9
14
13
14
14
13
15
15
16
15
14
14
12
8
5
5
5
5
3
3
3
4
2
-1
-3
-3
-3
-4
-5
-6
-8
-8
-6
0
6
12
15
14
12
10
10
8
7
7
6
4
4
5
5
2
-1
-5
-8
-8
-8
-9
-10
-11
-8
-6
1
4
3
0
-3
-6
-5
-3
-2
0
-1
-2
-3
-6
-7
-6
-4
1
5
7
8
5
0
-5
-12
-14
-12
-7
-3
-3
-4
-7
-10
-9
-9
-9
-5
-4
-4
-3
-5
-6
-6
-6
-3
-1
0
1
0
-4
-10
-14
-15
-11
-7
-3
-4
-4
-5
-4
-3
-2
-1
3
3
3
2
1
2
2
-1
-1
2
6
9
11
13
15
16
17
15
12
8
4
3
4
6
9
11
9
6
2
-1
-4
-7
-11
-12
-13
-11
-9
-4
0
1
3
4
3
3
3
3
0
-4
-7
-5
-1
1
3
7
8
11
12
14
14
13
10
7
7
9
10
13
11
10
10
8
8
7
5
3
1
1
3
6
12
13
14
13
8
5
4
5
7
9
8
5
-3
-8
-13
-13
-9
-5
-3
-3
-6
-11
-14
-16
-17
-17
-19
-22
-24
-26
-22
-17
-12
-10
-10
-11
-13
-14
-15
-17
-17
-18
-19
-18
-17
-15
-14
-14
-15
-13
-11
-10
-9
-10
-8
-6
-3
-2
-1
-1
-1
2
1
2
1
2
4
6
8
7
7
8
9
15
19
22
23
19
13
10
9
8
8
10
10
10
12
10
10
10
14
17
16
12
9
7
7
10
11
11
9
8
7
7
7
7
7
9
9
11
10
8
6
5
6
6
5
3
3
2
-1
-4
-7
-11
-12
-12
-9
-6
-5
-2
2
3
2
2
4
3
4
4
3
2
4
7
5
5
4
4
4
1
-2
-7
-11
-14
-12
-9
-9
-8
-9
-9
-9
-8
-9
-12
-16
-17
-18
-17
-13
-10
-7
-6
-5
-5
-7
-6
-5
-3
0
1
-2
-6
-11
-11
-8
-6
-4
-6
-8
-10
-11
-11
-11
-9
-9
-11
-10
-11
-11
-9
-8
-5
-4
-4
-4
-2
-2
-1
-1
-1
0
3
5
7
7
6
6
5
5
6
5
6
5
5
3
2
3
4
5
7
9
13
16
14
16
13
12
14
16
16
16
20
24
27
25
21
15
10
10
12
13
15
15
15
12
9
7
7
11
13
14
13
10
4
1
-2
-2
-2
-1
0
-1
-1
0
0
0
-1
-4
-5
-8
-10
-9
-9
-10
-12
-13
-14
-16
-14
-16
-16
-16
-18
-17
-18
-18
-16
-18
-19
-20
-22
-23
-24
-21
-20
-17
-15
-12
-9
-8
-7
-7
-5
-3
-1
-2
-2
0
2
4
5
5
2
-1
-2
-2
-3
-3
-5
-3
-1
2
5
5
6
6
6
8
9
9
9
9
9
10
11
10
9
6
5
6
8
10
9
6
2
-1
-1
1
3
6
5
2
0
1
3
7
10
10
9
8
7
7
6
7
7
9
11
13
11
8
4
4
7
9
11
11
9
7
4
0
-2
-1
1
5
7
9
9
2
-7
-15
-17
-12
-5
0
2
0
-7
-12
-14
-16
-11
-9
-7
-9
