0
0
0
0
-1
0
0
0
1
0
1
0
0
0
0
-1
0
0
1
1
0
0
0
-1
-1
0
0
0
-1
0
0
1
0
1
0
0
1
0
0
1
0
0
0
0
0
0
0
0
0
0
0
-1
1
0
0
0
0
0
0
0
0
0
0
-1
0
-1
0
0
0
0
0
-1
0
0
0
1
0
0
0
0
0
0
0
0
0
-1
1
1
-1
0
0
0
0
0
0
0
0
0
0
0
0
0
-1
0
0
0
0
0
0
0
0
-1
0
0
0
0
-1
0
-1
0
0
0
0
0
-1
0
0
-1
0
0
0
1
0
0
0
0
0
0
1
0
0
0
0
0
1
0
0
0
1
1
0
0
0
0
0
0
0
0
1
1
1
0
0
-1
0
0
0
-1
-1
0
0
0
0
0
0
0
0
0
0
0
0
0
0
0
0
0
0
0
0
0
1
1
1
0
-1
0
0
0
0
0
0
1
-1
-1
0
0
0
0
0
1
0
-1
0
0
0
0
0
0
0
0
-1
0
0
0
0
1
0
0
0
0
0
-1
1
1
0
0
0
0
1
0
0
0
0
0
0
0
0
0
0
0
0
1
0
0
0
0
0
0
1
0
0
0
0
0
0
0
0
0
0
1
0
-1
0
0
0
0
-1
0
0
0
0
0
0
-1
0
0
-1
0
0
0
-1
1
0
0
0
0
0
0
0
0
0
0
0
0
0
-1
0
-1
0
0
0
0
0
0
0
0
0
1
0
0
0
0
0
0
0
0
0
0
0
1
0
0
0
0
0
0
0
0
0
-1
0
0
1
0
0
0
0
0
0
0
1
0
0
0
0
0
0
-1
0
1
0
0
0
0
0
0
0
0
-1
0
0
0
0
0
0
0
0
1
0
-1
0
1
0
0
-1
0
0
0
0
-1
0
0
0
0
1
0
0
0
0
0
0
0
0
-1
0
0
0
0
0
0
0
0
0
1
0
0
0
0
0
1
0
0
1
0
1
-1
0
0
0
0
0
0
0
0
-1
0
-1
-1
0
0
0
0
0
0
0
0
0
0
-1
0
-1
0
0
0
0
0
0
-1
0
0
0
0
0
0
0
0
0
0
0
0
0
0
0
0
0
1
1
0
0
0
0
0
0
0
0
0
0
0
-1
0
0
-1
-1
-1
-2
-1
-1
0
-1
-2
-2
-1
-1
0
0
0
-1
-2
-2
-3
-1
1
0
-2
-3
-3
-3
-2
-1
-1
-2
-3
-2
-2
-3
-4
-4
-5
-4
-3
-3
-4
-5
-4
-2
-1
0
0
0
-1
0
0
0
-1
-2
-3
-2
-2
-4
-6
-9
-9
-8
-8
-6
-7
-9
-9
-9
-8
-6
-5
-4
-5
-7
-10
-12
-11
-11
-10
-12
-16
-18
-19
-19
-18
-17
-19
-28
-37
-37
-32
-27
-27
-33
-37
-37
-35
-30
-26
-23
-23
-25
-25
-21
-14
-11
-8
-8
-11
-14
-14
-9
-2
1
-2
-8
-9
-3
2
4
2
1
4
9
15
15
11
11
17
26
32
31
26
17
16
23
32
39
32
23
16
14
15
19
25
28
19
4
-7
-1
10
17
12
-1
-15
-20
-18
-14
-15
-23
-38
-60
-88
-117
-131
-124
-107
-109
-135
-163
-172
-153
-114
-77
-63
-79
-104
-97
-49
25
87
113
100
78
82
123
182
225
231
208
174
144
136
147
164
165
142
108
79
68
81
107
141
164
160
142
136
162
204
234
245
238
218
198
229
325
418
427
357
299
305
359
405
404
368
321
273
240
240
258
250
202
145
104
80
79
105
137
133
84
16
-14
20
77
87
31
-41
-67
-51
-33
-57
-127
-188
-189
-152
-153
-226
-327
-397
-398
-326
-226
-201
-297
-443
-521
-460
-323
-223
-186
-202
-273
-401
-480
-339
-41
151
30
-303
-533
-495
-234
42
142
42
-170
-340
-336
-148
82
153
36
-124
-175
-123
-180
-577
-1252
-1762
-1690
-1198
-856
-1016
-1476
-1828
-1851
-1548
-1068
-605
-347
-361
-466
-393
-41
440
785
919
933
920
948
1020
1124
1226
1264
1204
1018
761
565
478
487
515
459
303
95
-42
-32
77
188
143
-106
-336
-258
158
576
659
450
234
264
564
936
1170
1178
1020
850
793
867
955
949
870
754
591
388
249
269
364
379
217
-67
-299
-353
-232
-74
-34
-164
-378
-492
-400
-197
-93
-187
-372
-458
-360
-164
-35
-46
-144
-235
-286
-265
-148
-9
36
-46
-136
-172
-194
-213
-167
-56
19
-91
-312
-425
-267
6
67
-153
-420
-516
-432
-265
-84
15
-81
-305
-528
-681
-821
-999
-1185
-1332
-1468
-1611
-1764
-1862
-1908
-1962
-1951
-1739
-1340
-985
-854
-844
-743
-456
-12
432
766
910
903
893
1001
1240
1506
1619
1524
1273
997
830
800
842
807
620
355
108
-37
-49
22
111
129
77
23
39
177
386
541
501
295
217
502
993
1289
1190
900
744
833
1051
1211
1194
1004
723
500
448
519
556
463
312
182
56
-63
-101
-36
49
31
-106
-249
-285
-199
-86
-16
13
-9
-81
-137
-124
-106
-185
-328
-400
-353
-297
-357
-489
-545
-479
-395
-369
-377
-389
-414
-422
-366
-271
-213
-218
-206
-109
9
37
-8
-3
88
143
59
-106
-196
-117
53
108
-65
-322
-428
-283
16
274
344
127
-419
-1185
-1860
-2078
-1756
-1254
-1062
-1431
-2169
-2808
-2893
-2295
-1326
-571
-431
-817
-1216
-1139
-491
421
1136
1364
1131
774
693
1033
1599
2029
2071
1739
1231
828
704
828
1002
998
728
298
-86
-251
-178
21
180
178
31
-132
-163
10
310
540
528
344
278
522
934
1238
1284
1144
997
954
1008
1065
1055
954
778
609
508
447
360
242
150
71
-48
-196
-300
-294
-200
-138
-182
-306
-394
-374
-259
-140
-148
-313
-495
-513
-325
-74
47
-41
-248
-398
-380
-239
-90
-31
-87
-196
-308
-388
-398
-320
-201
-144
-196
-297
-378
-370
-247
-76
35
58
108
215
237
58
-251
-428
-168
432
747
271
-587
-890
-357
395
656
330
-149
-403
-479
-707
-1230
-1790
-2040
-1893
-1555
-1421
-1772
-2409
-2802
-2582
-1861
-1069
-641
-748
-1107
-1190
-681
247
1077
1396
1210
907
919
1337
1895
2251
2221
1872
1453
1199
1157
1204
1179
1007
691
316
28
-94
-88
-38
-13
-72
-189
-268
-221
-39
207
411
521
565
451
37
-318
114
1332
2223
1888
758
-33
165
1051
1813
1858
1216
389
-105
-17
465
764
515
-25
-396
-523
-566
-479
-200
85
78
-383
-1092
-1458
-1021
-15
707
542
-290
-1017
-980
-222
581
763
265
-387
-655
-395
130
463
375
-17
-445
-672
-600
-267
108
205
-103
-623
-955
-847
-415
-13
36
-294
-667
-710
-374
78
373
427
259
-19
-168
-68
132
256
366
508
409
-11
-310
-178
-20
-577
-1865
-2980
-3076
-2273
-1539
-1667
-2610
-3648
-3944
-3191
-1872
-924
-898
-1405
-1622
-1147
-136
916
1553
1635
1415
1362
1720
2338
2844
2995
2795
2389
1990
1761
1713
1711
1554
1153
627
124
-238
-364
-303
-258
-397
-633
-734
-596
-327
-102
22
95
205
465
844
1083
1006
896
1219
1889
2276
2044
1514
1191
1260
1529
1667
1481
979
340
-145
-257
-122
-96
-316
-617
-844
-1031
-1138
-978
-587
-293
-347
-635
-767
-507
-23
339
397
231
52
46
255
517
588
358
38
-96
-61
-23
-92
-245
-412
-558
-679
-736
-773
-896
-1050
-1035
-878
-816
-896
-964
-900
-729
-469
-215
-152
-244
-97
402
771
614
220
71
286
640
766
467
31
-79
204
522
454
-269
-1587
-2958
-3629
-3306
-2585
-2316
-2884
-3898
-4516
-4214
-3294
-2445
-2031
-1934
-1817
-1408
-697
137
934
1552
1929
2122
2302
2645
3134
3552
3725
3586
3202
2781
2509
2372
2232
1944
1422
765
190
-181
-364
-483
-642
-842
-1023
-1094
-992
-746
-464
-179
139
440
683
907
1139
1286
1366
1684
2357
2856
2708
2142
1705
1686
1944
2098
1858
1315
738
299
41
-116
-327
-667
-1020
-1219
-1271
-1322
-1361
-1273
-1077
-872
-760
-736
-664
-451
-174
77
259
350
316
136
-65
-58
191
412
371
61
-300
-451
-362
-239
-267
-543
-963
-1232
-1181
-963
-835
-918
-1151
-1311
-1200
-873
-634
-591
-574
-496
-421
-269
26
327
505
582
612
683
852
872
519
122
204
618
823
764
696
470
-226
-1280
-2300
-3042
-3421
-3527
-3453
-3356
-3540
-4145
-4746
-4715
-3965
-3029
-2382
-2031
-1781
-1443
-820
149
1186
1975
2392
2568
2767
3170
3716
4217
4451
4314
3893
3407
3039
2835
2651
2309
1754
1049
356
-136
-421
-611
-763
-913
-1087
-1229
-1230
-1041
-689
-302
-17
209
497
834
1082
1204
1519
2271
3050
3193
2656
2102
2061
2433
2726
2574
2046
1413
841
407
176
85
-144
-710
-1349
-1705
-1747
-1654
-1567
-1592
-1791
-2034
-2036
-1635
-1044
-676
-640
-656
-445
-38
328
557
716
792
733
638
683
838
903
745
415
55
-245
-419
-470
-477
-591
-951
-1479
-1869
-1886
-1585
-1231
-1082
-1244
-1594
-1803
-1486
-650
37
77
-141
-47
315
596
763
901
876
715
769
1013
1039
747
616
857
756
-608
-3179
-5441
-5856
-4382
-2564
-2157
-3655
-5949
-7325
-6675
-4404
-2111
-1141
-1627
-2592
-2817
-1622
624
2758
3733
3445
2741
2615
3454
4861
6012
6256
5531
4350
3454
3261
3549
3728
3345
2334
987
-177
-745
-712
-480
-554
-1074
-1775
-2236
-2174
-1603
-875
-383
-230
-244
-136
296
915
1477
2006
2607
3042
2940
2514
2349
2641
3042
3083
2636
1929
1290
882
647
441
79
-519
-1156
-1541
-1668
-1797
-1968
-2014
-1904
-1797
-1819
-1860
-1730
-1441
-1171
-919
-560
-181
83
277
532
839
978
899
852
983
1117
999
671
391
275
133
-191
-595
-961
-1217
-1250
-1156
-1225
-1577
-2008
-2112
-1754
-1346
-1232
-1282
-1346
-1328
-954
-138
621
836
492
-14
-95
454
1271
1794
1803
1488
1177
1042
1183
1222
486
-1132
-3065
-4516
-4703
-3595
-2497
-2783
-4507
-6320
-6826
-5777
-4106
-2857
-2436
-2609
-2836
-2533
-1363
441
2053
2801
2862
2830
3136
3933
4987
5824
6034
5549
4718
4055
3863
4016
4055
3562
2519
1305
342
-159
-291
-406
-771
-1370
-1976
-2276
-2123
-1721
-1348
-1109
-962
-811
-524
-9
653
1200
1548
1896
2317
2646
2825
2933
3035
3121
3005
2588
2120
1833
1582
1170
600
-4
-519
-913
-1195
-1462
-1803
-2166
-2418
-2483
-2461
-2501
-2536
-2309
-1819
-1410
-1250
-1097
-698
-78
514
838
871
817
896
1196
1547
1668
1439
1037
754
689
657
379
-140
-645
-955
-1144
-1336
-1555
-1719
-1788
-1778
-1860
-2045
-2083
-1807
-1228
-573
-234
-315
-343
128
871
1241
1059
852
1168
1779
1978
1559
1137
1377
1972
1913
563
-1841
-4350
-5680
-4962
-2984
-1848
-2985
-5711
-7861
-7818
-5884
-3606
-2305
-2372
-3188
-3692
-2969
-934
1449
2976
3256
2890
2739
3336
4611
5978
6794
6685
5773
4725
4156
4172
4430
4374
3639
2315
851
-213
-627
-615
-677
-1132
-1913
-2664
-2977
-2748
-2198
-1642
-1334
-1271
-1217
-947
-299
712
1732
2308
2385
2345
2548
2994
3419
3628
3522
3087
2536
2180
2003
1742
1207
459
-238
-710
-1077
-1467
-1847
-2156
-2396
-2599
-2721
-2720
-2663
-2611
-2475
-2104
-1543
-1048
-761
-535
-93
544
1101
1359
1374
1338
1423
1596
1734
1727
1477
1015
569
293
93
-142
-443
-788
-1187
-1665
-2074
-2132
-1902
-1711
-1718
-1859
-1940
-1720
-1208
-682
-273
107
371
412
496
931
1566
1978
1920
1584
1371
1481
1829
2043
1784
863
-1096
-3915
-5949
-5550
-3189
-1361
-2231
-5481
-8396
-8665
-6375
-3437
-1890
-2319
-3643
-4344
-3451
-1089
1420
2895
3130
2685
2454
3109
4504
5934
6781
6719
5870
4822
4111
4020
4389
4529
3882
2479
819
-359
-722
-622
-596
-1033
-1968
-2878
-3204
-2891
-2240
-1657
-1422
-1469
-1489
-1146
-275
829
1677
2151
2412
2630
2899
3188
3494
3750
3772
3515
3088
2599
2142
1736
1305
809
185
-587
-1306
-1725
-1885
-2042
-2333
-2695
-2957
-3080
-3070
-2859
-2406
-1868
-1506
-1329
-1125
-684
25
802
1370
1543
1346
1105
1180
1629
2139
2255
1788
1026
388
74
38
103
-45
-631
-1437
-1974
-2084
-1987
-1834
-1716
-1843
-2142
-2242
-1922
-1319
-771
-357
1
133
27
-5
404
1200
1779
1778
1490
1461
1818
2289
2297
1375
-594
-3099
-5091
-5320
-3633
-1742
-1795
-4356
-7480
-8644
-7145
-4442
-2543
-2373
-3306
-4090
-3797
-2196
157
2170
2984
2797
2496
2840
4012
5543
6713
6976
6285
5201
4464
4387
4754
4977
4499
3240
1659
381
-208
-216
-210
-605
-1391
-2262
-2822
-2879
-2501
-1922
-1560
-1639
-1813
-1489
-506
695
1542
1867
1965
2203
2688
3276
3722
3913
3870
3609
3242
2929
2601
2174
1700
1167
515
-246
-966
-1465
-1723
-1928
-2357
-3013
-3580
-3713
-3299
-2657
-2192
-2086
-2218
-2147
-1575
-669
220
797
1024
1077
1144
1335
1651
1994
2202
2113
1680
1098
730
663
647
372
-286
-1135
-1779
-1998
-1932
-1900
-2138
-2546
-2817
-2654
-2125
-1625
-1411
-1331
-1229
-907
-177
701
1083
815
571
879
1626
2384
2638
2326
1858
1405
824
-476
-2662
-4824
-5576
-4307
-2447
-2482
-5044
-8067
-9050
-7470
-4866
-3172
-3168
-3994
-4416
-3740
-1933
222
1941
2847
3035
3146
3668
4704
6052
7146
7500
7082
6258
5451
5018
5110
5274
4887
3706
2037
612
-150
-417
-568
-983
-1740
-2569
-3179
-3303
-2915
-2306
-1843
-1698
-1730
-1525
-646
707
1887
2513
2607
2582
2891
3541
4237
4629
4519
4013
3449
3136
3013
2767
2121
1132
156
-597
-1097
-1444
-1850
-2374
-2955
-3440
-3637
-3536
-3276
-3010
-2832
-2672
-2392
-1885
-1193
-445
228
695
952
1136
1396
1796
2162
2295
2168
1886
1594
1346
1117
818
389
-134
-683
-1223
-1712
-2086
-2301
-2379
-2337
-2397
-2770
-3140
-2970
-2204
-1452
-1219
-1354
-1283
-660
274
949
988
661
609
1064
1740
2304
2481
2344
2040
1356
-202
-2731
-5042
-5629
-4303
-2630
-2647
-4808
-7578
-8962
-8127
-5879
-3788
-3028
-3667
-4500
-4200
-2482
-153
1716
2689
2965
3087
3561
4554
5909
7128
7695
7457
6626
5727
5262
5365
5652
5416
4312
2652
1098
141
-192
-301
-639
-1356
-2228
-2895
-3100
-2849
-2365
-1938
-1758
-1688
-1397
-707
294
1317
2103
2630
2964
3230
3583
3966
4286
4522
4553
4196
3472
2693
2147
1841
1572
1060
164
-918
-1774
-2187
-2261
-2277
-2526
-3031
-3475
-3558
-3253
-2811
-2548
-2480
-2302
-1742
-927
-181
281
525
822
1222
1553
1755
1815
1793
1769
1683
1456
1061
593
207
-132
-580
-1177
-1744
-2034
-2108
-2254
-2595
-2808
-2709
-2638
-2786
-2822
-2406
-1646
-976
-603
-328
-135
43
361
827
1346
1683
1675
1587
1753
2002
2085
2071
2120
1849
722
-1393
-3836
-5399
-5393
-4230
-3413
-4166
-6205
-8151
-8666
-7386
-5310
-3821
-3534
-4003
-4247
-3431
-1459
831
2526
3291
3442
3669
4368
5505
6762
7603
7780
7357
6576
5854
5454
5303
5125
4624
3600
2116
651
-356
-791
-898
-1163
-1780
-2568
-3184
-3306
-2911
-2240
-1588
-1220
-1174
-1156
-638
672
2314
3407
3538
3211
3195
3727
4518
5125
5179
4661
3842
3053
2543
2210
1741
1044
191
-697
-1530
-2245
-2715
-2967
-3252
-3633
-3925
-3967
-3765
-3412
-3009
-2563
-2052
-1567
-1093
-539
101
729
1230
1535
1736
1888
1975
2053
2095
1957
1609
1170
737
387
48
-388
-847
-1315
-1869
-2418
-2789
-2820
-2524
-2334
-2539
-2840
-2807
-2343
-1736
-1297
-1032
-722
-300
157
655
1107
1341
1264
1035
1131
1680
2241
2453
2327
1870
1270
863
625
-226
-2465
-5347
-6882
-6079
-4368
-3836
-5189
-7384
-8741
-8395
-6702
-4737
-3577
-3495
-3674
-3175
-1806
-65
1558
2891
3816
4310
4630
5175
5992
6776
7340
7530
7158
6256
5234
4644
4549
4414
3715
2418
970
-170
-838
-1124
-1286
-1585
-2053
-2528
-2774
-2717
-2381
-1871
-1366
-832
-119
720
1405
1847
2310
2979
3772
4434
4709
4553
4201
4006
4064
4147
3917
3143
1977
963
462
269
-121
-916
-1913
-2754
-3150
-3236
-3325
-3519
-3636
-3490
-3179
-2948
-2747
-2366
-1688
-821
-113
236
336
536
1012
1609
2030
2093
1925
1703
1513
1350
1140
847
492
-17
-635
-1145
-1535
-1891
-2149
-2203
-2227
-2492
-2868
-2979
-2629
-2159
-1954
-1891
-1651
-1152
-726
-488
-128
555
1193
1375
1150
906
1081
1561
1948
2025
1829
1546
1326
1169
855
53
-1647
-4095
-6108
-6409
-5034
-3615
-3871
-5888
-8015
-8536
-7061
-4690
-2992
-2673
-3189
-3367
-2390
-369
1762
3153
3703
3842
4092
4712
5614
6569
7222
7306
6830
5969
5079
4512
4329
4232
3777
2714
1238
-110
-904
-1130
-1121
-1302
-1816
-2414
-2769
-2692
-2234
-1661
-1223
-931
-574
39
872
1675
2298
2842
3408
3914
4151
4052
3897
3906
3965
3862
3459
2788
1987
1221
554
-32
-565
-1079
-1603
-2177
-2776
-3358
-3795
-3849
-3449
-2914
-2620
-2632
-2717
-2518
-1831
-837
58
532
599
587
802
1261
1723
1914
1787
1551
1340
1151
959
710
367
-57
-517
-1032
-1559
-1935
-2071
-2030
-1994
-2142
-2432
-2596
-2466
-2182
-1862
-1410
-931
-655
-436
3
455
606
605
760
1078
1332
1383
1149
728
580
969
1464
1552
1096
322
-434
-1109
-2182
-3824
-5170
-5263
-4329
-3648
-4101
-5394
-6606
-6857
-5740
-3788
-2148
-1607
-1999
-2346
-1694
-5
1935
3402
4071
3969
3686
3893
4733
5774
6419
6369
5712
4749
3927
3592
3642
3600
3038
1929
663
-254
-699
-843
-850
-972
-1368
-1839
-2095
-1959
-1452
-834
-392
-232
-142
272
1099
1985
2492
2589
2625
2876
3258
3430
3360
3256
3125
2844
2370
1771
1170
592
35
-440
-821
-1201
-1656
-2108
-2430
-2617
-2718
-2718
-2582
-2444
-2438
-2380
-2057
-1514
-1003
-709
-508
-147
346
735
892
912
930
980
1021
994
885
652
329
9
-257
-501
-774
-1050
-1245
-1386
-1598
-1839
-1945
-1870
-1649
-1362
-1157
-1093
-1069
-926
-503
190
694
614
295
285
434
464
609
1017
1226
880
293
-41
114
633
1065
1041
723
322
-367
-1628
-3334
-4767
-5099
-4084
-2784
-2768
-4240
-5930
-6396
-5239
-3244
-1668
-1252
-1695
-2056
-1570
-112
1729
3093
3521
3270
3036
3242
3915
4806
5432
5471
4996
4226
3419
2893
2776
2787
2520
1811
800
-180
-787
-897
-707
-610
-811
-1202
-1539
-1527
-1062
-412
89
265
209
322
885
1659
2199
2397
2489
2597
2660
2637
2573
2482
2309
2067
1760
1368
905
344
-253
-692
-973
-1307
-1691
-1967
-2097
-2145
-2162
-2211
-2284
-2267
-2034
-1618
-1209
-916
-724
-532
-225
191
554
792
938
957
859
698
529
420
406
415
278
-43
-438
-753
-915
-970
-1012
-1163
-1434
-1642
-1560
-1217
-931
-922
-1037
-991
-740
-343
111
468
502
232
-114
-131
427
1203
1428
734
-273
-821
-608
58
635
703
277
-211
-476
-497
-516
-1042
-2543
-4456
-5189
-3995
-2135
-1622
-2993
-4986
-5803
-4766
-2709
-1007
-411
-742
-1252
-1183
-243
1215
2494
3204
3296
2988
2713
2875
3463
4120
4515
4394
3668
2676
1941
1771
2048
2291
1990
1064
-23
-706
-769
-386
39
127
-204
-610
-723
-484
-5
498
769
759
759
1068
1641
2210
2479
2385
2164
2032
2018
2016
2000
1920
1662
1243
801
416
49
-301
-603
-893
-1160
-1373
-1520
-1578
-1556
-1524
-1574
-1691
-1729
-1533
-1112
-663
-349
-272
-358
-349
-120
246
557
626
413
57
-162
-131
41
138
0
-344
-733
-959
-973
-897
-838
-818
-829
-903
-1014
-1075
-1011
-736
-331
-4
11
-250
-389
-176
232
446
375
219
173
263
351
237
-203
-777
-1028
-656
-58
38
-592
-1280
-1336
-810
-218
28
-214
-1188
-2891
-4464
-4605
-3005
-1137
-795
-2197
-3982
-4766
-4213
-2679
-891
234
180
-716
-1390
-970
481
2096
2969
2936
2374
1852
1828
2407
3338
4065
4113
3392
2287
1489
1465
2047
2576
2487
1768
783
35
-130
233
756
973
724
228
-115
-58
313
758
1045
1119
1086
1086
1211
1424
1650
1846
1911
1811
1590
1366
1211
1126
1072
961
744
422
59
-256
-481
-629
-718
-762
-794
-866
-1061
-1321
-1455
-1313
-943
-626
-570
-706
-772
-640
-362
-94
26
8
-67
-138
-203
-262
-289
-292
-333
-416
-512
-638
-760
-807
-782
-774
-829
-918
-975
-948
-867
-767
-618
-447
-363
-432
-534
-499
-254
121
277
-22
-490
-505
-101
118
-195
-729
-1019
-966
-695
-475
-402
-514
-841
-1161
-1117
-553
89
263
-595
-2691
-4845
-5015
-2593
95
354
-1940
-4443
-5092
-3688
-1392
418
1001
332
-850
-1359
-477
1234
2547
2958
2767
2301
1787
1612
2076
3004
3830
3950
3134
1783
842
917
1765
2526
2503
1638
456
-262
-160
513
1194
1427
1092
481
32
-90
159
774
1515
1884
1591
957
555
721
1335
1989
2220
1851
1121
534
466
860
1239
1140
618
26
-392
-601
-649
-603
-561
-629
-833
-1105
-1249
-1128
-793
-434
-296
-442
-719
-814
-558
-94
231
187
-124
-423
-498
-390
-255
-205
-275
-426
-572
-658
-697
-668
-568
-507
-575
-726
-857
-821
-616
-377
-287
-467
-736
-885
-710
-315
48
142
-165
-645
-1004
-944
-507
-61
-77
-620
-1129
-1231
-1081
-992
-891
-574
-274
-375
-850
-1212
-919
-84
486
-293
-2510
-4616
-4646
-2370
35
337
-1657
-3953
-4700
-3481
-1182
736
1337
504
-749
-1172
-375
1069
2205
2705
2645
2152
1551
1230
1581
2556
3491
3666
2818
1501
634
741
1652
2512
2569
1703
556
-84
28
665
1308
1466
1004
300
-146
-106
343
910
1293
1347
1088
714
559
818
1433
1964
1993
1539
907
493
461
768
1063
943
426
-202
-575
-599
-417
-224
-149
-199
-397
-668
-830
-702
-334
22
131
-44
-378
-617
-540
-205
119
144
-102
-376
-471
-356
-169
-32
-66
-243
-443
-569
-586
-508
-394
-363
-501
-780
-1007
-997
-783
-556
-442
-421
-529
-854
-1153
-1089
-609
-139
-130
-552
-974
-1058
-924
-828
-876
-948
-996
-1012
-1015
-994
-896
-755
-620
-584
-569
-406
-75
169
-117
-1174
-2545
-3167
-2407
-992
-296
-980
-2357
-3177
-2875
-1685
-429
265
225
-232
-493
-235
488
1269
1760
1958
1861
1593
1370
1446
1951
2601
2929
2617
1831
1142
980
1371
1888
2075
1773
1144
605
401
510
729
901
932
740
423
156
128
425
860
1150
1116
872
712
777
970
1089
1100
1023
875
679
478
345
345
466
531
392
89
-174
-248
-142
3
32
-127
-354
-463
-413
-264
-117
-64
-137
-273
-337
-317
-220
-84
16
23
-44
-142
-269
-341
-288
-176
-176
-329
-482
-517
-464
-428
-465
-539
-555
-512
-527
-623
-676
-620
-510
-482
-567
-769
-945
-906
-689
-548
-729
-1001
-1095
-967
-840
-896
-992
-994
-820
-714
-851
-1066
-1111
-908
-620
-333
-129
-141
-353
-659
-1051
-1542
-1901
-1685
-1046
-620
-898
-1729
-2361
-2235
-1418
-541
-71
-24
-256
-497
-398
170
892
1375
1465
1283
1027
938
1161
1565
1974
2165
1978
1508
1131
1183
1504
1763
1803
1608
1273
953
816
911
1107
1240
1193
992
765
591
499
641
1035
1356
1262
861
607
724
1081
1384
1441
1279
998
754
626
649
737
745
597
343
117
-75
-183
-150
9
120
-18
-304
-526
-515
-341
-176
-112
-191
-343
-503
-575
-478
-293
-214
-339
-545
-678
-716
-694
-640
-561
-497
-501
-589
-753
-880
-859
-691
-526
-532
-717
-947
-1035
-966
-902
-797
-622
-505
-617
-940
-1114
-1020
-779
-651
-768
-942
-991
-922
-913
-1021
-1107
-1073
-942
-813
-749
-806
-865
-762
-493
-189
-58
-129
-296
-353
-177
-7
-86
-413
-694
-618
-345
-218
-422
-690
-661
-329
-40
-55
-222
-222
25
344
533
517
432
468
665
893
1031
1055
1021
1022
1116
1248
1337
1363
1355
1337
1304
1271
1248
1235
1220
1188
1122
1069
1068
1057
990
888
851
891
957
1007
1021
1023
997
964
954
970
974
900
767
657
633
661
673
613
479
309
188
169
188
152
40
-83
-157
-182
-228
-297
-361
-387
-381
-405
-439
-487
-516
-528
-578
-644
-715
-750
-740
-691
-616
-610
-732
-914
-994
-904
-757
-751
-890
-1005
-1013
-975
-1011
-1018
-919
-825
-917
-1151
-1188
-941
-716
-756
-1017
-1207
-1220
-1069
-785
-582
-574
-805
-1030
-1009
-786
-541
-471
-452
-391
-370
-444
-532
-377
-82
129
136
10
-60
-91
-8
157
389
551
460
129
-271
-380
-69
398
635
484
129
-144
-248
-89
236
578
694
458
165
24
201
511
804
999
924
662
400
461
809
1169
1335
1212
945
683
628
872
1234
1459
1346
1018
765
722
889
1075
1183
1166
981
754
606
644
786
902
929
822
653
494
443
510
608
656
568
389
210
122
128
177
222
187
52
-99
-191
-223
-230
-232
-264
-372
-506
-596
-585
-501
-445
-522
-717
-850
-839
-739
-681
-699
-755
-831
-876
-887
-868
-845
-820
-780
-724
-705
-759
-860
-947
-924
-809
-662
-628
-756
-906
-889
-704
-574
-616
-739
-776
-746
-774
-824
-798
-695
-663
-796
-902
-900
-736
-538
-413
-323
-327
-307
-321
-303
-289
-263
-121
104
355
338
133
-53
-10
278
572
776
741
524
315
264
486
823
990
906
661
479
438
493
632
757
755
526
202
9
50
237
386
447
473
477
446
429
535
773
978
1036
921
725
596
595
763
967
1044
922
693
573
618
761
876
925
893
772
600
469
454
498
532
482
353
212
98
81
149
244
276
182
45
-42
-50
-3
46
64
23
-79
-215
-327
-371
-358
-333
-338
-400
-516
-638
-700
-652
-523
-456
-539
-676
-752
-740
-712
-722
-763
-832
-897
-945
-936
-868
-799
-804
-869
-860
-759
-665
-677
-756
-785
-742
-654
-567
-487
-426
-471
-617
-717
-665
-511
-393
-362
-404
-516
-645
-725
-682
-515
-293
-169
-196
-277
-301
-260
-176
-61
-4
1
-44
-23
57
130
213
302
469
548
532
491
530
673
742
762
711
684
691
697
749
809
875
897
884
915
965
980
965
925
882
775
633
560
568
617
625
600
549
501
451
434
466
533
563
502
395
274
194
137
113
126
152
143
98
67
34
20
0
-9
-8
-15
-1
-4
24
65
53
-18
-141
-267
-384
-492
-566
-591
-572
-548
-538
-533
-515
-473
-423
-371
-327
-308
-317
-326
-290
-221
-157
-112
-71
-24
17
35
41
62
98
129
121
54
-55
-151
-180
-148
-104
-109
-164
-202
-196
-184
-200
-222
-223
-224
-255
-301
-353
-430
-565
-727
-807
-810
-802
-801
-773
-691
-613
-535
-417
-275
-178
-216
-317
-368
-337
-243
-193
-165
-135
-120
-138
-167
-105
11
127
236
361
489
562
542
454
394
432
539
663
736
718
614
460
398
448
544
605
562
469
331
209
162
173
189
100
-104
-332
-506
-619
-700
-776
-838
-875
-881
-815
-688
-506
-354
-242
-130
-12
126
263
415
556
662
736
819
943
1079
1204
1309
1393
1450
1475
1484
1488
1472
1441
1376
1299
1235
1164
1065
928
780
642
518
405
295
180
64
-43
-160
-275
-397
-504
-590
-671
-731
-800
-869
-927
-953
-972
-1011
-1061
-1102
-1098
-1071
-1038
-1011
-994
-986
-990
-999
-993
-972
-956
-953
-968
-975
-966
-931
-876
-821
-768
-740
-740
-741
-688
-544
-369
-215
-124
-117
-161
-189
-124
24
196
322
383
381
349
338
379
478
594
697
764
762
700
608
532
520
546
578
594
547
443
263
46
-88
-119
-56
-10
-42
-111
-199
-227
-173
-43
107
207
271
319
341
324
310
344
435
526
547
506
458
449
470
490
505
514
500
441
335
227
166
185
234
258
221
140
57
18
29
39
39
21
-11
-54
-99
-127
-133
-117
-94
-85
-101
-131
-172
-233
-299
-354
-397
-435
-456
-452
-427
-397
-367
-349
-344
-340
-317
-260
-189
-131
-98
-85
-79
-67
-42
0
62
128
190
216
208
185
162
165
172
174
169
143
111
93
100
144
195
222
220
184
131
87
65
76
92
78
38
-22
-75
-110
-128
-126
-132
-147
-209
-331
-464
-552
-556
-496
-398
-332
-317
-346
-360
-313
-234
-144
-102
-115
-169
-222
-215
-145
-30
56
50
-17
-71
-28
95
218
307
345
355
315
244
189
209
279
289
210
85
-6
-43
-40
-15
2
-13
-67
-133
-185
-217
-212
-176
-130
-121
-166
-213
-232
-193
-118
-31
60
107
114
88
73
114
177
233
262
283
309
332
361
386
394
379
326
252
169
115
91
64
40
31
47
58
35
-14
-75
-149
-239
-341
-422
-458
-443
-367
-248
-126
-41
4
49
106
170
227
286
361
442
494
495
469
439
425
419
396
375
356
343
331
326
335
341
328
301
257
216
191
189
212
242
281
310
304
249
151
32
-91
-214
-350
-494
-631
-722
-760
-764
-738
-695
-644
-608
-593
-589
-588
-573
-557
-560
-565
-566
-552
-525
-499
-491
-524
-585
-656
-728
-803
-851
-845
-799
-742
-708
-670
-582
-418
-191
49
270
457
590
654
658
648
656
668
666
649
636
651
663
659
644
657
709
767
799
782
720
627
555
530
533
522
453
336
205
112
83
101
154
216
242
212
138
87
93
127
127
56
-69
-240
-421
-582
-700
-768
-810
-823
-805
-777
-734
-671
-569
-445
-329
-236
-168
-94
-16
47
74
70
58
44
40
57
95
135
166
183
196
217
245
277
319
368
407
429
438
449
471
495
507
498
471
443
417
398
386
379
376
375
352
299
223
147
87
50
24
-12
-71
-146
-213
-257
-272
-269
-256
-245
-252
-284
-325
-349
-345
-322
-302
-313
-353
-405
-457
-486
-482
-441
-385
-348
-351
-391
-440
-468
-466
-434
-401
-379
-369
-382
-411
-433
-411
-332
-232
-148
-111
-118
-158
-189
-182
-122
-22
71
119
110
74
41
40
81
165
257
309
316
312
332
374
430
472
479
446
386
323
284
285
312
346
365
365
344
318
311
327
358
384
392
376
343
290
230
172
124
92
66
40
2
-30
-44
-44
-37
-44
-67
-106
-156
-206
-257
-306
-344
-366
-366
-350
-315
-263
-197
-125
-68
-37
-31
-31
-33
-45
-67
-98
-116
-109
-77
-31
19
66
101
122
129
125
111
92
72
48
18
-14
-38
-42
-32
-15
6
31
62
93
128
167
198
223
235
236
218
177
115
46
-19
-73
-114
-146
-177
-215
-257
-292
-310
-311
-315
-340
-389
-458
-540
-614
-658
-657
-621
-563
-496
-419
-327
-227
-113
2
113
216
304
372
423
468
508
549
587
612
615
594
558
525
517
528
546
557
545
502
429
336
241
156
85
42
17
-1
-25
-61
-91
-105
-94
-67
-46
-48
-80
-135
-199
-255
-288
-298
-296
-302
-332
-373
-400
-403
-379
-348
-319
-297
-293
-311
-339
-360
-364
-348
-323
-307
-305
-317
-331
-330
-304
-243
-162
-75
-3
43
67
78
88
107
141
187
238
288
333
373
410
438
447
423
366
287
204
137
96
87
105
143
183
211
227
234
240
240
230
204
163
121
84
58
48
53
67
81
87
82
69
56
42
23
-10
-46
-78
-102
-120
-138
-150
-158
-167
-176
-186
-188
-174
-146
-113
-82
-59
-42
-28
-18
-11
-3
12
42
87
137
183
215
230
225
205
177
138
101
63
24
-8
-44
-77
-110
-142
-170
-190
-199
-194
-183
-172
-169
-180
-192
-204
-210
-206
-197
-182
-160
-132
-105
-87
-84
-104
-138
-175
-203
-210
-198
-170
-133
-100
-76
-60
-49
-45
-45
-36
-15
12
36
45
39
22
1
-4
20
57
93
113
108
98
97
109
123
134
141
137
117
89
64
59
65
83
101
108
105
93
77
65
67
73
81
86
85
81
76
76
77
84
97
105
105
98
89
87
91
97
104
108
106
97
81
66
61
62
66
69
72
81
89
101
110
121
124
116
108
103
102
93
73
50
26
3
-26
-52
-68
-80
-95
-114
-134
-148
-157
-166
-170
-170
-168
-157
-154
-152
-151
-145
-134
-126
-122
-117
-115
-117
-117
-118
-117
-109
-94
-80
-70
-74
-82
-93
-104
-110
-112
-106
-99
-98
-102
-103
-99
-86
-67
-48
-37
-34
-35
-42
-47
-46
-37
-20
-2
13
16
23
39
58
74
89
95
91
78
64
56
51
49
48
50
54
62
73
76
78
85
90
94
95
97
100
108
122
132
139
146
148
150
156
163
163
159
160
168
179
178
170
154
133
116
104
92
83
65
40
8
-23
-57
-91
-116
-131
-142
-149
-158
-164
-164
-166
-166
-173
-176
-182
-192
-201
-203
-196
-179
-161
-147
-144
-143
-138
-131
-118
-104
-93
-86
-81
-69
-53
-35
-18
-10
-9
-12
-10
3
23
40
45
42
41
46
57
67
71
69
67
69
73
82
99
117
132
141
142
137
128
124
129
140
147
147
139
125
114
104
100
105
105
99
89
81
74
66
54
42
30
22
16
15
15
5
-12
-31
-43
-48
-52
-55
-61
-67
-71
-74
-79
-89
-99
-103
-102
-96
-88
-78
-70
-70
-79
-88
-92
-89
-77
-62
-50
-41
-39
-42
-51
-59
-64
-67
-65
-60
-58
-57
-55
-54
-51
-48
-46
-45
-48
-46
-46
-49
-47
-42
-34
-25
-15
-5
1
3
0
-3
-4
-3
7
19
33
44
44
36
25
19
19
22
26
23
19
15
15
22
29
38
40
33
23
16
18
26
38
47
51
48
43
35
26
20
19
22
27
30
34
38
46
55
59
59
62
63
63
66
68
69
69
65
63
66
73
77
79
75
63
52
46
43
49
53
47
34
17
4
0
-1
3
8
8
-1
-15
-29
-36
-38
-36
-31
-25
-22
-25
-32
-41
-45
-49
-55
-61
-66
-68
-67
-60
-53
-50
-49
-59
-70
-72
-68
-62
-59
-59
-60
-59
-58
-49
-40
-34
-33
-37
-39
-43
-47
-48
-47
-43
-42
-39
-38
-38
-33
-27
-19
-13
-12
-15
-20
-20
-14
-7
0
7
13
12
8
7
8
12
14
14
16
16
15
15
11
3
-4
-8
-4
4
7
6
4
1
-3
-10
-13
-10
-2
9
18
20
21
28
38
43
40
35
29
28
32
38
43
49
52
54
54
54
50
47
42
36
36
39
44
46
40
32
25
25
35
50
65
69
60
50
47
49
53
57
56
50
43
33
22
19
18
12
1
-10
-18
-18
-13
-14
-19
-25
-28
-26
-25
-26
-30
-37
-42
-42
-39
-31
-20
-15
-15
-23
-32
-41
-38
-29
-16
-9
-11
-23
-37
-48
-56
-55
-50
-42
-33
-31
-37
-40
-38
-35
-35
-35
-38
-40
-40
-37
-32
-27
-21
-17
-16
-18
-25
-28
-24
-17
-8
2
11
10
1
-8
-10
-11
-10
-7
-1
5
6
-1
-8
-9
-6
-2
4
12
17
13
1
-13
-21
-21
-9
11
32
49
53
49
38
29
26
28
38
46
45
40
26
14
11
16
26
37
43
45
45
42
37
35
34
34
32
28
28
26
24
22
28
30
33
30
21
12
6
3
0
1
5
11
12
5
-7
-21
-30
-31
-26
-21
-19
-22
-35
-47
-54
-54
-48
-43
-43
-49
-52
-53
-51
-47
-45
-39
-29
-23
-24
-28
-36
-38
-31
-17
-7
-5
-8
-16
-23
-26
-23
-11
0
7
11
10
3
-6
-12
-14
-4
9
21
29
32
32
33
38
41
43
45
45
50
56
63
68
65
54
40
27
25
27
33
34
26
17
9
4
3
4
4
0
-5
-10
-11
-8
-10
-17
-25
-27
-21
-13
-3
5
5
0
-8
-18
-28
-32
-34
-34
-36
-37
-36
-33
-28
-26
-29
-33
-37
-36
-33
-27
-23
-24
-27
-29
-27
-20
-10
-3
-1
-1
0
-2
-3
-3
0
4
10
16
16
9
-1
-4
-1
6
15
19
21
25
29
30
24
16
11
7
10
18
25
29
27
20
17
17
21
22
24
24
23
25
28
30
29
26
22
15
12
14
18
19
18
13
8
2
0
2
3
3
0
-6
-11
-18
-20
-20
-20
-16
-12
-7
-5
-8
-13
-14
-15
-13
-12
-12
-9
-7
-5
0
2
1
-7
-16
-21
-20
-11
0
6
7
1
-7
-20
-30
-39
-44
-48
-48
-44
-36
-25
-16
-12
-13
-17
-18
-12
2
18
22
19
9
-1
-4
-2
-1
-2
-4
-6
-5
-7
-6
-6
-6
-6
-9
-12
-14
-13
-13
-7
-2
-1
-2
-4
2
13
27
35
40
43
38
28
21
18
18
23
29
32
36
34
32
25
13
0
-6
-5
5
15
21
19
11
2
-6
-10
-4
8
18
22
17
7
-2
-10
-14
-12
-10
-10
-11
-9
0
13
25
27
21
7
-10
-26
-34
-28
-16
-7
-4
-9
-13
-17
-24
-28
-29
-25
-15
-5
2
0
-7
-11
-5
6
16
23
21
15
7
1
-2
-1
3
4
4
-1
-8
-14
-19
-23
-24
-25
-26
-26
-22
-18
-12
-5
3
8
5
0
-8
-14
-17
-13
-5
0
1
0
2
6
8
9
12
18
27
36
39
34
24
12
-4
-12
-11
0
15
26
26
20
8
2
3
9
16
22
26
30
33
32
30
26
18
9
4
7
17
30
41
47
42
24
5
-10
-21
-23
-16
-9
-2
-1
-3
-9
-16
-22
-28
-31
-29
-25
-18
-8
-2
-1
-5
-12
-17
-17
-18
-17
-20
-24
-27
-30
-29
-25
-23
-26
-28
-28
-28
-30
-33
-37
-40
-44
-45
-44
-42
-36
-30
-28
-27
-33
-39
-37
-29
-16
-3
4
1
-2
1
5
12
19
19
15
12
12
17
17
16
13
7
4
7
15
25
33
33
30
29
30
34
36
38
39
41
46
48
50
51
46
39
33
34
38
37
37
31
27
24
25
29
33
34
31
26
24
19
16
9
4
4
7
9
6
1
-3
1
3
2
-3
-10
-16
-20
-17
-14
-11
-14
-20
-25
-26
-28
-27
-19
-11
-8
-13
-25
-34
-41
-43
-49
-54
-56
-54
-49
-45
-43
-45
-50
-54
-55
-51
-46
-41
-35
-31
-26
-20
-14
-15
-20
-25
-27
-24
-18
-10
-7
-7
-9
-11
-11
-14
-15
-11
-3
9
20
24
20
13
3
-3
-4
3
14
25
38
44
47
44
39
36
35
36
41
52
59
62
61
54
51
51
58
66
67
62
53
44
39
34
31
29
29
30
32
30
29
29
27
23
19
13
5
0
-6
-5
-2
-2
-7
-10
-18
-21
-19
-18
-21
-28
-38
-45
-46
-42
-39
-38
-41
-44
-47
-48
-49
-51
-55
-57
-55
-45
-32
-19
-15
-19
-27
-37
-39
-33
-20
-7
-2
-1
-3
-3
-8
-12
-15
-17
-14
-7
-1
2
-2
-9
-13
-14
-10
-6
-5
0
4
8
6
6
4
6
9
14
20
23
26
24
19
13
8
6
11
21
30
36
38
34
27
20
16
17
20
23
23
21
16
11
3
-1
-1
1
6
12
14
15
12
9
7
7
7
8
9
10
7
5
7
4
1
-1
-3
-1
0
-4
-8
-12
-11
-10
-7
-4
-6
-8
-10
-12
-10
-8
-5
-3
1
3
5
6
7
3
-1
-7
-9
-8
-5
1
5
5
1
-5
-11
-9
-9
-8
-14
-20
-24
-26
-23
-20
-19
-19
-17
-13
-7
-2
-3
-5
-7
-4
-2
0
1
1
0
2
5
5
1
-4
-11
-13
-9
-2
2
0
-6
-17
-22
-24
-24
-21
-18
-14
-6
1
8
11
10
10
10
10
10
9
9
9
9
9
11
17
24
30
29
24
14
7
2
2
7
14
16
16
13
14
15
19
20
19
17
18
21
22
21
17
15
17
20
24
26
27
24
17
7
-2
-5
-5
-3
-2
1
1
-5
-7
-8
-4
-1
-1
-4
-11
-21
-28
-29
-28
-27
-28
-30
-28
-24
-20
-15
-14
-17
-23
-29
-30
-28
-23
-16
-11
-5
-6
-10
-15
-19
-18
-18
-16
-12
-10
-9
-11
-13
-14
-15
-16
-13
-8
-4
1
2
-1
-5
-11
-12
-8
3
12
20
24
24
20
17
15
16
19
20
16
10
4
4
7
11
14
15
15
14
14
16
14
11
7
4
1
-1
-4
-3
0
6
17
27
37
39
33
26
20
18
15
12
11
10
9
7
4
-1
-6
-9
-11
-9
-9
-8
-6
-4
-3
-6
-14
-20
-24
-23
-17
-7
0
1
-3
-9
-13
-15
-18
-17
-13
-9
-4
-2
-3
-8
-12
-20
-21
-18
-13
-9
-6
-7
-9
-9
-10
-8
-5
-1
5
12
18
21
18
8
0
-9
-10
-4
5
11
14
11
5
1
1
2
8
12
12
7
2
-3
-8
-11
-9
-2
5
12
17
18
16
10
5
4
5
7
12
15
16
12
8
6
7
10
10
7
2
-4
-12
-13
-10
-2
5
6
6
3
