1
0
1
0
0
0
0
1
1
2
0
0
-1
1
1
1
1
1
0
0
-1
-1
0
-1
1
0
0
0
0
0
0
0
1
0
0
-1
0
0
0
-1
0
0
0
1
0
-1
0
0
0
0
0
0
-1
-1
0
0
-1
1
0
1
0
0
0
0
0
0
1
0
-1
0
-1
0
0
0
0
0
1
-1
-1
0
0
0
1
0
0
0
0
0
0
0
0
0
0
0
0
0
0
-1
0
0
-1
-1
-1
0
0
0
0
0
0
1
0
0
-1
1
0
0
-1
-1
0
0
0
0
-1
0
0
0
-1
1
0
0
0
1
-1
0
0
0
0
0
0
1
0
0
0
0
-1
0
0
0
0
0
0
0
1
0
0
1
-1
0
0
-1
1
0
0
0
0
0
0
0
0
0
0
0
0
0
0
-1
0
0
0
0
0
0
0
-1
0
0
0
-1
0
0
-1
-1
0
0
0
0
0
1
1
-1
0
-1
0
0
0
0
0
0
0
0
1
0
0
0
0
-1
1
0
0
1
0
0
0
0
0
1
1
0
0
0
0
0
-1
0
-1
1
0
1
0
0
1
0
0
1
0
0
0
0
-1
-1
1
0
0
0
-1
0
0
1
0
0
0
0
0
0
-1
1
0
0
-1
0
0
1
1
-1
0
0
0
0
0
0
0
0
0
-1
1
0
0
1
0
0
0
0
0
-1
0
0
0
0
-1
0
0
0
-1
-1
0
0
0
-1
-1
0
-1
1
0
0
0
-1
0
0
0
0
-1
0
0
-1
0
0
0
1
0
0
0
-1
0
0
-1
0
0
1
1
0
0
0
-1
-1
0
0
0
-1
0
1
1
0
1
0
0
1
0
0
1
0
0
0
0
0
0
0
0
0
0
0
-1
1
0
0
0
-1
-1
-1
-1
-1
-1
0
-2
-1
-2
-1
0
-1
-1
-2
-2
-1
-1
-1
0
0
-1
-2
-2
-1
1
0
-3
-3
-2
2
2
-1
-2
-1
0
1
1
1
0
0
0
0
2
3
3
0
-1
1
2
2
2
2
2
2
1
2
2
3
3
3
3
1
1
1
2
4
3
2
1
2
2
2
3
2
2
1
3
2
2
2
2
3
1
1
0
1
1
1
-1
-2
-2
0
0
-1
-3
-3
-3
-2
-1
-1
-2
-1
-1
-2
-4
-6
-4
-1
-3
-6
-7
-6
-3
-1
-3
-4
-4
-4
-5
-5
-4
-2
-1
-1
-2
-3
-3
1
6
8
5
3
5
10
14
15
15
12
11
12
15
19
17
13
12
10
9
9
15
24
25
13
1
8
35
54
38
5
-5
14
34
30
12
0
-4
-3
0
8
25
30
7
-25
-27
1
17
10
-5
-12
-16
-27
-30
-24
-21
-25
-33
-37
-44
-52
-49
-39
-25
-24
-40
-58
-61
-44
-29
-32
-44
-52
-49
-41
-43
-47
-52
-52
-54
-62
-66
-64
-57
-52
-46
-39
-33
-26
-17
-4
10
20
31
38
43
51
56
66
74
82
83
81
86
94
104
109
110
106
100
96
95
96
104
111
114
111
108
115
131
143
146
142
131
122
115
114
118
121
117
105
88
73
64
66
70
59
36
12
8
14
15
5
-8
0
18
-6
-64
-85
-32
16
-49
-174
-213
-142
-125
-243
-334
-256
-127
-131
-249
-342
-344
-289
-207
-139
-147
-295
-576
-801
-741
-426
-172
-237
-521
-735
-732
-542
-305
-139
-101
-165
-239
-267
-205
-30
176
296
271
163
77
72
185
360
467
427
280
150
111
164
262
318
292
209
116
60
73
159
263
309
268
173
94
83
140
232
342
425
406
269
148
198
377
512
501
387
269
210
227
281
325
348
323
246
148
84
90
135
192
234
207
123
39
31
93
161
193
171
113
64
47
65
95
119
122
109
87
50
14
21
77
110
53
-65
-142
-131
-101
-117
-137
-102
-51
-90
-192
-244
-226
-201
-243
-289
-263
-193
-213
-369
-464
-322
-50
-29
-560
-1453
-2031
-1790
-1031
-580
-872
-1549
-2019
-1998
-1575
-1001
-546
-409
-558
-738
-701
-378
97
513
753
796
675
498
462
698
1077
1297
1181
809
443
308
415
583
615
456
201
-22
-126
-87
50
199
263
213
100
21
63
249
511
717
773
714
661
706
853
1007
1080
1037
872
620
370
208
147
123
98
51
-85
-313
-530
-526
-279
-41
-35
-234
-387
-334
-117
144
308
341
285
200
162
206
326
443
478
422
291
141
47
66
159
182
55
-167
-338
-360
-280
-208
-221
-299
-390
-453
-464
-407
-286
-156
-113
-194
-323
-353
-218
2
132
75
-83
-184
-193
-168
-137
-104
-109
-206
-308
-336
-331
-359
-390
-357
-325
-370
-403
-361
-256
-186
-176
-129
-130
-375
-901
-1293
-1140
-677
-406
-577
-1003
-1308
-1323
-1025
-673
-501
-463
-455
-403
-338
-207
87
401
603
645
608
621
703
867
1056
1167
1151
979
770
689
749
830
783
629
457
305
221
222
275
315
304
251
173
128
161
265
330
221
-12
-120
57
343
436
292
136
149
290
436
529
542
490
418
388
429
477
483
410
300
211
119
52
61
134
184
113
-1
-58
-32
34
72
87
61
1
-45
-37
21
58
44
-1
-46
-72
-93
-112
-119
-117
-119
-133
-153
-163
-181
-203
-171
-114
-167
-342
-390
-221
-160
-392
-524
-265
22
-100
-502
-705
-515
-99
197
147
-107
-277
-164
205
553
91
-1784
-4003
-4324
-2084
395
391
-2003
-4292
-4589
-3031
-1070
39
17
-620
-1172
-1252
-670
440
1514
2037
1931
1458
960
815
1316
2227
2858
2650
1659
566
151
577
1244
1388
878
147
-396
-595
-461
-124
180
264
110
-153
-334
-249
130
661
1091
1209
996
735
780
1200
1680
1858
1620
1141
705
480
398
341
316
291
76
-385
-786
-860
-698
-578
-626
-760
-846
-866
-842
-694
-362
2
179
134
33
64
236
461
672
794
750
572
423
416
478
475
351
127
-105
-280
-374
-389
-378
-413
-560
-760
-874
-827
-672
-528
-426
-363
-341
-313
-217
-20
197
302
227
46
-24
108
303
337
231
166
145
31
-180
-343
-371
-253
-81
-43
-252
-558
-702
-507
-9
481
667
352
-693
-2377
-3709
-3292
-1270
376
-2
-2013
-3743
-3924
-2633
-917
126
135
-557
-1193
-1220
-518
623
1605
2002
1740
1129
708
847
1572
2429
2798
2384
1417
561
384
848
1405
1469
971
234
-339
-498
-270
120
342
258
-16
-288
-382
-228
135
562
838
861
681
541
671
1053
1409
1427
1130
848
803
877
828
651
471
301
65
-233
-465
-544
-540
-638
-917
-1176
-1163
-928
-727
-658
-643
-609
-484
-248
12
178
234
287
393
527
623
649
657
675
652
517
291
102
30
15
-46
-180
-348
-520
-665
-754
-763
-725
-694
-702
-720
-692
-599
-470
-330
-195
-105
-83
-98
-118
-89
38
177
173
37
-22
64
156
139
4
-124
-94
36
19
-65
24
111
-108
-283
-7
446
749
880
884
612
-36
-1189
-2756
-3677
-2819
-780
334
-766
-3069
-4567
-4186
-2343
-455
252
-317
-1253
-1624
-1114
60
1333
2055
2040
1667
1346
1292
1671
2444
3156
3232
2542
1541
840
844
1373
1761
1513
711
-150
-648
-670
-350
-58
-66
-335
-671
-850
-801
-506
-26
408
625
567
407
441
801
1316
1630
1589
1308
985
825
900
1031
946
590
198
-59
-255
-498
-733
-863
-911
-984
-1127
-1250
-1250
-1117
-924
-740
-590
-502
-461
-352
-99
224
441
509
547
615
694
732
739
716
620
463
302
190
129
54
-81
-274
-460
-618
-759
-842
-823
-739
-701
-734
-738
-676
-570
-433
-290
-162
-87
-45
5
105
221
255
168
66
110
306
401
230
-44
-183
-181
-161
-106
-18
9
-49
-181
-239
-58
376
795
914
256
-1555
-3720
-4303
-2394
166
773
-1076
-3493
-4508
-3657
-1763
-114
386
-247
-1221
-1606
-1016
230
1464
2129
2091
1591
1064
988
1582
2574
3318
3257
2398
1305
743
1048
1778
2134
1717
809
-33
-450
-383
-43
217
138
-211
-593
-813
-775
-461
-2
352
434
275
123
232
606
1070
1386
1436
1245
953
777
767
803
782
675
521
265
-114
-524
-846
-889
-679
-539
-744
-1153
-1397
-1314
-987
-646
-495
-528
-568
-460
-215
62
271
404
485
530
548
549
571
632
677
575
319
57
-60
-21
29
-89
-400
-744
-919
-875
-758
-734
-831
-947
-972
-893
-761
-656
-579
-466
-334
-241
-177
-53
183
376
394
320
272
236
191
189
237
258
264
284
247
153
93
147
293
371
398
490
570
387
-374
-1700
-2922
-3058
-2001
-944
-1013
-2042
-3153
-3557
-3028
-1901
-906
-636
-935
-1234
-1118
-498
400
1207
1636
1686
1596
1569
1764
2252
2834
3122
2881
2295
1803
1674
1846
1991
1821
1327
719
232
-18
-65
-52
-142
-356
-585
-766
-840
-760
-551
-297
-121
-32
48
197
455
759
1039
1246
1339
1327
1250
1162
1040
823
610
550
556
346
-117
-541
-707
-670
-644
-781
-1022
-1208
-1261
-1199
-1077
-942
-829
-761
-691
-574
-408
-223
-6
250
455
534
558
634
753
825
805
714
589
471
370
264
140
-10
-215
-463
-687
-813
-837
-850
-909
-1004
-1039
-967
-867
-824
-803
-683
-449
-255
-202
-191
-47
210
433
530
428
204
150
391
675
702
494
196
26
106
304
439
451
453
495
569
540
238
-303
-1020
-1912
-2738
-2972
-2406
-1678
-1612
-2318
-3237
-3696
-3381
-2434
-1361
-741
-729
-995
-1018
-488
469
1416
1947
2063
2013
2023
2237
2657
3127
3400
3297
2839
2258
1883
1854
1964
1865
1426
794
186
-277
-502
-503
-466
-588
-857
-1124
-1248
-1145
-850
-500
-218
-34
88
240
526
938
1323
1550
1629
1603
1480
1348
1329
1421
1418
1166
700
178
-194
-322
-355
-569
-1020
-1491
-1744
-1707
-1566
-1503
-1527
-1554
-1494
-1338
-1108
-798
-464
-164
33
169
334
531
802
1090
1252
1213
1025
841
749
731
716
587
330
6
-317
-568
-746
-860
-955
-1080
-1195
-1280
-1311
-1272
-1187
-1047
-867
-750
-725
-670
-449
-110
189
391
472
469
534
723
834
739
626
634
564
313
82
65
161
185
152
90
45
87
264
484
553
484
451
520
367
-728
-2756
-4342
-3963
-1806
0
-356
-2553
-4635
-4888
-3275
-1085
221
54
-921
-1632
-1397
-248
1215
2296
2578
2221
1741
1566
1921
2738
3606
3953
3451
2387
1476
1269
1734
2219
2119
1350
297
-503
-761
-549
-236
-223
-592
-1087
-1403
-1374
-1040
-549
-105
127
151
96
183
569
1138
1603
1752
1587
1273
1028
995
1128
1222
1109
727
189
-233
-438
-502
-557
-699
-970
-1340
-1634
-1702
-1554
-1328
-1174
-1092
-1024
-944
-796
-558
-252
63
292
400
455
551
706
868
985
996
855
640
484
445
449
352
126
-175
-475
-711
-880
-953
-965
-985
-1048
-1116
-1101
-1038
-981
-906
-772
-639
-549
-384
-112
112
233
298
345
402
497
566
523
450
382
308
359
455
354
99
20
232
503
606
500
392
490
559
432
458
628
374
-659
-2213
-3503
-3722
-2594
-1082
-744
-1938
-3596
-4351
-3725
-2264
-823
-202
-523
-1103
-1203
-544
591
1745
2467
2517
2210
1963
2065
2610
3338
3788
3574
2806
1978
1505
1533
1816
1888
1427
556
-277
-761
-869
-727
-576
-666
-990
-1307
-1415
-1255
-882
-408
-7
184
221
259
473
903
1354
1609
1626
1538
1403
1247
1170
1190
1197
1026
639
173
-274
-639
-905
-1074
-1181
-1340
-1567
-1775
-1901
-1870
-1677
-1384
-1118
-988
-940
-815
-512
-103
239
460
628
789
925
991
1013
1016
989
919
788
616
434
250
92
-75
-315
-611
-847
-953
-948
-931
-971
-1026
-1011
-909
-786
-690
-611
-517
-353
-103
163
346
409
423
489
620
761
856
853
664
369
266
553
984
917
194
-548
-569
195
977
1147
772
207
-240
-371
-7
323
-499
-2399
-4057
-4200
-2862
-1415
-1059
-2073
-3545
-4200
-3665
-2251
-788
-9
-48
-582
-822
-340
682
1848
2618
2816
2552
2162
2077
2423
3093
3619
3473
2666
1699
1159
1177
1400
1429
1028
270
-500
-995
-1106
-929
-729
-716
-931
-1202
-1292
-1125
-713
-193
239
457
486
565
854
1284
1664
1832
1780
1546
1280
1160
1155
1102
920
621
232
-195
-583
-885
-1088
-1179
-1249
-1404
-1621
-1799
-1822
-1662
-1388
-1090
-875
-763
-652
-451
-126
202
456
649
785
900
980
1012
1008
964
870
693
481
310
145
-26
-193
-353
-539
-795
-1023
-1122
-1106
-1063
-1050
-1046
-1014
-906
-715
-500
-318
-180
-61
112
372
604
690
704
779
920
969
846
708
621
504
369
317
233
-2
-205
-245
-166
-137
-234
-160
157
354
242
94
232
444
316
-469
-1788
-2784
-2746
-1886
-1105
-1065
-1741
-2724
-3335
-3063
-2005
-866
-359
-512
-916
-1049
-584
326
1244
1773
1902
1782
1592
1652
2072
2681
3082
2980
2441
1748
1345
1389
1595
1620
1289
714
87
-415
-572
-467
-362
-439
-699
-973
-1127
-1039
-712
-327
-33
61
17
57
317
723
1072
1281
1322
1105
785
687
907
1146
1050
648
168
-171
-288
-337
-457
-697
-1012
-1267
-1389
-1349
-1252
-1228
-1209
-1132
-1005
-887
-746
-483
-186
42
191
282
406
572
746
868
874
802
693
598
553
508
395
207
4
-165
-326
-503
-656
-745
-769
-753
-730
-723
-766
-811
-736
-520
-294
-188
-172
-91
91
277
417
573
724
745
616
479
445
504
552
536
545
514
178
-240
-125
465
735
381
-36
-240
-307
-30
619
1057
569
-974
-2774
-3642
-2846
-1163
-311
-975
-2534
-3797
-3930
-2908
-1323
-288
-307
-906
-1443
-1309
-410
879
1892
2113
1841
1478
1334
1703
2472
3227
3389
2828
2001
1355
1231
1565
1893
1809
1167
268
-459
-733
-548
-293
-321
-633
-1011
-1244
-1233
-957
-517
-148
16
7
-48
59
437
944
1317
1371
1178
962
887
1008
1162
1163
941
498
11
-306
-362
-326
-467
-755
-1038
-1269
-1399
-1417
-1315
-1186
-1126
-1072
-994
-850
-628
-382
-119
86
219
315
415
604
795
883
857
750
628
493
388
345
279
113
-145
-383
-523
-605
-671
-748
-815
-839
-829
-783
-698
-620
-542
-415
-246
-89
-3
76
189
327
481
588
702
843
838
652
455
455
616
668
501
170
-121
-181
-78
74
140
37
-122
-223
-146
110
345
496
460
-163
-1568
-3097
-3459
-2275
-779
-414
-1489
-3090
-3961
-3520
-2065
-611
-72
-432
-1087
-1355
-852
252
1444
2100
2053
1699
1455
1605
2129
2788
3258
3181
2568
1786
1300
1359
1674
1798
1470
728
-61
-546
-570
-330
-226
-399
-746
-1056
-1159
-1016
-660
-273
-7
115
130
178
371
700
1024
1221
1319
1284
1122
966
896
870
760
521
240
-15
-210
-400
-622
-803
-963
-1116
-1238
-1303
-1284
-1253
-1202
-1079
-914
-749
-630
-472
-236
0
184
312
445
599
733
806
789
715
609
490
398
323
208
33
-143
-297
-444
-615
-799
-882
-850
-775
-742
-763
-762
-719
-605
-462
-311
-124
29
126
198
317
476
601
718
796
756
629
517
508
563
607
565
364
38
-244
-268
130
684
733
159
-436
-564
-176
390
547
-416
-2507
-4233
-3989
-2122
-622
-854
-2413
-3946
-4332
-3371
-1761
-549
-259
-610
-1056
-1032
-354
745
1815
2359
2374
2044
1720
1812
2341
3113
3571
3293
2440
1531
1207
1444
1738
1699
1168
368
-382
-765
-688
-474
-364
-481
-756
-979
-1050
-857
-442
37
395
489
451
529
829
1264
1600
1672
1512
1336
1285
1224
1098
960
749
421
62
-194
-359
-554
-788
-994
-1150
-1301
-1438
-1486
-1417
-1261
-1105
-980
-852
-693
-515
-307
-33
242
439
541
622
721
789
832
843
789
639
423
237
108
-6
-144
-324
-531
-773
-1019
-1167
-1146
-1020
-939
-943
-960
-927
-798
-576
-312
-110
-19
21
110
291
485
615
688
692
643
583
554
523
381
191
61
57
58
-138
-416
-500
-327
-239
-441
-522
-260
76
191
52
41
203
110
-503
-1583
-2379
-2227
-1464
-899
-1162
-1986
-2732
-2979
-2482
-1659
-1036
-836
-966
-1025
-865
-377
352
959
1343
1508
1581
1678
1875
2271
2690
2907
2814
2450
2039
1787
1794
1913
1844
1467
896
362
43
-64
-91
-151
-299
-510
-696
-779
-684
-452
-206
-35
17
62
267
626
903
954
981
1085
1137
1050
918
894
878
752
536
311
139
-35
-194
-331
-515
-755
-986
-1080
-1012
-929
-953
-1025
-1016
-891
-745
-614
-465
-330
-211
-74
131
351
425
414
410
424
416
333
257
203
148
54
-124
-315
-474
-577
-630
-672
-709
-772
-838
-835
-758
-670
-649
-636
-525
-344
-223
-192
-139
24
234
393
451
402
370
487
659
700
516
205
24
45
149
125
-98
-328
-362
3
508
487
-86
-624
-462
359
915
658
-425
-1948
-3050
-2931
-1603
-477
-709
-1945
-3212
-3600
-3001
-1849
-799
-534
-842
-1192
-1176
-591
326
1304
1874
1875
1625
1431
1616
2175
2858
3297
3151
2523
1792
1438
1615
1948
1992
1553
822
110
-314
-335
-133
-38
-231
-590
-896
-979
-797
-435
-65
113
110
79
190
539
926
1153
1180
1103
1073
1080
1075
1026
922
779
554
271
0
-191
-318
-459
-598
-771
-992
-1163
-1226
-1169
-1064
-999
-985
-947
-817
-632
-435
-248
-104
29
136
230
346
448
521
528
470
371
251
166
99
31
-74
-252
-441
-599
-707
-760
-805
-833
-840
-809
-730
-652
-602
-574
-492
-294
-66
71
69
51
151
336
532
671
693
621
491
395
384
471
593
510
153
-195
-163
149
228
-30
-318
-381
-211
-8
116
180
290
551
757
387
-826
-2294
-2893
-2109
-773
-320
-1155
-2495
-3396
-3317
-2387
-1218
-558
-704
-1179
-1382
-1039
-255
652
1347
1571
1461
1316
1326
1664
2281
2903
3119
2707
1977
1440
1400
1724
1971
1807
1203
439
-120
-296
-158
-43
-175
-482
-790
-953
-941
-754
-438
-163
-52
-54
-46
101
441
866
1122
1123
1003
891
858
902
968
940
742
435
151
-51
-166
-249
-364
-512
-725
-949
-1082
-1090
-974
-860
-837
-864
-871
-782
-613
-385
-164
-30
61
145
267
416
530
582
560
499
419
318
246
185
105
-26
-212
-395
-571
-689
-710
-680
-673
-731
-800
-785
-679
-540
-403
-272
-165
-109
-58
55
230
424
536
515
487
507
553
576
543
506
440
234
-4
4
250
351
93
-262
-350
-114
164
238
114
-116
-278
-197
45
34
-643
-1860
-2731
-2438
-1389
-773
-1170
-2103
-2814
-2894
-2286
-1360
-710
-640
-866
-941
-694
-127
605
1213
1525
1587
1583
1581
1687
2018
2485
2771
2591
2069
1568
1374
1475
1592
1486
1101
547
30
-246
-250
-155
-148
-296
-523
-720
-772
-625
-373
-246
-320
-252
191
665
704
450
439
704
967
1103
1087
974
762
534
385
345
388
308
83
-160
-396
-627
-789
-731
-581
-610
-829
-1042
-1054
-896
-669
-448
-341
-338
-366
-328
-173
64
285
374
379
347
282
216
203
257
259
143
-26
-182
-296
-393
-455
-486
-545
-624
-703
-702
-604
-511
-478
-486
-454
-359
-204
-11
126
170
141
123
222
443
684
773
650
432
266
235
381
609
618
277
-158
-245
13
260
299
111
-72
-179
-238
-229
-200
-151
-381
-1044
-1881
-2417
-2162
-1470
-1079
-1343
-2039
-2513
-2483
-1932
-1152
-630
-510
-662
-708
-454
60
723
1264
1531
1545
1491
1530
1702
2010
2326
2471
2317
1920
1516
1287
1303
1383
1303
955
435
4
-204
-199
-128
-152
-298
-519
-677
-683
-529
-259
-43
31
31
105
305
487
571
632
754
897
916
785
634
564
574
534
396
251
101
-72
-278
-437
-510
-582
-634
-672
-735
-828
-913
-875
-726
-556
-449
-437
-413
-321
-179
-27
105
220
281
291
299
305
304
258
192
129
45
-56
-158
-244
-331
-432
-541
-626
-666
-697
-711
-651
-527
-440
-437
-442
-366
-188
14
132
152
163
291
505
628
559
386
236
154
221
493
771
714
292
-151
-294
-131
152
389
496
398
40
-427
-599
-333
-13
-67
-566
-1356
-2161
-2449
-1914
-1155
-1011
-1594
-2267
-2479
-2199
-1573
-939
-611
-571
-604
-506
-234
244
880
1386
1594
1548
1460
1523
1727
2020
2274
2331
2118
1710
1370
1264
1308
1298
1085
727
340
15
-161
-197
-173
-184
-285
-431
-547
-570
-453
-252
-34
164
291
328
290
295
459
729
966
1016
870
637
432
389
525
699
736
502
69
-300
-416
-324
-210
-217
-393
-668
-889
-908
-730
-505
-389
-430
-531
-577
-500
-305
-76
119
205
169
94
77
149
239
267
223
120
-21
-129
-154
-112
-114
-226
-410
-587
-680
-663
-574
-475
-445
-515
-609
-606
-432
-194
-37
12
-6
-4
62
128
164
159
173
264
433
652
638
355
124
88
20
-116
-65
183
321
183
-64
-224
-237
-211
-339
-749
-1428
-2149
-2408
-1966
-1200
-965
-1618
-2485
-2825
-2428
-1628
-929
-616
-695
-801
-657
-267
299
860
1274
1429
1395
1431
1584
1834
2130
2364
2433
2210
1808
1486
1409
1507
1520
1298
870
415
115
3
18
47
-39
-238
-437
-523
-483
-385
-243
-20
227
355
299
172
208
514
951
1212
1112
732
372
398
817
1220
1201
754
239
-29
-2
135
146
-36
-343
-628
-791
-815
-728
-626
-568
-574
-656
-752
-761
-579
-270
-27
40
-33
-95
-35
139
319
363
258
104
1
-22
-9
-22
-93
-196
-301
-417
-533
-605
-595
-551
-564
-637
-698
-658
-499
-315
-230
-274
-344
-306
-134
64
131
61
1
89
287
431
433
276
37
-105
-53
101
139
-43
-180
-98
28
-47
-297
-476
-500
-511
-731
-1333
-2084
-2394
-1980
-1322
-1175
-1633
-2240
-2529
-2263
-1573
-834
-457
-547
-736
-668
-209
478
1073
1386
1415
1391
1494
1706
1979
2227
2375
2360
2146
1834
1584
1504
1540
1517
1319
966
559
240
86
86
116
36
-135
-298
-388
-373
-253
-56
133
193
139
114
254
542
795
932
926
771
636
700
944
1134
1092
844
527
338
307
289
199
13
-216
-422
-575
-643
-677
-704
-714
-716
-733
-777
-767
-653
-488
-350
-296
-295
-262
-158
2
160
234
197
96
27
21
37
11
-80
-190
-273
-343
-409
-471
-532
-581
-628
-697
-749
-730
-615
-498
-473
-521
-552
-492
-371
-254
-178
-123
-32
39
54
113
266
407
426
343
125
-129
-100
251
485
334
-34
-299
-314
-132
95
55
-440
-1260
-2015
-2231
-1813
-1193
-1013
-1498
-2160
-2514
-2377
-1773
-1058
-656
-708
-882
-778
-398
120
659
1108
1384
1442
1412
1460
1693
2112
2478
2541
2284
1891
1607
1541
1623
1687
1553
1179
717
350
184
183
220
160
-41
-283
-447
-482
-380
-186
18
92
18
-37
46
268
586
879
961
776
533
532
840
1190
1253
1012
694
475
385
369
346
247
33
-249
-489
-611
-657
-686
-690
-681
-724
-832
-928
-874
-671
-474
-377
-373
-399
-363
-215
11
198
231
126
-3
-41
17
96
128
76
-41
-193
-340
-404
-388
-374
-403
-468
-559
-639
-642
-560
-485
-508
-584
-621
-563
-428
-308
-266
-241
-123
93
282
288
106
-88
-37
244
435
290
-58
-248
-198
-163
-243
-302
-227
-67
27
-11
-188
-508
-939
-1356
-1488
-1230
-879
-807
-1118
-1512
-1678
-1600
-1306
-909
-606
-491
-533
-532
-368
-67
351
716
914
950
946
1062
1263
1519
1779
1879
1787
1566
1365
1327
1405
1499
1457
1206
886
627
502
475
465
441
308
73
-144
-264
-216
-47
104
122
-16
-157
-159
-26
193
422
600
674
625
553
529
614
782
886
856
697
489
329
256
264
250
107
-126
-359
-502
-532
-498
-446
-456
-537
-636
-694
-651
-532
-416
-352
-345
-345
-333
-310
-235
-145
-91
-77
-91
-84
-56
-3
49
47
-34
-187
-315
-337
-290
-255
-300
-402
-507
-590
-640
-629
-575
-541
-588
-658
-631
-491
-290
-115
-85
-194
-290
-211
-11
84
40
-77
-165
-145
-71
-9
-13
-54
-22
33
81
75
10
-7
107
264
264
-76
-743
-1422
-1562
-1023
-442
-439
-941
-1486
-1753
-1626
-1160
-592
-292
-344
-526
-647
-525
-123
420
883
1067
981
766
690
966
1452
1850
1924
1673
1329
1113
1143
1363
1547
1500
1181
775
513
443
477
505
453
307
63
-250
-483
-432
-102
181
172
4
-114
-75
144
500
818
899
759
598
596
742
869
876
779
624
452
286
170
147
130
13
-192
-402
-555
-636
-621
-532
-498
-591
-746
-818
-742
-591
-452
-377
-367
-367
-334
-248
-117
-1
47
20
-15
-21
-25
-34
-12
26
6
-127
-304
-440
-500
-493
-445
-408
-465
-657
-875
-948
-814
-591
-440
-413
-469
-520
-449
-240
-48
-15
-118
-180
-117
-21
4
-10
16
7
-126
-249
-224
-95
-24
-92
-185
-162
-60
1
-28
-66
-95
-113
-57
23
-117
-591
-1058
-1018
-521
-144
-262
-703
-1045
-1029
-690
-213
126
145
-66
-269
-201
170
606
823
751
604
575
636
735
856
983
1042
966
800
658
668
828
952
881
674
489
411
441
546
611
520
340
236
269
369
426
427
419
443
496
518
501
494
561
659
700
656
535
403
338
359
398
333
155
-8
-54
-23
-30
-112
-234
-327
-368
-359
-324
-308
-333
-377
-390
-366
-335
-319
-313
-281
-235
-225
-261
-289
-260
-207
-183
-197
-233
-284
-332
-339
-301
-290
-342
-427
-502
-551
-591
-609
-583
-551
-559
-610
-647
-641
-595
-525
-455
-418
-397
-337
-240
-217
-325
-422
-353
-155
-27
-91
-247
-343
-331
-215
-77
-10
-67
-200
-267
-178
-1
74
-3
-88
-93
-46
-36
-58
-58
25
148
155
68
-1
51
126
85
0
-39
-14
0
-4
45
95
47
-110
-186
-23
246
384
313
175
100
115
225
418
608
640
515
408
429
553
665
705
698
658
602
536
527
585
615
586
514
458
437
445
479
512
518
457
374
338
361
395
389
360
334
317
304
287
273
257
232
198
155
111
65
34
23
11
-35
-111
-179
-209
-197
-194
-228
-282
-324
-350
-360
-357
-347
-352
-377
-402
-402
-379
-367
-366
-362
-358
-354
-377
-427
-458
-441
-394
-371
-407
-491
-557
-539
-470
-447
-490
-563
-597
-558
-453
-345
-333
-383
-417
-413
-411
-417
-368
-282
-238
-297
-391
-374
-237
-96
-79
-154
-224
-207
-80
82
158
81
-36
-57
35
127
109
13
-34
22
134
211
211
139
60
56
125
204
234
230
242
286
330
323
262
239
328
475
546
443
214
36
47
213
319
239
46
-63
25
210
334
320
255
243
309
402
460
480
473
462
462
471
473
459
441
431
427
420
398
374
353
348
356
344
297
235
194
187
188
176
146
95
45
13
3
-7
-7
-3
-6
-24
-52
-69
-71
-57
-55
-79
-116
-158
-194
-222
-244
-266
-287
-310
-329
-348
-367
-380
-382
-366
-361
-389
-422
-410
-368
-367
-418
-461
-448
-409
-405
-437
-460
-441
-408
-412
-462
-504
-485
-431
-366
-302
-269
-299
-369
-361
-226
-83
-93
-251
-333
-230
-52
18
-42
-95
-79
-30
0
57
148
177
110
51
118
236
257
187
135
181
253
314
322
298
256
186
183
241
322
326
235
143
93
122
192
270
310
264
182
141
211
290
264
165
114
203
326
350
243
119
72
76
121
194
257
235
110
-23
-85
-55
18
69
91
76
27
-44
-87
-58
26
103
125
90
34
7
42
121
168
139
77
45
70
116
146
137
103
72
42
20
13
28
45
27
-22
-89
-141
-150
-112
-53
-26
-50
-104
-130
-101
-44
8
11
-31
-84
-121
-130
-117
-97
-94
-114
-141
-150
-139
-112
-72
-40
-36
-59
-96
-116
-116
-102
-93
-106
-136
-183
-213
-197
-149
-108
-117
-174
-221
-197
-105
-38
-71
-161
-206
-149
-55
-32
-114
-228
-239
-137
-23
-29
-162
-301
-324
-172
31
109
9
-167
-247
-164
21
150
99
-59
-174
-157
-31
93
140
99
48
28
22
30
46
75
102
118
101
82
132
216
272
280
282
313
367
431
465
448
393
321
273
268
273
242
179
131
96
56
-5
-30
20
92
97
1
-111
-155
-103
6
64
0
-144
-253
-228
-90
25
12
-107
-204
-180
-49
76
90
-2
-107
-125
-47
56
108
78
14
-26
-18
16
39
50
47
44
27
-3
-17
-11
12
31
35
27
15
21
38
52
50
29
10
11
25
26
10
1
6
2
-23
-50
-64
-59
-52
-67
-102
-139
-150
-143
-140
-137
-132
-120
-102
-76
-44
-23
-12
-10
-28
-57
-75
-61
-30
-17
-43
-91
-103
-68
-21
-21
-65
-94
-82
-53
-51
-70
-70
-29
4
-29
-116
-175
-151
-50
60
88
1
-124
-153
-53
81
136
100
34
-13
-36
-32
16
99
142
71
-78
-186
-159
-29
120
207
187
85
-18
-10
111
219
211
94
-24
-61
-20
57
114
127
58
-65
-137
-82
63
179
207
143
38
-28
-11
73
134
112
15
-83
-95
-24
64
91
53
-20
-69
-38
64
168
190
131
43
-10
-3
38
64
36
-29
-80
-95
-76
-43
-12
14
30
20
-14
-49
-35
22
75
78
25
-34
-61
-44
-14
-6
-28
-56
-50
-6
55
89
83
53
41
57
68
59
41
30
26
6
-36
-82
-91
-51
-9
-10
-35
-38
-1
44
55
26
-21
-40
-15
24
40
13
-39
-75
-73
-45
-26
-45
-80
-89
-60
-24
-18
-41
-77
-105
-102
-79
-69
-97
-140
-160
-138
-91
-63
-84
-126
-144
-119
-78
-47
-33
-35
-48
-66
-64
-40
-15
-10
-25
-41
-48
-41
-26
-16
4
40
78
88
77
79
109
149
163
155
144
150
172
192
205
191
147
92
63
82
116
118
78
31
9
8
19
40
61
55
24
11
38
84
89
39
-22
-54
-57
-52
-45
-44
-63
-112
-171
-197
-167
-106
-61
-49
-62
-94
-127
-135
-106
-57
-23
-11
-20
-39
-54
-48
-9
42
75
65
33
25
63
130
171
171
145
113
91
87
100
108
97
64
27
16
28
50
49
29
1
-17
-8
21
49
57
39
3
-28
-41
-34
-15
-3
-14
-45
-80
-98
-88
-71
-66
-79
-92
-95
-85
-75
-70
-62
-50
-39
-39
-51
-67
-74
-78
-84
-88
-84
-74
-64
-56
-41
-25
-10
1
13
25
25
15
15
30
47
47
22
-9
-28
-12
23
49
54
31
-2
-22
-17
-7
-10
-16
-3
37
84
103
89
58
49
73
92
83
41
-9
-44
-60
-57
-48
-42
-35
-28
-18
-7
0
-3
-9
-10
-11
-25
-42
-29
1
17
-1
-34
-48
-36
-10
15
32
39
39
34
32
33
38
46
50
56
59
47
30
21
30
38
28
18
30
61
78
62
35
26
45
70
84
77
53
30
22
31
56
76
68
38
8
0
18
45
64
54
12
-25
-32
-7
26
34
10
-36
-71
-69
-46
-30
-40
-70
-95
-93
-64
-27
-7
-12
-37
-67
-79
-75
-67
-67
-73
-80
-78
-78
-90
-105
-105
-84
-57
-48
-61
-74
-68
-45
-18
-8
-20
-34
-38
-22
-7
-9
-23
-39
-41
-34
-23
-15
-9
-6
-4
-3
5
16
26
33
37
34
26
17
16
14
-2
-23
-29
-16
5
10
0
-14
-16
-3
7
2
-16
-29
-15
17
41
42
25
12
9
20
36
48
43
24
4
-2
2
15
35
57
74
81
78
81
97
119
140
155
165
171
168
162
160
165
163
145
122
107
107
114
129
134
120
87
46
24
26
37
24
-12
-57
-86
-90
-87
-95
-115
-136
-148
-155
-161
-171
-179
-182
-177
-166
-157
-152
-151
-158
-166
-164
-146
-122
-98
-87
-93
-101
-99
-78
-50
-31
-26
-27
-21
-16
-13
-10
-4
5
12
13
10
10
17
30
48
67
77
78
74
72
73
79
87
96
102
101
92
74
55
47
54
70
83
84
80
76
69
61
56
48
32
14
1
-3
0
5
13
13
5
-6
-14
-15
-8
-1
-4
-20
-37
-48
-52
-49
-42
-31
-25
-29
-35
-41
-41
-35
-32
-37
-47
-60
-65
-58
-51
-50
-55
-61
-57
-38
-17
-6
-9
-15
-16
-10
6
22
28
21
12
7
9
20
28
23
8
-5
-9
-3
6
15
19
16
8
2
-4
-7
-6
-1
2
0
-2
2
13
29
39
43
41
38
34
30
33
48
72
86
90
87
82
85
91
97
99
90
73
47
19
-5
-19
-30
-53
-89
-125
-154
-166
-164
-162
-164
-173
-181
-183
-172
-158
-149
-156
-163
-158
-135
-100
-70
-50
-41
-32
-13
14
44
70
94
121
153
187
214
230
240
247
255
256
252
251
245
232
210
187
169
158
144
132
116
93
70
41
17
-2
-15
-25
-31
-39
-53
-77
-107
-131
-146
-149
-146
-139
-133
-132
-134
-139
-148
-160
-170
-170
-156
-141
-133
-133
-134
-127
-116
-112
-111
-115
-116
-107
-91
-75
-67
-68
-71
-65
-53
-41
-33
-28
-18
-10
-6
-4
3
12
22
28
37
46
60
72
80
79
73
70
76
91
107
116
114
107
99
97
99
104
109
116
127
133
131
123
118
116
117
115
112
112
110
109
101
92
83
70
58
47
42
38
34
23
6
-14
-31
-43
-48
-49
-49
-49
-54
-61
-72
-81
-82
-79
-75
-79
-83
-89
-95
-99
-106
-111
-115
-117
-115
-110
-105
-103
-103
-101
-96
-89
-80
-65
-52
-45
-48
-58
-63
-57
-44
-25
-7
7
14
16
18
18
24
31
39
43
41
33
24
23
34
46
55
58
54
49
39
34
32
37
45
49
46
39
34
32
28
22
21
27
37
46
48
47
40
31
20
13
7
5
7
12
20
28
26
17
9
3
-3
-12
-24
-31
-27
-16
-3
4
3
-2
-9
-13
-12
-10
-9
-12
-18
-28
-40
-48
-50
-42
-33
-24
-22
-28
-33
-33
-28
-24
-21
-22
-24
-25
-28
-27
-24
-19
-19
-17
-6
10
26
30
25
15
9
13
25
38
43
40
35
35
42
49
51
45
37
30
27
29
36
46
55
59
56
52
47
44
42
41
36
31
28
29
33
37
34
25
14
2
-8
-15
-21
-24
-26
-27
-28
-30
-33
-36
-37
-36
-35
-36
-37
-37
-34
-33
-33
-41
-52
-63
-66
-63
-58
-55
-52
-49
-44
-40
-40
-41
-45
-51
-51
-46
-37
-26
-21
-17
-15
-15
-15
-14
-14
-14
-13
-12
-8
-4
-2
-1
1
4
8
9
7
2
-2
-6
-8
-6
3
14
22
27
29
31
30
28
29
28
26
26
29
39
48
49
46
36
30
30
33
40
43
38
31
26
26
32
37
42
44
39
30
24
23
31
39
38
28
16
11
12
15
18
20
17
10
3
0
-6
-14
-17
-16
-12
-8
-7
-10
-12
-13
-14
-12
-8
-2
2
2
-2
-12
-21
-27
-26
-22
-21
-24
-31
-36
-37
-37
-36
-36
-38
-36
-33
-27
-20
-17
-17
-19
-22
-23
-23
-26
-28
-30
-34
-37
-39
-42
-41
-38
-34
-25
-14
-8
-9
-14
-19
-22
-20
-17
-14
-9
-3
2
7
11
18
20
20
15
12
13
15
17
18
21
21
21
25
29
30
31
27
20
13
8
6
6
6
8
14
22
31
42
54
65
73
73
67
63
62
64
67
67
70
67
62
59
55
50
47
44
37
27
15
7
2
-6
-16
-26
-34
-36
-33
-31
-33
-39
-47
-55
-60
-61
-60
-59
-59
-54
-43
-38
-36
-43
-52
-59
-59
-54
-48
-44
-42
-41
-41
-42
-41
-36
-29
-23
-17
-16
-19
-24
-26
-28
-29
-25
-17
-8
-7
-9
-13
-15
-16
-13
-10
-5
5
17
27
34
36
31
28
26
27
34
35
29
25
22
23
23
20
17
14
13
15
19
21
21
21
19
19
18
15
12
8
2
-3
-6
-11
-12
-10
-7
-8
-11
-15
-19
-20
-17
-14
-9
-7
-3
2
6
9
11
17
25
29
31
27
21
17
16
18
19
19
17
18
19
23
24
23
19
15
13
15
20
22
20
13
6
3
4
8
13
21
27
28
30
31
33
29
18
6
-4
-4
2
12
17
16
7
-11
-26
-33
-29
-20
-14
-13
-18
-26
-32
-32
-30
-28
-30
-37
-40
-35
-28
-25
-29
-34
-37
-39
-39
-35
-28
-24
-27
-33
-41
-44
-45
-40
-32
-27
-25
-25
-28
-32
-35
-34
-32
-30
-26
-20
-18
-17
-21
-27
-37
-42
-36
-21
-8
3
8
10
7
4
2
1
4
14
27
37
42
44
44
49
57
66
73
73
70
68
69
74
80
82
80
72
63
56
55
57
59
56
50
42
39
37
36
40
41
39
33
28
23
20
17
13
5
-2
-6
-5
-3
-4
-5
-9
-18
-27
-28
-26
-23
-21
-24
-29
-32
-34
-34
-32
-33
-34
-34
-34
-33
-31
-34
-42
-53
-57
-56
-50
-46
-44
-44
-44
-44
-47
-50
-48
-43
-39
-36
-34
-32
-34
-42
-50
-56
-56
-51
-44
-35
-28
-22
-17
-17
-14
-10
-4
0
2
3
7
10
11
12
10
10
10
11
17
25
31
36
38
38
39
38
35
33
31
32
36
40
43
47
48
47
48
48
47
45
39
31
24
19
16
15
17
22
27
29
30
30
30
27
21
13
8
4
3
7
11
10
3
0
-2
-1
-2
-7
-14
-21
-27
-31
-30
-30
-29
-28
-30
-28
-23
-20
-16
-9
-4
-1
-2
-6
-8
-6
-3
-2
-2
-1
0
2
1
1
0
-3
-8
-13
-14
-13
-10
-6
-8
-9
-6
-2
4
6
4
-1
-8
-13
-12
-8
-1
2
3
4
4
4
3
0
-4
-6
-8
-7
-6
-6
-8
-14
-18
-19
-15
-8
-4
-4
-8
-11
-11
-9
-5
-3
-2
0
2
2
6
8
8
3
0
-1
2
3
2
-4
-11
-17
-20
-20
-18
-14
-15
-19
-21
-22
-21
-18
-16
-9
-2
4
8
10
10
5
3
6
11
16
20
22
20
14
5
0
3
9
13
16
17
18
19
18
21
26
28
25
26
28
33
37
40
41
38
30
26
29
39
48
50
39
27
17
17
21
26
29
24
16
9
4
2
-1
-3
-8
-13
-12
-10
-11
-20
-33
-46
-50
-44
-31
-17
-10
-11
-22
-35
-42
-42
-40
-35
-32
-31
-29
-28
-32
-38
-44
-47
-47
-41
-30
-24
-21
-22
-27
-29
-29
-30
-27
-22
