-1
0
0
0
1
0
0
0
0
0
0
0
0
0
0
1
1
-1
0
0
0
0
0
0
0
0
0
0
0
-1
0
-1
-1
0
0
-1
0
0
0
0
-1
0
0
0
0
-1
0
-1
-1
0
0
0
0
-1
0
0
-1
0
0
0
1
0
1
0
0
1
0
1
0
0
0
0
0
1
0
1
0
1
1
0
0
0
0
0
0
0
0
0
0
0
0
0
-1
0
-1
0
-1
-1
-1
0
0
0
0
0
0
0
0
0
0
0
-1
0
0
0
0
0
0
0
0
0
1
1
1
-1
0
1
0
0
0
0
1
-1
-1
0
0
0
0
0
1
0
-1
0
0
0
0
0
0
0
-1
-1
0
0
0
0
1
0
0
0
0
0
-1
1
0
0
0
0
0
1
0
0
0
0
1
0
0
-1
0
0
1
1
1
0
0
1
1
0
0
1
0
0
1
1
1
0
0
0
1
0
1
0
-1
0
0
0
0
0
0
0
0
0
0
0
-1
0
0
-1
0
0
0
-1
1
-1
-1
0
0
-1
0
0
0
0
1
0
0
0
-1
-1
-1
0
0
0
0
0
0
0
0
0
1
0
0
0
0
-1
0
-1
0
0
0
0
1
0
0
0
0
0
1
0
0
0
0
0
0
1
0
1
1
0
0
0
0
1
-1
0
0
0
1
0
-1
-1
0
0
0
1
0
1
0
0
0
-1
0
0
0
0
1
0
0
-1
0
0
0
0
1
1
0
-1
0
0
0
-1
-1
-1
0
0
0
0
0
0
0
0
0
0
-1
0
-1
0
0
1
1
0
1
0
0
0
1
1
0
0
0
0
1
0
0
1
0
1
-1
0
0
0
0
0
0
1
1
0
0
-1
-1
0
-1
0
1
0
0
0
-1
-1
-1
-1
0
-1
0
0
0
0
0
0
-1
-1
0
0
0
0
-1
0
0
0
1
1
1
0
0
0
0
0
1
1
0
-1
0
0
0
0
1
0
0
0
0
0
0
-1
-1
0
0
0
1
0
0
0
0
0
1
0
0
-1
0
-1
0
0
-1
-1
0
0
0
0
0
-1
-1
0
0
0
0
1
0
0
-1
0
0
0
0
0
0
-1
0
1
0
0
0
1
0
0
0
1
0
0
0
0
1
1
1
0
1
1
0
0
-1
-1
0
0
0
0
-1
0
0
0
0
0
0
0
0
1
0
1
0
1
0
0
0
0
-1
0
0
0
1
1
1
1
0
0
0
0
-1
0
-1
-1
0
-1
0
-1
0
0
0
0
0
0
0
-1
-1
0
-1
-1
-1
0
0
0
0
1
0
1
0
0
0
0
0
0
0
0
-1
1
-1
0
0
0
0
0
0
0
0
1
1
1
0
0
0
0
-1
0
0
1
1
1
0
0
1
0
0
-1
0
0
0
0
1
1
0
0
0
0
1
1
0
0
0
0
0
0
-1
-1
-1
-1
0
0
0
-1
0
-1
0
1
0
-1
-1
-1
-1
-1
0
1
0
0
0
0
0
0
1
-1
0
0
0
-1
0
1
-1
0
0
0
0
-1
-1
0
0
0
1
2
1
1
0
0
0
0
0
0
-1
0
-1
0
1
0
0
1
1
1
0
1
0
0
1
0
-1
0
-1
0
1
0
1
0
1
1
1
0
0
0
-1
-1
0
0
-1
0
0
0
0
0
-1
0
-1
0
1
0
1
0
-1
0
0
1
0
0
0
0
0
0
-1
0
-1
-1
-1
-1
-1
-1
-1
-1
0
0
1
0
0
-1
0
-1
-1
0
0
1
1
0
0
0
1
1
0
0
0
0
-1
-1
0
0
1
0
0
0
1
0
0
0
0
0
-1
0
1
1
1
1
1
1
0
1
0
0
0
0
1
1
1
0
-1
0
-1
-1
0
-1
0
0
0
1
1
0
0
-1
0
-1
0
0
1
1
1
1
1
0
0
1
0
0
0
-1
0
-1
0
0
-1
-2
-2
-1
0
0
1
0
0
-1
-1
-1
-1
0
0
0
1
0
0
0
-1
-2
-1
-1
0
1
1
0
-1
0
-1
-2
-1
0
0
1
2
3
3
1
-1
-2
-1
-1
0
2
3
4
3
0
0
-2
-1
-1
-1
1
3
3
2
-1
-2
-2
-2
0
0
2
2
2
1
0
0
-2
-2
-3
-3
-1
0
1
0
-1
-3
-6
-6
-6
-5
-3
-1
2
2
4
2
1
0
-1
-1
2
6
11
11
11
6
1
-3
-4
-3
-2
0
2
3
2
0
-1
-2
-2
-4
-6
-5
-4
-2
-1
-2
-2
0
3
1
-1
-4
-5
-1
1
4
5
6
7
5
1
-2
-5
-4
-2
2
3
5
7
7
6
3
1
1
1
4
7
10
12
12
11
10
7
4
-1
-3
-5
-6
-5
-4
-4
-3
-6
-11
-17
-24
-25
-23
-18
-16
-13
-11
-12
-11
-14
-17
-21
-23
-21
-16
-9
-3
1
4
3
1
-1
-5
-2
3
9
17
24
30
35
37
39
39
38
39
42
49
59
69
80
86
80
69
54
49
51
60
69
64
50
35
35
36
19
-19
-57
-73
-66
-51
-35
-28
-32
-54
-77
-92
-96
-94
-92
-89
-91
-92
-89
-80
-77
-81
-90
-103
-109
-105
-98
-93
-97
-100
-98
-95
-86
-82
-78
-79
-77
-64
-46
-24
-6
7
15
16
18
19
20
23
28
38
49
60
69
75
77
76
73
71
76
86
99
112
117
122
123
122
119
116
116
116
119
129
140
152
158
158
152
143
138
135
134
134
135
136
143
152
163
172
170
161
149
143
141
136
129
127
132
136
129
111
78
32
-24
-78
-112
-118
-100
-87
-92
-121
-166
-205
-238
-260
-280
-290
-283
-279
-301
-375
-486
-599
-694
-750
-778
-784
-762
-705
-602
-475
-360
-279
-227
-184
-137
-82
-10
75
153
219
269
304
313
287
232
165
98
45
11
5
16
34
49
53
53
53
55
68
93
139
205
281
357
417
448
454
439
414
387
364
347
334
323
308
287
252
186
91
-3
-63
-64
-25
27
75
120
157
177
181
172
154
140
129
128
133
142
149
144
121
78
23
-31
-78
-112
-130
-139
-138
-128
-112
-92
-77
-74
-82
-91
-94
-81
-53
-19
8
24
28
19
3
-24
-59
-99
-134
-156
-162
-163
-169
-187
-205
-218
-226
-223
-215
-195
-168
-133
-76
-20
4
-28
-90
-147
-163
-134
-78
-17
6
10
4
11
14
-22
-81
-160
-202
-157
-64
38
91
116
144
142
132
96
67
40
1
-8
-26
-51
-96
-176
-291
-442
-584
-676
-701
-674
-604
-498
-369
-224
-77
44
123
168
207
251
310
384
453
514
538
531
491
415
320
214
116
29
-33
-54
-49
-22
8
36
61
69
83
104
130
169
200
222
222
213
221
250
281
294
291
278
267
247
221
191
158
134
110
91
74
64
53
38
24
20
23
27
38
52
75
90
91
86
76
65
50
23
-9
-56
-106
-155
-203
-237
-262
-271
-261
-241
-202
-160
-118
-89
-70
-49
-27
9
51
100
144
179
208
218
211
187
147
98
42
-9
-61
-100
-135
-154
-159
-164
-179
-212
-243
-269
-293
-322
-353
-376
-371
-340
-337
-460
-763
-1167
-1489
-1602
-1512
-1322
-1098
-853
-585
-313
-66
119
224
258
264
300
396
551
731
862
911
874
782
656
487
299
111
-39
-118
-117
-53
42
116
151
148
123
111
125
169
243
342
473
619
749
837
858
806
695
567
470
402
338
256
145
8
-122
-198
-191
-135
-83
-38
-4
53
122
185
235
242
235
219
210
212
202
187
143
81
19
-45
-105
-173
-235
-273
-289
-285
-260
-217
-175
-138
-117
-95
-71
-42
-1
51
105
151
184
198
190
157
105
50
1
-33
-50
-59
-79
-107
-118
-96
-69
-75
-128
-210
-291
-347
-349
-285
-178
-65
19
55
61
37
-43
-176
-317
-393
-374
-314
-260
-250
-332
-515
-830
-1208
-1581
-1915
-2101
-2109
-1922
-1576
-1168
-717
-320
-14
203
313
393
456
545
695
864
1056
1218
1299
1283
1152
932
659
368
107
-77
-175
-187
-136
-57
30
91
134
160
167
195
249
361
519
688
878
1036
1140
1171
1115
1008
866
714
572
444
350
266
155
6
-149
-244
-275
-268
-254
-227
-174
-95
-10
75
147
182
198
209
229
262
280
273
235
183
124
51
-40
-155
-273
-370
-448
-489
-489
-459
-412
-360
-304
-246
-196
-162
-134
-104
-69
-36
-4
34
72
103
113
84
27
-36
-89
-135
-184
-219
-227
-207
-174
-141
-123
-124
-155
-180
-172
-148
-126
-138
-154
-117
-33
48
58
-7
-61
-57
-33
-27
-66
-120
-163
-177
-147
-155
-334
-787
-1409
-1984
-2329
-2326
-2126
-1849
-1564
-1277
-877
-422
-1
266
367
421
491
682
951
1228
1463
1561
1552
1471
1327
1123
845
514
188
-45
-175
-196
-150
-106
-76
-76
-68
-34
22
98
178
312
495
716
960
1147
1253
1256
1165
1037
898
767
634
473
286
107
0
-27
-10
-9
-49
-105
-153
-174
-159
-137
-115
-87
-50
7
93
180
243
271
256
217
169
114
55
-13
-91
-174
-249
-309
-349
-371
-393
-420
-449
-467
-463
-440
-408
-371
-321
-262
-187
-104
-49
-25
-29
-43
-46
-42
-45
-67
-117
-186
-248
-296
-322
-333
-330
-315
-292
-245
-174
-89
-28
-23
-67
-143
-193
-205
-170
-70
90
272
398
421
337
204
70
-44
-90
-100
-78
-32
27
103
123
6
-326
-893
-1598
-2230
-2581
-2579
-2321
-1977
-1616
-1221
-749
-256
116
327
402
455
586
812
1143
1483
1753
1899
1908
1812
1606
1301
918
511
153
-90
-194
-195
-155
-138
-154
-184
-208
-215
-204
-145
-26
165
434
741
1041
1271
1396
1410
1318
1167
997
845
696
528
333
139
7
-47
-68
-113
-196
-293
-363
-374
-341
-287
-224
-161
-83
2
90
165
193
196
173
154
144
103
49
-19
-85
-147
-221
-299
-385
-457
-514
-555
-562
-557
-536
-502
-469
-432
-391
-347
-296
-239
-187
-128
-74
-28
15
41
52
16
-60
-148
-229
-271
-295
-303
-301
-291
-248
-200
-169
-170
-193
-194
-167
-96
6
104
171
180
154
125
115
129
146
177
199
197
183
192
243
237
158
59
8
52
56
-54
-317
-770
-1314
-1837
-2203
-2336
-2276
-2096
-1842
-1483
-1020
-509
-50
260
430
553
694
893
1152
1397
1603
1761
1836
1846
1756
1545
1231
842
454
128
-89
-219
-302
-327
-318
-288
-256
-237
-219
-174
-88
63
282
536
806
1052
1251
1371
1386
1320
1179
1001
827
665
505
314
99
-101
-265
-380
-466
-532
-571
-584
-555
-473
-370
-274
-197
-148
-91
-19
53
114
157
188
214
229
223
175
92
-27
-163
-284
-390
-479
-554
-614
-639
-630
-601
-563
-529
-500
-474
-436
-377
-304
-219
-131
-41
46
102
127
111
69
25
-20
-65
-116
-175
-225
-261
-285
-298
-291
-255
-212
-166
-114
-57
7
39
26
17
42
137
237
282
281
240
232
194
114
53
23
64
55
9
-2
52
195
293
332
295
179
45
-187
-497
-903
-1347
-1692
-1891
-1894
-1768
-1567
-1365
-1185
-943
-631
-274
42
264
451
668
949
1236
1477
1617
1659
1642
1567
1452
1288
1071
826
575
370
212
92
-18
-134
-241
-337
-402
-418
-389
-299
-157
28
254
501
733
914
1023
1062
1046
992
918
828
741
659
545
392
189
-25
-213
-359
-470
-569
-626
-632
-590
-509
-416
-328
-251
-190
-138
-89
-51
-18
26
85
154
209
229
200
121
9
-127
-269
-416
-539
-608
-628
-605
-568
-535
-512
-498
-490
-475
-449
-410
-351
-262
-154
-47
43
93
120
121
100
60
-8
-81
-139
-166
-161
-148
-136
-138
-154
-171
-181
-153
-95
-34
11
36
74
138
214
281
311
305
278
228
180
144
131
151
169
181
199
197
174
104
23
37
134
279
381
388
355
241
37
-279
-725
-1211
-1669
-1984
-2066
-1951
-1715
-1476
-1221
-906
-555
-203
67
245
392
561
791
1078
1350
1554
1678
1713
1674
1566
1382
1132
836
537
284
111
-4
-104
-204
-308
-399
-459
-500
-509
-463
-364
-200
23
285
551
787
963
1061
1085
1040
944
830
718
614
521
420
288
109
-101
-293
-457
-598
-722
-817
-837
-781
-668
-530
-396
-277
-171
-76
18
109
181
235
278
300
287
217
94
-52
-188
-310
-426
-528
-592
-621
-605
-570
-535
-504
-486
-471
-440
-390
-327
-244
-154
-74
-3
58
95
115
121
111
107
101
81
60
36
2
-29
-40
-40
-38
-43
-66
-76
-71
-67
-60
-39
8
85
186
285
356
398
403
374
336
276
214
162
116
119
140
150
112
17
-6
19
76
140
136
170
191
148
59
-141
-404
-754
-1132
-1437
-1683
-1771
-1727
-1600
-1402
-1222
-1003
-707
-408
-140
75
250
458
690
941
1182
1361
1494
1533
1508
1437
1281
1103
883
640
441
263
133
26
-90
-193
-300
-376
-419
-434
-402
-324
-186
9
211
420
614
754
858
900
889
852
781
713
645
580
521
436
328
164
-55
-269
-464
-611
-708
-769
-759
-680
-566
-435
-318
-227
-158
-112
-52
9
68
125
165
206
228
214
167
72
-59
-199
-331
-428
-494
-537
-568
-586
-568
-541
-516
-493
-478
-445
-394
-327
-237
-146
-60
20
100
168
203
202
169
122
83
50
23
-10
-52
-87
-107
-104
-90
-90
-114
-143
-145
-118
-78
-23
24
81
149
203
271
310
326
326
295
277
265
295
347
340
301
241
220
241
226
208
172
141
159
176
198
158
9
-214
-489
-787
-1112
-1426
-1681
-1811
-1770
-1604
-1354
-1071
-797
-531
-284
-62
130
326
514
698
910
1119
1313
1458
1499
1456
1338
1168
973
756
528
314
152
19
-87
-174
-258
-319
-373
-424
-456
-445
-383
-264
-82
137
372
591
760
879
944
952
913
832
718
603
498
409
330
239
125
-33
-237
-466
-680
-838
-922
-922
-862
-746
-582
-414
-246
-102
6
75
99
104
108
131
174
224
262
263
217
139
23
-116
-263
-411
-530
-595
-602
-560
-503
-447
-406
-366
-323
-280
-227
-173
-103
-15
77
171
243
289
307
297
266
212
150
85
25
-20
-59
-102
-144
-181
-201
-210
-220
-228
-230
-210
-154
-72
35
144
221
268
267
254
270
310
376
417
419
391
317
248
153
62
1
-67
-61
10
117
235
271
218
49
-205
-531
-943
-1366
-1752
-1966
-1945
-1761
-1472
-1176
-894
-602
-310
-63
106
214
304
447
668
942
1224
1450
1579
1592
1527
1376
1156
892
601
355
178
78
32
-10
-75
-165
-265
-364
-447
-494
-481
-406
-251
-21
248
512
722
856
925
927
889
817
727
640
570
533
492
416
285
97
-118
-340
-552
-720
-827
-857
-807
-702
-566
-419
-281
-170
-88
-28
24
79
133
177
224
271
294
272
200
78
-67
-224
-372
-485
-561
-595
-602
-583
-540
-491
-447
-425
-407
-377
-329
-249
-150
-35
81
183
271
317
328
308
244
161
82
16
-24
-48
-68
-80
-103
-137
-172
-208
-236
-260
-260
-238
-189
-104
-15
88
207
300
372
389
367
345
326
326
307
264
226
184
192
199
186
181
122
91
91
87
92
25
-105
-314
-599
-932
-1308
-1633
-1841
-1873
-1726
-1499
-1231
-936
-625
-308
-24
177
322
452
594
779
976
1171
1331
1437
1476
1428
1317
1141
915
674
434
247
115
6
-86
-161
-221
-272
-318
-356
-382
-377
-307
-180
14
250
487
693
842
932
960
928
855
754
658
573
499
428
328
168
-40
-251
-426
-558
-654
-720
-730
-675
-576
-449
-315
-206
-138
-104
-85
-55
-9
47
110
169
231
270
269
221
124
6
-126
-254
-357
-441
-502
-539
-546
-535
-518
-503
-498
-482
-444
-387
-309
-208
-91
25
131
210
258
284
275
234
177
113
61
25
7
-14
-39
-80
-144
-201
-255
-291
-308
-304
-245
-169
-73
11
63
110
128
174
242
319
393
408
401
383
374
351
281
214
150
97
70
86
143
173
112
-58
-299
-600
-964
-1366
-1734
-1971
-2020
-1871
-1597
-1259
-919
-597
-269
17
231
378
492
627
808
1039
1277
1485
1610
1629
1569
1439
1240
981
701
429
222
93
7
-45
-113
-191
-265
-331
-383
-429
-430
-370
-238
-29
216
471
688
839
926
959
937
875
778
665
563
479
427
352
217
15
-235
-451
-621
-742
-807
-835
-793
-689
-535
-367
-238
-144
-80
-23
38
91
137
175
202
226
233
210
156
56
-56
-175
-287
-371
-435
-473
-493
-503
-497
-497
-499
-507
-511
-494
-457
-386
-282
-153
-12
128
243
320
351
335
289
221
163
125
96
66
15
-35
-82
-137
-188
-250
-301
-329
-330
-270
-171
-60
53
150
253
321
328
313
291
311
339
334
348
351
359
354
302
261
197
158
147
117
85
-47
-269
-540
-875
-1217
-1546
-1823
-1979
-1983
-1832
-1567
-1238
-901
-583
-290
-22
190
373
544
701
906
1120
1315
1483
1556
1553
1482
1342
1153
914
654
404
206
77
-26
-112
-183
-256
-309
-344
-375
-368
-330
-256
-113
74
295
511
693
832
911
947
944
895
822
721
621
516
368
182
-18
-195
-327
-429
-517
-584
-619
-604
-550
-470
-387
-317
-252
-183
-102
-9
76
133
180
213
240
248
208
136
38
-58
-136
-201
-254
-313
-372
-416
-445
-458
-476
-503
-523
-516
-472
-405
-329
-250
-163
-70
25
109
169
203
214
208
188
164
144
124
98
60
7
-58
-132
-201
-258
-289
-290
-275
-238
-196
-147
-92
-38
23
96
188
272
306
298
280
296
325
322
285
258
266
267
268
238
192
152
92
24
-80
-229
-473
-800
-1138
-1478
-1732
-1877
-1914
-1803
-1589
-1308
-990
-657
-345
-80
145
324
497
687
873
1056
1234
1377
1475
1519
1473
1344
1164
959
745
532
345
193
88
-2
-89
-160
-227
-285
-323
-339
-319
-242
-117
47
247
450
639
792
893
945
954
926
847
744
630
491
326
143
-10
-104
-171
-244
-326
-385
-414
-419
-414
-406
-388
-352
-295
-215
-115
-30
30
66
93
125
143
129
80
18
-37
-87
-127
-165
-218
-277
-345
-400
-442
-488
-534
-569
-576
-555
-511
-461
-407
-340
-257
-166
-86
-25
17
57
96
129
152
165
160
136
94
41
-24
-96
-166
-223
-256
-271
-272
-272
-268
-231
-176
-107
-24
63
148
191
192
189
208
247
270
288
317
350
373
368
337
301
257
197
161
151
154
129
-6
-250
-570
-900
-1203
-1474
-1660
-1744
-1696
-1541
-1321
-1034
-733
-452
-203
13
212
404
594
781
963
1138
1305
1442
1524
1521
1431
1292
1098
872
642
426
256
129
37
-25
-75
-128
-191
-249
-289
-301
-272
-205
-97
60
254
444
613
729
794
818
789
712
587
434
293
193
147
125
94
37
-48
-143
-237
-339
-430
-502
-544
-526
-460
-365
-269
-190
-129
-82
-41
-15
-13
-21
-35
-35
-17
-6
0
-14
-49
-106
-182
-275
-372
-461
-526
-551
-545
-518
-478
-425
-362
-303
-240
-181
-133
-88
-52
-9
42
93
139
171
189
181
143
88
16
-58
-123
-172
-199
-196
-164
-129
-95
-67
-47
-27
-32
-52
-65
-50
8
92
182
268
338
386
400
405
401
368
293
190
90
23
-16
-28
18
106
198
231
135
-106
-469
-869
-1236
-1524
-1696
-1767
-1691
-1472
-1168
-825
-514
-265
-79
52
158
277
434
619
819
1033
1239
1404
1494
1479
1362
1174
941
702
488
305
174
101
74
62
42
-1
-75
-161
-244
-300
-301
-234
-102
90
309
513
687
791
818
775
668
518
348
197
113
107
147
176
179
153
94
3
-121
-253
-375
-468
-503
-472
-395
-299
-204
-124
-65
-32
-27
-48
-74
-90
-81
-52
-20
4
18
7
-35
-104
-197
-299
-405
-496
-546
-553
-524
-473
-398
-318
-260
-221
-203
-191
-175
-156
-125
-74
-7
75
155
206
213
174
102
15
-73
-141
-179
-193
-187
-166
-134
-109
-103
-113
-129
-136
-116
-68
3
72
129
189
249
297
321
314
291
266
246
227
197
144
61
-17
-48
-32
4
51
75
53
-52
-282
-608
-964
-1276
-1499
-1624
-1643
-1534
-1297
-977
-649
-354
-107
81
227
338
429
553
709
883
1058
1206
1319
1369
1335
1224
1052
850
633
428
266
154
95
76
65
56
39
8
-29
-78
-117
-106
-34
95
253
421
577
694
754
738
637
485
329
227
190
185
198
220
239
249
222
149
30
-117
-254
-351
-401
-412
-388
-331
-251
-163
-98
-75
-88
-124
-155
-170
-169
-162
-141
-109
-79
-58
-62
-102
-182
-286
-383
-461
-507
-525
-513
-465
-399
-333
-282
-261
-254
-251
-249
-232
-205
-161
-98
-30
32
71
83
65
13
-61
-138
-200
-230
-232
-206
-155
-96
-45
-17
-12
-15
-28
-45
-50
-36
0
47
96
148
191
224
234
227
218
204
181
146
111
87
78
76
80
86
103
127
124
37
-176
-503
-863
-1183
-1399
-1498
-1481
-1348
-1122
-841
-543
-267
-39
124
232
315
409
539
691
840
984
1108
1201
1244
1216
1121
973
794
614
451
317
222
176
164
169
167
149
109
54
3
-25
-7
55
151
284
427
549
612
597
542
466
385
308
242
204
190
194
203
209
208
175
97
-11
-128
-233
-321
-381
-409
-405
-384
-357
-312
-255
-203
-175
-170
-160
-144
-124
-116
-119
-123
-144
-178
-220
-263
-304
-351
-400
-441
-469
-483
-482
-466
-438
-401
-354
-300
-252
-212
-173
-136
-100
-66
-33
1
29
38
21
-19
-69
-111
-135
-142
-135
-110
-80
-56
-44
-37
-31
-27
-21
-18
-15
2
34
71
106
138
158
162
145
112
90
85
85
68
36
11
-5
-20
-35
-44
-36
-15
15
39
41
-15
-172
-438
-748
-999
-1127
-1138
-1068
-938
-746
-514
-273
-44
139
257
322
373
447
546
660
766
859
930
980
1010
996
916
795
665
538
417
315
256
241
251
271
285
270
228
178
140
118
113
110
110
137
203
292
367
399
393
372
341
294
250
221
211
208
212
213
192
137
47
-48
-143
-246
-335
-389
-394
-365
-314
-266
-226
-187
-159
-143
-149
-171
-199
-222
-236
-244
-246
-250
-257
-257
-266
-286
-314
-340
-358
-364
-354
-333
-300
-254
-207
-162
-122
-98
-104
-130
-167
-193
-202
-197
-174
-140
-102
-71
-40
-19
-23
-48
-82
-114
-140
-150
-143
-122
-89
-62
-38
-20
-4
-6
-32
-67
-104
-128
-135
-121
-92
-54
-16
12
27
17
-11
-45
-74
-80
-66
-33
10
50
84
105
116
81
-46
-271
-528
-718
-807
-810
-769
-675
-509
-306
-113
29
159
261
328
360
383
443
516
597
674
751
815
844
834
780
702
614
512
406
323
306
340
379
406
418
426
403
344
266
179
102
49
55
118
207
290
349
388
401
380
325
249
167
102
67
63
78
97
113
114
88
39
-32
-115
-196
-251
-271
-269
-255
-226
-183
-149
-140
-155
-182
-220
-270
-316
-348
-358
-349
-317
-276
-240
-221
-224
-236
-252
-271
-305
-348
-371
-372
-350
-318
-286
-257
-242
-229
-224
-229
-239
-251
-247
-226
-191
-146
-105
-75
-68
-80
-99
-113
-122
-131
-130
-116
-77
-37
-6
4
-11
-46
-113
-178
-212
-194
-148
-113
-96
-80
-54
-27
-14
-16
-20
-7
20
62
102
125
130
124
114
97
79
60
24
-27
-99
-202
-316
-409
-436
-402
-339
-266
-169
-51
55
135
192
247
296
347
402
462
533
589
636
669
691
692
668
631
590
558
520
472
423
389
373
360
334
307
277
236
186
138
116
106
112
132
170
215
245
257
252
237
209
165
107
50
8
-15
-13
2
9
4
-11
-30
-56
-99
-152
-198
-223
-228
-233
-243
-249
-240
-226
-219
-231
-247
-255
-261
-259
-258
-261
-263
-267
-270
-274
-282
-296
-313
-320
-316
-309
-304
-298
-287
-279
-271
-265
-256
-247
-239
-232
-224
-212
-209
-210
-207
-196
-187
-186
-178
-160
-137
-118
-106
-96
-85
-69
-55
-45
-45
-57
-85
-121
-143
-155
-170
-187
-195
-169
-119
-65
-9
50
104
131
130
120
106
93
76
62
62
81
113
147
175
178
161
139
131
148
177
209
217
203
159
80
-2
-72
-98
-96
-64
-6
69
155
226
287
336
369
374
360
346
333
322
305
290
282
281
280
276
268
269
274
280
272
248
229
203
193
186
182
182
177
182
183
188
183
177
177
177
182
187
192
188
174
149
112
69
27
-6
-26
-37
-37
-37
-40
-49
-70
-94
-121
-147
-170
-186
-188
-186
-178
-170
-166
-171
-193
-217
-244
-271
-296
-324
-341
-353
-353
-346
-334
-316
-300
-292
-299
-308
-309
-312
-320
-331
-339
-335
-320
-292
-268
-246
-234
-236
-241
-249
-247
-241
-229
-214
-189
-156
-128
-114
-128
-149
-167
-172
-163
-142
-113
-87
-68
-55
-42
-26
-11
6
29
61
84
98
107
131
166
194
212
215
219
219
221
216
211
207
207
215
227
251
270
288
287
285
280
276
274
258
230
188
152
125
124
143
170
192
204
220
220
222
213
197
169
132
108
96
102
107
112
117
116
111
107
102
97
87
73
64
60
62
71
82
90
91
86
79
74
71
67
57
48
46
50
57
60
52
35
15
-6
-19
-24
-36
-53
-68
-73
-62
-53
-51
-58
-71
-85
-97
-110
-125
-137
-146
-151
-149
-143
-139
-139
-144
-156
-168
-176
-178
-173
-166
-164
-173
-184
-191
-192
-191
-194
-191
-187
-183
-178
-173
-166
-165
-165
-169
-173
-174
-184
-201
-225
-249
-267
-275
-267
-245
-213
-182
-156
-135
-118
-108
-102
-93
-86
-75
-66
-52
-34
-22
-10
-1
8
17
19
20
19
17
24
40
70
105
145
185
215
232
232
219
202
179
159
137
120
118
124
138
152
169
192
216
237
251
262
269
262
249
235
219
207
200
195
191
182
172
171
178
187
190
183
175
166
158
149
132
105
73
50
34
15
-1
-17
-30
-27
-17
7
31
49
58
51
34
8
-13
-23
-29
-32
-36
-32
-27
-15
-6
-3
-11
-22
-27
-26
-22
-21
-26
-35
-44
-47
-52
-66
-82
-99
-106
-108
-112
-111
-114
-115
-119
-121
-123
-126
-126
-127
-129
-135
-146
-158
-167
-172
-169
-156
-147
-139
-132
-129
-129
-141
-159
-176
-184
-176
-161
-140
-122
-111
-102
-104
-115
-136
-160
-174
-180
-174
-163
-144
-120
-93
-70
-56
-52
-52
-57
-65
-71
-70
-64
-48
-39
-34
-30
-23
-5
16
39
59
80
103
135
177
213
236
242
237
228
210
182
143
104
76
64
81
118
167
215
254
286
304
312
294
262
213
167
129
99
78
64
62
64
74
85
99
111
123
137
148
159
169
182
185
172
137
92
48
6
-27
-52
-63
-58
-41
-14
12
26
25
12
-8
-30
-53
-77
-100
-114
-116
-104
-89
-78
-65
-57
-47
-41
-40
-48
-64
-86
-107
-118
-121
-119
-111
-106
-111
-122
-138
-149
-151
-150
-145
-141
-134
-124
-109
-96
-90
-92
-92
-94
-88
-82
-77
-72
-69
-65
-62
-58
-54
-49
-48
-47
-47
-45
-37
-25
-4
13
30
42
41
35
25
19
16
14
18
29
43
53
58
58
50
42
30
20
7
-4
-8
-5
-3
0
-2
1
4
5
11
15
22
21
20
23
24
31
33
32
26
16
9
1
-10
-12
-10
-2
14
34
52
61
60
47
28
4
-15
-26
-29
-22
-6
15
35
53
65
66
61
54
43
34
27
22
26
34
47
56
60
59
51
50
50
61
78
86
88
80
64
45
25
4
-16
-30
-31
-22
-1
25
59
92
112
118
113
98
79
54
20
-17
-47
-63
-58
-45
-26
-8
3
9
16
20
18
11
2
-8
-21
-28
-34
-32
-31
-35
-42
-59
-77
-94
-105
-111
-109
-95
-71
-38
-8
13
18
10
-5
-25
-41
-58
-73
-87
-93
-91
-86
-78
-66
-53
-40
-26
-17
-11
-11
-15
-18
-27
-36
-47
-52
-53
-56
-60
-72
-81
-79
-73
-61
-50
-39
-23
-12
-6
-7
-15
-26
-40
-51
-52
-46
-28
-2
22
46
67
85
93
90
74
54
31
13
-3
-11
-10
-2
15
33
56
79
99
120
130
128
114
87
63
45
36
31
23
17
16
18
27
36
51
64
79
91
99
99
89
70
42
8
-22
-48
-67
-75
-70
-58
-45
-30
-16
-1
13
18
15
2
-15
-27
-35
-44
-57
-72
-77
-69
-56
-42
-28
-18
-11
-7
-5
-9
-17
-25
-30
-34
-38
-38
-35
-24
-8
8
17
22
27
35
44
48
43
26
6
-4
-5
6
21
39
56
70
84
97
103
100
87
74
70
74
82
91
95
90
79
64
56
53
52
48
36
22
14
12
13
13
7
-5
-18
-31
-35
-37
-39
-43
-55
-69
-80
-86
-92
-96
-99
-103
-108
-109
-107
-101
-97
-101
-102
-99
-96
-99
-108
-123
-133
-139
-139
-131
-124
-118
-114
-112
-103
-92
-85
-83
-81
-80
-74
-61
-49
-39
-32
-34
-36
-35
-30
-16
1
22
46
68
86
94
99
96
90
81
75
73
74
80
93
108
120
128
133
134
129
119
102
90
80
74
72
71
74
81
86
90
90
84
71
57
49
52
63
75
88
100
108
111
106
100
94
88
82
70
61
59
63
69
69
59
39
15
-5
-16
-20
-17
-12
-13
-23
-42
-63
-81
-90
-90
-87
-84
-81
-81
-82
-83
-81
-78
-81
-83
-85
-78
-68
-63
-62
-65
-67
-66
-64
-62
-62
-64
-69
-74
-81
-92
-106
-120
-134
-140
-139
-133
-125
-119
-113
-108
-101
-96
-90
-88
-88
-93
-99
-101
-102
-98
-91
-79
-62
-44
-28
-13
0
8
13
17
24
28
36
49
72
106
141
167
182
191
195
197
193
184
172
156
141
127
120
122
129
137
145
150
154
158
157
152
140
123
110
102
95
91
85
78
72
68
63
57
48
41
33
27
15
5
-4
-13
-21
-32
-45
-60
-79
-100
-115
-123
-124
-120
-111
-101
-94
-91
-93
-97
-101
-105
-115
-121
-126
-128
-123
-112
-94
-77
-64
-58
-59
-62
-71
-80
-87
-91
-93
-93
-91
-83
-69
-53
-41
-33
-23
-14
-4
4
9
15
22
26
29
29
24
20
21
26
30
34
39
38
35
33
27
22
17
11
6
1
-2
0
4
12
18
24
26
31
41
54
68
75
75
75
78
83
84
83
80
78
74
72
66
62
58
52
45
34
25
16
14
15
18
20
22
21
23
24
23
17
8
2
-2
-4
-3
-1
2
-2
-6
-11
-14
-20
-29
-43
-62
-78
-89
-96
-94
-89
-84
-79
-71
-63
-58
-53
-50
-50
-54
-55
-53
-49
-44
-38
-29
-21
-16
-15
-17
-17
-18
-22
-29
-37
-38
-32
-21
-12
-3
3
9
17
19
18
17
16
18
25
38
49
57
63
65
65
63
59
57
55
54
53
49
45
41
38
32
25
19
15
14
12
10
6
-2
-9
-13
-13
-11
-9
-8
-7
-1
4
12
15
15
11
5
-1
-7
-12
-16
-19
-18
-18
-15
-14
-14
-17
-17
-16
-14
-7
1
9
16
22
26
32
37
39
38
32
22
13
4
-1
-4
-6
-6
-5
-3
0
2
-1
-4
-8
-11
-14
-18
-22
-26
-29
-31
-32
-32
-30
-23
-11
-4
2
5
9
14
17
16
13
5
-1
-7
-10
-12
-16
-20
-25
-27
-28
-27
-27
-26
-26
-22
-18
-14
-7
-3
0
0
0
1
4
5
5
0
-4
-8
-10
-10
-9
-6
-6
-10
-15
-20
-24
-27
-31
-37
-41
-45
-45
-40
-28
-17
-1
13
21
26
25
23
21
14
7
3
6
12
22
33
41
49
51
48
44
33
21
8
-2
-8
-5
2
10
18
22
26
32
36
36
30
21
14
13
15
17
20
27
34
35
28
17
11
14
19
24
21
15
11
9
11
12
14
18
22
25
27
28
26
23
18
9
0
-10
-21
-28
-33
-35
-36
-35
-35
-36
-41
-50
-55
-57
-55
-54
-55
-54
-54
-51
-47
-39
-35
-36
-40
-46
-52
-51
-49
-46
-39
-29
-17
-10
-6
-5
-8
-10
-14
-20
-24
-25
-16
-8
-1
3
3
4
5
8
13
15
16
13
14
12
14
17
18
20
19
19
23
30
42
55
66
77
81
83
79
74
71
66
59
51
45
47
49
51
57
58
65
66
62
57
48
38
30
21
10
-1
-12
-21
-22
-16
-8
-3
1
-1
-6
-14
-22
-28
-36
-42
-48
-51
-52
-50
-47
-44
-44
-47
-50
-54
-53
-50
-44
-37
-30
-31
-35
-40
-42
-40
-40
-43
-47
-48
-46
-39
-33
-31
-32
-34
-37
-37
-32
-24
-11
-1
5
8
10
13
15
15
12
9
4
3
3
8
18
26
30
30
28
26
22
19
16
15
12
10
10
12
15
19
23
30
37
43
42
38
32
28
27
26
29
29
25
15
6
1
0
-3
-9
-17
-21
-20
-15
-10
-4
0
0
1
7
15
17
18
16
14
11
10
9
7
7
6
8
8
5
-3
-13
-18
-19
-18
-19
-20
-23
-24
-24
-25
-23
-21
-17
-11
-7
-3
-4
-8
-15
-21
-21
-17
-11
-6
-2
3
11
15
16
10
0
-11
-18
-16
-11
-8
-2
4
9
14
17
20
20
16
11
7
8
7
9
9
6
7
8
11
17
16
12
4
-1
-5
-10
-14
-19
-22
-20
-16
-9
-3
-1
0
0
4
10
15
18
19
18
13
8
6
8
11
10
8
4
2
-1
0
2
6
9
7
4
1
0
-5
-13
-26
-38
-47
-51
-49
-44
-38
-32
-25
-16
-6
0
5
8
10
8
2
-3
-6
-6
-6
-5
-3
0
4
4
4
6
8
12
15
18
18
19
19
19
17
13
9
5
2
-1
1
8
18
28
34
35
31
21
8
-2
-8
-11
-17
-21
-22
-19
-12
-6
-3
-4
-6
-6
-4
0
2
1
-1
-3
-2
-1
5
11
14
15
15
16
18
18
14
11
11
11
11
10
9
7
6
8
12
15
18
15
9
6
7
11
15
14
12
10
7
6
3
-4
-9
-10
-8
-6
-7
-13
-19
-25
-31
-33
-36
-38
-42
-47
-46
-45
-40
-39
-40
-39
-35
-29
-25
-23
-25
-23
-20
-17
-12
-10
-10
-8
-2
0
0
-2
-7
-10
-9
-8
-5
-3
-4
-6
-3
0
1
1
-3
-6
-5
-3
1
1
1
2
7
13
19
23
25
28
33
39
43
44
40
37
38
43
50
55
53
48
44
41
41
40
36
29
22
16
12
7
-1
-11
-15
-13
-7
2
6
7
4
0
-3
-6
-7
-9
-13
-13
-7
1
7
12
17
26
32
39
40
39
38
37
38
35
30
24
23
28
32
35
33
29
26
21
19
18
18
17
13
8
1
-5
-14
-25
-39
-50
-54
-55
-55
-59
-65
-73
-83
-90
-98
-106
-114
-120
-123
-123
-123
-121
-121
-117
-112
-103
-93
-85
-80
-76
-73
-69
-64
-60
-57
-51
-44
-34
-22
-13
-3
6
14
24
34
46
54
62
68
73
78
80
81
83
92
100
112
122
126
125
121
115
103
90
78
66
58
56
56
57
58
62
66
70
70
71
68
63
57
49
41
34
26
19
17
17
22
27
30
26
18
8
4
1
0
-4
-8
-16
-23
-28
-30
-31
-33
-35
-36
-36
-38
-36
-36
-40
-45
-52
-58
-61
-65
-70
-69
-64
-57
-51
-46
-44
-41
-40
-38
-40
-45
-46
-46
-44
-39
-33
-32
-34
-39
-39
-38
-36
-34
-34
-33
-32
-27
-24
-23
-21
-21
-18
-12
-4
2
8
11
13
11
10
8
6
-3
-12
-18
-22
-26
-30
-37
-42
-42
-39
-38
-39
-37
-31
-21
-9
2
15
31
50
73
96
115
124
125
119
104
90
74
60
47
38
34
34
36
34
29
22
17
17
18
22
28
40
54
69
82
90
87
74
58
38
14
-12
-43
-74
-104
-128
-146
-156
-156
-143
-119
-84
-42
7
59
110
156
196
224
243
251
249
242
230
214
194
169
140
108
73
37
-1
-39
-76
-108
-133
-157
-179
-201
-224
-243
-260
-271
-272
-268
-256
-236
-211
-180
-149
-121
-96
-76
-54
-34
-19
-8
1
7
13
16
17
16
13
10
4
-7
-19
-37
-52
-67
-77
-86
-91
-89
-85
-80
-73
-65
-58
-55
-53
-53
-50
-48
-45
-45
-47
-49
-50
-52
-53
-58
-63
-70
-79
-88
-99
-111
-117
-120
-114
-97
-70
-36
5
50
105
160
210
255
290
318
342
364
384
402
417
430
440
449
457
461
459
445
429
404
373
338
304
272
244
225
208
191
175
160
147
138
127
111
91
65
36
2
-31
-62
-97
-133
-170
-207
-243
-277
-310
-340
-361
-375
-380
-380
-372
-359
-338
-311
-282
-253
-230
-214
-199
-184
-172
-167
-169
-179
-192
-203
-209
-210
-211
-210
-212
-213
-215
-218
-226
-235
-241
-242
-238
-231
-221
-213
-207
-205
-207
-208
-211
-215
-218
-217
-203
-175
-138
-97
-62
-27
8
41
70
91
106
114
122
124
128
131
136
149
166
188
212
240
267
290
312
331
345
354
355
355
358
360
362
364
367
367
370
375
377
375
367
358
352
344
336
325
315
303
287
268
244
217
187
159
132
115
99
85
67
47
27
1
-26
-54
-85
-115
-140
-160
-175
-188
-205
-227
-250
-272
-287
-299
-310
-323
-336
-346
-348
-349
-349
-349
-346
-344
-333
-319
-301
-281
-262
-242
-217
-189
-158
-127
-100
-80
-61
-43
-27
-10
4
12
18
23
22
15
5
-6
-17
-35
-52
-70
-86
-96
-100
-103
-104
-106
-106
-101
-96
-92
-89
-85
-80
-74
-64
-51
-39
-30
-18
-1
16
33
48
62
76
91
107
121
135
147
157
164
170
174
179
186
192
194
195
196
196
197
202
206
210
214
210
204
198
190
183
171
153
138
125
117
112
110
110
106
102
95
86
74
61
48
38
34
29
23
21
14
5
-3
-13
-23
-34
-45
-55
-63
-69
-72
-75
-82
-90
-98
-101
-100
-98
-95
-91
-87
-85
-85
-87
-91
-96
-98
-97
-92
-87
-83
-80
-80
-79
-81
-88
-95
-100
-100
-94
-85
-77
-70
-69
-68
-67
-71
-75
-81
-84
-81
-73
-60
-47
-39
-34
-28
-23
-18
-13
-11
-8
-3
1
7
11
11
11
12
14
18
18
20
23
24
24
22
21
19
19
23
32
37
38
38
33
26
20
15
14
14
15
15
14
15
17
21
24
23
23
23
22
24
24
24
24
22
16
11
5
-1
-1
1
5
5
2
-5
-10
-12
-9
-6
-6
-4
-4
2
10
18
25
29
37
43
44
43
44
45
45
44
43
39
33
32
33
31
30
24
18
16
15
13
11
9
5
4
2
-3
-4
-4
-5
-5
-5
-8
-10
-13
-16
-21
-26
-27
-21
-8
3
12
14
12
5
-3
-10
-15
-17
-17
-14
-10
-5
0
3
2
-1
-6
-9
-5
1
10
15
18
16
13
6
1
-2
-4
1
6
8
8
3
-2
-7
-12
-14
-15
-12
-4
6
15
19
17
15
12
9
3
0
-1
-2
1
0
-6
-16
-26
-33
-36
-37
-33
-28
-21
-18
-18
-19
-20
-18
-18
-18
-18
-16
-14
-14
-18
-27
-33
-36
-39
-40
-42
-43
-41
-40
-37
-35
-34
-35
-35
-32
-29
-23
-13
-3
3
7
8
9
12
17
24
32
41
46
48
46
40
34
30
28
26
27
29
30
32
33
28
23
17
15
18
21
24
25
22
20
20
22
19
18
18
16
16
21
27
36
46
49
50
52
49
40
33
27
21
18
16
12
6
0
-4
-5
-2
2
3
3
0
-5
-8
-10
-11
-12
-12
-12
-12
-14
-14
-14
-16
-20
-28
-37
-45
-50
-55
-57
-55
-51
-44
-39
-36
-34
-33
-33
-33
-33
-28
-28
-27
-28
-28
-25
-25
-27
-32
-39
-45
-48
-48
-42
-38
-31
-24
-20
-18
-20
-19
-17
-14
-8
-2
4
11
13
15
16
14
12
12
10
8
5
3
4
8
10
11
17
20
22
29
32
39
44
45
44
46
50
56
59
59
59
59
58
59
60
57
51
46
45
46
46
50
51
49
45
42
39
35
28
22
23
23
20
19
19
17
10
1
-4
-6
-8
-9
-12
-15
-19
-25
-29
-33
-37
-41
-44
-47
-48
-46
-43
-42
-42
-43
-46
-48
-53
-57
-61
-65
-67
-66
-62
-55
-48
-46
-48
-50
-52
-54
-53
-51
-45
-37
-31
-25
-21
-18
-17
-20
-25
-28
-25
-20
-13
-4
6
13
19
22
25
25
23
20
21
23
26
28
33
37
41
41
40
42
47
52
52
49
44
41
36
36
36
37
39
40
42
43
42
36
30
25
24
22
21
22
22
22
20
15
10
6
4
3
3
4
7
12
13
9
7
4
4
3
-2
-6
-9
-11
-16
-22
-26
-28
-30
-29
-26
-24
-21
-25
-30
-34
-40
-40
-41
-37
-33
-29
-25
-23
-21
-20
-19
-20
-24
-25
-25
-19
-15
-11
-11
-9
-8
-6
-3
-4
-8
-11
-15
-15
-10
-4
2
6
8
5
2
3
3
7
12
14
18
21
23
24
22
19
13
5
2
1
4
7
8
10
9
9
11
15
17
20
21
23
23
25
28
26
26
19
12
7
2
0
0
0
1
0
3
5
6
8
10
12
13
14
13
13
15
13
8
3
-1
-6
-8
-11
-14
-12
-12
-16
-21
-27
-29
-27
-24
-21
-19
-18
-14
-9
-4
-3
-6
-7
-6
-6
-7
-8
-9
-8
-9
-11
-8
-3
0
1
0
-1
-3
-1
2
7
9
8
6
5
3
2
-2
-5
-4
0
1
-1
-6
-10
-12
-10
-8
-6
-6
-8
-10
-14
-14
-12
-4
4
10
13
13
12
7
2
-2
-4
-1
5
9
10
9
6
1
0
-2
-5
-7
-7
-5
-2
2
8
12
14
15
10
4
2
1
3
5
4
0
-3
-6
-8
-7
-4
-1
5
13
18
20
19
18
17
15
13
13
12
13
16
19
23
22
19
17
15
16
15
11
5
-4
-17
-27
-31
-32
-34
-35
-33
-29
-24
-20
-18
-17
-15
-13
-9
-7
-8
-7
-6
-9
-12
-12
-11
-10
-9
-10
-9
-7
-9
-11
-11
-12
-8
-9
-7
-8
-9
-5
-3
-1
0
-2
0
4
10
15
19
19
18
16
12
9
7
7
10
13
15
15
16
16
16
17
15
14
16
19
22
24
23
22
21
17
16
14
12
10
10
7
5
6
6
7
9
7
8
11
12
11
11
4
0
-2
-4
-2
-2
-1
-2
-5
-8
-10
-14
-20
-25
-27
-28
-26
-24
-20
-18
-17
-17
-17
-19
-22
-21
-20
-23
-22
-20
-20
-22
-26
-28
-26
-21
-19
-19
-20
-24
-24
-21
-18
-18
-19
-16
-12
-7
0
1
3
3
6
9
14
17
16
19
21
22
24
21
17
10
3
-3
-5
-2
0
2
3
2
6
10
12
12
10
12
16
19
22
22
22
19
16
15
14
13
11
12
16
21
25
28
33
36
36
35
30
28
24
18
12
8
7
3
0
1
4
7
10
10
8
5
3
1
1
1
3
4
4
1
-3
-6
-8
-12
-11
-10
-12
-13
-16
-19
-20
-21
-23
-22
-25
-26
-24
-26
-29
-27
-26
-23
-20
-19
-20
-22
-23
-21
-20
-24
-29
-35
-37
-39
-38
-32
-28
-26
-24
-20
-16
-13
-10
-12
-14
-15
-11
-5
0
1
-1
-1
1
1
4
8
11
14
16
17
14
10
10
15
20
23
24
22
20
23
25
27
28
29
31
30
31
34
34
34
33
34
35
36
35
32
30
29
26
24
21
17
14
9
5
3
5
10
12
13
11
9
5
-2
-5
-8
-11
-12
-11
-9
-10
-11
-14
-16
-20
-22
-23
-23
-22
-21
-20
-22
-25
-28
-28
-26
-21
-18
-14
-13
-15
-18
-21
-21
-21
-23
-23
-20
-15
-10
-8
-10
-10
-10
-7
-6
-6
-5
-4
-3
-4
-5
-5
-6
-6
-4
-3
-2
-2
1
4
3
2
0
0
2
5
7
7
7
6
3
2
3
3
6
11
17
24
29
31
31
25
19
17
19
20
19
15
12
10
7
9
8
7
5
4
7
10
11
10
8
6
5
5
5
1
-2
-7
-10
-11
-13
-15
-17
-18
-16
-13
-11
-7
-4
-1
-2
-6
-9
-12
-15
-16
-13
-10
-6
-3
-2
-2
-3
-4
-6
-7
-7
-5
-3
0
3
4
5
4
3
2
1
0
2
3
0
0
-1
-2
-2
-2
1
6
9
11
11
12
11
12
11
11
9
9
7
3
4
2
2
3
2
2
3
5
5
5
2
-1
-2
-1
2
6
9
10
10
10
10
9
4
-3
-9
-12
-11
-12
-12
-15
-17
-16
-11
-8
-5
-2
-1
-1
-1
-1
2
2
1
1
-1
-5
-10
-13
-15
-13
-13
-13
-12
-11
-11
-10
-10
-9
-9
-6
-4
1
3
3
3
2
0
0
2
1
-1
-4
-8
-8
-7
-6
-2
1
5
8
10
12
14
13
11
9
7
5
4
6
10
9
8
9
13
15
12
9
7
7
9
10
8
7
6
4
5
4
4
4
3
3
5
6
8
10
10
10
11
10
6
2
0
-5
-7
-8
-10
-10
-10
-11
-13
-13
-14
-13
-14
-13
-12
-11
-9
-7
-6
-6
-9
-15
-17
-16
-12
-8
-8
-9
-10
-11
-10
-8
-6
-3
0
2
5
8
13
17
19
19
17
14
11
9
7
5
1
0
0
0
-2
-2
-3
-2
-1
-1
1
1
0
0
-1
-2
-2
0
2
2
1
-5
-9
-11
-11
-8
-5
-6
-7
-7
-5
-4
-5
-4
-2
1
8
12
14
12
10
6
4
2
1
1
4
7
9
9
7
4
0
-1
0
2
5
9
11
10
7
7
3
0
0
3
3
2
0
-1
-2
-5
-7
-8
-9
-6
-1
3
6
7
7
7
3
0
-5
-6
-7
-7
-5
-4
-2
-1
3
9
11
11
9
6
2
-2
-7
-8
-9
-9
-6
-4
-1
2
3
2
-3
-7
-8
-9
-10
-9
-7
-7
-7
-5
-5
-5
-6
-9
-9
-6
-5
-4
-5
-6
-7
-5
-2
1
3
2
1
-3
-7
-9
-8
-5
0
4
6
6
7
7
5
5
4
6
5
4
3
2
2
2
1
2
4
4
5
5
5
3
1
1
-1
-1
0
1
2
3
4
4
3
5
5
6
5
4
5
7
6
6
5
6
8
11
12
8
7
7
8
10
12
10
6
4
5
6
4
3
-1
-4
-5
-5
-4
-6
-8
-9
-11
-9
-8
-7
-7
-8
-11
-14
-17
-19
-17
-14
-10
-5
-4
-2
0
0
1
0
-1
-2
-5
