0
0
0
0
0
0
0
0
0
1
0
0
1
0
1
0
0
1
0
0
0
0
1
0
0
-1
0
0
1
1
0
0
-1
0
-1
-1
0
0
0
1
1
0
-1
0
1
0
0
0
0
1
0
1
-1
0
1
0
0
0
-1
0
0
0
1
0
-1
0
-1
-1
0
0
1
0
0
0
1
1
0
0
1
1
-1
0
-1
0
0
0
1
0
0
0
0
-1
0
0
-1
0
0
-1
-1
1
0
0
0
0
-1
0
1
0
0
0
-1
1
0
1
0
1
-1
0
0
0
-1
0
0
0
0
0
0
0
0
0
0
0
0
0
0
0
0
0
1
0
0
0
0
1
0
0
0
0
0
0
0
0
0
0
0
0
0
0
0
0
0
0
0
0
1
0
0
0
0
-1
0
0
1
0
0
0
0
0
-1
0
0
0
0
0
0
-1
0
0
-1
0
0
0
-1
0
0
0
0
-1
0
0
0
0
0
0
0
0
0
0
0
0
0
0
0
-1
0
0
0
-1
0
-1
0
-1
0
0
0
0
1
0
0
0
0
-1
1
0
0
0
0
0
1
0
0
0
0
0
0
1
0
0
0
0
-1
0
-1
0
0
0
0
0
0
0
0
0
0
0
0
0
0
0
0
0
1
0
1
1
0
1
0
0
0
0
0
1
0
1
0
0
0
1
0
0
-1
0
0
1
0
-1
0
0
0
0
-1
-1
1
0
0
1
0
0
1
0
0
0
-1
1
0
0
0
0
0
0
-1
0
0
0
0
0
0
0
0
0
0
0
0
0
0
0
0
0
0
0
0
-1
0
-1
0
-1
0
0
0
0
0
-1
0
-1
1
0
0
0
0
0
-1
0
-1
0
-1
0
0
0
0
-1
0
-1
0
1
0
0
0
0
0
0
1
0
0
0
0
0
0
-1
0
0
0
0
0
0
0
0
1
0
1
1
0
0
0
0
0
0
0
0
0
0
1
0
1
0
0
0
0
0
0
0
1
0
0
0
1
0
1
1
0
0
0
0
-1
0
0
1
0
0
0
0
0
0
0
0
0
0
0
0
0
-1
0
0
0
0
0
0
0
0
0
-1
0
1
0
0
0
0
0
0
0
-1
1
0
0
0
1
0
1
0
0
0
0
0
0
0
-1
0
1
0
0
0
1
0
0
0
0
-1
1
1
0
0
1
0
0
0
0
0
0
0
0
-1
0
0
0
0
1
0
0
0
0
0
0
-1
-1
1
0
0
1
0
0
-1
0
-1
1
0
1
0
0
0
0
1
-1
0
0
0
0
0
0
0
0
0
0
0
0
0
0
-1
0
0
0
0
1
0
0
0
0
0
0
0
0
-1
0
0
0
-1
0
0
1
0
-1
0
0
0
0
1
1
1
0
0
-1
0
0
-1
0
0
0
0
-1
0
0
0
0
0
0
1
0
0
0
0
0
1
0
0
0
0
0
0
0
-1
1
-1
0
-1
0
0
0
0
-1
0
0
0
0
0
0
0
0
0
1
0
0
0
0
0
0
0
0
0
0
0
0
0
0
-1
0
0
0
1
0
0
0
0
-1
0
-1
0
1
0
0
1
0
0
0
0
0
0
0
0
0
0
1
-1
0
-1
0
0
-1
0
0
0
0
-1
0
0
0
0
0
1
0
0
0
0
0
0
0
-1
0
0
0
0
0
0
-1
0
0
0
0
0
0
-1
0
-1
0
0
0
0
1
0
0
0
0
0
0
0
0
0
0
0
0
1
0
0
0
0
1
0
-1
0
1
0
0
0
0
0
0
0
-1
-1
0
0
0
1
0
-1
0
0
-1
0
0
0
-1
0
0
1
0
0
0
0
0
0
1
0
0
0
0
1
0
0
0
1
1
0
0
0
0
0
0
1
0
1
0
0
0
1
0
0
1
-2
2
-1
2
-3
3
-3
4
-4
3
-3
2
-1
-1
3
-8
15
-23
38
-64
130
-1203
-1415
-451
94
826
1363
1971
2386
2863
3162
3450
3592
3750
3830
3929
4010
4055
4050
3960
3803
3555
3269
2912
2442
1886
1248
569
-142
-801
-1477
-2110
-2650
-3103
-3378
-3557
-3552
-3462
-3239
-2878
-2489
-2013
-1550
-1044
-604
-219
170
456
720
941
1118
1246
1322
1360
1321
1338
1418
1470
1446
1357
1247
1055
890
681
384
83
-256
-657
-1155
-1627
-2215
-2894
-3591
-4271
-4906
-5521
-6003
-6508
-6905
-7060
-7032
-6788
-6368
-5771
-5136
-4395
-3481
-2575
-1639
-717
130
881
1584
2256
2784
3305
3792
4159
4431
4642
4792
4819
4880
4914
4843
4712
4477
4120
3647
3166
2605
1913
1100
209
-668
-1452
-2105
-2729
-3209
-3487
-3598
-3560
-3333
-2840
-2250
-1560
-777
26
811
1572
2307
2940
3556
4099
4472
4692
4820
4883
4865
4812
4687
4508
4291
4016
3671
3253
2815
2300
1701
1082
403
-323
-1188
-2091
-2916
-3638
-4135
-4487
-4621
-4574
-4335
-3930
-3413
-2718
-1968
-1154
-356
401
1069
1595
1992
2217
2343
2364
2298
2174
2029
1918
1844
1788
1694
1612
1500
1300
1083
869
711
476
169
-249
-922
-1860
-3232
-4749
-6138
-7454
-8689
-9792
-10571
-11023
-11147
-10876
-10236
-9240
-8038
-6724
-5351
-3907
-2431
-1066
193
1267
2164
2868
3380
3827
4187
4538
4883
5208
5564
5879
6156
6422
6711
6917
6894
6675
6297
5751
5004
4123
3098
1931
614
-761
-2006
-3060
-3876
-4489
-4829
-4890
-4680
-4275
-3694
-2922
-2064
-1132
-182
696
1460
2164
2799
3290
3725
4148
4492
4732
4957
5200
5369
5467
5453
5356
5174
4894
4485
3919
3219
2391
1443
419
-588
-1588
-2505
-3307
-3965
-4452
-4743
-4788
-4694
-4393
-3873
-3276
-2622
-1916
-1169
-461
196
793
1267
1663
1964
2154
2269
2321
2303
2201
2133
2099
2130
2144
2058
1890
1617
1321
975
638
361
99
-132
-403
-894
-1899
-3522
-5459
-7245
-8616
-9748
-10797
-11773
-12473
-12781
-12626
-11835
-10626
-9238
-7714
-6201
-4622
-3059
-1449
28
1282
2379
3172
3741
4235
4608
4975
5402
5752
6279
6552
6851
7195
7444
7912
8087
7923
7515
6848
6145
5274
4266
3103
1532
-89
-1543
-2852
-3840
-4661
-5185
-5424
-5352
-4888
-4272
-3414
-2478
-1485
-490
433
1200
1880
2515
3063
3527
3922
4262
4411
4570
4862
5173
5419
5569
5617
5547
5371
5117
4648
3942
3137
2189
1192
212
-802
-1784
-2655
-3374
-3898
-4188
-4270
-4238
-4050
-3620
-3110
-2564
-1967
-1318
-691
-113
426
806
1040
1212
1334
1393
1411
1444
1467
1540
1675
1781
1873
1906
1867
1724
1512
1272
930
632
405
188
-98
-602
-1685
-3550
-5818
-7894
-9339
-10429
-11507
-12661
-13604
-13893
-13552
-12648
-11368
-9960
-8476
-6909
-5248
-3542
-1928
-498
734
1746
2597
3253
3684
4103
4562
5079
5751
6456
7108
7584
7990
8530
9094
9482
9442
8979
8332
7636
6810
5776
4411
2662
835
-790
-2091
-3149
-4083
-4766
-5172
-5184
-4822
-4273
-3573
-2840
-2030
-1115
-227
478
1020
1527
2002
2450
2820
3129
3388
3683
4160
4649
5058
5329
5467
5585
5672
5707
5545
5064
4337
3467
2576
1665
663
-386
-1370
-2193
-2851
-3317
-3606
-3773
-3781
-3564
-3179
-2765
-2329
-1883
-1468
-1030
-599
-251
-63
30
136
267
404
534
671
833
1098
1440
1793
2123
2315
2361
2328
2261
2124
1871
1581
1230
496
-1100
-3654
-6518
-8726
-10022
-11092
-12524
-14104
-15054
-15114
-14552
-13493
-12159
-10736
-9239
-7619
-5884
-4221
-2715
-1425
-351
588
1435
2163
2793
3438
4111
4934
6024
7154
8065
8743
9422
10288
11148
11677
11575
10916
10123
9306
8201
6650
4749
2702
735
-927
-2258
-3395
-4366
-5053
-5410
-5333
-4819
-4201
-3661
-3097
-2329
-1520
-856
-353
5
408
869
1355
1793
2182
2622
3117
3777
4573
5359
5931
6301
6611
6853
6948
6692
6040
5139
4204
3287
2255
1104
-30
-1060
-1859
-2396
-2746
-2974
-3128
-3157
-3028
-2800
-2529
-2352
-2261
-2091
-1814
-1468
-1186
-1013
-849
-618
-308
60
429
793
1156
1521
1822
2064
2254
2364
2444
2529
2656
2785
2765
2188
426
-2386
-5365
-7485
-8799
-10373
-12540
-14829
-16087
-16165
-15623
-14662
-13596
-12321
-10849
-9047
-7003
-5214
-3664
-2409
-1329
-326
580
1385
1974
2551
3176
4059
5335
6666
7792
8660
9674
10957
12165
12918
12893
12392
11773
11044
9869
8096
5965
3666
1502
-353
-1917
-3309
-4528
-5347
-5762
-5661
-5195
-4782
-4419
-3942
-3131
-2249
-1535
-1049
-715
-210
386
960
1491
2000
2528
3151
4040
5015
5884
6528
6954
7284
7604
7790
7526
6828
5928
4990
4031
2957
1756
540
-476
-1244
-1843
-2293
-2672
-3004
-3274
-3347
-3284
-3279
-3275
-3177
-2932
-2506
-2005
-1639
-1421
-1197
-868
-445
0
419
780
1126
1500
1852
2217
2610
2931
3170
3389
3565
3641
3316
1960
-712
-3963
-6610
-8205
-9631
-11844
-14564
-16590
-17124
-16760
-15993
-15033
-13953
-12600
-10806
-8543
-6459
-4819
-3514
-2488
-1504
-527
443
1214
1760
2381
3179
4469
6114
7552
8618
9648
11059
12589
13768
14189
13842
13183
12419
11396
9706
7550
5186
2706
547
-1214
-2714
-4132
-5359
-6098
-6229
-5829
-5284
-4931
-4577
-3909
-3021
-2242
-1718
-1422
-1063
-534
48
656
1249
1862
2527
3467
4725
6036
7084
7783
8299
8788
9171
9149
8560
7641
6650
5663
4620
3406
2053
734
-379
-1232
-1845
-2308
-2813
-3422
-3878
-3987
-3929
-3919
-3894
-3712
-3255
-2596
-1985
-1656
-1547
-1365
-1074
-727
-312
90
478
874
1384
2020
2609
3058
3408
3756
4138
4228
3140
480
-2898
-5694
-7491
-9204
-11745
-14753
-17090
-17893
-17636
-16861
-15779
-14635
-13293
-11542
-9197
-6880
-5049
-3643
-2659
-1786
-920
9
796
1222
1648
2364
3750
5592
7229
8482
9666
11236
12967
14339
14913
14681
14070
13277
12308
10703
8418
5758
3004
682
-1169
-2742
-4243
-5564
-6267
-6298
-5753
-5032
-4591
-4237
-3667
-2772
-2003
-1566
-1447
-1475
-1197
-697
-95
478
1007
1719
2798
4320
5939
7227
8155
8841
9509
10075
10176
9599
8496
7281
6145
5059
3831
2429
1002
-238
-1119
-1751
-2315
-2934
-3523
-3878
-3876
-3644
-3472
-3418
-3333
-3109
-2739
-2410
-2280
-2271
-2140
-1748
-1174
-540
58
572
1030
1619
2302
3000
3595
3976
4211
4209
3636
1790
-1212
-4260
-6635
-8479
-10693
-13435
-15982
-17513
-17736
-17246
-16353
-15177
-13942
-12495
-10619
-8456
-6462
-4882
-3632
-2658
-1795
-930
-62
600
1080
1716
2766
4478
6381
7933
9216
10535
12141
13666
14661
14954
14611
13910
13003
11728
9855
7488
4898
2405
226
-1669
-3268
-4666
-5800
-6351
-6398
-5986
-5451
-5051
-4559
-3755
-2762
-2082
-1634
-1221
-895
-488
154
870
1411
2073
3009
4058
5334
6681
7712
8336
8901
9510
9828
9720
9137
8177
7191
6259
5151
3803
2439
1105
-153
-1187
-2034
-2897
-3781
-4398
-4676
-4686
-4449
-4100
-3793
-3447
-2957
-2426
-2027
-1678
-1315
-906
-417
54
495
831
1021
1241
1630
2285
2915
3346
3800
4097
3761
2171
-642
-3780
-6320
-8132
-10304
-13314
-16273
-18182
-18744
-18515
-17753
-16668
-15402
-13774
-11724
-9400
-7180
-5281
-3766
-2554
-1495
-553
363
1169
1709
2202
3049
4577
6345
7811
9056
10436
12157
13877
15075
15462
15172
14554
13711
12591
10925
8610
5882
3179
858
-1202
-3112
-4900
-6345
-7111
-7151
-6855
-6395
-5904
-5357
-4556
-3490
-2447
-1888
-1463
-975
-454
221
1005
1670
2134
2907
4073
5348
6579
7644
8382
8949
9673
10232
10266
9818
9019
8018
7035
6015
4700
3069
1421
-62
-1377
-2460
-3376
-4255
-4809
-4802
-4435
-3957
-3612
-3379
-3179
-2888
-2422
-1965
-1575
-1259
-905
-425
145
679
1040
1381
1783
2268
2911
3434
3675
3702
3648
3334
1970
-429
-3507
-6524
-8878
-11163
-13771
-16590
-18586
-19383
-19433
-18667
-17596
-16315
-14773
-12894
-10620
-8471
-6369
-4597
-3317
-2135
-1059
48
1032
1858
2599
3404
4856
6658
8408
9865
11220
12770
14232
15447
15972
15784
15167
14180
12992
11367
9273
6721
4013
1554
-736
-2747
-4588
-6136
-7195
-7691
-7658
-7376
-6898
-6366
-5742
-4705
-3567
-2662
-1966
-1182
-393
370
1422
2384
3094
3876
4943
6105
7250
8428
9227
9637
10034
10431
10535
10244
9671
8762
7755
6722
5486
3928
2210
560
-1012
-2390
-3538
-4573
-5378
-5722
-5563
-5114
-4610
-4132
-3759
-3383
-2868
-2283
-1804
-1376
-873
-253
421
969
1365
1777
2211
2614
3012
3523
3911
4080
3990
3055
746
-2502
-5569
-7935
-9906
-12391
-15514
-18268
-19607
-19753
-19454
-18736
-17617
-16174
-14385
-12085
-9654
-7617
-5784
-4239
-2940
-1707
-478
655
1472
2180
3040
4287
6096
7995
9490
10687
12159
13923
15428
16269
16255
15739
14913
13856
12451
10529
8163
5388
2622
286
-1730
-3669
-5587
-7064
-7838
-7887
-7617
-7400
-7044
-6457
-5554
-4476
-3337
-2452
-1794
-934
-35
851
1859
2836
3565
4368
5698
7129
8243
9046
9639
10091
10570
11062
11025
10476
9719
8818
7814
6683
5334
3602
1695
-75
-1645
-3026
-4173
-5055
-5609
-5593
-5144
-4677
-4304
-3955
-3556
-3010
-2422
-1844
-1385
-1016
-575
-111
384
827
1315
1784
2335
2865
3357
3774
3802
3381
2061
-339
-3532
-6477
-8642
-10688
-13327
-16332
-18528
-19434
-19364
-18908
-18281
-17286
-15783
-13804
-11434
-9097
-7122
-5505
-4090
-2748
-1531
-325
762
1635
2342
3244
4696
6553
8366
9787
11055
12557
14243
15634
16250
16122
15539
14681
13522
11933
9900
7472
4844
2312
105
-1823
-3792
-5800
-7377
-8217
-8350
-8168
-7980
-7687
-7036
-5926
-4646
-3377
-2223
-1198
-141
949
2117
3157
4038
4771
5453
6449
7574
8421
8829
9150
9606
10105
10496
10500
10106
9463
8763
7971
6919
5613
3947
2010
95
-1607
-3088
-4419
-5504
-6171
-6223
-5801
-5233
-4669
-4081
-3268
-2303
-1293
-430
46
405
748
1042
1311
1495
1499
1426
1517
1922
2431
2837
2804
1498
-1075
-4070
-6548
-8341
-10033
-12527
-15748
-18218
-19138
-19086
-18878
-18530
-17762
-16531
-14646
-12061
-9593
-7558
-5780
-4171
-2620
-1118
318
1468
2282
2941
3790
5158
6881
8440
9481
10505
12005
13714
15082
15573
15332
14821
14218
13408
12065
10118
7695
5017
2472
179
-1939
-4009
-6010
-7628
-8477
-8578
-8419
-8260
-7873
-7044
-5765
-4351
-2964
-1875
-929
213
1354
2411
3266
3997
4532
5210
6263
7369
8173
8576
8966
9486
10166
10738
10745
10273
9596
8919
8114
7015
5549
3733
1795
3
-1511
-2847
-3975
-4827
-5228
-5055
-4579
-4095
-3749
-3429
-2772
-1854
-764
160
695
1015
1200
1375
1547
1681
1688
1651
1734
1891
1903
1335
-383
-3050
-5949
-8047
-9482
-11396
-13939
-16729
-18624
-19087
-18805
-18235
-17644
-16778
-15499
-13651
-11294
-9044
-7146
-5638
-4179
-2709
-1247
309
1501
2363
3245
4429
6198
8003
9434
10376
11362
12796
14259
15244
15354
14833
14066
13217
12211
10702
8697
6322
3851
1594
-478
-2429
-4517
-6415
-7743
-8399
-8534
-8538
-8456
-8129
-7233
-5855
-4365
-2990
-1733
-478
839
2221
3502
4490
5251
5935
6630
7447
8159
8563
8678
8873
9323
9776
10081
9968
9556
9080
8598
7930
6822
5307
3391
1333
-549
-2161
-3489
-4510
-5100
-5234
-4935
-4362
-3853
-3468
-2878
-2016
-1001
-35
654
1022
1265
1458
1573
1633
1630
1737
1737
1878
2108
1861
619
-1887
-4847
-7494
-9174
-10681
-13007
-15794
-18161
-19158
-19128
-18620
-17943
-17262
-16154
-14481
-12252
-9864
-7819
-6112
-4744
-3346
-1923
-478
932
1907
2698
3656
5169
7057
8698
9914
10876
12195
13790
15062
15553
15206
14521
13628
12635
11329
9438
7192
4800
2483
314
-1703
-3697
-5729
-7350
-8261
-8527
-8521
-8483
-8322
-7730
-6529
-5047
-3736
-2510
-1325
-145
1217
2604
3802
4644
5429
6206
7032
7978
8676
8954
9037
9383
9921
10281
10323
9894
9287
8760
8195
7364
6124
4584
2792
1022
-560
-2011
-3392
-4638
-5462
-5724
-5399
-4623
-3804
-2987
-1997
-976
-45
706
1250
1579
1828
1989
1954
1756
1492
1364
1297
1363
1238
62
-2477
-5644
-8207
-9725
-10850
-12812
-15603
-17960
-18936
-18784
-18228
-17570
-16912
-15996
-14582
-12448
-10095
-8059
-6317
-4879
-3448
-1896
-276
1225
2339
3128
4069
5644
7632
9340
10355
10988
12028
13469
14732
15192
14748
13985
13114
12131
10864
9092
6894
4592
2497
546
-1286
-3061
-5010
-6846
-8097
-8555
-8669
-8790
-8870
-8659
-7625
-6069
-4651
-3467
-2145
-632
845
2474
4048
5062
5826
6723
7605
8399
9111
9420
9249
9317
9834
10276
10262
9832
9242
8764
8483
7912
6717
5178
3483
1707
132
-1210
-2591
-3963
-5054
-5622
-5547
-4918
-4040
-3238
-2339
-1189
-96
811
1517
1956
2348
2767
3018
2949
2664
2273
1776
1269
426
-1523
-4578
-7714
-9930
-11397
-13002
-15072
-17283
-18733
-18994
-18530
-17781
-16936
-15892
-14692
-13165
-11214
-9294
-7621
-6249
-5013
-3749
-2285
-588
948
2152
3238
4632
6642
8824
10527
11562
12497
13666
14739
15317
15076
14245
13134
11953
10648
9080
7263
5191
3155
1225
-654
-2315
-3896
-5584
-7143
-8155
-8536
-8643
-8648
-8623
-8224
-6968
-5526
-4243
-2938
-1181
460
1920
3751
5214
6230
7112
8103
8684
9132
9688
9630
9284
9239
9630
9764
9554
9290
8834
8603
8374
7730
6545
5094
3438
1551
-94
-1591
-2960
-4070
-4820
-5171
-5045
-4455
-3846
-3150
-2079
-828
354
1275
1885
2112
2186
2224
1998
1665
1421
1109
77
-1909
-4571
-7485
-9642
-11002
-12399
-14428
-16624
-17843
-17901
-17363
-16649
-15907
-15039
-13917
-12448
-10802
-9193
-7688
-6435
-5282
-4176
-2949
-1508
-66
1186
2361
3866
5863
7960
9716
10909
11873
13035
14249
14822
14494
13658
12632
11501
10251
8761
6938
5007
3108
1252
-496
-2015
-3517
-5069
-6366
-7151
-7496
-7706
-7899
-7958
-7527
-6476
-5169
-3891
-2632
-1176
386
1984
3522
4843
5958
6853
7558
8221
8819
9142
9091
8886
8939
9097
9264
9150
8818
8469
8188
7886
7134
6070
4766
3365
1919
491
-825
-2125
-3176
-3910
-4217
-4004
-3566
-3048
-2435
-1535
-503
441
1242
1733
2099
2337
2449
2289
1846
1515
872
-279
-2448
-5644
-8725
-10883
-12104
-13690
-15827
-17719
-18664
-18302
-17471
-16604
-15762
-14647
-13149
-11575
-9796
-8181
-6892
-5819
-4822
-3735
-2581
-1136
334
1495
2671
4244
6443
8724
10464
11584
12591
13937
15092
15452
14852
13707
12482
11188
9747
7963
5918
3847
1738
-213
-1891
-3395
-4910
-6409
-7490
-7942
-8018
-7949
-8003
-7837
-7010
-5699
-4359
-3208
-1851
-346
1244
2938
4483
5766
6717
7581
8310
8901
9445
9539
9200
8893
9038
9376
9447
9165
8614
8164
7831
7318
6463
5270
3954
2477
1024
-347
-1709
-2871
-3760
-4289
-4283
-3706
-2995
-2338
-1514
-459
736
1789
2491
2804
2946
3065
2923
2381
1686
695
-1333
-4434
-7773
-10570
-12299
-13619
-15505
-17594
-18990
-18871
-17943
-16890
-15918
-14919
-13585
-12000
-10164
-8640
-7424
-6339
-5402
-4375
-3404
-2273
-932
372
1630
3058
5158
7573
9684
11163
12295
13571
14861
15700
15505
14401
13086
11716
10257
8476
6408
4228
2138
327
-1396
-2944
-4230
-5332
-6422
-7298
-7620
-7560
-7512
-7417
-7087
-6289
-5104
-3948
-2888
-1686
-6
1736
3302
4846
6164
7279
8155
8964
9567
9858
10009
9710
9273
9068
9028
8671
7980
7425
7006
6701
6172
5281
4197
3091
1979
704
-537
-1634
-2591
-3260
-3601
-3600
-3343
-2872
-2286
-1576
-472
778
1819
2580
3058
3432
3598
3495
3027
2197
1011
-959
-3838
-7081
-9865
-11895
-13717
-15757
-17728
-18998
-19036
-18379
-17420
-16360
-15215
-13781
-12158
-10368
-8857
-7628
-6494
-5502
-4514
-3568
-2422
-1105
218
1607
3141
5153
7457
9577
11220
12516
13865
15062
15757
15651
14761
13526
12069
10543
8682
6549
4408
2334
486
-1252
-2752
-4077
-5347
-6397
-7126
-7487
-7580
-7659
-7696
-7445
-6641
-5528
-4522
-3451
-2158
-635
969
2645
4250
5524
6776
7890
8775
9485
10013
10154
9875
9641
9540
9369
8991
8460
7894
7407
7054
6504
5619
4585
3388
2158
951
-254
-1468
-2535
-3269
-3685
-3646
-3149
-2600
-2031
-1268
-366
522
1239
1865
2310
2669
3057
3130
2759
2232
1356
-448
-3310
-6481
-9343
-11499
-13218
-15280
-17408
-19016
-19350
-18812
-18094
-17081
-15927
-14504
-12889
-11034
-9304
-7874
-6519
-5461
-4396
-3410
-2264
-872
416
1653
3005
4873
7161
9222
10816
12088
13367
14627
15578
15733
14992
13961
12725
11292
9508
7448
5298
3156
1300
-433
-2220
-3822
-5001
-5896
-6680
-7181
-7517
-7739
-7813
-7651
-7141
-6338
-5275
-4201
-3120
-1615
184
1859
3392
4879
6325
7539
8680
9548
9958
10061
9995
9760
9406
9214
8955
8449
7868
7418
7059
6588
5898
4947
3959
2915
1699
360
-913
-2007
-2833
-3276
-3460
-3500
-3263
-2774
-2121
-1339
-259
905
1710
2360
2845
3163
3255
3149
2651
1934
854
-1263
-4302
-7496
-10059
-11942
-13732
-15775
-17714
-18987
-19101
-18520
-17672
-16624
-15330
-13899
-12270
-10398
-8809
-7407
-6229
-5274
-4322
-3364
-2059
-688
603
1894
3386
5417
7704
9728
11163
12476
13870
15078
15788
15621
14795
13633
12302
10850
8993
6958
4845
2824
1140
-404
-2073
-3713
-4924
-5861
-6566
-7078
-7550
-7957
-8042
-7683
-7106
-6280
-5188
-4113
-2968
-1271
711
2399
3954
5454
6714
7818
8985
9761
9927
9875
9819
9628
9397
9256
8844
8298
7862
7585
7261
6780
6047
4972
3922
2885
1632
217
-1114
-2327
-3294
-3722
-3965
-4072
-3727
-2931
-1922
-738
511
1499
2089
2556
3125
3459
3520
3211
2503
1396
-374
-3268
-6816
-9886
-12154
-13979
-16001
-18038
-19415
-19620
-18982
-17999
-16848
-15512
-13969
-12413
-10628
-8948
-7602
-6378
-5326
-4456
-3726
-2676
-1363
-76
1181
2602
4511
6864
9244
11035
12317
13706
15109
16010
16051
15310
14144
12683
11126
9295
7214
5035
2978
1194
-226
-1341
-2659
-4208
-5514
-6246
-6455
-6544
-6901
-7513
-7858
-7468
-6768
-6044
-5185
-4084
-2772
-1161
841
2735
4345
5847
7220
8476
9635
10529
10619
10237
9954
9836
9607
9037
8297
7560
7181
7035
6747
6216
5518
4652
3645
2688
1576
239
-1108
-2347
-3194
-3586
-3609
-3589
-3483
-2879
-1831
-677
451
1368
2011
2541
3078
3421
3366
3128
2520
1292
-935
-3935
-7099
-9937
-11978
-14021
-16281
-18255
-19341
-19207
-18616
-17660
-16568
-15158
-13559
-11920
-10104
-8594
-7182
-6071
-5152
-4282
-3545
-2442
-1215
-80
1089
2630
4754
7010
9158
10833
12313
13826
15205
16043
15857
15098
14019
12617
10942
8960
6858
4685
2665
925
-569
-2035
-3634
-4985
-5886
-6231
-6411
-6801
-7249
-7499
-7254
-6647
-5998
-5296
-4421
-3332
-2097
-504
1208
2761
4152
5484
6926
8213
9296
9843
9864
9800
9902
9971
9538
8903
8235
7708
7363
7030
6679
6041
5309
4456
3465
2361
1073
-200
-1336
-2063
-2401
-2481
-2551
-2634
-2369
-1693
-757
195
986
1588
1927
2173
2386
2391
2170
1702
684
-1504
-4602
-7809
-10411
-12167
-13944
-16048
-18001
-19057
-18830
-18158
-17225
-16135
-14740
-13203
-11518
-9625
-8071
-6662
-5596
-4702
-3859
-3057
-1925
-715
337
1372
2765
4773
6963
8897
10304
11652
13106
14510
15400
15264
14512
13502
12258
10691
8791
6747
4611
2540
769
-596
-1908
-3406
-4775
-5785
-6194
-6287
-6461
-6863
-7243
-7115
-6460
-5778
-5097
-4277
-3208
-1978
-456
1177
2606
3944
5185
6476
7688
8858
9523
9518
9390
9378
9467
9232
8713
8056
7533
7286
6997
6613
5930
5158
4290
3386
2481
1377
275
-792
-1635
-2123
-2250
-2246
-2329
-2100
-1413
-446
428
1087
1555
1816
2158
2384
2350
1972
1262
247
-1558
-4262
-7293
-10024
-12101
-13780
-15566
-17381
-18629
-18820
-18219
-17243
-16198
-14877
-13248
-11683
-10013
-8425
-6934
-5623
-4632
-3699
-2853
-1864
-645
609
1700
2934
4668
6671
8641
10191
11462
12713
13889
14789
14911
14266
13307
12123
10688
8932
7011
5014
3047
1203
-361
-1575
-2706
-3934
-5154
-5958
-6321
-6445
-6613
-6987
-7173
-6810
-6028
-5332
-4582
-3546
-2267
-887
659
2386
3784
5110
6430
7553
8536
9332
9676
9482
9247
9249
9231
8815
8172
7581
7080
6811
6480
5919
5238
4438
3552
2643
1713
698
-276
-1105
-1686
-2000
-2004
-1873
-1895
-1658
-1016
-320
356
952
1363
1627
1892
2016
1890
1444
757
-628
-3259
-6333
-9169
-11384
-13029
-14852
-16935
-18573
-19072
-18616
-17689
-16684
-15449
-13786
-12046
-10069
-8241
-6740
-5365
-4355
-3475
-2621
-1760
-785
250
1113
2054
3529
5442
7453
9047
10349
11781
13196
14439
14989
14532
13599
12545
11278
9646
7719
5630
3566
1602
-24
-1322
-2428
-3343
-4376
-5362
-5757
-5849
-5917
-6070
-6351
-6399
-6018
-5354
-4825
-4211
-3207
-1829
-509
943
2679
3993
5283
6693
7888
8852
9539
9811
9565
9313
9214
8930
8217
7435
6893
6418
6197
5830
5211
4665
4085
3388
2554
1650
587
-550
-1510
-2155
-2485
-2498
-2192
-1957
-1464
-570
157
686
1188
1697
2091
2318
2344
2125
1612
1007
-268
-2758
-5637
-8327
-10615
-12457
-14360
-16386
-17953
-18530
-18229
-17580
-16791
-15614
-14094
-12606
-10825
-9112
-7589
-6111
-5106
-4231
-3316
-2350
-1250
-177
737
1768
3262
5199
7226
8792
10139
11605
12910
14071
14695
14473
13846
12976
11802
10230
8339
6365
4359
2362
716
-621
-1776
-2729
-3825
-4830
-5247
-5398
-5533
-5812
-6129
-6162
-5852
-5280
-4896
-4497
-3682
-2500
-1397
-16
1700
3008
4313
5689
6999
8099
8880
9364
9315
9221
9318
9186
8482
7761
7227
6639
6253
5669
4995
4424
3872
3340
2659
1921
1034
-76
-1059
-1668
-2096
-2298
-2194
-2206
-1964
-1234
-533
3
545
1179
1621
1827
1949
1937
1556
1108
481
-968
-3203
-5781
-8354
-10487
-12106
-13719
-15367
-16773
-17407
-17325
-16864
-15986
-14851
-13521
-12122
-10538
-8886
-7285
-5921
-4958
-3980
-3061
-2063
-928
158
1150
2167
3636
5390
7034
8502
9869
11163
12361
13453
13969
13781
13205
12326
11162
9663
8081
6347
4417
2592
1030
-318
-1489
-2479
-3529
-4427
-4905
-5163
-5297
-5509
-5757
-5869
-5712
-5237
-4792
-4278
-3484
-2520
-1469
-117
1414
2645
3874
5185
6386
7470
8293
8794
8863
8794
8756
8504
8006
7519
7070
6581
6201
5693
5025
4405
3771
3133
2437
1686
805
-170
-985
-1545
-1895
-2084
-2130
-2165
-2035
-1576
-1013
-414
177
763
1267
1633
1923
2015
1898
1557
1039
272
-1023
-2988
-5359
-7613
-9480
-11015
-12618
-14317
-15722
-16464
-16511
-16192
-15578
-14608
-13470
-12324
-10903
-9296
-7769
-6421
-5276
-4234
-3265
-2215
-1036
67
1029
2145
3567
5130
6692
8071
9300
10536
11709
12686
13214
13227
12899
12246
11273
10048
8612
7024
5328
3599
2051
710
-524
-1558
-2553
-3576
-4366
-4836
-5161
-5454
-5690
-5813
-5705
-5378
-4862
-4385
-3712
-2705
-1601
-469
816
2167
3310
4520
5694
6689
7446
7957
8242
8213
8161
8063
7745
7234
6777
6397
5964
5545
4955
4371
3842
3262
2569
1754
906
-85
-1032
-1804
-2453
-2980
-3288
-3323
-3179
-2706
-1966
-1214
-488
241
969
1471
1820
2043
2071
1948
1718
1363
859
245
-781
-2473
-4565
-6546
-8170
-9540
-10953
-12462
-13804
-14592
-14777
-14715
-14453
-13964
-13221
-12286
-11097
-9720
-8377
-7055
-5878
-4731
-3568
-2360
-1126
29
1158
2315
3644
5112
6497
7645
8665
9771
10777
11586
12060
12100
11842
11372
10737
9836
8722
7445
6040
4608
3228
1967
715
-483
-1683
-2818
-3595
-4182
-4714
-5183
-5564
-5758
-5693
-5417
-5024
-4550
-3808
-2824
-1817
-732
582
1774
2818
4007
5070
5958
6641
7083
7279
7346
7478
7507
7314
6997
6757
6423
6009
5592
4996
4440
3885
3257
2579
1812
889
-140
-1117
-2018
-2815
-3499
-3950
-4167
-4099
-3538
-2778
-2045
-1227
-404
282
761
1111
1258
1232
1105
889
566
160
-170
-530
-851
-1251
-2181
-3553
-4999
-6254
-7294
-8393
-9687
-11044
-12115
-12714
-13087
-13265
-13127
-12607
-11968
-11014
-9698
-8392
-7004
-5659
-4321
-3000
-1668
-272
949
1957
2912
3939
4931
5867
6612
7175
7889
8605
9264
9779
10031
10087
9936
9640
9174
8512
7641
6595
5381
4080
2803
1334
-93
-1279
-2360
-3197
-3894
-4447
-4812
-4893
-4675
-4340
-3880
-3244
-2483
-1756
-846
122
896
1672
2342
2949
3561
4139
4612
4946
5235
5564
5885
6086
6288
6335
6280
6279
6061
5708
5295
4710
3996
3234
2403
1452
405
-679
-1612
-2407
-2977
-3324
-3667
-3811
-3706
-3472
-3032
-2442
-1829
-1172
-550
-44
365
582
644
571
338
124
-124
-457
-677
-831
-874
-789
-752
-745
-909
-1634
-2803
-4067
-5351
-6469
-7702
-9137
-10489
-11655
-12395
-12766
-12847
-12517
-11720
-10826
-9654
-8137
-6647
-5025
-3500
-2116
-842
196
1187
2072
2718
3375
4142
4783
5342
5875
6363
7049
7716
8322
8940
9273
9408
9350
9016
8483
7707
6664
5416
3955
2427
1081
-245
-1470
-2450
-3352
-3973
-4234
-4200
-3923
-3395
-2654
-1883
-1113
-286
594
1292
1993
2646
3044
3401
3721
3958
4156
4384
4561
4670
4747
4832
4954
5038
5096
4963
4655
4254
3665
2998
2382
1723
922
137
-616
-1342
-1941
-2437
-2842
-3173
-3323
-3202
-2942
-2473
-1850
-1274
-782
-404
-187
-58
102
263
436
594
658
571
311
-2
-309
-641
-878
-1078
-1383
-1651
-1945
-2290
-2604
-2833
-2993
-3241
-3885
-4940
-6096
-7264
-8161
-8991
-9754
-10339
-10770
-10994
-10954
-10459
-9551
-8190
-6842
-5436
-3887
-2466
-1019
310
1531
2666
3514
4186
4636
4863
5102
5415
5636
5735
5868
5960
6141
6289
6372
6480
6333
6041
5599
4966
4283
3448
2455
1432
462
-459
-1199
-1840
-2331
-2468
-2416
-2081
-1552
-947
-138
752
1620
2471
3249
3900
4447
4810
5036
5181
5084
4858
4557
4142
3830
3522
3169
2893
2608
2350
2129
1828
1498
1172
790
371
-80
-541
-916
-1268
-1588
-1796
-1988
-2154
-2232
-2251
-2102
-1772
-1399
-975
-542
-126
286
590
780
952
993
980
910
693
418
96
-244
-646
-1035
-1460
-1874
-2280
-2696
-3000
-3321
-3575
-3747
-3916
-3968
-4036
-4060
-4066
-4001
-3900
-3961
-4261
-4798
-5375
-5902
-6275
-6546
-6704
-6785
-6719
-6548
-6112
-5390
-4454
-3398
-2419
-1389
-432
489
1306
1975
2528
2931
3179
3280
3277
3264
3308
3370
3384
3370
3398
3468
3610
3777
3972
4099
4079
3959
3747
3510
3210
2806
2283
1761
1282
878
589
361
267
293
435
657
971
1436
2018
2608
3153
3619
3942
4130
4210
4199
4099
3923
3637
3269
2909
2556
2215
1874
1575
1344
1158
1012
895
774
679
596
488
339
156
-56
-321
-617
-962
-1290
-1533
-1712
-1780
-1741
-1609
-1455
-1311
-1122
-933
-730
-561
-435
-425
-500
-602
-760
-927
-1135
-1371
-1694
-2008
-2335
-2646
-2896
-3107
-3245
-3384
-3456
-3538
-3596
-3591
-3536
-3464
-3382
-3280
-3176
-3090
-2971
-2853
-2833
-2923
-3162
-3409
-3654
-3768
-3826
-3788
-3678
-3535
-3296
-3005
-2531
-1970
-1313
-701
-117
445
933
1368
1686
1922
2056
2097
2094
2063
2039
2062
2098
2157
2230
2363
2514
2667
2831
2973
3075
3075
3035
2932
2818
2666
2451
2221
2002
1878
1766
1743
1754
1790
1907
2055
2257
2481
2743
3004
3193
3325
3397
3378
3326
3229
3118
2940
2719
2467
2179
1940
1686
1454
1219
1011
857
718
604
480
333
177
6
-182
-356
-535
-733
-949
-1157
-1319
-1407
-1450
-1430
-1368
-1309
-1237
-1214
-1222
-1224
-1238
-1291
-1417
-1538
-1640
-1721
-1836
-1987
-2149
-2355
-2516
-2667
-2778
-2835
-2868
-2872
-2882
-2878
-2845
-2832
-2808
-2766
-2738
-2720
-2721
-2674
-2598
-2427
-2244
-2106
-1960
-1865
-1717
-1557
-1323
-1086
-930
-826
-809
-808
-853
-871
-895
-894
-868
-824
-758
-685
-549
-376
-183
15
222
380
525
656
827
990
1132
1261
1363
1472
1538
1609
1642
1693
1790
1927
2090
2240
2402
2563
2721
2853
2967
3039
3088
3113
3114
3074
3015
2949
2872
2800
2709
2602
2457
2327
2244
2222
2218
2193
2140
2062
1967
1843
1709
1550
1406
1261
1096
915
714
523
362
214
82
-41
-143
-213
-268
-280
-297
-338
-416
-529
-652
-776
-864
-936
-992
-1042
-1122
-1231
-1388
-1547
-1691
-1811
-1868
-1895
-1870
-1848
-1837
-1874
-1972
-2095
-2230
-2309
-2344
-2361
-2411
-2510
-2616
-2695
-2712
-2656
-2571
-2439
-2316
-2207
-2113
-2014
-1897
-1793
-1656
-1548
-1446
-1368
-1280
-1208
-1133
-1056
-1013
-957
-886
-763
-639
-489
-371
-265
-154
-2
180
355
512
619
686
684
667
595
556
519
490
475
458
493
545
642
729
803
866
922
1023
1152
1311
1465
1590
1701
1796
1887
1984
2057
2104
2142
2184
2235
2281
2345
2396
2450
2470
2466
2436
2405
2401
2366
2301
2186
2036
1850
1666
1501
1335
1175
1023
894
778
689
622
576
538
495
439
363
279
196
120
26
-79
-205
-335
-434
-480
-509
-519
-539
-571
-633
-730
-837
-966
-1087
-1208
-1314
-1410
-1475
-1540
-1606
-1666
-1746
-1814
-1860
-1868
-1856
-1846
-1861
-1912
-1979
-2016
-2014
-1984
-1945
-1922
-1927
-1962
-1973
-1972
-1942
-1879
-1792
-1689
-1604
-1518
-1437
-1322
-1193
-1062
-956
-881
-790
-694
-568
-452
-358
-288
-248
-203
-160
-97
-37
14
112
228
371
499
616
723
795
870
930
1003
1081
1168
1217
1219
1214
1190
1184
1205
1236
1258
1267
1270
1268
1277
1302
1311
1303
1279
1262
1241
1245
1266
1246
1219
1159
1090
1015
971
953
940
930
893
833
764
736
750
789
844
888
896
869
805
731
666
617
588
569
558
522
471
432
392
360
334
307
273
229
192
125
43
-38
-124
-194
-243
-265
-300
-360
-443
-561
-694
-832
-961
-1063
-1135
-1167
-1198
-1216
-1227
-1222
-1190
-1157
-1121
-1099
-1069
-1051
-1062
-1079
-1095
-1100
-1094
-1098
-1121
-1154
-1160
-1139
-1114
-1081
-1041
-989
-913
-820
-735
-676
-655
-666
-688
-689
-674
-644
-613
-592
-567
-537
-477
-395
-298
-215
-173
-144
-99
-15
122
275
407
487
519
516
501
521
560
605
616
588
532
477
452
472
513
575
633
677
721
756
800
831
858
874
895
903
904
876
806
719
629
575
564
606
659
715
753
776
789
813
842
867
882
866
834
788
729
645
534
405
282
170
93
46
32
25
6
-39
-112
-180
-231
-229
-196
-163
-169
-221
-298
-398
-471
-513
-515
-481
-448
-410
-387
-364
-339
-300
-241
-178
-110
-78
-93
-167
-275
-367
-424
-431
-398
-374
-367
-394
-422
-445
-451
-438
-434
-439
-460
-479
-482
-455
-390
-318
-249
-197
-174
-162
-173
-199
-242
-289
-326
-348
-342
-311
-262
-209
-149
-88
-37
1
18
21
28
52
81
90
57
-8
-82
-129
-144
-121
-81
-42
-11
19
60
104
160
205
236
269
294
309
301
269
210
127
59
24
44
107
168
194
175
137
104
127
191
238
231
168
73
-15
-50
-12
62
119
120
64
-14
-86
-110
-92
-62
-54
-75
-106
-121
-90
-44
-34
-74
-154
-226
-250
-203
-99
12
96
115
84
39
23
62
137
211
253
254
231
207
210
226
238
248
250
264
311
375
431
456
454
443
448
487
555
620
629
558
427
297
218
211
255
303
295
220
118
41
35
94
183
238
233
185
122
57
12
-13
-37
-77
-132
-185
-236
-272
-304
-346
-407
-474
-516
-507
-450
-384
-342
-347
-393
-450
-493
-498
-471
-448
-457
-521
-608
-675
-691
-654
-593
-553
-553
-579
-610
-608
-559
-472
-377
-313
-286
-293
-303
-300
-295
-309
-349
-404
-442
-444
-406
-347
-305
-294
-315
-344
-345
-291
-173
-18
134
230
262
267
278
337
439
558
654
689
663
600
554
565
624
706
770
785
761
737
740
774
824
850
843
801
748
704
666
631
573
489
394
310
270
273
295
309
283
228
167
144
163
215
265
273
229
153
87
42
12
-26
-86
-173
-263
-320
-321
-278
-202
-141
-125
-157
-221
-272
-286
-266
-228
-219
-259
-334
-416
-462
-456
-407
-353
-338
-377
-455
-521
-538
-493
-407
-338
-329
-369
-415
-422
-368
-269
-168
-110
-126
-187
-243
-258
-229
-198
-194
-235
-308
-361
-370
-328
-253
-174
-120
-115
-136
-157
-159
-143
-133
-148
-165
-154
-111
-56
-16
-19
-57
-116
-146
-128
-58
40
119
149
120
63
25
45
131
249
348
404
416
419
440
501
571
618
612
551
470
394
358
362
389
417
432
433
430
419
390
337
271
218
206
238
282
316
301
231
132
51
20
45
111
176
201
161
85
8
-40
-43
-5
47
86
98
71
22
-18
-21
6
32
27
-20
-111
-229
-331
-391
-399
-365
-323
-291
-280
-281
-285
-303
-321
-338
-327
-281
-227
-174
-149
-172
-237
-322
-392
-414
-395
-364
-352
-367
-390
-393
-363
-300
-228
-168
-130
-130
-150
-166
-152
-119
-92
-89
-124
-173
-204
-203
-162
-116
-89
-83
-99
-107
-78
-18
61
128
156
157
150
181
255
354
447
493
478
426
379
363
381
416
438
425
378
331
303
302
317
334
347
353
356
357
350
330
293
243
183
129
100
96
113
126
108
50
-32
-95
-114
-92
-37
29
69
58
11
-40
-67
-49
5
40
39
6
-45
-86
-117
-147
-173
-195
-198
-186
-168
-146
-149
-175
-222
-284
-320
-310
-258
-201
-173
-201
-259
-293
-269
-182
-70
13
16
-67
-188
-280
-294
-233
-148
-88
-81
-111
-164
-207
-216
-203
-178
-167
-170
-164
-144
-107
-77
-68
-70
-71
-38
37
133
190
159
40
-120
-245
-282
-214
-82
34
69
16
-89
-192
-245
-204
-70
109
273
372
398
362
296
235
201
207
247
295
321
304
246
165
93
60
81
159
269
365
406
369
292
223
198
230
294
354
368
314
221
137
107
133
184
209
179
103
7
-61
-62
2
100
185
219
195
133
65
17
-14
-33
-40
-50
-65
-86
-124
-178
-248
-328
-395
-432
-419
-356
-265
-179
-132
-140
-193
-259
-302
-308
-285
-257
-245
-257
-290
-323
-339
-336
-317
-285
-237
-182
-120
-54
-13
-6
-33
-69
-73
-38
35
107
139
110
33
-55
-114
-118
-80
-27
13
20
-1
-25
-24
9
58
106
142
155
145
131
125
138
172
203
227
244
255
257
246
216
170
124
97
105
145
194
235
236
194
136
85
80
118
175
206
184
113
15
-75
-128
-126
-89
-51
-42
-73
-132
-185
-205
-192
-153
-102
-62
-39
-33
-38
-43
-49
-57
-66
-61
-36
-13
-5
-27
-70
-124
-179
-216
-228
-215
-184
-157
-148
-153
-160
-155
-122
-56
40
135
196
210
179
133
97
85
110
164
222
257
244
185
109
48
28
56
119
190
239
239
186
97
8
-46
-49
-12
47
92
94
38
-60
-162
-230
-236
-188
-122
-87
-109
-185
-270
-305
-271
-188
-101
-60
-79
-140
-200
-215
-180
-121
-71
-67
-105
-173
-239
-273
-256
-196
-118
-47
3
44
80
114
150
183
219
261
303
340
372
392
396
379
337
291
257
243
249
274
306
333
337
315
262
194
142
115
121
150
167
145
74
-37
-151
-226
-232
-179
-109
-63
-74
-148
-260
-372
-438
-435
-375
-298
-245
-238
-277
-328
-357
-350
-302
-232
-171
-138
-134
-153
-175
-188
-193
-200
-216
-235
-247
-243
-218
-173
-131
-103
-90
-85
-68
-29
20
68
97
107
108
118
150
199
246
273
268
241
214
207
233
275
321
343
335
299
254
221
212
225
250
273
279
269
250
233
218
196
168
139
119
111
114
113
98
62
15
-16
-10
30
90
130
124
74
1
-51
-61
-32
18
55
52
0
-67
-115
-127
-101
-66
-39
-33
-43
-53
-57
-54
-52
-62
-86
-116
-132
-129
-124
-139
-186
-251
-310
-335
-319
-277
-251
-252
-276
-299
-296
-260
-208
-162
-142
-150
-169
-178
-152
-96
-38
1
-4
-48
-100
-134
-131
-97
-50
-10
3
-11
-34
-54
-70
-69
-56
-36
-30
-40
-56
-62
-48
-25
-6
-7
-24
-45
-58
-48
-22
8
31
50
67
82
92
92
87
79
80
94
114
127
117
90
54
27
22
51
103
152
181
164
116
79
72
111
177
242
280
283
266
250
250
274
297
301
285
255
232
224
246
275
276
238
177
134
129
159
198
214
191
138
84
55
59
73
74
58
27
1
2
24
50
55
28
-29
-90
-123
-121
-97
-67
-49
-47
-67
-94
-108
-110
-105
-101
-99
-104
-109
-102
-97
-101
-122
-159
-210
-254
-274
-276
-260
-243
-250
-282
-326
-352
-347
-318
-288
-272
-278
-301
-321
-329
-315
-287
-254
-223
-199
-185
-181
-185
-190
-189
-178
-155
-120
-79
-48
-40
-58
-86
-104
-99
-62
-7
45
71
61
18
-29
-48
-21
31
78
106
111
106
118
146
182
210
213
204
202
220
252
281
279
243
186
142
139
182
252
310
326
290
238
203
202
239
292
331
337
309
261
221
215
239
268
279
251
194
133
101
101
121
140
145
127
95
68
50
33
10
-14
-27
-21
-2
16
13
-22
-82
-145
-181
-164
-99
-22
31
25
-44
-150
-243
-285
-257
-177
-94
-44
-54
-106
-168
-211
-218
-201
-183
-167
-161
-151
-149
-156
-175
-217
-259
-278
-256
-205
-152
-122
-136
-178
-216
-222
-191
-141
-95
-82
-104
-143
-178
-185
-163
-120
-86
-90
-120
-155
-171
-143
-82
-16
23
22
-5
-34
-41
-16
38
98
135
142
123
100
90
94
110
126
133
141
151
164
177
188
194
184
163
139
133
152
189
229
250
241
200
136
79
52
62
104
151
172
154
99
40
-2
-21
-8
20
44
51
35
2
-35
-56
-51
-34
-16
-7
-7
-8
-4
1
2
-2
-1
3
22
52
79
90
77
42
-10
-52
-67
-44
-2
32
34
0
-47
-85
-93
-66
-21
18
36
28
9
-14
-26
-19
-5
7
17
23
25
20
16
17
22
27
24
12
-4
-26
-45
-55
-54
-49
-47
-50
-54
-56
-62
-76
-97
-113
-112
-80
-27
21
40
16
-46
-106
-133
-121
-79
-41
-35
-69
-120
-160
-171
-146
-106
-75
-70
-88
-108
-108
-83
-44
-18
-24
-55
-95
-117
-100
-51
8
37
24
-15
-59
-78
-61
-27
13
37
38
18
-11
-28
-29
-16
3
27
45
56
55
39
21
10
17
39
72
111
144
160
155
136
115
107
114
135
158
170
165
151
133
116
102
93
95
97
101
98
86
67
47
31
28
35
40
51
64
70
69
63
54
43
34
32
32
32
35
28
10
-14
-23
-15
-1
9
6
-9
-26
-37
-42
-38
-30
-21
-17
-23
-39
-59
-74
-76
-62
-42
-22
-15
-21
-36
-58
-76
-86
-85
-76
-67
-65
-71
-84
-92
-89
-72
-39
-8
10
7
-10
-30
-39
-29
-11
2
8
3
-8
-22
-37
-47
-46
-37
-20
-5
7
15
14
4
-9
-22
-26
-18
-3
11
17
14
-5
-35
-64
-77
-71
-49
-25
-6
9
12
7
-4
-23
-39
-54
-58
-50
-37
-30
-37
-60
-82
-95
-99
-90
-79
-70
-71
-81
-93
-103
-101
-93
-84
-70
-57
-46
-37
-27
-20
-13
-11
-9
-10
-6
5
22
43
56
62
51
33
23
34
63
97
121
128
123
116
119
135
153
169
172
161
142
133
143
172
208
229
226
200
157
122
111
131
173
214
230
215
178
136
110
100
111
128
136
133
120
109
98
87
69
47
28
16
8
0
-11
-31
-58
-91
-120
-139
-138
-122
-110
-115
-138
-171
-197
-203
-198
-192
-191
-190
-192
-197
-201
-212
-228
-241
-244
-240
-230
-210
-192
-185
-195
-220
-242
-247
-228
-190
-155
-136
-140
-157
-178
-185
-176
-147
-109
-72
-47
-38
-44
-54
-56
-48
-29
-1
29
59
87
106
111
103
90
83
87
107
139
171
192
200
191
181
179
190
207
221
232
232
222
214
214
226
242
248
232
195
151
115
94
92
107
126
128
104
58
8
-22
-23
-3
24
48
54
45
32
14
3
8
21
39
52
57
55
43
29
8
-13
-22
-21
-8
9
17
11
-7
-34
-64
-84
-89
-84
-67
-52
-45
-46
-58
-80
-107
-129
-142
-137
-117
-95
-84
-90
-117
-151
-177
-179
-160
-135
-113
-109
-113
-123
-130
-127
-115
-95
-74
-64
-59
-58
-57
-52
-47
-42
-40
-46
-52
-54
-45
-26
-6
8
14
10
1
-7
-12
-16
-14
0
23
53
80
90
81
59
41
37
45
66
88
96
91
71
43
23
19
33
58
84
98
97
90
67
41
24
24
43
73
101
111
99
70
43
32
33
48
65
74
73
70
63
53
43
38
41
46
53
62
66
61
47
28
11
13
24
35
36
19
-10
-33
-39
-24
3
27
36
24
-3
-37
-64
-69
-55
-33
-21
-24
-40
-60
-76
-80
-78
-70
-67
-67
-68
-67
-58
-47
-38
-36
-43
-51
-56
-62
-74
-88
-98
-100
-88
-68
-46
-33
-33
-50
-79
-104
-117
-115
-98
-73
-48
-31
-24
-28
-31
-25
-12
2
13
18
17
21
32
50
71
78
69
54
41
40
50
66
84
90
81
61
44
35
37
46
54
58
54
44
33
28
36
45
58
77
91
102
110
108
102
92
83
71
54
41
42
54
73
80
73
58
37
10
-13
-25
-27
-30
-38
-43
-48
-50
-46
-46
-54
-78
-115
-152
-172
-169
-151
-131
-115
-105
-99
-92
-82
-77
-82
-99
-120
-134
-127
-94
-48
-2
25
22
0
-27
-42
-39
-22
-12
-14
-26
-38
-37
-22
4
29
42
30
5
-19
-34
-31
-18
3
32
56
74
90
96
97
92
76
57
42
40
57
88
117
135
140
138
134
133
134
133
125
106
85
71
65
68
77
90
100
95
72
41
8
-25
-53
-72
-78
-76
-67
-49
-34
-29
-33
-45
-56
-59
-54
-46
-33
-25
-19
-13
-2
16
29
29
18
-4
-32
-56
-69
-71
-61
-52
-45
-43
-46
-47
-45
-39
-31
-27
-28
-34
-44
-52
-54
-45
-26
-3
15
27
27
15
2
-5
-2
9
30
53
70
80
80
70
61
51
42
33
23
12
8
11
21
28
22
5
-25
-55
-84
-103
-113
-117
-122
-127
-138
-148
-154
-152
-147
-143
-145
-153
-163
-167
-156
-128
-89
-51
-25
-18
-27
-39
-40
-26
-2
19
28
30
30
32
42
60
75
85
91
92
91
90
88
89
92
93
99
109
125
143
150
147
135
121
113
110
113
123
132
140
148
159
166
166
156
139
119
98
85
75
69
64
56
47
35
22
11
2
-11
-29
-45
-61
-75
-92
-103
-107
-107
-108
-109
-112
-117
-124
-128
-130
-126
-115
-98
-74
-56
-47
-47
-51
-56
-58
-57
-50
-34
-18
-7
-5
-10
-23
-49
-78
-98
-100
-87
-66
-47
-40
-41
-46
-47
-43
-29
-9
8
16
14
4
-4
-4
7
25
46
61
71
78
79
76
72
63
51
43
40
45
53
51
42
27
14
6
6
7
3
-3
-14
-27
-40
-47
-41
-28
-18
-10
-14
-23
-32
-42
-42
-32
-21
-14
-10
-4
8
23
35
35
17
-6
-24
-28
-16
7
28
41
43
38
32
30
29
29
25
16
9
11
19
32
46
55
56
43
21
-1
-11
-2
16
31
36
32
19
4
-1
3
11
19
22
23
23
27
35
32
24
12
3
9
26
43
44
25
-6
-36
-59
-65
-52
-35
-25
-30
-52
-82
-105
-115
-110
-94
-79
-73
-71
-66
-55
-40
-29
-23
-19
-17
-16
-7
14
42
62
68
60
46
38
49
70
93
100
85
55
16
-13
-22
-17
-5
3
1
-11
-22
-30
-33
-34
-38
-47
-48
-43
-31
-13
3
14
17
13
1
-7
-6
-1
6
8
9
9
7
4
-2
-2
-3
-3
-6
-10
-14
-16
-13
-8
-3
-4
-12
-26
-34
-33
-35
-37
-43
-51
-59
-60
-51
-34
-8
18
34
37
29
16
8
12
26
47
69
86
97
96
91
81
68
61
57
49
45
42
41
37
26
18
7
0
-2
5
12
8
-5
-24
-35
-38
-28
-13
-3
3
1
-4
-5
-1
4
7
8
9
6
3
5
11
23
33
32
29
20
15
11
6
-4
-18
-34
-47
-57
-59
-60
-63
-71
-82
-97
-112
-121
-121
-112
-101
-93
-90
-89
-86
-78
-67
-54
-40
-23
-2
16
30
37
41
48
62
82
102
114
117
109
98
87
80
82
92
105
107
96
77
55
41
37
36
38
39
35
23
10
-1
-6
-3
1
1
0
-7
-13
-15
-17
-16
-15
-11
-1
7
12
10
-4
-28
-54
-72
-78
-63
-41
-24
-16
-20
-34
-62
-93
-118
-135
-139
-134
-118
-97
-79
-76
-83
-91
-93
-88
-72
-48
-32
-26
-29
-36
-41
-36
-23
3
27
44
51
51
50
51
54
61
74
89
101
107
105
98
89
80
69
56
42
33
32
38
48
58
69
72
66
56
46
40
46
54
62
71
76
75
73
70
65
63
62
65
66
63
61
53
41
26
7
-2
-8
-12
-11
-6
-3
-5
-13
-27
-44
-62
-76
-85
-93
-99
-100
-99
-95
-93
-92
-91
-84
-77
-69
-60
-49
-35
-23
-15
-8
-2
-2
-7
-13
-22
-24
-20
-15
-6
-1
-4
-11
-20
-29
-36
-40
-44
-47
-50
-53
-53
-52
-51
-47
-43
-41
-39
-34
-24
-10
4
15
26
31
35
39
46
63
83
100
107
94
70
49
44
51
65
74
75
65
50
37
34
37
47
50
41
26
7
-9
-18
-12
-4
1
3
1
-3
-9
-13
-19
-23
-25
-22
-14
-11
-9
-8
-6
-1
0
3
6
3
-6
-17
-32
-45
-55
-59
-52
-40
-27
-16
-14
-26
-48
-71
-79
-71
-51
-25
-4
5
6
-5
-22
-35
-40
-33
-21
-8
1
2
-5
-12
-17
-13
1
19
36
47
51
46
34
28
26
34
51
67
76
78
74
62
50
40
32
26
22
22
28
34
33
22
8
-4
-5
3
16
23
21
13
4
-3
-3
1
3
1
-4
-9
-10
-10
-12
-13
-15
-14
-14
-14
-17
-25
-38
-52
-64
-65
-63
-60
-60
-57
-55
-51
-45
-41
-39
-39
-36
-29
-22
-18
-19
-18
-14
-2
13
20
19
8
-6
-13
-18
-14
0
17
33
39
37
24
9
-4
-14
-6
16
39
51
56
52
46
45
49
55
60
61
58
52
42
32
27
22
21
21
24
27
29
20
6
-12
-22
-22
-18
-12
-15
-20
-26
-24
-21
-22
-24
-32
-42
-47
-51
-45
-35
-24
-17
-18
-19
-23
-27
-31
-32
-28
-22
-22
-25
-30
-32
-32
-28
-22
-11
2
10
10
6
2
2
5
17
34
46
49
42
29
17
12
10
11
12
16
16
13
10
9
7
2
-6
-11
-14
-15
-6
5
13
24
30
39
47
51
51
43
33
23
15
11
15
24
34
42
45
39
32
20
10
3
4
7
7
5
-5
-12
-16
-12
-5
-1
-1
-5
-10
