3
3
3
3
1
-4
-9
-12
-13
-10
-5
4
10
13
11
8
5
2
-2
-5
-8
-11
-13
-9
-1
9
15
14
11
7
1
-4
-9
-13
-13
-12
-9
-6
-2
4
7
7
6
6
7
4
0
-7
-11
-11
-7
0
5
12
13
13
9
5
1
-1
-3
-4
-4
-4
-4
-2
0
3
5
6
7
7
4
0
-4
-7
-6
-4
0
3
5
8
10
11
10
10
7
3
-2
-7
-9
-8
-9
-9
-7
-3
-1
0
-3
-8
-9
-10
-11
-11
-9
-8
-5
-4
-4
-1
3
6
8
4
1
-4
-10
-11
-8
-4
3
7
10
13
16
17
14
7
1
-4
-10
-12
-12
-11
-5
1
6
10
13
13
7
0
-4
-6
-7
-6
-3
4
8
9
8
8
12
14
12
4
-3
-11
-16
-14
-9
-1
5
7
7
6
5
1
-3
-4
-4
-2
-4
-9
-13
-10
-5
0
4
5
6
5
1
-4
-7
-8
-4
-1
4
6
5
3
2
3
6
6
4
1
-1
0
1
0
0
-2
-3
-3
-1
1
1
0
-2
-1
0
2
1
-2
-6
-10
-11
-13
-11
-8
-4
-1
1
0
0
0
1
1
0
-1
-3
-2
0
1
4
6
6
4
3
3
0
-1
-2
-1
3
8
10
9
4
1
-2
-3
-2
-1
-1
2
4
7
7
7
7
10
9
7
4
1
-2
-4
-4
-4
0
6
10
11
10
6
1
-3
-4
-4
-5
-9
-11
-14
-15
-11
-5
-2
-3
-7
-9
-9
-8
-8
-10
-12
-9
-1
8
11
11
8
6
2
-1
-4
-7
-10
-11
-10
-8
-4
1
5
7
5
1
-2
-6
-7
-6
-4
0
3
5
6
9
12
13
13
13
13
13
12
10
6
1
-1
-1
-1
0
-3
-5
-4
-2
-1
-3
-8
-10
-9
-6
-5
-5
-4
1
10
15
18
14
8
2
-2
-4
-2
1
2
2
1
2
4
10
14
15
11
2
-8
-18
-23
-20
-14
-7
-2
0
2
5
8
8
5
3
-2
-4
-4
-5
-9
-11
-9
-5
0
3
-1
-8
-17
-25
-28
-28
-27
-23
-17
-9
-2
5
9
12
15
17
16
11
6
2
-1
-1
0
1
3
7
10
10
7
1
-6
-10
-12
-12
-14
-14
-12
-4
7
17
25
29
32
32
31
27
22
15
6
-1
-5
-5
-4
-4
-3
0
2
6
7
5
2
0
0
0
3
8
14
18
20
19
15
15
17
18
17
10
0
-6
-10
-12
-12
-15
-17
-16
-14
-11
-14
-19
-26
-30
-31
-27
-25
-23
-18
-14
-8
-2
1
2
-1
-3
-6
-10
-18
-29
-38
-43
-45
-43
-40
-39
-34
-26
-16
-9
-8
-9
-9
-4
-1
0
1
-1
1
8
16
20
20
17
14
13
13
14
14
11
10
12
13
16
15
16
19
24
28
27
23
21
20
24
27
30
32
35
38
43
47
50
51
51
54
55
56
53
50
46
44
43
42
43
45
46
45
44
41
36
32
29
30
30
25
15
2
-10
-15
-19
-22
-29
-39
-51
-62
-73
-86
-98
-111
-123
-138
-156
-175
-191
-199
-197
-189
-173
-154
-132
-104
-72
-42
-17
-1
9
14
20
21
22
21
21
24
29
37
41
39
33
23
9
-7
-27
-49
-71
-86
-91
-84
-67
-42
-14
15
44
67
85
97
106
117
127
137
143
149
154
163
171
175
171
159
142
124
106
89
70
52
38
33
35
43
53
64
77
91
107
122
133
142
151
158
164
166
164
156
149
143
137
123
102
78
52
30
6
-26
-59
-86
-108
-124
-139
-157
-176
-193
-205
-212
-228
-253
-293
-337
-386
-442
-509
-575
-625
-646
-637
-605
-552
-486
-406
-316
-223
-135
-57
5
47
77
101
123
146
168
192
217
244
260
258
239
205
159
104
44
-20
-84
-132
-161
-162
-141
-101
-47
16
85
152
208
252
283
306
324
343
360
374
387
402
418
431
430
410
370
319
265
208
148
87
29
-16
-44
-54
-48
-35
-15
6
24
36
41
38
36
39
46
55
67
80
98
115
130
133
126
108
82
49
12
-21
-51
-77
-98
-110
-112
-108
-102
-99
-99
-98
-99
-104
-114
-136
-162
-188
-203
-206
-200
-192
-176
-153
-125
-98
-79
-69
-70
-81
-108
-139
-168
-190
-202
-208
-204
-193
-179
-166
-156
-140
-119
-106
-103
-114
-128
-145
-174
-207
-242
-266
-274
-272
-262
-247
-229
-203
-182
-164
-156
-158
-161
-156
-134
-94
-47
6
67
139
216
283
334
363
371
357
327
290
248
206
165
131
107
93
84
75
68
68
76
89
103
117
131
151
180
215
250
283
314
349
390
427
450
452
437
413
381
347
313
280
251
227
210
201
191
177
155
130
104
76
44
8
-21
-40
-44
-38
-28
-12
7
29
56
87
110
116
106
86
62
31
0
-33
-54
-74
-103
-150
-201
-246
-276
-291
-299
-297
-291
-279
-272
-308
-431
-677
-1026
-1382
-1651
-1792
-1847
-1849
-1800
-1653
-1380
-1017
-624
-282
-17
168
299
398
469
507
509
505
542
642
777
890
955
983
981
941
836
641
368
54
-235
-452
-581
-638
-638
-570
-428
-212
35
255
417
516
582
631
667
680
671
666
699
780
902
1021
1104
1126
1082
969
782
524
213
-127
-484
-821
-1093
-1237
-1230
-1116
-953
-759
-515
-226
55
255
371
420
439
436
414
392
391
416
463
531
628
705
720
647
515
372
201
-3
-243
-462
-614
-691
-699
-653
-574
-473
-368
-247
-121
-19
27
9
-17
-15
26
85
135
195
277
377
462
492
460
373
248
109
-33
-171
-320
-470
-584
-633
-600
-534
-453
-371
-285
-172
-52
49
86
10
-217
-562
-947
-1287
-1563
-1787
-1952
-2009
-1909
-1668
-1327
-938
-549
-196
84
285
411
480
509
509
522
574
678
814
962
1110
1253
1363
1411
1363
1207
949
627
294
-20
-286
-504
-652
-707
-649
-489
-274
-51
148
306
424
496
520
509
488
484
521
601
722
853
972
1062
1117
1082
860
422
-155
-681
-996
-1112
-1144
-1131
-1041
-785
-384
60
441
654
711
652
508
351
196
34
-129
-227
-162
38
297
494
613
715
788
788
660
396
63
-272
-533
-675
-713
-684
-639
-540
-343
-87
126
207
173
104
59
23
-34
-107
-161
-166
-98
49
218
347
385
336
279
245
198
100
-53
-167
-197
-173
-137
-109
-16
86
32
-355
-1090
-1936
-2588
-2919
-3037
-3135
-3247
-3200
-2821
-2063
-1117
-272
332
707
973
1228
1432
1526
1436
1243
1079
1075
1239
1444
1583
1625
1636
1653
1622
1432
1017
410
-222
-748
-1104
-1330
-1492
-1571
-1479
-1163
-664
-121
329
628
814
955
1075
1139
1097
981
876
873
992
1185
1362
1475
1506
1488
1422
1263
951
402
-320
-1088
-1744
-2174
-2404
-2481
-2384
-2091
-1586
-941
-304
248
631
870
1004
1007
924
771
566
393
327
424
631
856
1019
1100
1132
1085
920
618
193
-277
-723
-1070
-1277
-1341
-1281
-1137
-899
-568
-182
157
375
474
470
430
370
277
183
95
54
106
257
466
662
794
848
860
827
704
493
210
-76
-301
-435
-458
-459
-638
-1133
-1909
-2695
-3176
-3330
-3358
-3447
-3581
-3516
-3053
-2231
-1273
-442
165
605
1002
1401
1745
1920
1883
1722
1602
1629
1757
1839
1807
1704
1596
1527
1430
1184
732
126
-483
-955
-1267
-1491
-1679
-1804
-1756
-1458
-958
-402
72
423
702
966
1222
1421
1491
1443
1370
1363
1456
1595
1695
1705
1642
1540
1421
1245
957
507
-120
-811
-1461
-1971
-2308
-2531
-2657
-2620
-2367
-1891
-1287
-678
-119
347
724
1016
1187
1241
1198
1073
946
894
925
1007
1062
1057
1042
1024
947
757
441
36
-379
-747
-1031
-1216
-1307
-1302
-1200
-986
-666
-313
-13
194
335
446
543
578
532
447
354
303
341
440
579
743
873
983
1046
1018
898
677
416
188
-39
-282
-652
-1274
-2112
-3039
-3802
-4191
-4248
-4160
-4071
-3933
-3539
-2782
-1786
-808
-55
462
848
1197
1535
1796
1908
1881
1817
1840
1998
2218
2360
2352
2238
2073
1860
1549
1061
402
-325
-989
-1465
-1750
-1915
-1991
-1962
-1732
-1289
-718
-155
269
553
773
982
1185
1337
1402
1404
1428
1544
1754
1985
2140
2166
2080
1910
1688
1381
949
383
-309
-1032
-1712
-2289
-2691
-2924
-2988
-2828
-2451
-1908
-1297
-709
-137
377
792
1102
1255
1279
1253
1202
1166
1168
1195
1237
1247
1217
1184
1116
954
666
281
-147
-566
-945
-1242
-1434
-1514
-1480
-1331
-1087
-764
-430
-157
62
244
402
506
543
529
488
468
480
536
637
747
854
950
1008
1016
936
735
473
212
-13
-209
-474
-907
-1565
-2432
-3322
-3999
-4344
-4405
-4368
-4309
-4088
-3542
-2642
-1569
-610
98
607
1032
1439
1780
1981
2007
1914
1847
1923
2124
2347
2475
2459
2352
2206
2001
1663
1138
442
-307
-967
-1460
-1796
-2020
-2149
-2124
-1863
-1385
-793
-232
212
543
812
1064
1279
1408
1450
1446
1480
1624
1849
2073
2221
2255
2188
2055
1837
1476
907
157
-675
-1475
-2134
-2646
-2991
-3127
-3028
-2674
-2099
-1403
-694
-67
426
799
1047
1185
1208
1095
935
825
824
943
1112
1262
1384
1458
1458
1362
1141
772
278
-252
-739
-1118
-1373
-1521
-1552
-1444
-1192
-853
-498
-186
37
185
284
342
371
368
324
280
298
416
633
873
1081
1214
1258
1227
1090
872
611
333
82
-210
-723
-1566
-2719
-3892
-4720
-5047
-5014
-4935
-4908
-4724
-4126
-3058
-1785
-690
52
523
913
1349
1794
2107
2196
2120
2068
2209
2544
2899
3080
3042
2881
2685
2453
2073
1428
532
-448
-1294
-1884
-2238
-2477
-2652
-2662
-2410
-1873
-1174
-513
-8
344
628
933
1250
1499
1624
1662
1741
1945
2256
2584
2798
2838
2741
2559
2310
1939
1287
330
-816
-1920
-2715
-3150
-3324
-3346
-3240
-2903
-2258
-1408
-547
123
520
758
924
1046
1115
1065
912
786
815
1072
1461
1784
1950
1969
1917
1797
1539
1067
396
-362
-1050
-1531
-1776
-1861
-1850
-1762
-1540
-1142
-667
-253
4
101
137
173
223
272
281
289
361
558
879
1236
1513
1626
1584
1450
1276
1029
694
295
-122
-594
-1269
-2276
-3524
-4667
-5358
-5526
-5410
-5282
-5171
-4835
-4048
-2849
-1541
-480
216
680
1107
1598
2079
2399
2496
2460
2483
2701
3056
3356
3431
3266
2980
2684
2351
1849
1077
80
-947
-1781
-2328
-2644
-2849
-2964
-2891
-2524
-1883
-1122
-434
75
450
784
1140
1496
1762
1913
1992
2115
2363
2700
3010
3165
3135
2969
2708
2317
1696
790
-306
-1379
-2222
-2806
-3200
-3458
-3540
-3337
-2818
-2083
-1296
-617
-111
276
601
898
1125
1211
1180
1126
1188
1436
1766
2047
2208
2252
2231
2131
1886
1455
830
85
-633
-1197
-1567
-1798
-1944
-1989
-1874
-1567
-1149
-748
-452
-268
-145
-31
88
191
262
302
379
566
863
1214
1491
1608
1604
1511
1383
1225
966
632
195
-432
-1312
-2504
-3859
-5043
-5803
-6096
-6096
-5999
-5779
-5250
-4288
-2981
-1625
-517
278
863
1379
1879
2289
2529
2603
2593
2669
2930
3298
3608
3728
3648
3441
3158
2741
2096
1170
48
-1064
-1999
-2663
-3096
-3372
-3475
-3329
-2868
-2140
-1310
-540
77
558
978
1377
1724
1950
2064
2145
2291
2556
2895
3200
3376
3399
3277
3039
2637
1940
929
-298
-1553
-2569
-3296
-3784
-4042
-4072
-3786
-3168
-2324
-1397
-583
21
479
829
1091
1285
1349
1296
1233
1278
1517
1888
2232
2465
2569
2551
2407
2105
1589
849
-30
-887
-1574
-2028
-2281
-2388
-2377
-2193
-1794
-1281
-778
-368
-103
76
224
345
443
498
512
552
681
930
1265
1539
1684
1703
1639
1566
1415
1139
772
346
-136
-808
-1875
-3298
-4785
-5926
-6459
-6525
-6425
-6300
-6005
-5249
-3947
-2359
-897
168
857
1396
1948
2485
2869
2999
2912
2808
2893
3194
3580
3815
3784
3570
3288
2973
2506
1725
625
-626
-1765
-2601
-3144
-3502
-3738
-3795
-3513
-2831
-1889
-918
-108
498
984
1447
1882
2209
2365
2383
2405
2550
2833
3150
3367
3413
3308
3105
2828
2314
1401
116
-1357
-2625
-3465
-3942
-4221
-4363
-4257
-3742
-2814
-1662
-584
184
671
1006
1285
1529
1640
1528
1268
1082
1177
1565
2052
2390
2533
2565
2536
2426
2112
1471
551
-458
-1329
-1921
-2250
-2420
-2515
-2469
-2146
-1547
-851
-277
67
206
292
388
470
476
368
246
235
447
842
1280
1630
1805
1848
1845
1816
1737
1517
959
-108
-1725
-3652
-5418
-6606
-7119
-7235
-7247
-7130
-6591
-5392
-3648
-1826
-393
519
1104
1626
2157
2546
2643
2480
2270
2272
2616
3189
3735
4070
4184
4186
4105
3847
3229
2140
702
-786
-2053
-2981
-3632
-4116
-4394
-4311
-3756
-2787
-1659
-654
122
717
1232
1706
2061
2203
2134
2010
2023
2262
2660
3069
3365
3512
3542
3469
3260
2742
1784
398
-1209
-2677
-3761
-4417
-4770
-4914
-4760
-4176
-3147
-1848
-603
358
999
1411
1700
1852
1821
1580
1220
946
958
1274
1734
2137
2392
2545
2647
2633
2359
1716
740
-356
-1328
-2026
-2453
-2700
-2825
-2758
-2387
-1701
-883
-166
308
537
659
749
787
699
478
234
140
279
639
1071
1439
1679
1792
1852
1833
1716
1436
989
298
-797
-2350
-4206
-5900
-6958
-7290
-7162
-6930
-6642
-5984
-4726
-2953
-1115
280
1103
1563
1939
2347
2666
2757
2602
2383
2363
2668
3218
3736
4000
4003
3862
3660
3324
2669
1584
170
-1281
-2477
-3294
-3794
-4110
-4246
-4055
-3423
-2404
-1245
-215
556
1114
1579
1995
2308
2418
2317
2153
2106
2273
2600
2931
3156
3226
3189
3050
2703
1976
792
-697
-2167
-3301
-4003
-4391
-4581
-4555
-4172
-3341
-2165
-919
105
779
1193
1475
1670
1731
1582
1242
880
742
951
1414
1898
2225
2395
2483
2510
2377
1934
1158
165
-821
-1588
-2078
-2357
-2499
-2511
-2291
-1767
-1051
-347
168
445
575
652
688
644
495
291
138
167
418
805
1198
1478
1630
1716
1774
1767
1619
1236
512
-679
-2349
-4235
-5893
-6917
-7248
-7193
-7034
-6717
-5946
-4536
-2678
-862
472
1254
1716
2126
2517
2746
2692
2412
2143
2132
2462
2991
3466
3722
3795
3774
3683
3407
2755
1644
211
-1230
-2422
-3276
-3850
-4232
-4370
-4108
-3369
-2265
-1056
3
814
1417
1917
2337
2588
2594
2385
2132
2032
2166
2445
2727
2911
2987
3001
2878
2450
1582
318
-1075
-2288
-3145
-3724
-4119
-4308
-4172
-3602
-2633
-1483
-417
393
946
1339
1626
1776
1709
1403
1001
726
731
1000
1357
1660
1891
2081
2243
2281
2062
1512
687
-231
-1046
-1651
-2043
-2296
-2439
-2374
-2023
-1421
-721
-132
275
516
667
792
835
754
547
297
188
296
579
902
1122
1248
1348
1436
1470
1337
1031
572
-164
-1311
-2913
-4696
-6141
-6920
-7073
-6949
-6799
-6471
-5630
-4136
-2259
-536
677
1395
1888
2364
2781
2969
2844
2527
2253
2234
2532
2969
3321
3472
3456
3389
3278
2971
2288
1182
-164
-1467
-2503
-3224
-3730
-4068
-4159
-3844
-3044
-1908
-715
295
1066
1676
2197
2624
2851
2817
2590
2346
2250
2343
2533
2708
2786
2789
2706
2437
1932
1075
-69
-1273
-2394
-3266
-3840
-4136
-4146
-3886
-3300
-2376
-1309
-279
555
1124
1511
1786
1920
1850
1602
1290
1071
1032
1176
1440
1720
1917
2029
2076
2013
1751
1217
458
-376
-1130
-1687
-2064
-2304
-2377
-2253
-1931
-1424
-824
-250
182
468
655
776
854
811
684
520
426
514
701
933
1120
1219
1296
1338
1376
1374
1176
560
-675
-2472
-4490
-6179
-7171
-7556
-7658
-7702
-7517
-6668
-5029
-2908
-909
521
1426
2079
2718
3272
3490
3282
2789
2344
2231
2487
2921
3261
3423
3503
3598
3689
3532
2899
1730
222
-1266
-2484
-3391
-4088
-4638
-4908
-4678
-3849
-2579
-1204
0
953
1750
2464
3060
3391
3353
3036
2660
2457
2490
2635
2770
2814
2814
2833
2690
2292
1458
236
-1031
-2191
-3063
-3698
-4169
-4389
-4298
-3761
-2779
-1605
-466
458
1133
1637
2032
2269
2203
1877
1438
1103
1026
1153
1384
1615
1787
1957
2100
2149
1979
1457
667
-239
-1089
-1766
-2269
-2637
-2843
-2772
-2401
-1788
-1048
-395
109
478
748
984
1115
1085
915
670
532
604
849
1146
1351
1439
1460
1488
1502
1422
1161
491
-721
-2480
-4591
-6476
-7731
-8273
-8336
-8300
-8076
-7302
-5743
-3547
-1311
423
1540
2268
2910
3481
3779
3649
3196
2722
2514
2714
3144
3532
3741
3778
3795
3807
3628
3046
1924
389
-1231
-2638
-3697
-4472
-5039
-5341
-5170
-4378
-3071
-1543
-129
1022
1954
2737
3400
3816
3871
3614
3221
2939
2876
2972
3088
3134
3107
2975
2700
2238
1460
404
-804
-2047
-3086
-3858
-4351
-4563
-4521
-4099
-3290
-2209
-1015
48
862
1479
1952
2274
2385
2275
1991
1676
1482
1489
1694
1949
2121
2206
2218
2156
1937
1465
736
-179
-1108
-1878
-2451
-2837
-3028
-3016
-2762
-2223
-1475
-691
-18
466
795
1036
1181
1221
1131
958
839
836
979
1181
1333
1413
1423
1401
1401
1366
1181
604
-623
-2477
-4712
-6741
-8093
-8708
-8883
-8962
-8846
-8092
-6433
-4081
-1677
200
1439
2320
3165
3929
4360
4267
3744
3167
2875
3005
3390
3728
3875
3881
3905
3979
3881
3335
2192
582
-1130
-2609
-3750
-4646
-5375
-5839
-5786
-5018
-3641
-2017
-494
766
1835
2800
3635
4205
4336
4061
3614
3261
3136
3183
3231
3200
3108
2895
2601
2085
1245
199
-1003
-2147
-3088
-3817
-4284
-4527
-4484
-4038
-3249
-2215
-1124
-153
631
1281
1835
2207
2371
2290
2049
1822
1689
1729
1914
2099
2246
2329
2342
2260
1968
1422
633
-293
-1183
-1924
-2484
-2862
-3027
-2983
-2693
-2154
-1484
-791
-184
309
702
996
1197
1251
1194
1097
1036
1117
1304
1526
1699
1752
1723
1617
1462
1258
956
363
-826
-2696
-5050
-7246
-8658
-9179
-9149
-9085
-8999
-8349
-6739
-4268
-1631
416
1681
2489
3280
4106
4675
4710
4230
3595
3209
3293
3699
4051
4162
4056
3946
3927
3789
3257
2098
397
-1436
-3008
-4136
-4930
-5557
-5993
-5969
-5214
-3783
-2040
-418
872
1908
2840
3703
4348
4545
4295
3815
3428
3288
3336
3385
3317
3092
2678
2229
1647
864
-100
-1275
-2442
-3391
-4003
-4298
-4417
-4339
-3939
-3195
-2147
-991
21
761
1326
1797
2138
2340
2353
2208
2002
1832
1871
2080
2288
2395
2355
2257
2097
1785
1276
533
-370
-1256
-1991
-2506
-2809
-2928
-2910
-2704
-2244
-1578
-841
-208
265
632
922
1188
1363
1356
1270
1152
1131
1241
1381
1517
1556
1493
1416
1359
1299
1079
369
-1015
-3007
-5204
-7034
-8185
-8744
-9027
-9191
-9005
-8032
-6154
-3757
-1455
317
1585
2629
3598
4390
4750
4550
4000
3468
3231
3344
3607
3775
3791
3757
3801
3852
3654
2968
1741
158
-1436
-2795
-3902
-4818
-5548
-5929
-5721
-4843
-3447
-1869
-404
865
2004
3042
3900
4399
4446
4142
3712
3393
3259
3197
3066
2775
2293
1761
1243
745
269
-371
-1161
-1971
-2636
-3004
-3179
-3253
-3215
-3035
-2598
-1914
-1139
-416
187
710
1175
1613
1976
2194
2243
2149
2083
2135
2247
2321
2242
2040
1795
1513
1196
764
171
-508
-1171
-1696
-2016
-2173
-2245
-2276
-2184
-1879
-1380
-806
-301
118
461
785
1101
1304
1384
1381
1345
1385
1446
1451
1418
1273
1108
1051
1065
1087
791
-181
-1864
-4050
-6133
-7554
-8279
-8621
-8931
-9120
-8680
-7237
-4959
-2485
-462
914
1963
3028
4052
4753
4835
4355
3726
3301
3271
3503
3677
3665
3540
3490
3584
3617
3260
2308
863
-754
-2190
-3311
-4239
-5046
-5665
-5830
-5269
-4055
-2498
-986
290
1422
2504
3505
4238
4503
4285
3795
3323
3015
2828
2595
2264
1900
1641
1578
1580
1429
978
249
-559
-1284
-1891
-2451
-3021
-3505
-3725
-3548
-2985
-2195
-1366
-593
165
954
1715
2306
2570
2504
2276
2036
1903
1829
1732
1591
1446
1380
1396
1389
1225
840
276
-312
-836
-1284
-1692
-2094
-2395
-2475
-2260
-1823
-1300
-794
-368
45
472
877
1208
1350
1283
1144
1048
1085
1188
1171
1015
801
723
843
1040
1079
538
-783
-2828
-5117
-6930
-7952
-8285
-8443
-8735
-8741
-7884
-5902
-3238
-811
886
1923
2790
3790
4686
5075
4726
3930
3209
2920
3100
3390
3494
3376
3236
3320
3495
3449
2853
1597
-20
-1608
-2857
-3764
-4533
-5229
-5675
-5514
-4584
-3071
-1412
3
1137
2137
3132
4006
4470
4391
3872
3241
2793
2544
2352
2068
1723
1499
1499
1660
1741
1521
953
184
-570
-1234
-1846
-2491
-3135
-3586
-3662
-3279
-2545
-1712
-928
-196
561
1359
2048
2432
2459
2228
1943
1764
1673
1585
1438
1278
1215
1294
1423
1426
1174
674
63
-501
-993
-1442
-1889
-2301
-2523
-2451
-2097
-1550
-994
-514
-68
347
761
1097
1243
1192
1004
811
727
731
737
704
621
583
706
952
1122
829
-222
-1986
-4075
-5906
-7125
-7816
-8299
-8724
-8819
-8123
-6463
-4168
-1884
-83
1212
2307
3396
4304
4729
4531
3903
3263
2912
2916
3092
3195
3187
3189
3334
3573
3624
3196
2194
800
-663
-1945
-3005
-3932
-4751
-5303
-5318
-4640
-3400
-1929
-533
694
1815
2857
3719
4215
4232
3848
3295
2810
2487
2266
2054
1850
1719
1734
1876
1983
1862
1426
746
-11
-737
-1435
-2147
-2843
-3387
-3596
-3384
-2824
-2065
-1259
-468
331
1126
1823
2276
2386
2216
1923
1658
1486
1372
1265
1166
1136
1213
1344
1390
1240
859
310
-262
-797
-1270
-1712
-2110
-2355
-2377
-2128
-1683
-1190
-712
-270
157
567
887
1080
1090
953
757
590
507
453
411
351
358
506
741
931
711
-222
-1876
-3947
-5774
-6978
-7624
-8038
-8507
-8722
-8163
-6577
-4271
-1972
-179
1074
2131
3243
4223
4753
4601
3969
3305
2923
2948
3150
3270
3258
3210
3322
3532
3598
3246
2303
940
-527
-1827
-2881
-3807
-4637
-5239
-5312
-4664
-3425
-1935
-544
662
1771
2830
3775
4386
4528
4245
3739
3256
2820
2365
1868
1386
1121
1131
1315
1472
1422
1180
808
389
-51
-586
-1240
-1959
-2573
-2917
-2922
-2621
-2151
-1615
-989
-208
696
1536
2103
2325
2300
2171
2021
1852
1627
1353
1086
928
917
976
973
793
459
71
-291
-628
-1014
-1465
-1899
-2199
-2249
-2050
-1710
-1316
-927
-515
-54
402
797
1024
1068
984
826
684
583
463
328
186
116
190
363
523
320
-531
-2064
-3997
-5757
-6975
-7662
-8089
-8534
-8739
-8225
-6753
-4556
-2305
-481
847
1975
3147
4205
4835
4820
4320
3731
3345
3290
3396
3451
3402
3317
3362
3499
3508
3138
2239
953
-438
-1667
-2675
-3566
-4369
-4967
-5081
-4522
-3407
-2020
-687
505
1617
2660
3556
4108
4229
3984
3548
3136
2825
2606
2411
2222
2085
2046
2098
2131
1985
1569
909
150
-577
-1281
-1984
-2660
-3193
-3421
-3276
-2799
-2116
-1378
-642
94
824
1494
1968
2152
2089
1905
1741
1636
1554
1466
1366
1306
1320
1363
1338
1138
740
206
-367
-889
-1348
-1748
-2080
-2287
-2290
-2056
-1630
-1135
-668
-267
71
380
645
829
907
820
647
473
359
341
297
234
196
201
285
210
-358
-1548
-3279
-5070
-6443
-7250
-7668
-8054
-8380
-8221
-7200
-5360
-3202
-1275
169
1301
2417
3508
4347
4642
4380
3881
3447
3307
3405
3503
3476
3335
3249
3314
3377
3182
2527
1426
113
-1127
-2156
-3026
-3825
-4517
-4871
-4636
-3782
-2522
-1199
-12
1067
2074
2993
3684
3995
3941
3614
3221
2899
2663
2498
2327
2176
2105
2123
2184
2127
1827
1260
519
-236
-958
-1648
-2320
-2905
-3250
-3266
-2927
-2333
-1633
-910
-213
498
1196
1764
2100
2129
1961
1743
1582
1517
1472
1404
1326
1288
1318
1358
1295
1033
581
25
-516
-976
-1369
-1707
-1985
-2117
-2020
-1718
-1287
-836
-414
-1
412
764
985
1029
883
657
440
257
118
-21
-104
-36
129
314
252
-364
-1559
-3201
-4874
-6169
-7020
-7590
-8111
-8480
-8268
-7188
-5337
-3224
-1349
114
1337
2541
3650
4441
4675
4390
3894
3458
3268
3275
3281
3208
3100
3090
3221
3309
3110
2466
1401
131
-1082
-2122
-3038
-3884
-4597
-4946
-4696
-3863
-2667
-1393
-222
860
1896
2842
3579
3948
3909
3607
3244
2984
2841
2708
2536
2373
2288
2311
2344
2230
1837
1186
412
-358
-1068
-1771
-2447
-3022
-3359
-3330
-2937
-2292
-1551
-823
-93
665
1370
1904
2152
2118
1920
1703
1558
1479
1411
1326
1252
1239
1302
1364
1287
1005
561
51
-448
-923
-1375
-1776
-2068
-2165
-2016
-1688
-1283
-866
-433
17
421
739
906
913
779
577
394
264
170
94
45
82
233
421
349
-318
-1662
-3455
-5159
-6374
-7096
-7583
-8079
-8392
-8042
-6774
-4795
-2682
-906
456
1633
2812
3868
4516
4557
4134
3588
3188
3066
3107
3141
3095
3023
3081
3262
3352
3110
2389
1267
-22
-1227
-2247
-3157
-3999
-4670
-4912
-4529
-3577
-2321
-1066
49
1056
2015
2879
3508
3761
3621
3247
2876
2665
2596
2531
2400
2263
2206
2270
2340
2231
1821
1137
344
-412
-1098
-1759
-2401
-2941
-3222
-3108
-2630
-1942
-1229
-586
54
718
1345
1797
1947
1828
1575
1354
1246
1217
1193
1133
1087
1140
1289
1418
1366
1053
556
30
-448
-858
-1240
-1594
-1845
-1924
-1772
-1455
-1075
-682
-290
105
470
762
888
829
630
367
126
-96
-299
-435
-504
-420
-234
-145
-402
-1230
-2529
-3987
-5198
-5980
-6469
-6888
-7267
-7271
-6561
-5127
-3295
-1560
-151
993
2042
3085
3898
4253
4121
3684
3243
2965
2876
2852
2784
2684
2624
2684
2778
2721
2344
1573
561
-483
-1416
-2218
-2965
-3623
-4023
-3978
-3405
-2449
-1366
-369
505
1320
2109
2802
3232
3313
3089
2755
2526
2452
2432
2356
2213
2092
2073
2119
2104
1867
1370
697
10
-613
-1182
-1736
-2271
-2662
-2764
-2519
-2010
-1428
-884
-367
178
754
1260
1567
1591
1402
1182
1053
1038
1058
1037
976
949
1034
1188
1262
1129
785
332
-98
-443
-731
-1007
-1259
-1436
-1448
-1270
-980
-645
-336
-89
94
238
316
340
300
182
28
-149
-275
-298
-272
-221
-215
-443
-1076
-2175
-3565
-4826
-5647
-6042
-6244
-6470
-6571
-6141
-5014
-3378
-1704
-379
602
1437
2267
3019
3469
3493
3213
2864
2654
2653
2758
2833
2827
2782
2779
2812
2749
2430
1752
782
-270
-1201
-1947
-2572
-3122
-3527
-3596
-3186
-2378
-1400
-497
227
876
1512
2120
2585
2766
2690
2497
2359
2369
2450
2502
2470
2391
2349
2364
2340
2119
1644
964
222
-433
-984
-1482
-1967
-2376
-2542
-2381
-1946
-1388
-884
-461
-52
383
808
1113
1210
1122
976
885
902
972
996
959
941
1005
1130
1199
1091
792
385
-9
-318
-582
-839
-1078
-1260
-1284
-1135
-868
-584
-379
-226
-86
81
239
266
143
-88
-307
-403
-429
-434
-466
-478
-368
-214
-246
-740
-1785
-3154
-4401
-5216
-5636
-5926
-6260
-6452
-6106
-5049
-3474
-1851
-558
406
1236
2084
2872
3360
3410
3106
2691
2422
2392
2509
2608
2619
2601
2672
2830
2914
2714
2107
1185
178
-718
-1457
-2120
-2766
-3283
-3457
-3132
-2393
-1511
-718
-69
555
1240
1928
2448
2653
2579
2408
2322
2391
2523
2587
2542
2457
2424
2439
2406
2179
1703
1050
374
-210
-727
-1236
-1753
-2174
-2346
-2221
-1868
-1435
-1032
-660
-265
177
599
885
971
896
793
757
811
893
925
924
948
1029
1130
1153
1036
767
421
72
-250
-525
-786
-1022
-1199
-1275
-1189
-1003
-776
-572
-411
-246
-89
41
95
47
-81
-258
-410
-506
-531
-470
-360
-230
-139
-203
-555
-1298
-2350
-3482
-4437
-5109
-5568
-5925
-6137
-5989
-5293
-4111
-2719
-1412
-309
647
1527
2318
2893
3130
3047
2795
2549
2430
2444
2526
2609
2686
2787
2921
3004
2890
2485
1791
930
44
-799
-1589
-2314
-2909
-3231
-3167
-2746
-2106
-1432
-811
-189
490
1211
1832
2213
2348
2356
2385
2495
2648
2759
2779
2742
2711
2695
2632
2417
2008
1430
789
176
-400
-952
-1487
-1920
-2152
-2143
-1938
-1637
-1304
-957
-578
-160
251
557
701
711
675
689
769
866
935
963
1011
1115
1242
1323
1270
1072
773
433
96
-232
-570
-906
-1173
-1328
-1346
-1260
-1118
-942
-732
-489
-248
-84
-19
-64
-173
-311
-466
-596
-697
-690
-571
-390
-195
-146
-370
-930
-1829
-2878
-3872
-4671
-5249
-5707
-6028
-6051
-5590
-4619
-3327
-1998
-820
209
1146
1983
2627
2959
2990
2831
2616
2477
2448
2495
2576
2663
2772
2917
3028
3005
2744
2200
1443
595
-253
-1067
-1847
-2535
-3018
-3158
-2957
-2535
-2004
-1461
-830
-75
724
1428
1905
2195
2411
2620
2836
3008
3070
3034
2970
2922
2873
2779
2543
2150
1633
1067
541
11
-558
-1123
-1599
-1890
-1978
-1908
-1724
-1471
-1152
-772
-333
88
410
597
652
671
723
801
876
913
936
1006
1119
1234
1291
1237
1070
826
519
172
-215
-651
-1059
-1389
-1593
-1648
-1600
-1482
-1301
-1054
-775
-514
-347
-268
-223
-222
-249
-311
-401
-449
-457
-404
-286
-138
-32
-95
-455
-1169
-2143
-3178
-4088
-4789
-5350
-5793
-6019
-5894
-5293
-4290
-3095
-1903
-835
133
1030
1815
2398
2707
2761
2665
2562
2545
2621
2749
2858
2962
3084
3210
3288
3185
2822
2214
1440
616
-204
-1008
-1765
-2392
-2770
-2851
-2690
-2395
-2035
-1559
-920
-146
632
1269
1746
2122
2476
2821
3104
3272
3308
3263
3201
3122
2999
2769
2411
1949
1429
910
394
-149
-711
-1225
-1599
-1810
-1888
-1872
-1779
-1597
-1319
-950
-559
-212
52
232
373
511
648
758
819
868
950
1078
1212
1299
1306
1228
1077
863
581
228
-184
-605
-980
-1271
-1452
-1528
-1528
-1456
-1324
-1127
-880
-645
-449
-309
-235
-206
-235
-299
-387
-486
-539
-525
-443
-305
-139
20
29
-266
-955
-1963
-3027
-3901
-4518
-4979
-5395
-5674
-5604
-5043
-4045
-2843
-1670
-634
291
1138
1875
2414
2682
2694
2550
2390
2340
2400
2501
2583
2668
2817
3016
3161
3104
2759
2158
1431
692
-39
-783
-1527
-2167
-2583
-2753
-2728
-2575
-2288
-1786
-1056
-198
599
1242
1771
2239
2669
3016
3231
3290
3214
3085
2949
2812
2632
2355
1967
1523
1116
762
395
-47
-530
-955
-1257
-1450
-1569
-1624
-1606
-1502
-1300
-999
-653
-338
-81
127
320
516
683
784
825
859
942
1041
1112
1126
1062
941
777
569
332
52
-271
-605
-923
-1195
-1400
-1528
-1583
-1570
-1480
-1302
-1089
-882
-702
-566
-487
-457
-449
-457
-465
-451
-401
-307
-181
-45
93
157
36
-384
-1123
-2016
-2840
-3473
-3952
-4377
-4729
-4846
-4575
-3913
-3017
-2074
-1204
-407
344
1035
1587
1923
2038
2004
1931
1923
2007
2108
2175
2230
2338
2515
2677
2700
2506
2110
1607
1084
575
59
-468
-950
-1289
-1392
-1272
-999
-660
-301
91
513
926
1267
1485
1588
1622
1639
1672
1708
1720
1706
1696
1712
1725
1682
1538
1291
977
642
297
-66
-444
-799
-1068
-1210
-1213
-1117
-957
-764
-556
-330
-102
93
216
251
232
196
169
152
146
152
184
252
343
438
490
478
403
267
90
-124
-372
-639
-906
-1120
-1241
-1261
-1200
-1091
-970
-843
-713
-586
-472
-395
-382
-440
-549
-670
-752
-778
-738
-632
-474
-271
-60
107
227
296
254
4
-520
-1252
-2004
-2596
-2988
-3240
-3400
-3420
-3180
-2647
-1909
-1116
-385
251
797
1240
1553
1704
1695
1573
1421
1324
1318
1378
1448
1511
1587
1692
1799
1821
1691
1408
1035
643
257
-122
-487
-799
-982
-982
-813
-544
-243
63
384
720
1027
1248
1336
1314
1242
1178
1135
1090
1042
999
984
1006
1034
1026
951
804
604
386
169
-59
-296
-521
-688
-765
-759
-693
-587
-452
-284
-95
89
233
307
319
303
272
233
181
132
114
141
194
252
291
305
299
270
193
54
-135
-327
-484
-592
-667
-724
-765
-763
-705
-602
-477
-366
-301
-280
-304
-381
-500
-638
-747
-808
-817
-796
-751
-677
-578
-459
-332
-186
-60
-27
-169
-507
-958
-1399
-1751
-2019
-2241
-2416
-2467
-2328
-2000
-1546
-1054
-573
-121
303
660
912
1028
1026
952
852
758
678
615
584
611
710
859
989
1058
1065
1039
994
923
796
608
402
238
160
163
211
274
361
488
665
849
991
1064
1083
1075
1060
1031
978
906
836
787
775
785
783
754
692
623
545
454
346
218
88
-23
-103
-154
-180
-185
-165
-114
-42
24
59
55
23
-9
-40
-73
-122
-184
-243
-286
-308
-322
-337
-349
-354
-363
-398
-456
-517
-569
-600
-619
-631
-630
-615
-565
-486
-404
-348
-320
-318
-331
-349
-382
-439
-524
-621
-712
-772
-786
-749
-682
-604
-510
-395
-271
-163
-99
-83
-92
-137
-246
-449
-717
-978
-1167
-1283
-1354
-1388
-1362
-1240
-1026
-756
-470
-204
26
229
405
547
636
658
625
571
526
493
467
449
462
519
604
687
739
759
761
757
758
763
764
743
711
692
705
737
766
778
787
811
849
873
867
827
778
733
700
676
650
618
579
550
528
495
438
362
291
244
207
165
111
56
19
6
8
26
55
90
121
134
128
104
60
-3
-74
-143
-216
-287
-348
-392
-418
-431
-430
-421
-410
-400
-391
-394
-413
-443
-479
-522
-562
-593
-610
-611
-604
-578
-550
-521
-495
-481
-478
-488
-504
-516
-529
-551
-570
-577
-567
-549
-537
-526
-514
-496
-480
-481
-491
-492
-477
-445
-408
-360
-301
-244
-213
-221
-252
-291
-321
-351
-379
-403
-420
-415
-388
-338
-262
-171
-71
31
130
218
280
315
329
329
323
321
329
345
373
417
479
555
642
730
807
874
927
966
986
983
961
935
907
877
845
817
791
772
767
769
763
746
720
695
675
658
639
611
576
544
515
492
477
471
471
465
441
396
333
259
190
126
60
-15
-87
-146
-185
-213
-243
-274
-306
-336
-363
-391
-430
-482
-535
-583
-618
-639
-656
-674
-698
-725
-745
-759
-772
-788
-796
-787
-767
-740
-721
-707
-692
-669
-649
-644
-660
-688
-719
-746
-759
-758
-745
-732
-719
-700
-682
-655
-621
-571
-513
-454
-392
-335
-281
-226
-168
-116
-78
-51
-32
-14
6
34
71
109
150
186
218
247
268
279
266
233
198
183
198
227
259
277
296
339
413
516
622
726
814
884
933
958
971
971
977
988
1001
1007
997
975
962
961
967
962
944
911
871
819
741
636
510
380
266
184
144
130
126
120
114
108
102
104
106
105
90
60
10
-53
-111
-166
-218
-269
-319
-365
-412
-468
-533
-606
-676
-734
-770
-786
-783
-767
-745
-711
-668
-628
-597
-575
-559
-544
-527
-509
-489
-470
-457
-453
-446
-437
-428
-427
-441
-463
-489
-508
-514
-502
-473
-425
-366
-307
-253
-206
-164
-115
-64
-13
25
46
54
66
87
124
166
196
206
190
149
95
39
-7
-39
-62
-75
-82
-81
-75
-65
-44
-10
36
91
150
215
277
332
367
385
385
368
339
298
266
253
262
291
332
380
423
457
481
491
492
492
491
492
499
504
488
444
382
314
257
212
184
172
174
183
195
200
200
197
193
196
208
225
237
233
215
184
149
116
82
48
2
-52
-106
-153
-180
-200
-213
-219
-222
-214
-203
-194
-187
-180
-173
-164
-154
-150
-155
-160
-168
-174
-176
-180
-192
-211
-235
-254
-273
-293
-316
-342
-371
-397
-420
-434
-428
-400
-359
-313
-268
-233
-212
-214
-248
-307
-380
-459
-538
-615
-678
-723
-743
-740
-719
-679
-624
-561
-496
-423
-340
-254
-164
-77
1
66
120
177
241
322
417
510
583
631
654
659
659
656
653
646
634
622
617
628
659
719
793
862
908
925
918
894
851
787
701
598
494
405
338
291
261
255
269
309
365
429
490
538
563
556
511
427
311
164
-22
-254
-524
-821
-1115
-1372
-1574
-1699
-1751
-1734
-1661
-1550
-1404
-1235
-1051
-864
-690
-529
-388
-273
-186
-124
-83
-54
-30
-14
-2
6
11
14
16
21
28
37
44
57
74
93
110
129
153
187
235
287
341
393
453
517
584
653
718
776
823
848
854
828
767
678
570
452
331
209
85
-33
-143
-238
-315
-376
-424
-450
-450
-433
-402
-366
-328
-292
-253
-213
-176
-146
-120
-94
-71
-49
-32
-20
-20
-31
-50
-85
-126
-164
-193
-216
-234
-251
-271
-284
-279
-244
-170
-64
57
177
293
392
471
527
556
551
517
456
389
328
279
236
187
131
66
-5
-83
-158
-216
-250
-265
-267
-256
-228
-189
-148
-111
-84
-64
-54
-66
-102
-156
-214
-261
-297
-317
-320
-300
-260
-215
-170
-125
-85
-45
-4
35
75
116
153
177
183
174
152
120
85
46
1
-48
-99
-144
-166
-163
-129
-72
-3
72
140
199
241
263
268
253
222
179
134
94
57
24
-12
-44
-65
-66
-52
-29
-6
13
29
38
42
38
25
-1
-40
-88
-133
-162
-172
-165
-145
-113
-66
-6
67
143
215
273
313
335
344
346
345
333
307
270
232
195
161
133
113
97
88
81
72
60
38
8
-25
-65
-107
-144
-173
-188
-190
-186
-185
-189
-190
-182
-168
-151
-135
-122
-118
-121
-124
-124
-119
-112
-107
-107
-116
-126
-132
-136
-132
-120
-106
-96
-88
-83
-75
-69
-69
-77
-92
-103
-107
-108
-110
-116
-126
-130
-123
-107
-85
-61
-43
-32
-29
-30
-31
-28
-12
22
66
102
113
95
52
0
-48
-88
-110
-118
-119
-113
-102
-93
-91
-95
-102
-95
-71
-27
28
88
150
209
255
284
301
312
322
330
338
345
341
323
295
262
230
203
181
164
151
149
152
155
152
146
145
144
150
158
167
172
168
152
120
76
28
-15
-49
-74
-87
-96
-103
-106
-104
-101
-100
-98
-95
-87
-78
-69
-65
-67
-70
-77
-87
-100
-119
-137
-153
-166
-173
-177
-180
-183
-183
-181
-178
-185
-202
-225
-242
-248
-244
-236
-224
-207
-184
-158
-128
-94
-58
-26
-6
10
23
32
38
38
30
15
-4
-26
-46
-64
-82
-97
-105
-104
-92
-72
-48
-27
-10
1
1
-6
-17
-36
-59
-92
-126
-155
-168
-161
-128
-69
4
84
162
242
316
381
427
452
461
455
446
434
416
396
371
346
322
300
273
243
209
177
148
116
79
37
-4
-40
-67
-81
-84
-88
-92
-98
-102
-101
-93
-81
-67
-54
-42
-37
-36
-42
-50
-62
-74
-78
-71
-56
-39
-21
-6
5
13
15
17
17
19
18
8
-13
-41
-75
-106
-128
-141
-151
-160
-168
-170
-159
-135
-107
-80
-61
-47
-38
-29
-20
-9
-5
-9
-17
-27
-35
-41
-47
-55
-67
-84
-101
-112
-117
-111
-99
-83
-75
-75
-86
-100
-114
-118
-117
-113
-107
-104
-103
-107
-114
-121
-123
-120
-118
-120
-128
-140
-148
-153
-151
-140
-120
-93
-66
-43
-24
-3
21
50
85
126
163
198
224
247
267
288
312
336
361
386
402
402
378
334
279
230
194
172
157
144
133
121
115
113
117
123
125
123
113
99
84
65
46
20
-14
-58
-102
-143
-179
-207
-219
-209
-173
-111
-32
49
120
180
225
249
255
246
225
198
158
110
51
-17
-88
-155
-219
-278
-329
-363
-376
-365
-332
-284
-235
-189
-148
-116
-91
-71
-54
-40
-36
-35
-36
-38
-40
-43
-47
-50
-49
-41
-33
-26
-23
-23
-22
-21
-18
-22
-32
-53
-83
-119
-149
-170
-181
-179
-167
-151
-134
-118
-102
-87
-73
-58
-47
-39
-26
-7
12
31
42
51
55
59
67
77
90
106
121
136
142
138
129
118
107
100
96
94
91
88
84
77
68
63
59
56
50
45
43
43
47
52
58
64
68
73
76
84
91
98
101
101
98
98
96
93
90
87
85
80
73
66
58
48
40
32
20
6
-4
-7
-1
8
14
16
16
15
16
19
18
17
13
9
5
1
-1
-2
-7
-11
-17
-24
-26
-25
-25
-29
-40
-58
-77
-92
-98
-103
-108
-115
-121
-124
-126
-129
-130
-130
-127
-119
-115
-114
-120
-131
-135
-137
-136
-131
-128
-123
-117
-110
-107
-107
-106
-102
-89
-68
-48
-34
-25
-24
-25
-23
-18
-7
5
13
18
17
13
15
20
27
36
45
51
54
54
56
63
67
70
69
68
73
81
85
82
75
62
54
53
58
65
62
56
50
47
52
62
74
83
90
95
98
100
101
101
97
86
76
69
67
69
74
73
67
57
42
30
18
6
-4
-11
-13
-9
1
8
8
0
-8
-13
-9
-1
12
24
29
29
24
16
9
-1
-13
-22
-26
-24
-21
-19
-18
-18
-22
-24
-22
-19
-14
-12
-14
-16
-19
-25
-31
-39
-41
-42
-36
-26
-17
-12
-15
-23
-30
-34
-41
-47
-55
-64
-72
-81
-86
-89
-89
-88
-89
-93
-96
-98
-101
-101
-100
-99
-99
-100
-97
-88
-72
-53
-34
-20
-8
0
4
6
7
5
6
11
18
24
29
26
19
11
10
14
24
40
52
60
64
68
72
74
77
83
90
97
104
105
103
103
103
104
105
102
97
90
84
82
74
61
42
23
11
6
1
-5
-14
-23
-29
-32
-35
-37
-43
-47
-50
-54
-56
-59
-62
-62
-62
-61
-57
-54
-49
-45
-42
-41
-38
-34
-29
-23
-19
-15
-7
2
12
19
22
23
26
30
33
40
48
57
64
69
74
77
77
74
69
63
56
51
48
45
39
26
5
-15
-32
-44
-47
-44
-38
-35
-38
-43
-49
-52
-53
-58
-62
-63
-58
-50
-41
-32
-29
-28
-29
-30
-30
-30
-28
-24
-21
-19
-18
-21
-29
-39
-53
-64
-68
-65
-53
-42
-35
-29
-27
-26
-21
-14
-6
-2
7
16
24
31
36
38
39
43
44
44
44
42
40
36
32
30
30
28
20
9
-1
-8
-11
-8
-4
0
5
8
12
18
24
29
31
36
41
45
44
41
41
43
45
46
46
47
45
38
32
28
26
25
22
18
17
17
15
17
22
31
37
42
47
52
53
44
34
26
22
24
29
31
32
27
16
0
-17
-35
-54
-67
-74
-75
-75
-78
-81
-82
-79
-75
-71
-72
-72
-68
-63
-58
-55
-53
-49
-40
-31
-24
-18
-15
-15
-13
-14
-15
-17
-21
-24
-23
-21
-20
-25
-33
-42
-47
-49
-45
-35
-20
-7
5
12
17
19
24
27
30
32
36
42
48
51
46
37
25
17
16
18
18
13
3
-4
-10
-18
-23
-29
-29
-22
-14
-5
4
9
11
11
7
3
2
5
11
19
25
28
31
34
37
36
30
22
19
16
13
10
7
4
2
-1
-2
-3
0
6
13
20
25
27
27
28
34
38
41
43
40
35
32
27
25
25
25
29
27
21
11
1
-8
-13
-13
-13
-14
-13
-14
-19
-21
-23
-22
-24
-28
-33
-37
-37
-31
-22
-11
-4
2
5
7
7
1
-3
-8
-11
-14
-15
-20
-27
-35
-41
-45
-44
-38
-30
-26
-27
-30
-28
-23
-17
-11
-6
-4
0
2
5
7
6
6
3
1
-1
0
-2
-4
-1
-1
-3
-11
-18
-24
-30
-28
-24
-19
-15
-11
-12
-19
-26
-27
-25
-22
-17
-9
1
12
19
22
22
21
20
23
25
28
29
29
26
24
28
31
32
33
36
37
36
33
29
29
32
36
39
41
42
42
40
41
43
42
41
39
40
40
36
31
25
22
16
11
0
-7
-10
-9
-5
-4
-3
-8
-15
-27
-38
-43
-46
-42
-32
-21
-11
-10
-14
-21
-23
-21
-16
-10
-6
-6
-10
-16
-20
-21
-22
-26
-32
-37
-43
-48
-52
-50
-47
-46
-46
-46
-42
-36
-28
-24
-22
-15
-6
0
2
1
1
2
1
-2
-1
2
7
12
10
4
-1
-4
-1
4
6
4
-1
-3
-1
2
2
1
-1
0
-1
0
3
8
15
21
25
25
23
20
20
22
24
22
14
7
8
11
15
18
21
24
24
23
20
17
17
20
23
25
25
23
20
19
16
12
5
4
10
19
27
28
24
20
20
20
20
18
12
6
-1
-7
-11
-12
-11
-13
-16
-18
-19
-20
-21
-21
-18
-14
-11
-9
-8
-6
-5
-7
-8
-11
-13
-14
-12
-10
-10
-12
-19
-26
-33
-43
-47
-46
-42
-37
-31
-30
-30
-34
-37
-39
-32
-20
-9
0
6
7
8
8
7
7
7
5
6
7
12
17
19
18
15
12
10
10
11
12
15
15
15
20
19
18
19
22
26
30
36
40
43
47
49
49
47
43
40
37
33
30
27
24
19
12
5
0
-6
-13
-22
-27
-28
-27
-21
-16
-14
-11
-10
-8
-8
-10
-12
-11
-13
-12
-15
-19
-25
-28
-27
-30
-32
-32
-33
-29
-29
-30
-35
-39
-43
-47
-51
-54
-52
-50
-45
-42
-39
-37
-34
-26
-16
-5
7
16
23
21
19
16
12
9
11
13
15
17
18
16
13
13
15
16
18
19
22
26
30
33
35
35
38
43
47
49
50
48
44
41
40
39
41
43
43
39
32
23
16
12
9
10
14
18
19
13
3
-4
-8
-9
-9
-10
-11
-16
-23
-26
-23
-17
-13
-8
-8
-9
-11
-15
-16
-19
-23
-30
-34
-35
-36
-37
-39
-40
-37
-34
-32
-33
-31
-24
-19
-15
-18
-19
-20
-23
-23
-25
-27
-26
-23
-20
-17
-19
-21
-23
-21
-17
-12
-9
-6
-4
-6
-11
-15
-18
-13
-4
6
14
13
10
7
8
12
18
22
26
28
31
33
32
29
26
20
17
18
22
26
28
28
29
29
28
30
33
38
41
44
44
39
34
30
29
28
26
24
19
20
21
24
26
23
18
10
3
-1
-3
-5
-6
-11
-14
-17
-21
-24
-28
-31
-32
-30
-23
-13
