0
1
-1
0
1
2
1
2
1
0
-1
1
1
0
1
0
1
1
1
1
0
0
1
2
2
3
3
2
1
0
0
0
-1
0
2
1
1
1
0
0
0
1
0
1
0
0
-1
-1
0
-1
0
-1
-1
-1
-1
-1
-1
-1
-1
-1
-1
-2
-2
-2
-2
-2
-3
-3
-3
-2
-1
1
0
0
0
0
-1
-1
-1
0
1
1
2
1
0
0
0
1
0
0
1
1
2
2
3
2
2
1
2
0
2
2
1
1
1
0
0
-1
0
0
0
-1
0
-1
-1
-2
-1
0
0
0
1
1
1
1
1
1
1
1
0
1
0
1
0
0
0
0
0
-1
0
0
0
-1
-1
-1
0
0
0
1
0
1
0
1
0
0
-1
-1
-1
-1
-1
0
-1
0
-1
-1
-2
-2
-2
-4
-4
-4
-3
-3
-1
-2
-1
-1
-1
-1
1
0
1
0
1
0
0
0
0
1
1
2
1
3
1
2
2
1
1
1
1
1
0
2
1
2
1
2
1
1
0
0
0
0
0
-1
-1
0
0
1
1
1
1
0
0
0
1
0
0
0
-2
-1
-1
-1
-1
0
0
1
0
0
1
1
1
0
-1
0
0
0
1
1
1
0
0
0
0
0
0
-1
0
0
0
0
-1
0
0
0
0
-1
-1
0
0
0
0
-1
-2
-1
-2
-2
-1
-2
-2
-3
-2
-1
1
-1
-1
-2
-2
-1
0
1
-1
0
0
0
1
1
1
0
1
1
1
2
2
2
2
1
1
0
1
0
0
1
1
0
0
0
-2
0
1
0
0
0
1
1
0
0
0
-1
0
0
0
1
2
1
1
0
0
0
1
0
0
1
0
-1
0
-1
1
1
1
1
0
1
1
1
1
1
1
1
1
1
-1
-1
-2
-2
-1
0
1
2
0
-1
-1
-2
-1
0
1
1
-1
-2
-1
-1
-1
0
0
0
-1
0
0
1
1
0
0
-1
-2
-1
-1
-1
-1
-2
-1
0
-1
-1
-2
-3
-2
-2
-1
0
1
1
1
1
1
1
1
2
0
0
-1
0
1
1
1
1
1
0
0
0
0
2
1
3
3
2
1
1
1
1
1
2
1
1
0
0
0
0
0
0
0
1
0
1
1
0
0
1
0
0
0
-1
-2
-2
-1
-1
-2
-1
-1
-1
0
-1
-1
-2
-2
-1
-1
0
1
0
-1
0
0
-1
-1
0
-1
-1
0
0
0
-1
0
0
0
-1
0
0
0
0
1
1
0
0
0
-1
0
-1
0
0
0
1
-1
0
0
0
0
1
0
0
0
0
0
0
0
0
1
1
0
0
0
-1
1
0
0
0
1
2
2
1
1
0
-1
0
1
1
2
1
0
1
0
0
0
1
2
1
1
2
1
1
1
1
0
0
0
-1
0
0
1
0
0
0
0
0
0
-1
0
0
0
1
-1
-1
-1
-1
-1
-1
-1
0
0
0
0
0
-2
-1
0
0
0
-1
-2
-1
-1
0
-1
0
2
0
-1
0
0
0
1
0
-1
0
0
-1
-1
0
-2
-1
1
0
0
1
-1
0
-1
3
1
-2
3
-2
-1
1
-3
1
0
-1
1
-2
-1
1
1
1
0
0
1
1
2
0
0
-1
0
1
1
2
2
1
1
0
3
2
3
2
1
1
1
1
3
2
2
4
2
3
1
0
2
2
3
1
-1
0
0
0
-1
-3
-2
-2
-2
0
-3
-3
-1
-2
-3
-2
-1
1
3
4
0
-1
0
-2
0
-1
-2
-2
-1
2
3
2
0
-2
-2
-2
0
0
-2
-2
-1
-3
-2
0
-1
-3
-3
-2
-1
-2
-3
-1
0
1
2
2
0
1
0
0
2
2
1
0
-3
-3
0
0
1
-2
-3
-2
-1
1
1
1
1
1
3
3
1
0
-2
-2
0
2
2
0
-1
0
2
5
4
1
-1
0
3
3
1
-2
-3
1
5
3
0
-3
-4
0
1
3
0
-3
-3
-1
1
1
0
-2
-2
3
5
3
-1
-2
-1
2
4
1
-3
-3
0
3
2
-2
-4
-5
-1
1
3
-2
-7
-6
-4
1
5
3
0
-2
-3
0
3
2
-1
-1
0
0
2
1
0
0
0
1
1
1
0
-1
1
3
2
-1
-4
-3
0
1
1
0
-1
-2
1
4
5
2
-3
-3
0
4
3
0
-2
-3
2
4
4
0
-4
-3
1
2
2
-3
-4
-3
1
0
-5
-9
-6
2
4
-2
-7
-11
-10
-4
4
4
-3
-8
-8
-1
5
5
-1
-2
-2
-2
-2
0
2
3
4
1
-3
-7
-8
-3
1
2
-2
-9
-10
-5
2
4
1
-5
-7
-6
-2
1
0
-2
-5
-4
-4
0
3
5
8
8
6
5
9
14
16
16
13
13
17
18
17
18
22
22
21
21
19
20
24
25
26
20
15
12
15
19
16
8
2
2
3
4
0
-5
-13
-17
-18
-21
-26
-36
-43
-38
-30
-29
-45
-54
-48
-38
-31
-37
-43
-46
-46
-39
-30
-23
-21
-25
-23
-18
-10
-6
-7
-6
-3
-2
1
6
13
14
9
6
7
6
7
9
11
12
8
8
8
14
18
17
18
17
20
25
28
34
41
46
48
50
56
62
69
75
81
84
85
84
84
88
95
96
94
91
88
87
87
85
81
79
74
71
63
60
62
53
35
16
25
43
27
-21
-65
-55
-19
-15
-59
-133
-162
-151
-143
-143
-185
-232
-278
-317
-306
-295
-298
-322
-370
-383
-370
-342
-305
-292
-286
-270
-249
-204
-164
-127
-79
-53
-20
18
37
80
111
133
157
148
150
156
161
180
171
151
139
115
103
91
71
59
36
26
26
24
35
30
27
33
45
67
86
114
144
163
189
208
230
265
295
326
335
325
326
330
348
355
345
332
305
282
261
235
211
173
137
114
99
87
57
17
-12
-24
-18
-23
-42
-64
-68
-60
-56
-58
-60
-62
-72
-82
-81
-80
-85
-74
-67
-72
-82
-96
-88
-84
-100
-114
-127
-111
-102
-110
-129
-165
-160
-137
-121
-132
-174
-205
-222
-257
-335
-415
-408
-342
-343
-464
-622
-669
-598
-510
-487
-553
-639
-650
-581
-468
-379
-353
-358
-343
-254
-128
-29
37
70
126
207
279
355
410
443
481
507
536
555
557
559
550
542
516
454
400
374
363
342
292
236
195
170
158
150
136
117
103
108
133
165
186
194
208
233
264
295
318
340
339
323
327
340
354
349
333
311
270
228
196
165
141
109
63
19
-26
-63
-93
-123
-147
-183
-225
-252
-255
-254
-273
-308
-321
-306
-293
-290
-290
-283
-276
-277
-274
-241
-207
-212
-244
-252
-215
-171
-179
-216
-240
-241
-230
-232
-240
-246
-259
-279
-291
-289
-278
-281
-312
-340
-353
-349
-331
-321
-334
-372
-406
-401
-369
-324
-292
-317
-358
-372
-323
-239
-204
-204
-222
-223
-166
-88
-3
41
38
39
65
132
218
295
351
362
354
364
418
508
567
573
545
515
528
570
616
623
588
546
515
520
547
556
542
499
457
447
466
495
491
454
404
369
370
391
400
392
361
325
305
291
305
318
301
264
210
166
150
152
144
108
56
11
-29
-69
-118
-159
-176
-193
-210
-264
-354
-405
-403
-360
-351
-378
-409
-411
-389
-371
-341
-344
-342
-307
-194
-24
-125
-627
-1190
-1192
-509
7
-308
-1262
-1978
-1870
-1215
-648
-668
-1246
-1858
-1990
-1532
-885
-546
-696
-1062
-1195
-940
-486
-101
95
117
93
150
338
624
897
1098
1180
1118
1048
1077
1238
1433
1519
1449
1229
1012
967
1061
1146
1044
781
529
396
402
433
389
258
77
-60
-119
-64
-49
-246
-493
-483
-168
-6
-175
-408
-412
-159
77
164
105
22
67
237
470
626
589
439
369
513
711
732
614
532
530
530
503
462
430
391
317
235
146
66
8
-45
-57
-89
-186
-320
-415
-374
-328
-384
-485
-548
-525
-449
-393
-361
-358
-366
-371
-363
-288
-202
-150
-141
-198
-227
-232
-218
-162
-123
-77
-112
-198
-258
-250
-130
-58
-82
-133
-174
-103
66
178
29
-495
-1031
-1037
-490
2
-185
-976
-1664
-1743
-1264
-700
-578
-934
-1458
-1749
-1516
-975
-543
-460
-692
-877
-785
-437
0
310
441
426
389
478
709
1049
1355
1466
1386
1243
1216
1369
1593
1733
1691
1461
1221
1124
1186
1265
1183
954
679
498
445
441
449
294
43
-304
-613
-618
-355
-8
-204
-784
-1177
-1014
-380
-9
-56
-389
-651
-527
-193
231
424
305
110
41
298
629
777
757
667
639
624
621
694
786
796
649
432
289
265
305
312
234
51
-183
-368
-399
-287
-254
-365
-572
-697
-646
-555
-463
-473
-571
-668
-700
-570
-388
-258
-247
-371
-467
-408
-214
9
111
66
-37
-104
-79
62
174
269
269
241
285
40
-535
-1182
-1112
-325
119
-404
-1627
-2429
-2233
-1467
-818
-927
-1661
-2380
-2510
-1930
-1176
-789
-943
-1323
-1447
-1157
-635
-130
157
202
153
171
415
848
1282
1616
1714
1619
1540
1629
1944
2263
2390
2280
1996
1795
1792
1938
2028
1849
1493
1153
967
948
942
826
595
309
83
-64
-124
-115
-334
-760
-1100
-985
-554
-512
-848
-1219
-1229
-878
-587
-447
-506
-615
-611
-490
-179
98
196
140
77
227
446
592
680
726
730
655
598
655
781
843
734
558
425
368
348
313
227
83
-92
-254
-281
-226
-253
-365
-527
-636
-654
-661
-599
-535
-527
-577
-676
-652
-564
-419
-300
-339
-435
-476
-379
-191
-51
42
47
-12
-54
27
233
352
317
195
189
448
711
428
-540
-1475
-1261
-135
569
-128
-1746
-2754
-2483
-1394
-584
-828
-1796
-2674
-2772
-2080
-1281
-950
-1209
-1639
-1743
-1443
-900
-348
15
128
79
89
325
760
1296
1754
1944
1849
1668
1727
2107
2547
2778
2641
2258
1981
2014
2266
2421
2247
1823
1414
1223
1238
1231
1091
816
487
211
-13
-83
-212
-540
-850
-892
-689
-791
-1166
-1450
-1398
-1048
-899
-992
-1155
-1164
-917
-674
-481
-372
-345
-285
-147
148
377
408
412
514
679
790
823
849
929
996
965
874
785
755
738
671
555
388
223
60
-18
-29
-174
-398
-571
-602
-568
-641
-760
-853
-888
-882
-907
-863
-785
-708
-689
-738
-718
-606
-436
-293
-245
-253
-220
-98
54
173
188
113
144
302
504
666
745
525
-194
-1108
-1282
-417
490
279
-1103
-2413
-2637
-1844
-903
-713
-1393
-2336
-2822
-2496
-1721
-1137
-1093
-1455
-1762
-1727
-1330
-717
-142
174
174
71
163
537
1130
1726
2071
2048
1823
1790
2110
2604
2959
2972
2678
2339
2221
2386
2597
2577
2260
1813
1497
1413
1401
1319
1087
758
410
110
-71
-92
-132
-540
-1140
-1485
-1161
-779
-927
-1379
-1786
-1709
-1425
-1134
-927
-1028
-1167
-1226
-990
-519
-200
-95
-218
-203
57
309
525
667
782
786
718
800
980
1163
1174
1025
881
756
703
692
659
574
369
102
-98
-129
-129
-228
-397
-579
-730
-843
-866
-808
-774
-799
-897
-953
-911
-824
-701
-630
-603
-589
-548
-428
-311
-253
-170
19
210
186
55
50
316
590
671
603
650
724
284
-679
-1411
-890
345
748
-366
-2116
-2922
-2341
-1119
-435
-1004
-2266
-3157
-3005
-2082
-1301
-1160
-1597
-2059
-2098
-1697
-1039
-421
-57
-7
-114
-67
290
893
1544
1985
2067
1882
1783
2040
2569
3048
3199
2945
2525
2306
2451
2796
2922
2637
2112
1687
1564
1623
1608
1398
1031
641
298
81
15
11
-197
-721
-1268
-1416
-1167
-1062
-1256
-1526
-1671
-1651
-1563
-1368
-1166
-1105
-1147
-1150
-930
-606
-342
-196
-151
-32
130
291
523
769
928
926
883
953
1080
1182
1170
1083
990
879
801
745
663
539
349
126
-51
-156
-266
-392
-508
-650
-815
-950
-983
-961
-949
-1011
-1082
-1072
-1016
-918
-839
-782
-734
-691
-575
-382
-216
-155
-120
36
214
252
193
187
361
648
812
781
677
556
210
-462
-942
-590
175
308
-622
-1910
-2502
-2139
-1312
-876
-1298
-2247
-2964
-2907
-2251
-1619
-1432
-1688
-1992
-2020
-1704
-1171
-620
-221
-100
-107
14
349
881
1477
1926
2076
1975
1929
2171
2607
3020
3190
3043
2737
2526
2604
2853
2959
2753
2305
1905
1720
1677
1631
1450
1126
762
431
208
117
49
-144
-650
-1255
-1492
-1173
-832
-1035
-1592
-1969
-1889
-1558
-1266
-1121
-1163
-1317
-1382
-1176
-743
-345
-166
-198
-212
-63
182
453
735
961
980
845
808
986
1246
1341
1223
1023
844
765
766
770
668
416
88
-159
-224
-221
-307
-500
-735
-915
-1003
-995
-921
-863
-880
-992
-1070
-1032
-871
-744
-746
-757
-705
-565
-453
-354
-245
-110
129
315
304
133
68
307
600
756
738
712
610
67
-768
-1245
-698
291
444
-697
-2246
-2842
-2230
-1190
-751
-1375
-2525
-3244
-2995
-2131
-1462
-1403
-1802
-2183
-2196
-1777
-1088
-443
-97
-82
-178
-75
368
1042
1691
2096
2160
2008
1981
2309
2867
3316
3404
3134
2760
2604
2792
3103
3163
2833
2303
1902
1787
1830
1803
1557
1139
692
349
180
146
132
-38
-467
-1128
-1622
-1572
-1088
-810
-1210
-1936
-2323
-2033
-1400
-945
-953
-1328
-1641
-1526
-955
-319
-18
-121
-358
-352
-47
382
754
935
919
766
696
860
1189
1441
1401
1141
863
737
780
882
889
673
284
-99
-292
-262
-192
-273
-550
-895
-1128
-1144
-1006
-862
-871
-1072
-1276
-1305
-1057
-761
-643
-724
-874
-840
-572
-222
-36
-63
-155
-139
63
359
609
713
620
463
435
716
1091
902
-82
-1267
-1408
-368
546
174
-1395
-2746
-2853
-1914
-963
-970
-1906
-2993
-3334
-2780
-1970
-1510
-1623
-1989
-2168
-1975
-1463
-844
-304
-42
-3
39
249
721
1378
1992
2332
2297
2113
2170
2591
3150
3515
3459
3091
2769
2749
3018
3247
3149
2710
2194
1890
1809
1796
1674
1380
972
563
228
59
-18
-87
-339
-952
-1584
-1720
-1258
-977
-1315
-1932
-2267
-2099
-1737
-1392
-1232
-1331
-1518
-1523
-1163
-646
-274
-203
-304
-231
20
285
535
811
1009
977
857
885
1113
1337
1358
1237
1059
878
779
761
766
673
402
25
-256
-288
-245
-311
-532
-821
-1018
-1067
-1002
-909
-909
-996
-1105
-1142
-1063
-905
-761
-752
-791
-741
-547
-268
-68
27
15
-34
57
307
567
595
454
426
615
895
1127
925
92
-1073
-1516
-547
678
605
-1096
-2883
-3182
-2129
-974
-868
-1842
-3003
-3483
-3014
-2164
-1631
-1697
-2081
-2268
-2126
-1705
-1120
-475
-3
71
-42
25
480
1247
1996
2448
2433
2151
2110
2537
3208
3670
3660
3303
2930
2824
3043
3310
3269
2867
2315
1941
1841
1835
1750
1501
1096
650
236
4
-60
-83
-253
-793
-1482
-1868
-1625
-1214
-1258
-1734
-2213
-2236
-1936
-1556
-1279
-1266
-1410
-1505
-1299
-852
-431
-229
-217
-177
-13
248
517
772
993
1040
976
977
1154
1396
1470
1380
1200
993
848
789
809
781
553
183
-157
-301
-294
-317
-465
-727
-978
-1112
-1073
-943
-908
-1041
-1219
-1231
-1041
-832
-781
-866
-862
-686
-464
-284
-203
-200
-197
-64
238
522
554
446
409
469
680
926
1235
1078
96
-1176
-1668
-643
642
604
-1066
-2979
-3416
-2381
-1079
-800
-1777
-3069
-3690
-3198
-2235
-1627
-1644
-2056
-2325
-2266
-1827
-1119
-437
-24
42
-5
119
535
1246
2008
2487
2518
2277
2244
2654
3290
3762
3802
3464
3052
2906
3107
3395
3393
2985
2408
1990
1846
1850
1781
1542
1128
648
242
9
-46
-59
-247
-770
-1474
-1869
-1679
-1309
-1322
-1751
-2150
-2222
-2023
-1713
-1431
-1298
-1372
-1487
-1374
-987
-486
-165
-114
-147
-70
155
461
811
1079
1082
938
893
1068
1343
1449
1356
1156
969
868
813
771
665
455
146
-178
-349
-389
-436
-559
-773
-1033
-1210
-1224
-1102
-999
-1023
-1133
-1208
-1126
-948
-782
-702
-738
-721
-583
-331
-84
-6
-33
-1
203
443
560
580
574
604
689
803
1053
1282
863
-387
-1620
-1444
32
1022
124
-2098
-3563
-3197
-1688
-619
-1046
-2517
-3739
-3758
-2758
-1752
-1474
-1878
-2370
-2470
-2095
-1421
-685
-145
63
18
23
336
964
1744
2406
2674
2490
2249
2424
3047
3715
3995
3739
3222
2881
2996
3402
3612
3319
2660
2077
1842
1874
1892
1700
1293
791
340
45
-86
-112
-211
-665
-1443
-2060
-1950
-1409
-1257
-1763
-2423
-2539
-2145
-1659
-1392
-1431
-1588
-1655
-1412
-904
-448
-242
-282
-244
7
316
549
718
943
1081
1066
1033
1124
1341
1439
1365
1185
999
875
801
777
709
520
201
-125
-286
-320
-396
-565
-794
-1007
-1116
-1150
-1115
-1101
-1126
-1138
-1117
-1040
-958
-857
-771
-715
-637
-542
-341
-124
29
66
61
217
494
734
699
529
433
579
871
1146
1189
534
-677
-1609
-1210
149
737
-371
-2357
-3469
-2991
-1741
-939
-1322
-2537
-3591
-3708
-2903
-1956
-1560
-1817
-2268
-2420
-2126
-1465
-679
-57
150
52
29
339
1033
1864
2504
2722
2515
2321
2542
3159
3785
4006
3751
3270
2954
3057
3423
3628
3364
2745
2157
1864
1828
1819
1664
1301
817
336
-7
-146
-142
-239
-607
-1231
-1829
-1952
-1667
-1386
-1526
-1982
-2269
-2272
-1999
-1637
-1366
-1268
-1391
-1422
-1155
-674
-241
-59
-34
1
179
442
721
1005
1160
1136
1048
1072
1257
1398
1400
1283
1103
934
783
719
668
516
274
-39
-301
-439
-498
-588
-772
-1003
-1195
-1278
-1255
-1175
-1160
-1223
-1263
-1152
-943
-826
-833
-827
-694
-499
-334
-224
-118
-6
90
295
635
794
610
319
395
909
1255
1224
852
196
-664
-1308
-873
164
432
-749
-2510
-3252
-2679
-1651
-1216
-1748
-2776
-3568
-3515
-2770
-1991
-1741
-2052
-2384
-2389
-2026
-1411
-723
-173
-9
-75
41
502
1229
1967
2491
2661
2505
2430
2740
3338
3852
3965
3702
3320
3116
3214
3484
3595
3309
2731
2218
2018
2028
1979
1715
1255
722
273
-5
-94
-144
-325
-614
-1229
-1956
-2315
-1909
-1136
-1106
-1910
-2783
-2793
-2004
-1221
-928
-1215
-1647
-1740
-1261
-443
154
259
-35
-216
45
542
980
1198
1261
1172
993
977
1217
1545
1630
1385
1025
747
668
731
752
604
259
-185
-524
-581
-474
-463
-695
-1074
-1347
-1390
-1242
-1108
-1098
-1208
-1327
-1280
-1065
-812
-679
-657
-654
-552
-423
-274
-46
191
340
344
313
349
481
692
813
834
861
891
934
555
-328
-1223
-1224
-255
419
-252
-2012
-3280
-3103
-2033
-1249
-1527
-2591
-3542
-3675
-3027
-2263
-1902
-2064
-2380
-2435
-2143
-1564
-878
-279
36
72
93
393
1046
1797
2387
2653
2614
2515
2688
3196
3750
4027
3886
3500
3193
3185
3419
3575
3381
2869
2337
2035
1959
1891
1663
1268
794
363
44
-116
-200
-346
-705
-1285
-1824
-1938
-1631
-1329
-1449
-1975
-2397
-2316
-1809
-1279
-1096
-1245
-1449
-1389
-996
-440
0
127
74
87
291
608
915
1122
1186
1126
1050
1083
1251
1419
1430
1258
997
793
695
658
600
431
137
-221
-479
-583
-601
-661
-856
-1124
-1336
-1388
-1297
-1192
-1179
-1269
-1361
-1289
-1065
-854
-780
-758
-664
-517
-341
-162
-36
-13
16
249
610
748
514
282
479
951
1298
1243
965
546
-212
-1123
-1391
-496
560
315
-1469
-3329
-3672
-2498
-1143
-958
-2115
-3594
-4173
-3481
-2302
-1617
-1765
-2355
-2723
-2545
-1871
-982
-243
65
-39
-153
113
819
1714
2435
2777
2719
2497
2546
3047
3744
4187
4135
3708
3264
3143
3410
3746
3705
3148
2406
1941
1863
1930
1849
1488
952
403
3
-167
-177
-243
-573
-1220
-1899
-2097
-1688
-1181
-1306
-2035
-2625
-2511
-1862
-1282
-1115
-1299
-1535
-1505
-1070
-429
38
107
-54
-65
216
630
978
1160
1209
1133
1014
1030
1249
1470
1456
1204
876
666
635
676
635
425
51
-358
-611
-650
-596
-651
-897
-1220
-1436
-1435
-1267
-1103
-1112
-1281
-1366
-1256
-978
-692
-546
-523
-574
-537
-326
1
287
394
425
452
537
702
831
881
844
858
951
1092
1029
429
-562
-1270
-946
33
364
-695
-2446
-3428
-3040
-1919
-1221
-1683
-2920
-3893
-3844
-2974
-2094
-1817
-2144
-2567
-2623
-2177
-1420
-680
-176
-3
-22
89
524
1232
1978
2521
2713
2599
2497
2742
3317
3875
4079
3855
3429
3150
3227
3495
3596
3305
2723
2182
1916
1879
1843
1618
1188
664
220
-79
-219
-368
-766
-1332
-1768
-1729
-1471
-1462
-1850
-2340
-2420
-2087
-1629
-1393
-1467
-1602
-1580
-1253
-777
-382
-220
-268
-215
60
437
727
876
980
1035
1086
1147
1248
1411
1481
1410
1222
1033
936
872
787
635
424
142
-127
-275
-347
-444
-633
-855
-1032
-1143
-1183
-1190
-1166
-1134
-1120
-1083
-1035
-950
-834
-714
-599
-497
-386
-269
-117
47
188
305
383
445
553
666
782
804
796
816
882
874
351
-580
-1319
-1116
-185
184
-742
-2409
-3405
-3055
-1984
-1317
-1766
-2924
-3843
-3831
-2997
-2135
-1823
-2130
-2563
-2599
-2161
-1425
-704
-208
-5
-4
97
506
1195
1943
2489
2693
2601
2524
2765
3312
3846
4027
3804
3402
3131
3174
3419
3555
3340
2818
2288
1982
1903
1829
1607
1209
710
253
-48
-158
-294
-714
-1330
-1699
-1545
-1277
-1482
-2098
-2487
-2236
-1684
-1383
-1472
-1708
-1759
-1492
-1014
-560
-345
-374
-407
-182
296
716
857
849
883
1019
1155
1273
1404
1486
1454
1294
1138
1077
1050
968
783
563
322
76
-103
-185
-245
-435
-738
-999
-1097
-1063
-1033
-1081
-1175
-1223
-1208
-1156
-1056
-906
-743
-663
-681
-668
-544
-285
-9
123
93
33
163
445
645
667
592
565
611
713
874
634
-260
-1327
-1573
-661
198
-228
-1875
-3299
-3348
-2368
-1451
-1531
-2534
-3580
-3878
-3272
-2389
-1907
-2014
-2389
-2519
-2268
-1715
-1003
-383
-23
60
111
412
976
1668
2295
2681
2746
2654
2728
3130
3682
4033
3997
3681
3380
3312
3464
3608
3470
3040
2550
2215
2068
1949
1746
1434
1034
613
233
-107
-423
-771
-1048
-1156
-1217
-1423
-1919
-2315
-2233
-1745
-1338
-1452
-1833
-2039
-1784
-1218
-722
-504
-615
-753
-610
-158
400
710
712
585
580
805
1097
1347
1480
1438
1270
1092
1046
1119
1157
1033
741
406
135
-4
-30
-76
-247
-583
-926
-1079
-1031
-924
-955
-1098
-1253
-1315
-1240
-1081
-902
-840
-881
-906
-825
-653
-483
-336
-147
48
198
202
173
268
471
686
730
668
593
588
597
301
-387
-1097
-1131
-498
-130
-762
-2114
-3012
-2819
-2008
-1499
-1827
-2718
-3484
-3537
-2912
-2191
-1908
-2137
-2478
-2488
-2053
-1377
-759
-358
-183
-96
117
559
1162
1741
2171
2443
2547
2612
2833
3241
3671
3858
3739
3481
3322
3382
3539
3576
3338
2894
2486
2268
2197
2072
1787
1367
925
548
178
-212
-562
-683
-653
-802
-1328
-1947
-2157
-1888
-1450
-1328
-1610
-1995
-2130
-1787
-1210
-756
-668
-861
-955
-713
-173
307
508
511
484
561
762
1049
1296
1386
1310
1179
1114
1129
1152
1113
976
763
515
299
164
97
8
-191
-471
-720
-858
-879
-896
-1000
-1167
-1277
-1255
-1152
-1047
-1019
-1028
-1009
-919
-790
-664
-515
-345
-180
-91
-58
42
203
338
406
454
526
552
517
527
536
229
-540
-1271
-1209
-456
-37
-762
-2220
-3146
-2892
-1998
-1489
-1879
-2807
-3493
-3436
-2815
-2205
-2020
-2223
-2457
-2408
-2021
-1430
-831
-380
-156
-46
136
527
1101
1723
2237
2501
2540
2567
2801
3246
3676
3853
3728
3472
3311
3356
3533
3587
3364
2925
2522
2303
2212
2085
1843
1466
981
430
-107
-370
-318
-162
-395
-1159
-1892
-2068
-1590
-1058
-1015
-1438
-1957
-2064
-1693
-1080
-640
-664
-935
-1094
-822
-229
279
492
439
392
478
713
1046
1315
1417
1281
1058
961
1029
1170
1187
1018
715
411
242
200
206
106
-188
-572
-868
-937
-854
-822
-945
-1185
-1354
-1357
-1237
-1079
-989
-988
-1030
-1041
-921
-736
-549
-377
-260
-165
-120
-70
-42
32
224
443
576
515
395
393
419
105
-673
-1340
-1170
-394
-128
-1082
-2546
-3215
-2740
-1872
-1582
-2116
-2972
-3469
-3269
-2638
-2117
-2009
-2225
-2377
-2235
-1821
-1303
-830
-435
-172
6
218
596
1162
1761
2251
2498
2527
2565
2838
3333
3745
3850
3663
3413
3325
3414
3569
3552
3254
2815
2459
2292
2208
2029
1655
1158
721
433
254
47
-188
-423
-730
-1091
-1388
-1411
-1219
-1100
-1199
-1427
-1569
-1501
-1263
-978
-770
-705
-712
-658
-403
-16
301
454
481
527
647
828
1028
1162
1173
1035
865
798
826
859
776
583
372
208
88
-30
-148
-292
-492
-706
-868
-918
-903
-920
-1015
-1152
-1240
-1222
-1123
-1005
-937
-907
-909
-899
-833
-688
-467
-269
-132
-97
-70
-34
22
176
387
584
492
197
29
232
596
329
-666
-1626
-1557
-581
-52
-841
-2469
-3415
-3034
-2070
-1597
-2111
-3051
-3632
-3420
-2662
-2042
-1882
-2081
-2234
-2078
-1652
-1076
-542
-164
41
167
398
797
1338
1899
2328
2542
2571
2613
2852
3287
3697
3844
3692
3416
3273
3342
3491
3482
3162
2694
2320
2155
2073
1884
1571
1150
633
-100
-707
-619
61
376
-497
-1866
-2426
-1689
-551
-195
-776
-1667
-2077
-1709
-818
-25
60
-468
-1016
-903
-122
644
893
707
523
500
661
1014
1394
1558
1322
885
622
686
888
926
724
337
-56
-308
-373
-256
-199
-422
-873
-1231
-1244
-1043
-897
-956
-1162
-1330
-1374
-1256
-1027
-816
-716
-775
-872
-860
-666
-336
-42
93
-5
-196
-221
52
436
602
425
137
62
234
525
698
556
-101
-1089
-1674
-1343
-463
-252
-1262
-2743
-3447
-2947
-2093
-1826
-2394
-3245
-3667
-3439
-2776
-2207
-2007
-2064
-2126
-1978
-1606
-1045
-443
23
277
372
514
847
1402
2044
2516
2679
2598
2580
2869
3348
3728
3784
3569
3310
3191
3274
3402
3342
2987
2498
2116
1976
1850
1509
1030
650
408
74
-291
-513
-563
-654
-915
-1139
-1179
-1084
-1027
-1007
-938
-862
-795
-725
-571
-329
-117
-33
-7
153
401
585
707
821
945
1002
1011
1051
1099
1124
1024
861
722
584
456
270
71
-112
-317
-503
-671
-763
-858
-1021
-1167
-1258
-1258
-1237
-1236
-1242
-1236
-1199
-1112
-939
-759
-691
-740
-765
-618
-327
-90
-26
-81
-107
-30
141
297
368
324
199
107
157
357
460
361
135
-83
-386
-912
-1369
-1330
-904
-830
-1554
-2626
-3173
-2901
-2326
-2110
-2442
-2972
-3282
-3141
-2625
-2070
-1762
-1778
-1873
-1716
-1239
-603
-44
316
511
639
854
1233
1721
2206
2524
2625
2597
2625
2872
3250
3513
3514
3296
3047
2923
2954
3024
2922
2561
2037
1557
1328
1292
1220
862
271
-230
-404
-298
-267
-448
-766
-1013
-1045
-923
-708
-563
-556
-618
-604
-399
-138
51
131
188
309
431
563
687
835
943
929
905
890
942
963
917
833
653
458
234
77
-18
-176
-406
-695
-887
-960
-1002
-1053
-1144
-1220
-1264
-1266
-1188
-1097
-1016
-969
-934
-841
-735
-605
-468
-349
-252
-210
-187
-141
-45
80
140
102
58
57
113
131
132
171
145
-26
-291
-351
-150
66
19
-255
-527
-866
-1347
-1715
-1536
-1042
-1010
-1813
-2845
-3130
-2582
-1904
-1785
-2229
-2723
-2885
-2533
-1900
-1378
-1192
-1338
-1439
-1208
-628
58
511
694
758
916
1252
1680
2119
2457
2631
2649
2613
2699
2922
3140
3175
3014
2795
2597
2479
2411
2333
2074
1561
1048
806
883
778
340
-164
-383
-273
-332
-529
-724
-720
-566
-512
-401
-326
-278
-212
-101
192
443
519
500
526
736
957
1054
1046
1017
1038
1021
1016
1008
943
793
577
441
363
260
62
-184
-373
-533
-666
-821
-943
-1008
-1102
-1198
-1285
-1271
-1205
-1166
-1130
-1119
-1063
-985
-871
-675
-536
-473
-455
-376
-182
-10
43
-20
-76
-27
79
104
34
-97
-131
-125
-163
-228
-330
-399
-511
-670
-768
-742
-636
-613
-716
-844
-750
-502
-562
-1088
-1742
-1682
-1007
-593
-1054
-2113
-2575
-2207
-1477
-1106
-1434
-1912
-2187
-1916
-1310
-874
-695
-825
-890
-705
-281
248
541
676
782
986
1272
1520
1795
2055
2268
2364
2344
2366
2456
2616
2677
2598
2455
2254
2082
1942
1914
1873
1621
1163
647
456
524
569
380
-68
-360
-391
-210
10
42
-27
-181
-208
-22
242
494
495
414
399
497
707
839
905
869
800
736
708
770
790
719
542
361
246
168
81
-77
-259
-476
-687
-818
-886
-903
-970
-1108
-1240
-1282
-1212
-1115
-1055
-1041
-1015
-932
-828
-719
-621
-520
-431
-369
-328
-311
-252
-142
-42
-40
-158
-313
-349
-235
-133
-180
-404
-592
-657
-595
-535
-601
-721
-921
-1036
-1028
-899
-777
-856
-977
-1038
-920
-682
-513
-337
-219
-303
-614
-986
-773
-165
78
-422
-1227
-1333
-958
-622
-646
-867
-976
-1139
-1083
-794
-436
-260
-381
-446
-374
-93
223
407
555
643
803
914
1070
1349
1603
1821
1810
1827
1927
2012
2137
2123
2156
2137
1965
1783
1586
1606
1616
1394
1010
647
595
588
503
367
212
115
-28
-65
29
160
243
210
188
164
221
378
512
625
621
531
498
613
811
901
808
614
501
489
517
516
428
244
8
-175
-269
-308
-360
-501
-681
-823
-899
-918
-934
-964
-995
-1006
-1014
-1021
-989
-910
-800
-729
-706
-710
-683
-606
-496
-423
-487
-550
-508
-376
-304
-404
-547
-655
-630
-585
-621
-716
-862
-907
-926
-919
-857
-813
-818
-985
-1086
-966
-743
-571
-642
-764
-754
-604
-347
-127
-19
-64
-155
-145
-39
-10
-39
-2
14
-96
-411
-597
-531
-405
-361
-484
-625
-718
-713
-537
-346
-256
-324
-465
-423
-172
198
412
397
351
451
739
1008
1184
1265
1310
1389
1510
1645
1713
1726
1708
1720
1755
1720
1649
1512
1417
1338
1205
1063
895
860
821
710
604
522
548
551
539
534
525
539
543
596
661
668
646
613
610
660
705
731
704
654
582
511
470
414
337
200
47
-76
-142
-195
-314
-457
-588
-667
-737
-784
-843
-960
-1031
-1093
-1132
-1117
-1120
-1117
-1144
-1119
-1050
-1040
-1029
-1047
-1014
-947
-934
-952
-986
-972
-931
-910
-954
-1015
-962
-899
-926
-958
-889
-837
-893
-840
-808
-831
-795
-766
-686
-615
-662
-756
-701
-530
-413
-453
-525
-472
-290
-118
-89
-80
-93
28
170
262
397
366
356
376
444
571
539
446
335
318
405
442
424
297
179
183
279
381
384
363
267
213
324
525
702
582
367
284
437
699
733
657
500
476
592
717
861
842
805
789
877
1022
1071
1061
980
970
995
1023
1035
987
918
816
763
735
750
746
665
612
554
532
533
522
500
445
392
333
301
291
253
151
51
6
-65
-82
-108
-217
-288
-339
-365
-346
-357
-401
-453
-499
-491
-488
-511
-552
-614
-674
-749
-791
-794
-780
-818
-887
-947
-959
-924
-914
-920
-969
-996
-989
-938
-849
-827
-876
-968
-994
-932
-841
-789
-840
-901
-891
-793
-667
-571
-515
-510
-509
-453
-341
-239
-220
-253
-246
-149
-50
-46
-102
-116
-45
24
2
-46
-55
-24
18
60
100
113
137
178
235
273
285
287
339
405
397
359
355
427
518
589
627
608
594
641
772
931
996
906
760
722
813
921
908
756
569
453
477
562
591
522
356
239
263
364
461
451
371
295
271
327
386
441
435
373
310
274
304
334
345
310
255
231
217
245
278
292
268
214
189
165
150
129
72
15
-65
-158
-239
-312
-338
-357
-386
-414
-452
-473
-489
-474
-436
-412
-411
-428
-431
-415
-382
-351
-345
-365
-409
-431
-413
-371
-355
-399
-466
-520
-525
-484
-440
-422
-445
-483
-498
-468
-406
-364
-363
-395
-412
-397
-379
-362
-354
-360
-372
-375
-365
-345
-309
-271
-262
-266
-267
-217
-126
-65
-72
-124
-118
-56
17
45
20
2
3
83
143
169
154
109
114
116
172
202
227
238
218
250
285
332
344
348
359
353
360
337
293
256
248
285
307
282
236
187
195
257
329
369
337
317
305
332
391
431
454
408
347
308
324
366
354
304
246
230
249
285
296
251
224
216
230
249
246
234
190
164
154
130
100
72
71
81
67
50
21
-4
10
35
61
65
33
-35
-89
-98
-93
-91
-122
-175
-212
-232
-249
-260
-272
-296
-332
-369
-378
-356
-329
-321
-340
-375
-398
-395
-370
-340
-334
-344
-352
-350
-324
-287
-283
-286
-281
-284
-269
-266
-263
-237
-224
-210
-201
-193
-180
-174
-179
-200
-207
-188
-165
-165
-192
-209
-206
-161
-100
-92
-133
-169
-151
-66
20
49
18
-29
-30
33
116
156
154
144
159
199
245
268
278
284
284
277
267
278
305
317
289
262
251
248
240
219
229
237
236
199
144
153
187
209
192
153
125
128
151
166
171
170
156
141
136
134
142
130
130
140
127
91
41
26
37
51
31
-12
-44
-57
-37
-28
-43
-59
-60
-41
-16
-11
-13
-21
-13
7
13
5
-18
-8
7
5
-4
-18
-29
-31
-22
-23
-39
-61
-75
-82
-91
-101
-113
-115
-112
-101
-106
-133
-154
-148
-115
-78
-63
-71
-78
-84
-77
-57
-29
-18
-23
-34
-41
-39
-38
-42
-56
-65
-71
-71
-66
-65
-77
-94
-92
-88
-82
-81
-89
-110
-127
-119
-89
-66
-55
-64
-86
-89
-77
-51
-16
9
13
15
20
28
49
60
46
24
11
18
30
28
11
-7
-13
-16
-9
-1
4
-6
-26
-41
-43
-16
1
-10
-33
-47
-14
37
63
50
20
15
34
69
88
57
6
-20
9
70
111
93
49
32
62
128
158
125
69
56
97
132
144
115
64
39
29
48
72
71
68
51
34
18
17
42
66
86
81
58
54
62
74
68
51
47
51
65
67
57
46
23
11
10
12
5
-23
-57
-62
-34
3
16
-13
-58
-84
-74
-42
-18
-8
-19
-51
-81
-91
-74
-57
-55
-69
-89
-89
-74
-59
-50
-57
-77
-88
-91
-92
-93
-96
-88
-76
-78
-83
-84
-85
-80
-77
-66
-59
-56
-53
-49
-31
-4
23
38
31
25
41
71
92
88
62
42
42
63
86
82
49
17
13
28
48
61
47
24
3
-8
12
40
52
43
12
-15
-15
6
34
44
35
9
-19
-19
-3
11
5
-22
-36
-38
-19
5
11
1
-19
-28
-30
-32
-38
-38
-28
-22
-15
-25
-42
-38
-17
4
12
3
-10
-13
-11
0
6
3
-2
-12
-21
-24
-20
-11
-2
2
4
-5
-8
-2
4
14
16
12
15
24
33
34
24
17
19
27
32
22
17
19
21
12
1
-1
-2
0
7
15
19
21
12
2
4
12
23
28
20
14
13
24
42
59
59
40
26
24
37
45
30
6
-3
-3
1
2
-10
-15
-14
-11
-16
-23
-23
-24
-19
-21
-30
-41
-55
-50
-36
-19
-18
-26
-30
-33
-23
-14
-5
-2
-5
-8
-4
7
17
16
5
-14
-31
-35
-28
-15
-8
-10
-23
-47
-59
-41
-9
19
25
13
4
15
37
58
64
55
48
55
73
94
105
93
74
59
47
41
38
25
3
-22
-55
-76
-82
-78
-71
-72
-77
-81
-71
-48
-25
-11
-15
-20
-15
-1
23
37
36
20
-1
-10
-5
10
28
26
13
-9
-32
-38
-35
-32
-38
-54
-65
-71
-71
-72
-75
-77
-77
-65
-52
-39
-38
-39
-33
-28
-14
3
11
10
0
0
13
39
59
62
53
31
20
37
79
121
134
120
85
63
76
101
125
128
109
81
63
57
58
66
58
39
9
-26
-34
-30
-17
3
-10
-34
-38
-33
-22
-3
10
1
-13
-31
-40
-27
-12
-9
-30
-58
-80
-85
-80
-81
-76
-78
-86
-88
-86
-79
-67
-51
-36
-20
-6
5
15
18
22
35
49
62
74
87
96
104
112
122
133
136
128
121
116
119
125
123
101
70
42
20
8
-5
-31
-63
-89
-111
-125
-131
-140
-155
-174
-195
-212
-217
-211
-200
-196
-198
-199
-191
-175
-154
-134
-115
-100
-98
-100
-89
-68
-49
-34
-26
-20
-9
10
34
56
70
72
80
91
107
132
146
148
145
150
166
183
191
191
188
181
177
181
182
182
174
159
143
137
140
146
142
128
106
81
71
70
69
59
44
24
10
5
3
3
-1
-10
-30
-53
-68
-81
-86
-86
-92
-103
-109
-104
-98
-95
-101
-110
-114
-115
-114
-117
-120
-119
-118
-119
-116
-110
-108
-106
-104
-100
-100
-97
-91
-85
-72
-62
-55
-51
-53
-55
-55
-51
-41
-36
-36
-40
-38
-26
-14
-8
-3
3
14
32
46
52
53
55
60
68
81
85
77
63
52
53
66
81
87
82
77
73
76
83
88
87
80
72
66
58
58
65
70
68
57
49
48
49
47
47
45
38
33
27
22
21
13
-3
-20
-35
-43
-40
-31
-31
-33
-39
-46
-51
-56
-60
-54
-43
-40
-44
-59
-73
-65
-49
-34
-27
-27
-34
-41
-46
-51
-51
-52
-51
-49
-53
-58
-58
-55
-47
-38
-34
-32
-34
-28
-18
-5
4
8
5
0
-5
-4
2
16
30
35
31
26
26
33
44
49
42
31
24
26
38
50
54
58
51
37
26
18
25
40
52
55
48
45
49
60
74
76
66
49
32
23
22
25
23
9
-8
-24
-27
-16
0
11
14
6
-5
-8
-2
6
11
7
-6
-20
-24
-13
0
4
-5
-21
-39
-47
-40
-39
-39
-37
-40
-40
-36
-39
-48
-54
-57
-56
-54
-52
-50
-49
-46
-42
-38
-36
-29
-16
-4
4
0
-9
-11
1
12
14
7
-5
-14
-13
-10
-3
-1
-8
-19
-24
-13
3
18
21
16
12
15
29
44
52
51
45
34
23
20
21
20
21
25
21
19
20
26
32
35
36
37
39
35
27
16
7
4
5
10
21
31
31
28
25
25
24
18
12
10
7
9
9
7
3
-4
-11
-20
-27
-36
-40
-37
-34
-34
-39
-44
-45
-41
-37
-36
-40
-46
-45
-36
-26
-20
-22
-30
-37
-40
-46
-53
-57
-49
-43
-40
-37
-38
-40
-38
-32
-25
-23
-23
-28
-30
-21
-9
6
17
20
12
8
10
20
33
38
37
33
30
31
33
40
44
43
43
46
47
41
31
27
26
29
36
36
37
38
42
43
41
39
34
32
33
33
36
37
33
24
24
23
18
17
19
26
28
18
3
-6
-3
8
13
13
7
2
1
6
14
15
13
8
1
-4
-12
-16
-18
-17
-21
-31
-38
-36
-35
-34
-32
-33
-39
-46
-52
-54
-54
-52
-45
-42
-39
-39
-39
-41
-45
-48
-51
-51
-45
-41
-41
-41
-42
-40
-33
-27
-16
-9
-9
-9
-5
0
4
3
-5
-10
-8
-2
5
14
17
19
23
28
33
41
45
46
46
41
37
35
36
37
43
47
40
30
20
13
13
20
23
30
38
42
40
32
18
9
7
12
20
29
26
21
22
23
28
33
32
26
21
16
17
22
23
17
4
-9
-14
-13
-14
-18
-27
-38
-47
-53
-49
-39
-27
-18
-18
-22
-29
-37
-41
-37
-29
-14
-12
-20
-27
-31
-30
-26
-25
-33
-36
-34
-33
-29
-26
-24
-21
-20
-20
-23
-22
-18
-12
-7
-1
1
3
4
2
1
0
-1
1
0
-2
-4
-3
6
13
11
9
10
9
7
5
6
12
26
38
46
48
45
42
38
32
33
30
24
20
17
16
16
21
23
27
27
23
19
14
10
10
14
18
14
12
13
12
13
10
5
4
7
15
19
15
4
-10
-19
-24
-24
-22
-27
-34
-38
-41
-41
-36
-28
-20
-15
-11
-10
-10
-8
-7
1
8
10
11
9
4
1
2
4
9
10
10
3
-7
-17
-22
-21
-20
-16
-16
-18
-20
-23
-20
-11
-2
3
5
-1
-6
-2
4
11
16
15
14
14
24
34
38
33
23
20
21
21
20
17
8
-6
-19
-28
-26
-19
-16
-13
-16
-24
-25
-24
-13
-2
1
-3
-5
-4
2
11
16
19
18
13
9
8
9
5
-5
-15
-16
-14
-18
-23
-25
-24
-22
-16
-11
-8
-10
-18
-22
-18
-15
-7
-5
-9
-15
-20
-21
-14
-2
11
18
17
13
12
15
25
34
35
31
25
20
13
4
-6
-17
-24
-26
-23
-16
-7
-3
-5
-8
-5
-2
-1
-1
2
7
7
4
0
0
4
7
13
18
21
24
25
27
30
32
36
36
37
31
25
15
6
1
2
7
9
11
16
18
17
11
7
3
-2
-7
-9
-7
-5
-4
-5
-8
-10
-16
-17
-14
-14
-10
-9
-8
-8
-8
-7
-6
-4
-3
1
-1
-5
-7
-9
-12
-14
-19
-21
-20
-17
-17
-16
-18
-22
-24
-28
-29
-27
-28
-27
-23
-21
-25
-28
-29
-27
-21
-19
-15
-11
-9
-6
-8
-10
-6
0
3
3
6
7
4
-1
-6
-4
6
17
22
21
18
15
12
8
7
9
14
17
18
20
22
23
30
35
40
41
40
36
33
31
30
26
20
18
19
21
23
22
14
5
-2
-6
-5
0
7
12
15
16
14
13
10
6
6
10
15
16
22
28
25
19
15
10
7
9
9
5
1
-9
-17
-22
-25
-19
-17
-18
-22
-25
-25
-26
-26
-25
-19
-12
-13
-22
-33
-40
-42
-36
-30
-26
-23
-23
-24
-23
-19
-18
-19
-24
-28
-34
-38
-40
-34
-27
-24
-20
-23
-30
-30
-24
-16
-10
-8
-9
-15
-19
-19
-18
-14
-5
4
13
20
21
16
11
10
15
17
15
12
8
4
3
9
13
18
22
23
28
31
32
28
22
17
17
19
19
24
26
23
24
28
31
37
40
41
42
40
33
28
23
17
16
15
14
10
10
8
8
9
4
0
1
4
9
10
12
12
12
12
10
9
8
6
3
4
8
9
11
9
5
3
0
-1
-4
-2
-4
-9
-13
-18
-21
-23
-25
-23
-25
-26
-29
-29
-28
-28
-30
-35
-35
-35
-34
-36
-35
-33
-29
-21
-14
-11
-16
-23
-31
-37
-37
-37
-40
-46
-50
-51
-47
-40
-32
-26
-22
-15
-9
-5
-3
-5
-6
-6
-3
-3
-1
7
16
22
26
27
26
23
20
19
16
14
12
7
8
11
14
19
23
27
29
33
35
33
32
26
26
29
30
36
39
41
44
47
47
48
47
45
40
35
33
28
19
18
20
25
31
28
22
13
3
-6
-14
-16
-16
-14
-10
-3
0
3
5
8
10
8
5
0
-6
-12
-16
-20
-20
-22
-26
-27
-24
-23
-26
-27
-28
-28
-26
-27
-32
-34
-34
-30
-28
-31
-34
-37
-35
-25
-13
-9
-12
-14
-17
-21
-18
-8
0
6
7
2
-6
-17
-28
-33
-31
-26
-22
-17
-11
-4
-3
-1
0
0
1
3
7
8
5
1
-4
-5
1
5
8
9
10
12
13
18
19
13
9
5
5
9
11
14
16
17
16
13
9
12
19
24
32
33
30
28
28
30
30
27
20
12
11
14
18
24
24
23
20
15
13
10
10
10
7
5
4
1
3
3
1
-1
-3
-5
-5
-7
-10
-10
-11
-13
-16
-17
-19
-20
-17
-17
-18
-19
-23
-27
-24
-21
-18
-21
-26
-30
-32
-32
-30
-27
-28
-24
-21
-20
-17
-15
-12
-11
-4
-1
-2
-4
-8
-10
-8
-4
-4
-4
-3
-3
-1
5
17
19
18
15
16
20
23
24
25
25
24
25
26
26
26
24
21
21
25
31
35
37
36
31
27
24
19
13
5
-5
-6
-6
-2
2
2
-1
-4
-4
-2
1
5
4
-1
-8
-16
-21
-21
-17
-10
-5
-6
-12
-24
-29
-28
-24
-17
-12
-8
-4
-5
-6
-11
-15
-20
-26
-28
-28
-27
-28
-29
-29
-29
-26
-23
-22
-17
-15
-13
-11
-11
-10
-11
-13
-14
-9
-4
5
9
5
2
1
5
9
13
13
9
3
-2
-1
5
12
18
21
19
17
13
13
14
17
21
25
29
35
42
46
47
42
40
41
40
39
34
30
27
25
22
16
12
9
7
8
11
13
12
6
-2
-7
-9
-10
-6
-2
2
0
0
-1
-3
-2
-5
-9
-11
-11
-10
-10
-10
-13
-19
-22
-23
-20
-16
-17
-19
-22
-22
-21
-19
-17
-15
-15
-15
-17
-20
-23
-26
-32
-35
-35
-32
-25
-19
-19
-21
-25
-27
-28
-28
-25
-21
-18
-18
-20
-21
-21
-19
-14
-10
-5
1
5
10
9
6
2
-1
-2
-1
1
5
9
12
15
16
20
24
25
26
27
25
24
23
22
17
13
13
15
19
21
21
22
22
27
32
38
39
35
28
19
14
15
19
24
24
23
18
14
12
9
11
12
13
16
18
18
19
16
11
10
8
8
9
10
8
6
4
1
-1
-6
-12
-16
-18
-18
-15
-16
-21
-23
-26
-28
-27
-29
-31
-34
-34
-30
-29
-26
-23
-21
-20
-17
-14
-12
-12
-15
-15
-14
-14
-14
-18
-18
-21
-21
-16
-13
-11
-8
-6
-3
-3
-6
-13
-18
-22
-19
-13
-6
-1
1
-2
-9
-10
-7
-1
4
6
8
7
3
-1
2
4
6
8
8
13
17
22
26
23
19
18
19
21
21
20
17
14
19
22
22
22
25
28
28
24
18
13
12
12
14
14
13
11
13
14
16
15
11
6
2
-1
-4
-5
-8
-12
-16
-18
-13
-11
-11
-14
-17
-21
-21
-19
-15
-13
-10
-9
-8
-2
2
1
-3
-11
-15
-18
-17
-13
-10
-10
-9
-10
-8
-4
-3
-3
-8
-12
-12
-6
0
4
3
-2
-5
-7
-3
-2
-3
-4
-8
-13
-14
-11
-5
5
7
6
3
-1
-2
-2
-4
-5
-8
-10
-8
-2
4
7
10
11
12
16
18
20
22
16
12
9
11
16
21
20
18
15
15
16
16
17
16
11
7
3
5
7
6
5
-1
-6
-5
-3
0
3
-3
-7
-8
-7
-6
-8
-9
-8
-7
-5
-5
-6
-6
-6
-7
-5
-5
-4
-3
-7
-11
-14
-17
-14
-9
-6
-4
-10
-13
-13
-8
-6
-4
-7
-8
-8
-3
2
3
1
-3
-5
-4
-3
-1
2
1
1
0
1
2
3
6
7
6
2
-1
-2
1
3
5
7
7
6
8
10
13
15
14
13
14
16
19
23
19
16
12
9
10
10
8
6
7
10
10
7
3
1
1
2
2
-3
-8
-14
-17
-22
-25
-26
-24
-23
-21
-20
-17
-16
-16
-15
-16
-18
-17
-17
-19
-20
-18
-14
-9
-7
-3
-1
2
3
3
3
1
2
1
1
2
3
7
9
14
18
20
18
16
17
21
24
27
27
24
21
22
25
29
31
33
32
29
24
18
15
13
11
8
4
0
-1
1
2
0
-2
-6
-9
-12
-13
-16
-17
-19
-20
-20
-23
-24
-25
-24
-26
-28
-27
-28
-28
-28
-28
-27
-24
-21
-20
-21
-21
-18
-16
-16
-18
-21
-23
-22
-18
-16
-14
-10
-6
-4
-3
-1
1
3
6
8
9
7
9
12
16
20
22
24
22
17
13
15
16
15
13
10
7
5
6
9
8
10
14
17
19
21
21
14
7
3
4
9
13
15
16
17
15
15
15
16
20
22
19
16
14
14
15
12
10
9
8
6
5
3
-2
-5
-7
-11
-14
-12
-9
-4
-1
0
1
0
2
3
2
-4
-11
-16
-14
-15
-12
-11
-16
-18
-22
-22
-22
-21
-22
-24
-25
-25
-24
-21
-19
-18
-17
-15
-14
-11
-12
-17
-17
-14
-10
-4
0
5
8
5
2
-1
1
4
3
6
4
-1
-3
-4
-5
-4
-4
-4
3
-7
-7
4
-4
-3
5
17
14
2
17
9
5
22
10
15
26
12
15
17
11
18
20
16
17
17
16
19
18
15
11
7
5
7
10
10
6
5
2
0
2
3
7
10
12
10
8
6
6
8
7
4
-2
-6
-5
-6
-6
-8
-16
-20
-23
-30
-32
-32
-33
-32
-28
-24
-16
-12
-11
-9
-7
-4
0
2
4
6
7
6
5
4
3
3
4
5
6
7
4
2
2
0
-3
-6
-5
-2
-3
-1
-1
-5
-5
-5
-8
-6
-4
-3
-2
-2
1
4
8
12
13
13
17
18
15
13
9
5
5
6
5
5
3
1
0
2
3
-3
-9
-11
-12
-9
-6
-5
-6
-7
-7
-6
-4
0
-2
-5
-6
-6
-4
-2
-1
-3
-5
-5
-2
-4
