2
2
1
1
2
2
2
1
1
1
0
0
-1
0
0
-1
-1
-1
-1
-1
-2
-1
-1
-1
0
-1
-2
-2
-2
-1
1
1
0
0
0
0
1
1
1
1
1
2
2
2
1
2
1
0
0
0
0
1
1
1
0
-1
0
-1
-1
-1
-1
-3
-3
-4
-4
-4
-3
-1
-2
-2
-1
-2
-2
-2
-2
-2
-1
0
0
0
0
1
0
0
0
-1
-1
0
0
0
0
0
1
0
0
0
0
0
-1
0
0
0
0
-1
-1
-2
-1
0
0
0
0
1
1
1
2
4
3
3
3
4
3
4
4
4
3
2
1
2
1
2
1
0
0
1
0
0
1
0
1
1
1
1
1
2
2
1
1
0
0
-1
0
-1
-1
-1
-1
-3
-2
-3
-3
-2
-2
-3
-3
-3
-2
-2
-2
-4
-4
-4
-3
-3
-2
-2
-2
-1
-1
-2
-1
0
0
1
0
0
1
1
1
2
2
0
0
-1
-1
-1
-2
-1
-1
-2
-3
-2
-1
0
0
0
1
1
1
1
2
3
1
0
1
1
1
2
1
2
2
2
2
3
2
2
3
3
3
2
2
1
0
-1
-1
-1
1
0
-1
0
-1
-1
0
1
2
2
1
2
2
1
2
2
3
2
2
1
2
0
0
0
-1
-2
-3
-3
-3
-3
-4
-3
-2
-3
-3
-2
-2
-2
-1
-2
-2
-2
-1
0
-2
-1
-1
-2
-1
-1
-1
-2
-1
-1
-1
0
0
-1
0
-1
0
0
-1
-2
-2
-2
-1
-2
-1
-1
0
0
1
0
2
1
1
1
2
2
2
2
2
2
2
2
1
1
1
1
1
2
2
2
1
0
0
0
1
0
0
1
0
1
1
1
0
0
0
1
1
1
2
1
2
3
3
3
1
-1
0
-1
0
0
0
-2
-1
-2
-2
-3
-2
-2
-2
-2
-2
-2
-3
-2
-3
-2
-2
-2
-2
-1
-1
-1
0
-1
0
0
0
2
2
2
1
1
-1
0
1
1
0
2
1
2
2
2
2
1
1
0
1
0
1
0
1
0
0
0
0
0
-2
-2
-1
-1
-1
0
1
1
1
0
0
0
-1
-2
-1
-1
1
1
0
0
-1
0
0
1
1
0
0
1
1
1
1
0
1
1
1
1
1
0
1
1
1
0
-1
-1
0
1
0
0
-1
0
0
0
0
0
-1
0
0
1
1
0
-1
0
1
0
0
-1
-1
-2
-1
0
-2
-1
-1
-1
0
1
0
0
-1
-1
-1
-1
0
-1
-1
-1
-1
-1
-1
0
-1
0
-1
0
1
1
1
0
-1
-1
1
0
0
0
-2
-1
1
2
1
1
-1
-2
1
1
1
0
0
1
1
2
2
1
2
2
1
0
0
1
2
3
3
2
1
2
3
2
0
0
0
2
1
1
0
0
0
1
0
0
-1
-2
-2
-1
0
-1
0
-2
-1
0
0
-1
-2
-3
-1
0
0
-1
-2
0
0
1
0
-2
-1
0
0
0
-1
-1
-1
0
1
0
1
0
0
0
0
-1
-1
0
0
-1
0
0
-1
0
0
1
0
-1
0
0
0
0
0
0
0
0
1
0
0
0
0
0
0
0
0
1
0
0
0
0
0
0
1
0
-1
0
0
0
-1
0
0
-1
0
0
0
0
0
0
0
0
0
0
0
0
0
0
0
0
0
-1
0
0
1
0
0
-1
1
0
0
0
0
0
0
0
0
0
0
-1
1
0
0
-1
0
0
0
1
0
0
0
0
0
1
0
0
0
1
-1
0
0
0
-1
-1
0
0
0
1
0
0
0
0
0
1
0
-1
-1
0
0
0
0
0
0
0
-1
0
-1
0
1
0
0
0
0
1
0
0
0
0
0
-1
-1
0
0
0
0
-1
0
1
-1
0
-1
0
0
-1
-1
-1
-1
-1
-3
-3
-2
-2
-2
-2
-4
-5
-5
-5
-3
-4
-7
-8
-7
-5
-5
-7
-8
-7
-7
-6
-6
-5
-5
-6
-4
-3
-2
-1
-1
0
0
1
2
2
3
4
4
4
3
4
4
5
3
3
3
2
2
1
1
1
1
1
1
1
0
0
0
-1
-1
-1
-1
-2
-3
-3
-3
-4
-7
-8
-9
-11
-12
-15
-17
-19
-22
-23
-23
-24
-25
-25
-26
-24
-22
-21
-19
-16
-15
-11
-8
-5
-1
0
3
6
11
14
13
13
14
16
15
15
15
14
11
9
10
10
10
6
3
7
8
9
9
14
16
16
20
24
30
35
39
39
38
43
55
63
62
50
40
50
79
107
99
62
44
64
107
121
102
70
50
62
77
83
70
40
21
10
13
14
2
-11
-29
-37
-41
-42
-38
-39
-42
-41
-41
-34
-22
-13
-1
2
7
16
30
44
52
53
52
54
64
72
70
64
55
54
52
49
48
38
36
34
43
64
70
75
80
104
145
168
194
214
235
266
291
325
347
353
359
350
358
362
340
325
286
263
238
194
175
120
85
45
1
-6
-51
-73
-125
-164
-153
-161
-159
-183
-183
-176
-177
-161
-134
-99
-111
-121
-111
-70
-58
-88
-94
-112
-114
-158
-182
-197
-250
-285
-361
-409
-450
-450
-430
-506
-634
-724
-714
-577
-464
-584
-945
-1302
-1195
-753
-526
-793
-1373
-1606
-1373
-957
-717
-914
-1181
-1326
-1182
-793
-531
-408
-505
-565
-391
-168
107
259
330
399
404
502
617
759
909
933
892
799
775
885
990
994
838
614
526
602
758
760
536
310
233
351
485
473
355
240
275
403
513
576
575
589
636
696
770
818
885
930
923
930
923
920
891
821
759
672
604
552
473
367
235
122
62
9
-46
-141
-270
-344
-376
-360
-352
-383
-409
-451
-431
-371
-322
-310
-346
-355
-314
-240
-212
-274
-342
-328
-270
-236
-285
-395
-427
-415
-406
-439
-510
-475
-438
-453
-529
-619
-552
-458
-373
-378
-529
-566
-529
-400
-293
-371
-429
-585
-601
-490
-498
-512
-638
-668
-620
-652
-643
-750
-770
-623
-548
-507
-655
-716
-541
-340
-140
-172
-240
-173
-46
213
366
412
422
420
573
707
784
784
706
724
787
841
817
759
748
753
721
668
614
574
609
615
560
468
397
453
512
538
495
399
420
494
610
646
585
560
573
671
733
721
675
618
629
632
603
532
446
393
331
290
233
154
84
-4
-60
-133
-198
-246
-300
-320
-335
-321
-318
-341
-342
-310
-296
-268
-238
-231
-226
-237
-185
-177
-172
-180
-247
-285
-293
-195
-131
-200
-314
-342
-247
-130
-96
-161
-272
-331
-308
-212
-120
13
-131
-752
-1572
-1759
-912
-206
-547
-1934
-2972
-2715
-1758
-999
-1287
-2100
-2657
-2573
-1803
-1104
-772
-942
-1255
-1122
-672
-6
492
664
699
652
819
1178
1576
1918
1963
1832
1681
1671
1901
2086
2072
1847
1526
1334
1263
1274
1220
994
636
310
163
89
-102
-348
-407
-419
-555
-734
-800
-604
-356
-174
-138
-208
-80
175
505
790
892
915
891
1023
1226
1320
1356
1269
1163
1062
998
1013
940
815
622
434
328
208
111
-31
-168
-323
-493
-574
-604
-608
-674
-771
-796
-774
-699
-603
-498
-389
-365
-335
-306
-197
-27
50
76
16
25
0
-6
39
43
39
-160
-327
-405
-401
-302
-378
-387
-442
-540
-581
-654
-499
-391
-371
-297
-174
-271
-981
-1973
-1935
-823
49
-464
-2193
-3206
-2851
-1595
-584
-876
-1765
-2611
-2600
-1636
-718
-200
-536
-1085
-1108
-670
213
822
977
863
613
764
1156
1687
2147
2172
1944
1626
1605
1970
2272
2306
2000
1586
1348
1301
1425
1382
993
393
-31
-14
175
173
-184
-652
-877
-720
-374
-182
-228
-353
-336
-161
116
348
511
612
664
795
967
1180
1309
1293
1258
1205
1213
1221
1188
1150
962
755
588
468
410
227
2
-239
-422
-466
-545
-611
-716
-859
-960
-1021
-945
-851
-830
-832
-828
-733
-574
-464
-354
-277
-212
-145
-162
-122
-43
15
15
-127
-165
-178
-114
-48
-155
-216
-301
-296
-342
-392
-310
-316
-292
-352
-481
-438
-286
108
190
-404
-1402
-2108
-1467
-327
-39
-1127
-2692
-3088
-2371
-1285
-886
-1498
-2254
-2646
-2259
-1461
-855
-626
-907
-1132
-974
-444
297
784
986
930
852
1054
1459
1984
2344
2365
2148
1923
2017
2329
2543
2475
2141
1791
1590
1599
1668
1568
1142
521
80
27
231
187
-216
-681
-890
-767
-625
-497
-499
-559
-497
-423
-202
20
248
413
443
593
728
929
1149
1271
1300
1152
1076
1125
1186
1215
1062
839
640
505
469
337
138
-112
-370
-500
-599
-651
-749
-927
-1074
-1198
-1167
-1045
-958
-941
-1005
-988
-881
-745
-583
-453
-364
-317
-313
-238
-91
92
182
69
-21
-92
-26
60
63
5
-185
-248
-206
-155
-153
-244
-271
-257
-319
-357
-341
-106
115
9
-430
-1130
-1565
-1400
-782
-396
-925
-1990
-2707
-2526
-1754
-1263
-1422
-2001
-2425
-2297
-1759
-1156
-851
-898
-1020
-943
-543
8
514
837
914
903
1016
1371
1869
2263
2416
2332
2189
2210
2427
2668
2701
2471
2152
1923
1860
1851
1758
1482
1011
522
229
257
362
222
-294
-796
-909
-729
-508
-491
-601
-731
-678
-463
-244
-37
55
150
254
435
666
799
917
970
983
974
994
1105
1136
1084
951
797
690
608
536
381
148
-92
-269
-377
-463
-572
-744
-928
-1061
-1078
-1043
-1032
-1042
-1121
-1157
-1083
-916
-756
-664
-605
-567
-524
-423
-254
-89
-20
-35
-124
-205
-99
118
234
110
-121
-204
-89
146
174
-53
-288
-305
-51
25
-97
-317
-316
-80
99
33
-561
-1346
-1746
-1328
-578
-504
-1354
-2471
-2884
-2403
-1642
-1323
-1677
-2236
-2511
-2269
-1649
-1056
-794
-897
-1038
-902
-445
209
727
936
908
895
1135
1590
2115
2466
2504
2329
2206
2358
2651
2817
2708
2388
2089
1933
1930
1929
1745
1316
729
370
382
535
406
-161
-708
-933
-760
-513
-482
-645
-865
-875
-666
-346
-76
13
8
69
299
593
835
991
1068
1091
1102
1163
1272
1363
1334
1201
1038
921
877
808
643
378
77
-141
-255
-328
-481
-718
-936
-1069
-1110
-1130
-1173
-1250
-1311
-1300
-1221
-1116
-1072
-1044
-958
-799
-646
-617
-597
-460
-244
-48
-8
-67
-120
-111
39
131
95
-25
-103
44
153
62
-179
-349
-230
-145
-163
-243
-317
-158
-47
19
-97
-600
-1239
-1786
-1522
-770
-440
-1017
-2308
-3032
-2768
-1837
-1154
-1465
-2242
-2827
-2590
-1759
-998
-678
-957
-1217
-1136
-622
130
637
879
836
836
1087
1524
2110
2497
2611
2460
2292
2445
2762
3069
3092
2795
2457
2199
2198
2268
2172
1765
1083
640
614
803
711
153
-443
-739
-662
-465
-455
-626
-866
-950
-816
-589
-329
-222
-171
-114
17
253
470
689
786
819
871
979
1180
1293
1326
1230
1085
1027
960
915
780
588
397
193
73
-68
-233
-415
-631
-783
-930
-1045
-1091
-1160
-1228
-1332
-1382
-1310
-1239
-1209
-1272
-1231
-1018
-838
-767
-793
-750
-592
-365
-179
-173
-275
-313
-226
-33
118
120
-27
-209
-191
-50
61
-25
-141
-185
-159
-172
-219
-102
72
225
80
-329
-861
-1293
-1266
-945
-706
-1043
-1807
-2364
-2403
-2037
-1787
-1821
-2043
-2249
-2255
-2083
-1782
-1451
-1198
-1053
-987
-880
-591
-109
406
724
841
936
1183
1589
2033
2391
2555
2572
2616
2809
3084
3230
3198
3047
2884
2774
2669
2527
2270
1875
1443
1123
958
775
444
124
-132
-409
-647
-738
-663
-651
-756
-870
-928
-833
-656
-463
-318
-220
-139
-31
186
483
693
754
809
911
1038
1138
1211
1222
1136
1046
976
910
810
630
419
236
84
-74
-279
-494
-671
-827
-955
-1064
-1187
-1300
-1379
-1391
-1358
-1349
-1373
-1402
-1339
-1192
-1036
-950
-908
-834
-690
-495
-349
-262
-295
-309
-246
-122
-21
0
73
91
50
-64
-136
-38
53
113
12
-126
-163
-90
78
201
257
138
-188
-602
-978
-1193
-1118
-911
-852
-1299
-2028
-2465
-2399
-1991
-1746
-1803
-2048
-2286
-2276
-2049
-1623
-1247
-1081
-1077
-1083
-826
-366
160
554
753
863
1029
1417
1914
2341
2613
2700
2752
2865
3070
3281
3356
3291
3111
2928
2793
2681
2565
2256
1804
1332
1015
900
732
403
-91
-434
-534
-564
-636
-832
-1037
-1181
-1165
-967
-794
-768
-805
-743
-529
-238
-5
119
199
347
568
784
981
1071
1063
1041
1049
1114
1128
1056
939
799
657
525
385
221
38
-157
-355
-557
-737
-888
-1011
-1112
-1218
-1327
-1366
-1373
-1343
-1376
-1418
-1340
-1224
-1071
-1039
-1024
-971
-804
-544
-438
-443
-479
-421
-170
109
205
57
-132
-58
198
376
342
139
7
7
148
242
157
54
21
136
178
15
-449
-1050
-1427
-1372
-1019
-956
-1412
-2072
-2495
-2487
-2284
-2031
-1888
-2007
-2301
-2567
-2404
-1844
-1274
-1053
-1198
-1288
-1058
-495
182
658
865
902
1042
1410
1935
2459
2773
2862
2856
2952
3203
3449
3568
3466
3248
3043
2907
2863
2772
2584
2136
1575
1121
855
770
586
316
-158
-646
-865
-876
-764
-862
-1082
-1268
-1304
-1104
-882
-724
-664
-597
-481
-324
-79
178
391
506
607
702
835
1029
1179
1244
1166
1050
979
941
926
817
617
375
159
15
-116
-273
-494
-771
-990
-1091
-1140
-1198
-1336
-1471
-1558
-1546
-1452
-1388
-1383
-1398
-1325
-1170
-952
-764
-646
-607
-553
-495
-339
-114
19
64
-4
32
199
359
372
225
166
302
324
238
134
132
227
129
117
191
177
-198
-1023
-1610
-1448
-806
-578
-1270
-2359
-2943
-2673
-1981
-1613
-1893
-2437
-2766
-2596
-2101
-1693
-1476
-1462
-1494
-1328
-971
-464
48
387
591
695
935
1391
1930
2450
2699
2727
2742
2872
3196
3468
3538
3438
3220
3075
3032
3019
2918
2648
2234
1796
1423
1140
938
708
397
-52
-456
-676
-759
-822
-998
-1216
-1339
-1357
-1255
-1105
-1024
-968
-920
-765
-508
-273
-54
99
255
432
602
797
932
1032
1063
1065
1130
1197
1201
1122
984
813
667
529
402
260
37
-198
-423
-583
-693
-808
-937
-1137
-1295
-1375
-1381
-1336
-1365
-1400
-1408
-1372
-1252
-1091
-921
-812
-735
-685
-627
-493
-293
-109
-92
-192
-235
-44
201
285
229
24
19
156
275
380
269
136
-28
66
366
439
85
-757
-1512
-1654
-1139
-623
-811
-1736
-2689
-2951
-2547
-1944
-1725
-2036
-2505
-2788
-2648
-2173
-1601
-1216
-1268
-1465
-1439
-1001
-259
362
699
753
765
1069
1630
2275
2734
2875
2823
2791
3001
3360
3630
3673
3479
3228
3081
3068
3065
2912
2541
2053
1644
1304
1049
814
586
261
-219
-592
-831
-900
-926
-1033
-1168
-1321
-1345
-1240
-1094
-946
-828
-726
-608
-433
-217
9
243
460
593
666
799
968
1107
1181
1165
1124
1049
1006
991
901
758
567
383
216
58
-126
-394
-660
-860
-1010
-1115
-1203
-1325
-1462
-1583
-1611
-1551
-1481
-1398
-1362
-1323
-1251
-1133
-986
-827
-643
-554
-496
-399
-172
13
56
29
12
146
242
318
373
351
325
236
246
304
310
267
298
445
425
62
-639
-1182
-1274
-919
-683
-1057
-1840
-2563
-2656
-2262
-1904
-1982
-2438
-2746
-2674
-2390
-2105
-1898
-1738
-1616
-1494
-1256
-863
-396
47
330
529
781
1163
1672
2156
2512
2711
2803
2954
3190
3451
3617
3587
3441
3290
3234
3222
3105
2864
2537
2191
1841
1448
1073
789
593
312
-117
-569
-851
-932
-956
-1069
-1293
-1489
-1503
-1336
-1149
-1038
-1001
-950
-770
-488
-197
-5
132
306
500
683
842
976
1068
1113
1139
1176
1206
1209
1149
1015
853
688
530
398
248
46
-197
-470
-682
-836
-990
-1147
-1340
-1494
-1576
-1588
-1551
-1508
-1461
-1426
-1391
-1297
-1177
-1023
-850
-690
-545
-460
-417
-255
20
197
158
70
153
335
480
593
575
474
364
195
281
430
570
541
186
-53
-387
-856
-1330
-1454
-1123
-1046
-1558
-2452
-3057
-2954
-2460
-2171
-2350
-2785
-3073
-2948
-2588
-2128
-1780
-1709
-1675
-1554
-1182
-587
4
460
642
786
1093
1540
2120
2610
2905
3007
2983
3132
3439
3731
3880
3764
3537
3336
3235
3194
3084
2837
2416
1918
1477
1134
938
795
492
-62
-609
-910
-966
-934
-978
-1125
-1440
-1715
-1664
-1336
-956
-840
-944
-1005
-816
-370
46
316
434
456
532
772
1132
1393
1409
1305
1259
1287
1362
1396
1313
1135
870
633
459
345
236
-7
-327
-614
-805
-897
-1020
-1193
-1382
-1533
-1539
-1495
-1485
-1491
-1495
-1491
-1466
-1348
-1103
-866
-728
-708
-667
-517
-250
-17
95
36
-26
108
324
580
567
435
333
305
460
503
570
542
452
409
166
-258
-955
-1598
-1719
-1370
-1076
-1443
-2390
-3249
-3554
-3247
-2706
-2413
-2631
-3229
-3709
-3600
-2912
-2122
-1705
-1821
-2041
-1898
-1232
-253
487
803
803
864
1327
2047
2814
3301
3415
3362
3375
3673
4104
4375
4374
4111
3797
3608
3566
3570
3367
2842
2120
1492
1206
1159
1057
617
-133
-814
-1029
-857
-702
-888
-1384
-1753
-1775
-1466
-1095
-953
-925
-933
-830
-575
-243
157
430
598
672
729
946
1264
1551
1627
1505
1369
1345
1432
1503
1399
1091
770
543
450
368
156
-180
-564
-850
-985
-1069
-1211
-1441
-1678
-1810
-1816
-1730
-1711
-1792
-1797
-1686
-1487
-1340
-1299
-1204
-998
-650
-414
-365
-366
-298
-67
150
298
332
299
342
384
472
535
590
584
452
392
394
468
434
-16
-810
-1591
-1807
-1386
-1078
-1475
-2535
-3419
-3494
-3011
-2611
-2736
-3186
-3489
-3474
-3190
-2821
-2494
-2197
-1995
-1869
-1650
-1209
-532
170
651
932
1148
1525
2094
2718
3243
3491
3537
3607
3826
4163
4403
4402
4207
3944
3751
3671
3574
3401
2974
2255
1534
1222
1321
1190
512
-390
-938
-940
-742
-784
-1154
-1607
-1828
-1701
-1419
-1185
-1141
-1222
-1140
-851
-436
-149
28
245
412
604
821
1053
1297
1445
1525
1526
1500
1503
1498
1466
1340
1134
895
656
470
300
47
-258
-556
-809
-981
-1129
-1318
-1511
-1680
-1721
-1711
-1683
-1685
-1734
-1678
-1560
-1392
-1251
-1163
-1010
-824
-640
-417
-244
-115
-12
67
204
323
450
513
454
447
462
494
532
517
508
408
253
216
293
319
-96
-997
-1947
-2178
-1551
-963
-1341
-2649
-3770
-3864
-3099
-2408
-2424
-2966
-3489
-3569
-3177
-2549
-1982
-1704
-1722
-1754
-1504
-875
-68
618
1004
1128
1266
1626
2238
2931
3420
3580
3536
3535
3767
4163
4402
4328
4010
3650
3443
3378
3304
3053
2495
1809
1244
942
807
504
66
-470
-908
-1128
-1227
-1223
-1295
-1458
-1637
-1708
-1607
-1374
-1089
-881
-755
-651
-453
-197
143
479
689
865
949
1102
1330
1523
1670
1641
1541
1449
1389
1361
1241
1056
801
514
297
122
-48
-265
-593
-927
-1159
-1297
-1380
-1489
-1617
-1698
-1709
-1672
-1638
-1613
-1546
-1381
-1160
-983
-938
-843
-632
-388
-171
-71
44
191
328
413
535
668
719
656
486
438
530
747
785
524
267
189
311
-71
-1145
-2159
-2245
-1362
-805
-1525
-3092
-4141
-3918
-3000
-2382
-2576
-3281
-3830
-3789
-3219
-2468
-1950
-1857
-1964
-1941
-1527
-740
93
688
970
1084
1283
1731
2403
3094
3530
3572
3396
3386
3713
4165
4420
4281
3875
3488
3314
3331
3337
3026
2229
1272
764
942
1136
659
-356
-1162
-1283
-989
-782
-994
-1470
-1833
-1863
-1583
-1207
-962
-980
-1067
-951
-570
-159
105
340
533
688
811
992
1273
1527
1646
1563
1439
1415
1481
1543
1466
1228
892
567
347
262
129
-162
-546
-890
-1069
-1128
-1183
-1312
-1464
-1547
-1563
-1585
-1570
-1498
-1318
-1151
-1132
-1122
-1014
-690
-299
-162
-162
-151
38
267
425
553
594
640
723
749
771
768
640
585
534
670
800
654
353
-309
-1195
-1940
-1991
-1335
-1025
-1712
-3027
-3967
-3841
-3180
-2782
-2888
-3334
-3660
-3726
-3516
-2973
-2385
-2002
-1934
-1962
-1716
-1101
-268
476
836
968
1145
1534
2214
2926
3432
3603
3486
3462
3682
4032
4286
4240
3987
3643
3383
3288
3196
3003
2554
1781
1020
630
687
763
286
-573
-1315
-1572
-1373
-1141
-1196
-1592
-2026
-2130
-1847
-1364
-986
-949
-1041
-987
-684
-201
223
528
661
662
783
1098
1497
1762
1774
1635
1479
1457
1578
1636
1533
1266
889
581
392
311
174
-157
-556
-881
-1049
-1087
-1158
-1309
-1506
-1619
-1618
-1577
-1502
-1403
-1298
-1192
-1097
-986
-812
-587
-368
-225
-105
87
324
486
562
634
725
774
804
828
829
755
682
661
736
798
669
215
-710
-1776
-2263
-1712
-907
-1046
-2395
-3917
-4287
-3538
-2695
-2537
-3039
-3673
-4001
-3810
-3176
-2408
-1925
-1908
-2071
-1955
-1372
-431
475
968
1122
1178
1431
2000
2758
3432
3748
3651
3436
3483
3880
4299
4413
4175
3730
3381
3230
3149
2928
2387
1675
1111
807
593
306
-66
-527
-942
-1232
-1368
-1353
-1327
-1406
-1569
-1670
-1615
-1371
-1085
-868
-718
-602
-386
-39
363
642
801
938
1082
1277
1475
1624
1690
1682
1636
1557
1484
1361
1188
973
744
534
311
84
-138
-363
-639
-913
-1120
-1252
-1324
-1401
-1455
-1524
-1581
-1567
-1501
-1343
-1290
-1229
-1159
-945
-618
-437
-339
-365
-192
69
306
410
296
251
309
518
629
524
358
309
508
653
608
412
316
36
-847
-2059
-2592
-1780
-780
-988
-2684
-4447
-4731
-3630
-2291
-2011
-2906
-4025
-4444
-3805
-2649
-1743
-1541
-1944
-2313
-2083
-1195
-3
868
1106
1004
1016
1455
2256
3124
3738
3846
3576
3347
3511
4058
4550
4612
4218
3609
3240
3194
3235
3068
2449
1589
866
615
659
538
42
-634
-1110
-1284
-1247
-1207
-1251
-1380
-1500
-1485
-1341
-1059
-778
-569
-389
-181
44
250
535
926
1257
1384
1354
1341
1490
1734
1907
1884
1688
1455
1301
1201
1096
928
657
308
-18
-238
-398
-602
-859
-1139
-1358
-1489
-1555
-1591
-1611
-1597
-1564
-1568
-1578
-1504
-1327
-1104
-966
-900
-793
-583
-272
-88
-106
-91
44
291
440
416
395
424
434
350
281
355
361
210
95
84
-144
-988
-2165
-2616
-1924
-1111
-1384
-2894
-4250
-4333
-3457
-2614
-2632
-3266
-3837
-3879
-3376
-2745
-2209
-1878
-1815
-1814
-1603
-1032
-139
651
1110
1313
1436
1781
2348
3054
3649
3851
3756
3620
3748
4144
4442
4460
4188
3790
3485
3355
3241
2952
2292
1487
1044
961
937
461
-313
-830
-910
-759
-820
-1099
-1348
-1429
-1375
-1274
-1161
-938
-680
-544
-400
-249
5
348
689
1007
1145
1172
1262
1500
1780
1875
1747
1564
1493
1556
1550
1336
1021
701
458
273
68
-182
-488
-794
-1023
-1150
-1249
-1353
-1459
-1566
-1647
-1645
-1528
-1398
-1348
-1324
-1275
-1118
-947
-828
-625
-434
-247
-150
-112
-46
60
159
220
275
372
508
393
164
-51
-39
225
340
288
13
-316
-801
-1723
-2627
-2675
-1772
-1180
-1956
-3710
-4812
-4442
-3209
-2392
-2788
-3733
-4322
-4056
-3174
-2351
-1903
-1914
-2072
-1920
-1357
-487
394
979
1256
1362
1581
2091
2770
3505
4001
4066
3887
3768
3994
4417
4665
4550
4125
3644
3356
3193
2990
2636
1981
1301
775
589
518
131
-358
-830
-1077
-1115
-1152
-1145
-1144
-1150
-1131
-1140
-1022
-687
-289
47
192
253
404
654
1085
1486
1678
1708
1639
1674
1828
1948
1949
1771
1528
1334
1141
970
768
510
211
-159
-468
-685
-886
-1081
-1292
-1455
-1563
-1632
-1674
-1665
-1656
-1599
-1487
-1374
-1227
-1121
-968
-830
-755
-626
-478
-257
-11
147
215
189
148
165
207
301
399
319
68
-178
-274
-174
-39
18
-139
-504
-873
-1477
-2253
-2725
-2445
-1759
-1786
-2840
-4117
-4539
-3833
-2827
-2467
-2940
-3710
-3975
-3481
-2579
-1746
-1440
-1573
-1685
-1439
-721
175
911
1305
1391
1472
1803
2377
3064
3611
3845
3771
3586
3643
3936
4235
4298
3984
3474
2977
2645
2511
2433
2156
1581
913
438
275
215
37
-294
-644
-846
-891
-833
-760
-716
-677
-708
-773
-677
-353
97
437
552
527
592
850
1238
1604
1732
1643
1496
1457
1539
1613
1546
1286
981
735
544
397
253
79
-190
-515
-760
-886
-959
-1094
-1267
-1399
-1451
-1414
-1391
-1413
-1392
-1262
-1126
-1012
-950
-872
-729
-592
-436
-274
-161
-87
-67
52
268
356
273
9
-54
82
220
218
-74
-319
-407
-374
-342
-347
-287
-243
-508
-1416
-2577
-3095
-2372
-1248
-1208
-2545
-4156
-4524
-3588
-2373
-1924
-2518
-3362
-3651
-3174
-2265
-1479
-1164
-1253
-1370
-1108
-449
368
1053
1391
1509
1577
1768
2213
2818
3400
3717
3631
3356
3274
3491
3842
3973
3751
3289
2768
2466
2438
2323
1764
898
431
539
574
196
-515
-952
-870
-615
-537
-790
-1059
-1075
-822
-481
-293
-299
-356
-185
288
755
894
859
886
1085
1399
1586
1605
1496
1404
1375
1352
1294
1166
974
729
475
258
53
-162
-354
-545
-766
-999
-1170
-1233
-1238
-1227
-1283
-1366
-1392
-1325
-1196
-1064
-953
-856
-734
-580
-391
-263
-229
-152
31
252
350
286
201
187
260
283
226
133
7
-141
-235
-248
-265
-351
-477
-553
-475
-355
-496
-1272
-2480
-3054
-2392
-1197
-990
-2241
-3825
-4388
-3612
-2404
-1780
-2046
-2815
-3328
-3096
-2188
-1167
-628
-733
-1075
-1110
-621
246
1075
1533
1569
1437
1489
1874
2551
3209
3489
3309
2919
2800
3060
3467
3656
3481
2987
2366
1903
1746
1858
1764
1220
477
10
-67
-52
-142
-361
-591
-778
-880
-844
-653
-411
-313
-366
-481
-402
-106
288
665
826
784
666
767
1135
1507
1634
1458
1181
1004
1007
1106
1124
935
601
261
-14
-121
-142
-211
-427
-755
-1026
-1171
-1196
-1173
-1164
-1194
-1268
-1308
-1246
-1061
-845
-697
-661
-679
-630
-472
-184
75
181
120
94
193
330
408
340
259
225
180
112
-4
-55
-61
-133
-247
-443
-572
-591
-545
-500
-458
-430
-725
-1546
-2474
-2537
-1666
-859
-1159
-2461
-3505
-3437
-2418
-1484
-1380
-1930
-2545
-2639
-2079
-1224
-547
-399
-647
-781
-533
67
757
1248
1454
1460
1453
1594
1933
2451
2890
2950
2688
2407
2403
2696
2954
2973
2664
2140
1695
1515
1589
1545
1002
201
-243
-65
200
-69
-666
-1057
-963
-642
-495
-564
-687
-698
-554
-318
-40
140
178
208
398
693
851
852
878
1005
1097
1086
999
929
926
881
752
555
389
258
101
-82
-279
-473
-662
-827
-892
-917
-1010
-1121
-1168
-1090
-948
-862
-837
-804
-697
-499
-276
-117
-79
-119
-118
29
290
476
461
380
353
382
403
401
334
155
22
-20
-22
-193
-457
-617
-561
-416
-494
-785
-1095
-1068
-779
-486
-307
-484
-1114
-2007
-2314
-1565
-575
-425
-1415
-2554
-2821
-2167
-1282
-902
-1138
-1656
-1993
-1844
-1208
-408
-5
-164
-539
-577
-84
589
1101
1233
1166
1120
1163
1420
1813
2195
2320
2111
1857
1751
1880
2087
2203
2143
1800
1305
965
1036
1353
1419
977
327
-32
22
271
387
266
9
-231
-278
-131
141
363
368
260
190
265
461
667
860
927
817
648
580
703
877
913
716
421
220
161
170
127
-5
-226
-444
-598
-661
-641
-684
-787
-905
-964
-923
-860
-805
-789
-765
-731
-703
-610
-475
-365
-298
-299
-285
-201
-61
75
108
55
-33
-62
5
92
90
-32
-267
-440
-456
-405
-421
-591
-832
-972
-973
-904
-837
-885
-965
-1043
-1002
-851
-745
-662
-590
-596
-859
-1328
-1471
-979
-376
-394
-1093
-1730
-1697
-1157
-631
-515
-777
-1126
-1253
-985
-458
-36
28
-200
-376
-202
223
618
830
876
901
935
1020
1233
1499
1703
1736
1636
1566
1581
1713
1847
1872
1788
1578
1399
1358
1411
1415
1255
1002
819
779
786
743
631
522
455
426
419
384
362
371
412
455
454
435
432
490
584
640
554
412
336
369
443
428
312
129
-14
-84
-109
-139
-238
-382
-514
-597
-619
-594
-611
-683
-774
-832
-817
-777
-743
-722
-703
-680
-652
-594
-518
-453
-421
-415
-403
-361
-294
-269
-289
-351
-387
-342
-281
-306
-474
-637
-689
-633
-548
-586
-741
-901
-978
-921
-814
-738
-772
-926
-1012
-973
-815
-659
-622
-618
-661
-632
-509
-293
-133
-249
-544
-800
-638
-283
-135
-340
-738
-877
-777
-475
-237
-256
-404
-608
-555
-309
-27
174
158
129
179
339
504
628
775
879
973
1036
1126
1235
1329
1455
1500
1512
1481
1466
1526
1548
1578
1512
1400
1323
1237
1184
1085
989
910
845
788
699
622
577
596
619
599
565
536
563
608
650
654
595
553
541
567
599
584
520
420
344
311
289
230
127
0
-127
-203
-240
-259
-328
-465
-608
-719
-761
-778
-801
-833
-904
-968
-991
-996
-976
-940
-905
-888
-898
-893
-878
-833
-751
-726
-744
-778
-787
-720
-667
-668
-755
-845
-824
-773
-735
-815
-923
-1008
-1029
-947
-901
-871
-950
-988
-974
-954
-893
-887
-800
-701
-624
-599
-616
-500
-342
-197
-149
-168
-131
-86
66
193
222
135
13
62
158
251
215
87
44
88
264
378
339
194
90
212
409
549
513
365
327
397
569
694
738
740
736
810
898
987
1030
1053
1141
1225
1248
1194
1160
1217
1303
1377
1330
1210
1135
1138
1193
1185
1117
998
896
867
889
907
846
752
656
582
556
535
519
458
386
327
270
252
228
197
128
38
-8
-30
-19
-39
-100
-193
-288
-336
-348
-339
-381
-466
-556
-612
-590
-571
-597
-674
-779
-842
-842
-781
-785
-877
-967
-1004
-985
-965
-977
-1013
-1049
-1072
-1069
-1030
-946
-892
-921
-1052
-1108
-946
-708
-650
-844
-1030
-983
-717
-491
-482
-649
-776
-750
-575
-385
-292
-359
-532
-585
-448
-220
-149
-185
-241
-244
-177
-110
-10
20
-4
-83
-115
-33
95
206
237
237
204
194
240
373
497
510
431
364
384
417
420
417
472
528
509
417
368
423
525
573
515
456
434
494
603
673
663
556
498
539
673
803
821
789
753
795
863
907
927
906
896
879
871
861
834
809
786
771
731
679
609
530
486
446
413
361
306
283
238
187
122
58
11
-53
-90
-119
-136
-151
-180
-213
-256
-293
-321
-325
-314
-318
-355
-418
-481
-520
-534
-558
-612
-672
-701
-710
-714
-734
-770
-798
-830
-839
-843
-843
-840
-843
-834
-836
-853
-865
-815
-712
-638
-663
-742
-768
-679
-525
-447
-490
-582
-594
-473
-293
-176
-205
-330
-371
-254
-61
0
-108
-226
-224
-98
17
58
9
-56
-71
-10
90
132
129
91
99
151
188
224
229
275
312
304
281
275
341
411
446
432
397
397
467
554
627
632
580
542
533
590
631
630
584
512
480
454
450
417
377
334
312
340
365
393
354
296
247
234
283
308
325
282
242
230
232
270
281
280
247
234
262
300
327
293
251
210
208
228
229
211
147
80
27
0
-13
-50
-97
-158
-196
-216
-232
-240
-264
-288
-325
-355
-358
-364
-377
-411
-436
-434
-417
-392
-394
-413
-439
-452
-434
-397
-358
-342
-345
-372
-411
-436
-441
-431
-419
-415
-416
-418
-420
-427
-421
-399
-375
-365
-360
-343
-302
-240
-193
-159
-161
-177
-165
-112
-37
-11
-25
-59
-33
56
150
202
179
134
95
102
140
199
231
223
188
143
124
139
187
229
236
207
165
170
229
276
279
210
161
184
271
376
385
342
260
226
248
276
302
272
238
210
208
219
214
200
164
153
154
156
163
143
123
83
67
72
59
42
-14
-39
-34
-5
42
36
-2
-52
-51
5
77
112
72
3
-56
-46
6
41
27
-49
-123
-144
-107
-44
-14
-29
-61
-91
-80
-52
-24
-21
-52
-86
-107
-100
-86
-77
-82
-101
-118
-130
-117
-99
-87
-82
-90
-90
-82
-76
-76
-73
-61
-59
-57
-54
-49
-48
-57
-55
-44
-32
-9
2
-4
-29
-55
-48
-31
-23
-43
-79
-92
-80
-56
-48
-63
-79
-114
-136
-139
-123
-107
-121
-143
-163
-139
-79
-31
-24
-65
-85
-63
-5
29
3
-37
-45
7
67
69
17
-30
-6
71
111
61
-31
-65
-16
70
108
70
8
-11
48
121
144
101
50
59
116
157
136
83
53
78
116
142
131
99
90
103
126
121
90
61
67
95
103
88
65
50
51
53
53
52
54
61
56
47
38
29
24
24
38
42
29
7
0
11
32
34
11
-13
-31
-31
-23
-7
-7
-24
-39
-35
-14
-9
-20
-41
-37
-16
-6
3
2
9
-8
-32
-36
-23
0
-4
-32
-66
-84
-76
-54
-33
-29
-45
-65
-74
-54
-32
-29
-32
-38
-34
-28
-33
-45
-49
-31
-17
-12
-25
-39
-44
-40
-26
-26
-37
-55
-61
-44
-31
-36
-59
-80
-82
-67
-47
-42
-58
-76
-83
-63
-38
-27
-49
-84
-82
-40
7
13
-19
-57
-67
-41
-12
-6
-20
-31
-20
9
35
32
3
-14
2
33
44
27
11
20
58
100
120
120
107
101
90
85
83
85
85
82
88
87
94
102
118
130
119
86
46
34
46
58
44
4
-24
-27
-2
24
21
-5
-31
-30
-12
7
10
1
0
9
25
33
26
21
10
-2
-7
8
28
32
18
-10
-18
0
28
29
0
-31
-47
-37
-26
-27
-36
-44
-42
-37
-23
-20
-22
-26
-22
-10
-8
-7
-10
-15
-23
-38
-47
-55
-57
-56
-42
-15
-8
-17
-45
-65
-60
-47
-32
-32
-44
-56
-61
-49
-48
-53
-64
-57
-27
-4
-4
-26
-35
-21
11
36
28
3
-20
-25
-9
7
8
-8
-16
-5
10
23
20
15
10
8
9
10
17
28
37
39
36
34
32
31
32
30
42
55
64
67
68
67
70
65
49
37
32
31
21
4
-16
-26
-22
-7
4
8
5
-4
-11
-25
-40
-45
-41
-24
-15
-10
-11
-11
-7
-6
-15
-22
-17
3
27
35
28
20
20
22
25
24
18
10
13
17
14
8
-1
-4
-3
-3
-14
-28
-36
-35
-30
-27
-37
-51
-56
-50
-36
-27
-26
-25
-20
-11
0
7
0
-18
-26
-17
-2
6
9
6
3
4
6
13
20
22
14
8
10
17
27
33
32
22
9
8
16
26
26
23
20
16
14
6
6
16
25
22
14
7
3
10
22
25
12
-2
-8
-6
-4
-5
-4
-4
-10
-22
-30
-26
-19
-11
-6
-10
-11
-8
5
18
27
29
22
9
-3
-9
-6
-3
-8
-18
-32
-38
-29
-15
-15
-30
-50
-59
-50
-30
-14
-7
-11
-12
-8
2
11
14
7
-5
-9
-3
12
18
8
-13
-22
-11
10
27
28
14
3
2
12
23
21
14
4
-1
-1
3
3
-6
-23
-30
-22
-3
10
15
12
5
2
6
17
28
28
13
-7
-18
-13
2
9
3
-9
-15
-14
-12
-12
-12
-13
-13
-14
-7
-1
4
8
6
4
0
0
3
5
11
17
16
11
9
13
18
23
27
23
22
26
36
48
49
31
7
-1
12
25
23
2
-27
-46
-54
-46
-31
-24
-16
-5
10
25
30
30
29
37
45
45
36
21
11
5
3
-4
-14
-20
-22
-16
-8
-7
-18
-33
-36
-30
-20
-18
-21
-27
-30
-36
-49
-57
-51
-32
-13
-1
-2
-9
-8
4
18
23
16
7
2
4
7
6
7
9
5
1
-3
-7
-13
-18
-21
-26
-30
-29
-23
-14
-7
-4
1
11
19
25
29
27
18
14
11
7
1
-1
8
16
22
25
24
24
26
23
17
15
18
16
10
4
3
5
7
6
-1
-9
-10
-5
0
0
-4
-6
-3
8
14
9
-6
-28
-47
-52
-45
-30
-14
-10
-16
-33
-46
-49
-44
-32
-19
-6
0
-2
-2
3
9
10
9
10
13
21
27
26
21
15
13
20
29
32
25
17
9
6
5
3
5
15
27
38
42
37
24
12
6
8
13
16
20
21
18
19
25
28
29
25
19
12
9
13
13
16
15
9
3
0
-2
-4
-3
-3
0
-1
-6
-15
-24
-27
-24
-17
-10
-9
-15
-26
-36
-43
-45
-49
-53
-58
-58
-59
-61
-58
-52
-40
-29
-22
-18
-16
-18
-22
-24
-26
-23
-17
-7
0
-2
-6
-11
-14
-17
-16
-12
-9
-11
-17
-25
-27
-26
-23
-17
-8
1
9
21
26
21
12
9
15
22
31
34
34
31
29
36
45
52
53
53
57
59
60
60
59
59
59
56
51
49
48
50
54
51
45
41
37
37
38
35
32
30
28
26
24
17
8
-5
-14
-18
-20
-22
-25
-27
-28
-27
-22
-20
-27
-36
-41
-42
-41
-41
-44
-50
-51
-47
-38
-34
-32
-32
-33
-32
-33
-29
-24
-24
-31
-43
-51
-51
-46
-38
-33
-35
-38
-38
-37
-34
-34
-36
-34
-27
-23
-20
-17
-14
-12
-14
-12
-9
0
14
26
32
31
29
31
33
37
40
45
47
43
36
26
22
28
35
43
45
42
41
42
41
31
20
12
10
3
-4
-9
-9
-12
-18
-19
-15
-9
-10
-13
-14
-15
-10
-4
-2
2
9
17
20
17
12
8
8
10
9
10
11
14
19
23
24
23
18
11
10
10
12
11
6
2
-3
-1
3
7
9
2
-3
-9
-12
-14
-15
-14
-13
-15
-19
-19
-15
-11
-13
-17
-23
-24
-20
-13
-9
-9
-8
-6
-5
-9
-13
-16
-15
-7
-2
-1
0
0
-1
-3
-5
-3
2
9
12
8
-3
-9
-15
-18
-20
-21
-19
-18
-17
-11
-3
1
0
-5
-6
-5
-7
-12
-17
-23
-23
-21
-14
-6
5
13
13
12
12
18
24
27
26
25
29
29
26
18
5
1
4
17
29
30
18
4
-5
-8
-7
-1
7
7
3
-1
-2
-3
-8
-13
-9
0
13
20
20
18
16
11
7
10
19
26
29
25
18
9
5
5
4
-1
-3
-3
-5
-5
-12
-19
-24
-26
-27
-25
-19
-14
-6
-3
-5
-7
-5
0
3
-2
-11
-22
-28
-27
-22
-18
-17
-13
-7
0
1
-3
-9
-12
-7
3
9
11
10
13
13
11
4
0
0
0
-4
-7
-6
0
4
1
-6
-11
-10
-6
-2
-3
-6
-11
-10
-4
2
5
5
6
10
12
11
11
10
12
16
19
19
16
13
14
16
18
17
13
9
7
4
3
1
-6
-9
-11
-9
-4
-2
-6
-11
-10
-8
-8
-9
-9
-9
-10
-10
-13
-9
-3
2
3
-5
-7
-3
3
7
4
0
-6
-9
-6
-2
3
5
5
2
-3
-4
-6
-4
-3
-3
-5
-5
-3
1
4
5
0
-7
-7
-5
1
7
8
4
2
1
-3
-3
0
7
12
15
16
16
14
8
5
5
8
15
15
11
14
13
7
-2
-6
-3
1
5
6
6
8
10
10
7
6
6
9
13
14
10
3
-7
-15
-20
-19
-10
-2
5
9
6
-4
-10
-11
-10
-6
-6
-12
-18
-22
-23
-16
-12
-10
-9
-10
-12
-14
-13
-12
-12
-14
-18
-17
-12
-6
-6
-8
-12
-13
-8
-2
5
9
8
4
-1
-4
-5
-5
-6
-6
-6
-5
-4
-9
-12
-16
-18
-14
-5
1
4
4
6
4
4
6
9
14
19
24
23
20
20
18
16
14
15
12
8
4
4
3
0
1
3
3
3
1
3
4
10
16
16
17
16
20
29
33
33
29
28
30
30
27
18
11
9
13
18
19
17
8
-3
-6
-8
-7
-6
-7
-6
-11
-14
-17
-21
-19
-16
-10
-3
-4
-11
-19
-22
-24
-25
-24
-23
-20
-23
-25
-23
-23
-23
-19
-15
-9
-6
-8
-13
-24
-27
-30
-27
-22
-19
-19
-25
-34
-36
-34
-28
-16
-8
-6
-7
-8
-9
-12
-15
-15
-11
-5
1
13
19
17
13
12
10
14
15
11
6
4
6
9
15
15
9
5
7
12
23
33
36
36
29
24
23
21
17
18
25
24
23
20
21
25
30
36
40
42
38
29
21
14
8
7
8
9
13
19
22
21
21
18
17
18
15
11
10
13
12
7
2
-4
-5
0
4
12
13
8
-2
-11
-17
-24
-29
-32
-35
-37
-40
-49
-57
-59
-55
-47
-37
-28
-23
-23
-29
-35
-37
-39
-37
-29
-22
-17
-15
-20
-30
-33
-35
-31
-25
-19
-12
-11
-14
-20
-27
-30
-27
-20
-11
-7
-2
2
8
9
5
3
5
10
12
11
11
3
-2
-1
4
9
15
19
20
20
18
13
12
13
15
21
28
35
35
33
30
30
33
39
44
49
51
49
46
42
34
29
28
30
35
37
34
27
19
16
20
27
27
25
27
27
27
23
14
3
-2
-3
-6
-8
-10
-15
-17
-21
-27
-30
-31
-28
-21
-17
-19
-22
-25
-27
-28
-24
-20
-20
-25
-31
-34
-33
-28
-24
-22
-27
-32
-35
-32
-26
-26
-33
-40
-44
-42
-33
-26
-18
-16
-21
-27
-29
-28
-22
-18
-17
-18
-16
-11
-8
-5
-2
0
2
2
6
14
20
25
27
22
12
8
12
19
25
29
33
38
44
48
49
47
41
32
21
17
16
16
15
10
11
13
19
26
25
14
3
-5
-4
5
16
22
24
20
10
1
1
8
16
21
18
11
2
-5
-5
-3
-3
-8
-17
-23
-27
-29
-26
-23
-20
-18
-17
-16
-15
-13
-11
-13
-16
-17
-13
-8
-8
-8
-11
-11
-5
5
10
10
8
5
1
-1
-2
-2
-2
1
3
6
6
4
3
4
4
2
0
-2
-6
-10
-10
-4
2
3
3
3
1
0
0
1
6
12
19
19
11
0
-14
-22
-22
-17
-13
-12
-13
-16
-19
-19
-16
-9
0
7
8
8
10
13
17
17
15
12
9
8
4
1
0
-4
-7
-10
-14
-15
-13
-9
-8
-6
-4
-2
2
5
7
9
8
11
10
9
6
3
3
3
1
1
1
3
8
9
7
3
-3
-7
-8
-4
0
5
6
5
2
0
-1
-2
2
4
6
5
2
5
10
15
17
13
6
-4
-15
-16
-13
-11
-10
-12
-11
-12
-15
-19
-22
-23
-20
-13
-8
-4
1
7
16
22
25
26
25
20
19
18
17
14
9
2
-6
-9
-6
0
7
6
4
0
-4
-6
-6
-4
-1
-3
-4
-5
-5
-3
-2
0
2
5
9
13
12
9
10
12
12
14
14
11
4
-3
-7
-9
-15
-17
-16
-13
-10
-6
-6
-9
-13
-14
-12
-10
-8
-4
-2
0
1
2
-1
-3
-3
-3
-2
-6
-9
-11
-12
-9
-8
-8
-8
-9
-12
-12
-15
-17
-16
-16
-17
-21
-22
-20
-12
-2
5
10
8
4
5
7
11
18
18
17
15
10
7
9
9
12
16
15
12
11
7
3
-2
-9
-10
-8
-3
4
10
13
17
18
15
10
9
13
16
20
21
17
12
9
5
2
3
6
5
3
3
0
3
6
9
8
4
5
3
2
2
1
-5
-11
-12
-11
-7
-1
2
5
3
3
6
11
9
6
5
0
-5
-12
-18
-16
-16
-19
-18
-19
-22
-24
-23
-22
-15
-8
-8
-5
-5
-10
-12
-8
-9
-10
-6
-6
-6
-2
-3
-7
-10
-8
-6
-6
-7
-9
-8
-3
6
11
12
9
4
-1
-1
0
2
6
8
9
11
14
16
16
16
14
14
17
18
15
13
8
0
1
0
0
8
9
6
1
-7
-10
-8
-5
-3
-3
-7
-8
-8
-8
-4
0
3
10
11
8
4
0
-3
-3
-5
-5
-9
-8
-6
-1
5
3
0
-8
-16
-14
-7
-3
1
4
6
8
8
7
6
5
4
4
2
-1
1
6
13
17
16
16
17
14
14
17
15
11
6
1
-3
-3
-7
-8
-7
-6
-4
1
5
11
13
9
4
2
0
1
0
-2
-3
-6
-10
-13
-13
-12
-13
-16
-18
-17
-11
-7
-9
-13
-17
-24
-30
-31
-30
-32
-30
-25
-21
-16
-17
-14
-13
-14
-13
-13
-7
0
4
8
8
9
11
8
1
1
4
1
3
5
8
10
11
11
9
10
4
2
6
8
12
14
17
22
19
14
16
20
25
34
40
40
37
33
28
20
19
15
14
16
11
5
2
3
4
2
-1
3
8
9
10
14
16
16
13
12
9
8
9
8
8
6
6
0
-2
-2
-5
-10
-14
-19
-24
-26
-28
-32
-31
-28
-28
-28
-29
-31
-35
-34
-31
-29
-28
-26
-27
-33
-35
-33
-29
-23
-25
-27
-29
-30
-29
-30
-30
-24
-16
-12
-7
-6
-9
-9
-12
-12
-4
3
9
9
12
12
13
20
19
19
19
16
20
23
23
31
33
31
32
28
28
29
27
24
27
29
28
28
29
28
27
27
29
30
30
27
26
21
13
13
20
21
17
21
20
18
15
12
14
14
13
9
5
4
3
2
0
-3
-5
-6
-12
-13
-11
-18
-20
-27
-32
-32
-33
-30
-29
-27
-30
-36
-41
-43
-39
-34
-28
-23
-19
-24
-30
-30
-27
-24
-18
-11
-7
-10
-17
-19
-17
-13
-10
-8
-7
-4
-1
2
7
9
14
11
11
12
11
12
9
5
8
11
16
20
29
30
24
17
9
5
1
3
10
17
25
27
22
16
7
-3
-9
-13
-13
-7
-2
2
8
10
12
13
5
0
-8
-12
-11
-5
1
6
11
10
12
15
12
14
8
1
-5
-12
-12
-5
3
5
9
7
1
-2
-8
-12
-10
-8
-5
1
5
6
3
-1
-8
-11
-13
-11
-6
-5
-6
-9
-12
-11
-4
4
10
14
16
10
5
0
-4
-7
-6
-4
-2
1
2
4
3
1
-1
-4
-3
-3
-4
-3
-3
-1
3
6
11
12
8
-2
-11
-20
-22
-22
-20
-13
-4
3
10
13
11
6
0
-5
-8
-8
-6
1
6
9
16
15
14
11
6
-1
-5
-7
-9
-3
3
9
14
16
17
16
10
6
4
0
-2
-1
-5
-11
-11
-8
-3
4
9
8
1
-4
-7
-10
-6
0
3
4
2
-3
-7
-12
-13
-11
-6
-5
-6
-7
-10
-11
-6
0
6
6
7
4
-5
-9
-10
-8
-6
-7
-6
-4
-3
-2
-3
-8
-11
-13
-14
-10
-3
6
14
11
7
0
-6
-11
-14
-11
-8
-4
-1
0
4
10
14
16
16
14
12
9
5
5
7
9
15
22
25
25
22
17
12
12
10
8
9
12
15
20
19
18
16
12
7
3
3
4
2
-2
-6
-10
-12
-11
-9
-8
-7
-6
-5
-6
-7
-7
-6
-3
2
1
-2
-4
-10
-14
-16
-18
-21
-21
-21
-24
-26
-23
-14
-8
-4
-5
-9
-15
-13
-8
-4
-3
-6
-12
-17
-21
-22
-22
-22
-19
-17
-15
-14
-12
-7
-2
4
8
8
4
0
-5
-7
-3
3
12
15
14
12
12
12
12
10
10
13
14
17
20
22
25
25
21
18
16
14
14
12
13
15
17
18
20
24
26
27
24
18
11
5
2
0
0
1
1
2
5
6
5
-1
-10
-16
-18
-17
-10
-5
-2
4
6
6
7
10
6
1
-3
-11
-17
-19
-21
-18
-11
-9
-8
-11
-16
-18
-19
-15
-11
-9
-7
-8
-10
-13
-14
-14
-11
-11
-13
-15
-16
-14
-10
-7
-2
2
3
1
-4
-7
-5
0
3
5
5
5
4
4
6
9
9
4
0
-2
-5
-3
-4
-3
-2
0
1
2
3
5
5
2
-1
-2
-4
-4
0
5
11
13
11
7
3
-1
-2
-3
-4
-3
3
8
12
17
20
21
18
16
10
6
5
4
2
0
-3
-4
-2
0
4
6
4
0
-2
-1
3
11
15
18
16
9
6
6
4
6
5
4
1
-1
-1
-1
2
3
3
-1
-7
-14
-19
-17
-14
-10
-6
-2
5
6
6
5
0
-5
-9
-12
-10
-8
-5
-4
-3
-5
-6
-7
-9
-10
-10
-10
-10
-5
-2
-2
-4
-6
-10
-12
-11
-12
-11
-13
-16
-14
-10
-6
-3
-1
-2
-3
-3
-1
2
4
2
3
3
4
3
4
1
-1
-4
-4
-3
0
5
6
5
4
3
4
5
5
5
2
0
-2
-4
-2
2
8
14
20
19
17
10
5
3
2
4
4
4
5
8
10
11
12
11
14
13
11
9
7
8
10
10
10
14
15
15
12
3
-5
-11
-15
-14
-9
-4
2
9
11
11
10
11
9
2
-5
-12
-19
-21
-19
-14
-9
-7
-7
-7
-6
-4
-4
-6
-9
-13
-16
-16
-14
-10
-9
-11
-11
-9
-2
4
8
7
5
0
-4
-7
-10
-12
-16
-15
-15
-9
-4
-3
-4
-5
-7
-5
-3
-3
-5
-8
-9
-6
0
6
8
10
7
3
-1
-2
0
2
2
1
0
1
2
4
6
8
9
8
5
0
-2
0
5
9
12
13
11
8
8
10
11
9
7
7
7
8
8
10
7
7
8
11
14
15
14
9
3
-1
-2
0
0
2
5
8
8
8
8
6
4
0
0
1
0
-3
-6
-8
-6
-3
