-1
0
0
0
0
0
0
-1
0
0
0
0
0
0
-1
0
-1
0
-1
0
0
1
0
0
0
0
0
0
0
0
0
0
0
0
1
0
0
0
0
1
0
-1
0
1
0
0
0
0
0
0
0
-1
-1
0
0
0
1
0
-1
0
0
-1
0
0
0
-1
0
0
1
0
0
0
0
0
0
1
0
0
0
0
1
0
0
0
1
1
0
0
0
0
0
0
1
0
1
0
0
0
1
0
0
0
-1
0
1
0
-1
0
0
0
0
0
0
0
0
0
0
0
1
0
1
0
0
0
0
0
0
0
1
0
0
-1
0
0
0
0
-1
0
0
0
0
0
0
0
0
0
0
0
0
0
0
0
0
0
0
0
0
0
0
0
0
0
0
0
0
0
0
0
0
0
-1
0
0
0
0
0
0
0
-1
0
0
1
0
0
0
0
0
0
0
0
0
0
0
0
0
0
0
0
0
0
0
1
-1
0
0
0
0
0
0
-1
1
0
0
0
0
0
-1
0
0
0
0
0
0
0
0
0
0
-1
-1
-1
-1
0
-1
0
0
0
0
0
0
-1
-1
0
-1
0
0
0
-1
0
0
0
0
0
0
0
1
0
0
0
0
0
0
0
0
0
0
1
1
0
0
0
0
0
0
0
0
0
0
0
1
0
0
0
0
0
1
1
0
0
0
0
0
-1
0
0
0
0
-1
0
1
0
0
1
0
0
0
1
0
0
1
0
1
1
0
0
0
0
0
0
0
0
0
0
1
0
1
0
-1
0
0
0
0
0
0
0
0
0
0
0
1
0
0
1
0
0
0
1
0
0
0
-1
0
0
0
0
0
0
0
0
0
-1
1
0
0
0
-1
-1
0
0
0
0
0
0
0
0
0
0
-1
0
1
0
0
0
0
0
0
0
-1
0
1
0
0
0
0
-1
0
-1
-1
0
0
0
0
1
0
0
0
0
0
0
0
0
1
1
0
1
-1
0
0
0
0
0
0
0
0
0
0
0
0
0
0
0
0
0
0
0
0
0
0
0
0
0
0
0
0
-1
1
0
1
0
0
1
0
0
0
0
0
1
-1
0
0
0
0
0
1
0
0
-1
0
0
0
0
1
0
0
1
-1
-1
0
0
0
0
0
0
0
0
0
0
0
0
0
0
0
1
0
0
0
0
1
0
-1
0
0
0
0
-1
0
0
0
0
0
-1
0
0
0
0
-1
0
0
0
0
0
0
0
0
0
0
0
0
0
0
-1
0
0
0
0
0
0
0
0
0
1
0
-1
0
0
0
0
0
0
0
0
0
0
0
0
0
0
0
0
0
0
0
-1
0
0
0
0
0
0
0
0
0
0
0
0
0
1
0
0
0
0
0
0
0
1
0
0
0
1
1
0
0
0
-1
1
1
0
0
0
0
0
0
0
1
0
0
0
1
0
0
0
0
0
-1
0
0
0
0
1
0
0
0
1
0
0
-1
-1
0
0
0
0
0
0
0
0
0
0
0
0
0
0
1
0
1
-1
0
0
0
0
0
1
-1
0
1
-1
0
0
0
0
0
0
0
-1
0
0
0
-1
0
-1
0
0
0
0
0
-1
0
0
1
0
0
0
-1
0
0
0
0
0
0
0
0
-1
-1
0
0
0
0
0
1
0
0
0
0
0
-1
0
0
0
0
0
0
0
0
0
1
0
1
1
0
1
-1
0
0
-1
0
-1
-1
0
0
0
-1
0
0
0
0
0
0
0
1
0
0
1
1
0
0
0
0
0
1
0
1
0
0
0
0
0
-1
0
0
0
0
1
1
0
0
0
0
0
0
0
0
-1
1
1
0
0
0
0
0
0
0
-1
0
0
1
1
1
-1
0
-1
0
0
-1
-1
-1
-1
-1
-1
-1
-1
-2
-2
-1
-2
-2
-1
-2
-1
-2
-2
-3
-3
-3
-3
-2
-3
-2
-1
-2
-2
-2
-2
-1
-1
1
1
3
4
5
5
5
5
5
5
4
4
4
4
4
5
5
5
4
3
1
0
2
4
5
6
7
7
8
7
5
2
1
1
0
-1
-2
0
0
-1
-2
-4
-5
-6
-6
-5
-6
-4
-3
-2
-2
-1
-3
-4
-5
-5
-7
-5
-4
-3
-2
-1
-2
-2
-4
-6
-7
-7
-8
-6
-5
-4
-3
-3
-2
-2
-3
-4
-3
-2
-2
-1
0
-1
3
1
0
-1
-1
-1
-1
0
3
5
8
8
9
9
8
10
11
12
13
15
17
18
20
20
23
26
27
28
31
36
39
43
45
44
41
34
28
29
35
40
40
35
32
25
15
-3
-19
-29
-35
-38
-47
-57
-59
-54
-50
-59
-69
-78
-80
-80
-88
-93
-91
-78
-67
-65
-74
-89
-103
-117
-130
-137
-134
-119
-101
-79
-60
-43
-29
-18
-9
-6
-2
7
19
36
52
67
74
74
70
60
50
40
28
22
23
30
39
47
53
55
56
53
49
47
48
53
60
69
76
80
82
81
82
80
75
72
69
71
72
74
75
70
65
55
48
45
44
45
44
47
50
51
51
45
40
37
36
41
44
47
49
51
55
57
55
47
36
30
26
30
35
42
50
53
58
60
61
52
35
14
-11
-34
-49
-57
-68
-87
-104
-107
-108
-119
-143
-165
-178
-180
-176
-170
-163
-158
-157
-164
-179
-196
-222
-273
-346
-409
-422
-384
-325
-274
-227
-176
-125
-83
-61
-48
-30
-6
29
66
107
149
184
201
191
161
121
85
57
44
41
46
59
77
97
113
119
116
105
98
101
119
143
167
187
203
213
215
206
189
165
137
114
99
93
93
94
96
91
82
69
56
47
41
36
32
31
35
38
39
32
23
15
16
27
38
47
50
49
45
38
28
9
-11
-28
-40
-50
-56
-56
-53
-50
-54
-62
-72
-79
-82
-83
-86
-91
-89
-75
-55
-37
-29
-25
-17
-6
-3
-10
-25
-45
-57
-59
-53
-49
-49
-50
-49
-43
-42
-45
-43
-28
2
23
42
56
69
67
44
19
-5
-23
-40
-41
-28
-18
-20
-35
-63
-123
-210
-311
-400
-472
-512
-500
-452
-392
-333
-268
-202
-151
-113
-78
-32
29
99
178
250
296
313
311
289
245
189
138
100
75
62
62
67
72
75
72
62
50
49
65
91
127
171
212
244
265
271
262
240
214
192
173
161
156
152
142
121
94
61
29
-2
-29
-44
-46
-33
-12
8
16
5
-33
-90
-144
-163
-140
-84
-15
56
109
140
143
124
90
45
5
-27
-42
-43
-37
-30
-33
-47
-76
-112
-141
-154
-142
-110
-65
-14
35
71
85
74
41
-5
-42
-56
-46
-31
-16
-10
-12
-30
-55
-84
-111
-129
-126
-95
-54
-19
3
10
-9
-48
-92
-117
-131
-148
-151
-123
-57
4
19
-10
-50
-76
-96
-119
-145
-151
-107
-22
71
76
-122
-562
-1077
-1360
-1254
-900
-578
-394
-232
-1
226
319
271
174
117
134
216
354
527
697
811
808
671
446
215
29
-98
-156
-148
-89
4
115
211
250
207
105
2
-35
23
151
280
365
421
481
528
516
416
269
145
77
76
120
171
191
172
136
97
52
-13
-80
-118
-122
-100
-74
-35
30
97
123
90
40
18
30
59
83
96
89
70
43
2
-64
-153
-243
-307
-326
-303
-261
-218
-188
-168
-157
-149
-148
-152
-148
-129
-87
-32
25
71
95
99
85
66
39
8
-20
-33
-23
0
24
34
35
25
-4
-50
-80
-56
19
102
166
197
188
136
48
-56
-141
-190
-212
-209
-188
-137
-91
-122
-308
-667
-1078
-1375
-1466
-1408
-1279
-1102
-850
-526
-212
21
140
179
190
211
272
374
514
676
814
891
877
768
593
377
166
-8
-115
-150
-128
-59
25
90
117
109
78
56
71
129
225
353
501
652
762
809
782
692
566
442
344
278
241
221
206
184
132
26
-129
-282
-377
-378
-305
-199
-82
45
174
272
309
282
218
160
120
105
106
113
115
99
57
-29
-154
-302
-432
-510
-521
-482
-410
-317
-211
-110
-51
-45
-80
-118
-133
-122
-92
-54
-12
26
49
48
11
-62
-150
-233
-282
-295
-275
-232
-179
-124
-90
-94
-128
-164
-172
-147
-101
-48
12
86
183
281
340
333
279
238
224
225
217
196
192
203
200
145
44
-49
-109
-155
-233
-322
-348
-315
-312
-461
-753
-1068
-1272
-1335
-1304
-1208
-1054
-830
-541
-233
36
221
312
347
380
443
533
643
742
808
830
806
735
605
429
232
62
-61
-138
-160
-134
-74
-4
48
75
83
91
112
162
243
350
470
590
692
758
771
723
623
504
383
263
127
-7
-102
-129
-107
-84
-73
-75
-80
-82
-81
-66
-38
4
52
104
154
187
199
184
149
90
18
-52
-110
-152
-187
-224
-276
-342
-407
-453
-474
-471
-442
-386
-311
-220
-133
-60
-9
15
25
30
34
34
32
30
33
41
41
20
-23
-78
-124
-159
-179
-180
-165
-137
-102
-65
-23
23
69
101
110
109
116
144
191
225
219
193
191
218
238
212
154
99
46
-7
-47
-57
-68
-118
-183
-209
-194
-176
-176
-164
-110
-63
-138
-406
-785
-1100
-1254
-1279
-1265
-1213
-1068
-819
-513
-228
-31
70
109
156
242
356
493
638
782
885
935
929
850
685
467
259
102
0
-65
-81
-50
4
47
54
39
16
4
29
89
190
328
480
627
740
802
805
743
645
533
431
340
250
165
80
-19
-127
-228
-279
-276
-251
-225
-195
-134
-40
52
110
136
141
146
143
129
94
45
-11
-68
-118
-161
-200
-235
-269
-301
-318
-321
-315
-300
-278
-249
-222
-196
-162
-129
-107
-95
-89
-70
-42
-13
4
4
1
1
1
-12
-49
-98
-139
-159
-159
-149
-134
-122
-116
-107
-85
-52
-19
6
32
69
124
183
228
251
255
258
240
184
112
40
-30
-91
-118
-69
14
68
50
-15
-74
-125
-176
-234
-282
-287
-228
-114
-32
-95
-338
-687
-986
-1150
-1205
-1185
-1104
-927
-663
-370
-111
48
114
129
145
204
298
429
584
738
870
947
951
875
719
523
338
195
104
55
50
85
132
174
173
128
76
38
39
79
168
302
450
599
714
775
765
683
558
425
308
209
106
1
-64
-57
-9
7
-39
-105
-155
-189
-205
-188
-141
-75
-12
35
59
42
-11
-89
-164
-221
-253
-257
-237
-199
-157
-123
-121
-166
-228
-275
-299
-307
-297
-266
-222
-178
-139
-115
-111
-123
-135
-135
-118
-89
-51
-13
20
46
61
56
33
-3
-48
-84
-105
-109
-105
-106
-109
-104
-89
-66
-38
-8
24
66
126
188
232
245
229
195
146
89
38
1
-27
-24
48
174
286
299
207
72
-62
-159
-215
-242
-256
-246
-184
-143
-264
-591
-996
-1269
-1343
-1306
-1233
-1102
-862
-527
-179
102
268
333
350
373
435
531
642
759
863
941
968
924
792
576
323
103
-43
-116
-142
-130
-77
-7
53
76
60
41
40
72
152
277
425
563
674
748
768
723
618
479
336
201
94
18
-47
-103
-139
-145
-139
-156
-194
-229
-231
-200
-153
-98
-45
-8
11
-11
-67
-132
-180
-189
-178
-156
-121
-75
-40
-31
-45
-86
-150
-217
-262
-268
-245
-212
-176
-143
-116
-105
-103
-105
-104
-88
-63
-23
26
77
114
132
128
110
77
25
-27
-61
-82
-93
-99
-100
-91
-77
-62
-45
-27
-2
22
41
54
77
111
128
115
88
74
82
82
57
13
-41
-94
-123
-113
-54
9
42
64
75
54
-9
-92
-115
-77
-84
-244
-540
-847
-1076
-1201
-1260
-1283
-1224
-1080
-856
-578
-301
-76
81
196
298
409
537
664
777
866
936
1003
1026
964
828
658
489
340
208
96
19
-23
-43
-43
-34
-35
-43
-49
-36
16
105
218
344
470
586
678
726
713
660
573
458
339
246
167
75
-17
-76
-92
-104
-155
-222
-276
-301
-298
-277
-246
-219
-205
-205
-210
-204
-186
-155
-115
-67
-7
44
75
83
67
33
-26
-99
-165
-212
-245
-262
-263
-247
-235
-238
-242
-234
-209
-181
-144
-93
-35
24
68
99
114
109
90
63
29
-12
-49
-74
-81
-79
-84
-107
-136
-159
-164
-151
-119
-74
-17
43
101
152
167
145
115
87
60
16
-19
-24
-8
13
25
43
71
100
125
117
80
35
10
26
60
129
209
197
-5
-397
-850
-1243
-1490
-1584
-1554
-1398
-1154
-845
-508
-210
1
116
169
214
297
430
603
798
978
1120
1210
1216
1121
937
699
458
260
118
31
0
3
14
8
-30
-90
-151
-198
-216
-173
-64
93
284
485
653
763
805
774
690
574
465
398
354
308
256
200
132
38
-85
-221
-346
-431
-468
-446
-387
-323
-271
-241
-230
-231
-228
-205
-154
-80
4
79
132
155
147
107
32
-58
-148
-223
-274
-297
-295
-281
-268
-264
-273
-286
-293
-294
-278
-243
-187
-106
-12
70
124
148
136
102
58
12
-28
-55
-64
-58
-52
-61
-87
-117
-148
-167
-161
-127
-79
-33
-1
25
58
93
103
82
40
-2
-23
-24
-3
41
102
175
227
231
194
137
101
84
70
65
64
93
177
292
363
253
-94
-584
-1063
-1411
-1611
-1684
-1620
-1425
-1112
-741
-401
-137
24
116
188
259
361
504
693
897
1077
1220
1286
1248
1096
861
621
420
258
130
42
7
16
27
15
-35
-117
-205
-269
-282
-220
-89
99
306
495
653
745
757
690
569
460
391
355
324
282
241
198
136
38
-98
-245
-377
-467
-488
-448
-372
-292
-237
-210
-206
-218
-220
-196
-154
-103
-48
13
77
129
147
123
64
-5
-73
-137
-194
-238
-254
-254
-252
-256
-268
-283
-289
-281
-253
-206
-150
-83
-11
59
109
128
118
93
70
42
15
1
-6
-1
11
11
-5
-39
-82
-118
-140
-139
-119
-83
-33
21
67
96
96
89
84
79
54
22
23
39
38
-3
-52
-38
26
68
42
-15
-53
-50
-6
22
16
-13
-28
10
40
-88
-419
-804
-1114
-1252
-1250
-1216
-1133
-977
-741
-450
-183
-12
59
118
183
286
439
595
750
906
1022
1102
1136
1062
894
692
494
335
218
132
72
54
59
54
41
-14
-88
-133
-146
-103
3
138
288
440
564
624
614
535
453
425
417
378
315
266
255
256
211
111
-10
-133
-231
-289
-312
-306
-293
-279
-258
-241
-262
-322
-371
-361
-291
-198
-120
-51
31
114
183
203
157
62
-56
-157
-210
-235
-257
-284
-305
-310
-314
-331
-368
-397
-392
-343
-246
-137
-41
39
114
185
242
255
218
158
98
56
35
13
-21
-59
-83
-86
-74
-69
-78
-88
-95
-106
-118
-126
-124
-96
-50
-3
25
29
42
71
87
53
12
35
100
158
177
188
251
322
382
439
469
438
290
73
-153
-383
-628
-937
-1234
-1437
-1523
-1495
-1419
-1324
-1215
-1058
-835
-578
-309
-60
177
418
652
865
1046
1164
1201
1188
1145
1091
1023
903
750
600
483
383
278
158
22
-100
-200
-276
-306
-299
-255
-170
-49
96
261
414
526
611
676
727
741
694
610
527
478
442
374
271
135
-2
-127
-247
-344
-429
-490
-504
-472
-408
-363
-350
-357
-359
-331
-278
-221
-152
-68
36
151
222
230
192
129
60
-22
-101
-180
-248
-285
-299
-295
-304
-341
-381
-403
-396
-361
-312
-256
-177
-74
36
124
178
199
194
186
180
172
166
148
128
115
93
45
-30
-116
-181
-217
-226
-213
-175
-129
-93
-57
-14
30
80
122
143
154
153
140
125
77
43
83
169
247
264
257
239
210
170
109
85
39
-63
-160
-258
-410
-681
-1036
-1365
-1570
-1646
-1635
-1505
-1265
-945
-599
-283
-36
154
339
496
631
753
855
990
1117
1187
1194
1155
1066
907
712
506
327
184
57
-41
-91
-119
-147
-168
-199
-217
-196
-157
-86
28
178
346
512
645
721
753
730
657
566
480
421
371
315
243
175
99
-21
-164
-310
-431
-507
-543
-530
-474
-394
-317
-254
-209
-184
-161
-132
-102
-70
-32
23
89
148
161
123
54
-22
-89
-155
-217
-279
-318
-327
-319
-313
-315
-325
-334
-322
-291
-244
-183
-114
-35
47
111
155
183
201
212
209
185
145
99
60
27
7
-18
-54
-84
-105
-109
-101
-83
-55
-22
2
10
11
21
41
63
62
48
77
137
171
142
82
93
162
216
215
172
178
243
323
370
303
106
-162
-438
-694
-966
-1236
-1475
-1634
-1649
-1530
-1317
-1071
-854
-649
-419
-171
70
269
419
571
754
946
1093
1160
1154
1083
991
890
758
621
473
340
265
218
161
82
-26
-131
-198
-213
-189
-148
-78
24
166
321
437
524
576
573
540
509
493
488
474
437
385
324
236
114
-24
-155
-265
-337
-369
-374
-346
-317
-287
-268
-266
-263
-253
-226
-189
-164
-142
-100
-13
87
148
154
128
89
45
-19
-98
-177
-247
-289
-294
-281
-271
-280
-296
-296
-280
-253
-230
-193
-129
-48
37
103
136
158
173
179
175
155
124
89
52
27
5
-20
-63
-112
-126
-119
-106
-98
-98
-83
-49
-13
18
21
-10
-39
-32
32
92
96
91
114
198
280
271
204
119
67
83
127
161
139
43
-99
-279
-489
-775
-1130
-1415
-1572
-1576
-1453
-1292
-1090
-831
-544
-254
-23
120
201
285
428
601
785
941
1030
1094
1114
1070
1003
870
675
490
346
259
210
155
94
43
12
-17
-56
-104
-152
-149
-76
33
180
337
458
551
606
627
624
572
486
408
366
348
324
293
240
156
60
-64
-189
-284
-359
-381
-358
-312
-253
-193
-157
-150
-168
-213
-270
-309
-287
-211
-106
-2
65
114
127
86
21
-70
-164
-234
-265
-263
-249
-234
-230
-230
-229
-243
-266
-274
-275
-251
-197
-130
-41
46
108
143
149
134
101
65
31
5
3
-1
-7
-1
-1
-27
-64
-110
-144
-148
-136
-107
-66
-16
18
24
19
11
12
4
-19
-22
29
109
159
146
137
196
281
308
273
259
280
257
131
-85
-322
-564
-850
-1178
-1469
-1635
-1666
-1575
-1409
-1195
-901
-570
-278
-59
109
276
442
587
719
872
1039
1150
1196
1204
1164
1083
949
758
569
417
298
210
136
64
5
-35
-79
-125
-150
-157
-149
-94
12
164
326
441
537
614
630
599
569
553
528
492
442
388
333
257
166
65
-63
-191
-267
-312
-342
-347
-343
-327
-308
-299
-284
-270
-274
-285
-256
-193
-141
-82
-24
31
81
95
75
27
-56
-133
-173
-194
-217
-224
-225
-237
-248
-260
-285
-300
-297
-271
-206
-130
-56
26
98
139
157
154
128
85
42
8
-5
-13
-33
-48
-70
-106
-144
-174
-194
-206
-217
-212
-185
-138
-85
-39
-12
-13
-21
-24
-11
27
78
119
158
216
280
312
281
213
150
104
95
98
78
19
-118
-310
-557
-894
-1279
-1636
-1869
-1939
-1857
-1607
-1233
-809
-418
-104
161
368
486
549
591
683
852
1029
1180
1271
1297
1278
1188
1013
775
528
340
206
120
83
62
67
76
74
67
19
-39
-57
-16
99
247
404
564
692
799
850
828
752
631
523
450
386
325
247
162
84
5
-66
-142
-235
-311
-354
-344
-301
-264
-225
-192
-156
-122
-141
-198
-268
-297
-251
-184
-114
-67
-30
5
9
-30
-115
-229
-330
-390
-401
-381
-365
-353
-331
-303
-283
-287
-303
-297
-267
-206
-126
-49
18
65
101
121
109
62
-3
-68
-102
-111
-117
-129
-136
-125
-103
-90
-102
-135
-165
-173
-141
-82
-45
-41
-22
30
95
134
119
87
85
108
143
171
184
194
209
232
237
220
189
138
106
70
-6
-156
-402
-710
-1044
-1350
-1576
-1692
-1705
-1631
-1442
-1102
-690
-309
-1
228
404
535
632
737
855
963
1049
1140
1218
1238
1184
1056
867
658
471
325
206
108
47
42
56
46
24
6
-4
-6
16
79
176
291
417
554
677
749
763
721
627
517
424
339
241
138
65
40
36
13
-32
-96
-172
-235
-273
-286
-285
-281
-282
-277
-259
-243
-225
-206
-195
-165
-112
-65
-31
1
17
4
-29
-86
-147
-210
-281
-334
-363
-372
-373
-356
-325
-292
-259
-231
-216
-193
-157
-114
-63
-12
35
82
110
107
83
53
11
-34
-72
-106
-133
-152
-157
-147
-131
-125
-125
-116
-89
-43
2
9
-21
-56
-63
-28
22
55
73
90
114
146
169
151
94
34
1
2
15
26
41
87
154
167
49
-213
-571
-934
-1237
-1457
-1594
-1630
-1553
-1361
-1067
-705
-351
-67
139
287
426
571
699
806
894
984
1089
1173
1181
1101
961
808
658
513
375
265
192
142
121
125
121
90
37
-17
-28
17
78
152
244
360
495
612
678
689
661
592
490
383
302
259
233
202
174
161
128
67
-16
-105
-189
-250
-291
-303
-280
-254
-240
-244
-264
-290
-304
-298
-279
-237
-175
-103
-31
17
33
17
-33
-110
-193
-272
-345
-392
-407
-392
-359
-326
-306
-286
-263
-234
-198
-159
-121
-79
-28
22
63
85
85
64
32
-9
-48
-78
-96
-109
-117
-117
-111
-98
-84
-78
-70
-61
-48
-39
-43
-44
-34
-27
-30
-40
-37
-17
16
43
68
81
85
85
86
84
61
30
16
33
76
126
172
184
95
-119
-425
-738
-1002
-1197
-1323
-1383
-1349
-1191
-930
-636
-392
-204
-8
194
364
484
586
703
820
918
991
1037
1035
967
869
767
658
553
450
357
288
251
226
198
148
82
40
30
30
39
81
162
272
381
470
522
530
505
469
425
354
263
183
128
107
101
92
70
36
-1
-38
-77
-135
-192
-223
-232
-234
-242
-274
-321
-355
-351
-313
-267
-234
-203
-148
-83
-40
-23
-30
-57
-92
-129
-177
-234
-299
-340
-341
-320
-302
-288
-264
-233
-186
-134
-95
-76
-66
-45
-7
29
46
57
65
61
42
18
-14
-50
-78
-90
-86
-76
-69
-69
-68
-61
-51
-43
-43
-45
-44
-39
-27
-19
-8
14
46
70
72
64
59
62
68
58
16
-45
-78
-47
23
68
74
85
127
181
186
83
-124
-411
-720
-978
-1135
-1195
-1176
-1085
-922
-690
-427
-200
-42
68
160
254
350
443
546
671
792
873
902
878
810
716
607
495
402
324
263
235
241
263
275
247
189
133
86
45
20
19
53
119
198
281
363
426
452
439
384
298
207
142
119
127
148
169
187
189
164
106
15
-94
-193
-263
-309
-340
-356
-351
-324
-287
-250
-218
-191
-165
-137
-100
-63
-43
-38
-47
-63
-87
-117
-148
-190
-236
-273
-289
-292
-286
-269
-244
-209
-177
-151
-129
-108
-87
-69
-53
-40
-30
-22
-10
0
1
-8
-20
-33
-44
-51
-54
-57
-59
-58
-49
-45
-48
-58
-60
-55
-48
-35
-17
12
38
52
52
40
32
34
33
27
20
22
27
16
-4
-21
-19
-4
15
40
65
74
53
16
-37
-142
-323
-555
-755
-860
-878
-845
-775
-651
-475
-283
-107
39
160
254
328
388
435
481
532
591
642
670
672
642
587
517
453
396
335
273
235
231
241
240
224
199
176
151
118
84
56
57
98
164
227
270
281
259
223
200
194
180
152
136
149
176
179
154
116
70
11
-67
-167
-273
-360
-400
-395
-369
-343
-300
-226
-139
-68
-32
-32
-54
-82
-100
-116
-134
-155
-165
-157
-147
-152
-174
-197
-211
-208
-194
-184
-187
-186
-168
-140
-113
-97
-93
-93
-93
-88
-77
-70
-65
-49
-12
33
60
61
44
20
-9
-42
-79
-116
-137
-126
-92
-56
-34
-25
-15
-10
-12
-21
-26
-18
-5
14
25
28
29
31
31
26
19
9
-4
-14
-18
-11
2
14
26
31
34
29
23
15
-16
-91
-218
-363
-467
-506
-502
-489
-458
-382
-272
-156
-60
21
90
135
164
192
238
296
354
412
460
489
485
459
431
401
369
331
296
268
258
264
262
248
225
206
191
164
132
112
107
104
97
96
115
153
197
230
240
238
231
218
178
106
31
-26
-51
-49
-44
-45
-46
-42
-37
-42
-58
-77
-91
-93
-93
-91
-88
-87
-82
-74
-73
-93
-125
-153
-158
-149
-139
-137
-140
-137
-130
-120
-119
-131
-154
-183
-211
-232
-244
-243
-224
-195
-160
-130
-103
-81
-66
-61
-73
-93
-107
-109
-105
-105
-109
-109
-107
-105
-103
-103
-109
-126
-140
-151
-155
-149
-140
-128
-121
-119
-120
-118
-107
-91
-69
-51
-36
-21
-4
13
21
26
37
48
54
54
64
82
106
125
135
138
130
121
100
70
34
-12
-72
-155
-221
-247
-238
-208
-182
-141
-97
-53
-10
38
102
150
187
224
268
306
325
334
337
339
332
322
316
313
315
311
299
282
271
265
256
238
211
187
168
147
124
108
100
91
89
106
144
186
206
211
204
188
153
97
40
-9
-35
-45
-42
-26
-9
9
11
-2
-24
-46
-65
-82
-97
-105
-107
-104
-99
-89
-82
-85
-102
-120
-136
-154
-163
-165
-159
-150
-142
-136
-140
-155
-175
-200
-223
-247
-267
-273
-264
-242
-213
-183
-157
-138
-134
-141
-157
-172
-182
-178
-163
-147
-133
-127
-128
-139
-161
-187
-208
-215
-210
-187
-157
-127
-105
-91
-86
-89
-86
-76
-55
-46
-48
-51
-48
-36
-19
11
46
78
96
102
110
114
117
111
106
104
99
90
75
67
67
71
78
77
88
106
123
124
101
74
45
21
2
-7
-2
16
45
84
127
169
213
244
261
266
257
244
228
221
218
214
211
200
193
191
189
190
187
185
184
185
194
207
221
223
214
198
180
161
143
127
112
99
90
85
82
79
74
68
56
37
8
-20
-40
-51
-52
-47
-41
-39
-43
-54
-78
-106
-130
-146
-154
-156
-150
-136
-118
-105
-98
-103
-120
-146
-173
-195
-212
-221
-225
-225
-220
-212
-202
-196
-200
-206
-219
-231
-234
-227
-208
-189
-174
-165
-156
-147
-139
-144
-162
-184
-200
-196
-175
-145
-123
-111
-111
-117
-120
-122
-117
-116
-112
-116
-120
-112
-82
-41
-15
-6
-4
1
10
17
21
22
22
21
25
41
58
77
88
95
96
88
75
58
51
46
44
46
56
89
131
169
195
211
223
224
215
203
189
178
163
145
138
142
157
169
172
164
147
141
145
157
167
168
166
161
159
156
153
155
150
141
126
113
108
112
124
139
154
167
176
177
163
140
113
88
66
47
37
30
28
31
34
39
36
32
20
5
-7
-23
-38
-50
-61
-72
-85
-99
-111
-119
-122
-120
-116
-112
-116
-121
-121
-121
-126
-132
-138
-143
-153
-164
-175
-187
-194
-199
-200
-198
-196
-196
-192
-186
-181
-181
-186
-190
-198
-210
-220
-228
-231
-230
-219
-197
-175
-154
-141
-131
-115
-104
-97
-96
-95
-89
-81
-69
-61
-61
-64
-63
-53
-41
-34
-26
-11
6
23
41
60
76
81
76
63
33
13
11
33
61
80
105
127
146
154
148
146
140
134
129
126
132
147
174
201
222
236
242
242
236
227
212
191
175
170
181
191
192
184
173
157
132
109
92
80
76
74
76
79
86
92
89
76
60
48
44
45
44
41
34
28
26
21
15
4
-9
-23
-40
-59
-76
-95
-106
-108
-102
-88
-70
-52
-36
-28
-26
-34
-48
-60
-70
-74
-78
-82
-79
-80
-83
-87
-95
-101
-106
-107
-106
-100
-92
-85
-77
-74
-74
-80
-85
-93
-97
-98
-96
-89
-82
-77
-74
-79
-84
-88
-96
-96
-93
-89
-86
-82
-75
-66
-56
-44
-40
-39
-44
-57
-67
-78
-83
-79
-72
-61
-43
-22
2
16
25
29
23
10
-14
-32
-45
-50
-36
-13
19
41
45
42
28
16
5
-2
-3
1
14
35
58
80
98
107
107
95
82
72
69
68
71
77
86
104
122
139
141
135
128
125
130
128
134
136
133
126
113
106
99
91
80
57
37
25
24
36
48
61
68
73
76
72
67
53
35
15
-5
-19
-25
-25
-15
-3
5
7
2
-1
-9
-17
-28
-45
-63
-79
-86
-86
-84
-76
-66
-59
-57
-58
-60
-61
-64
-66
-65
-64
-61
-56
-51
-46
-49
-61
-79
-97
-103
-101
-90
-72
-53
-32
-21
-13
-11
-13
-20
-32
-44
-52
-54
-55
-48
-36
-23
-11
-2
2
2
-3
-9
-18
-25
-34
-38
-35
-27
-12
2
9
7
-2
-19
-37
-51
-56
-47
-32
-15
-1
15
32
44
50
41
26
10
-2
-2
5
11
13
12
18
27
36
43
45
47
42
35
26
19
16
14
13
12
10
12
15
17
17
13
9
9
16
29
44
55
60
58
51
41
28
16
6
-3
-6
0
12
24
33
33
33
34
36
35
30
21
12
5
1
5
10
23
37
44
45
37
28
17
2
-13
-26
-28
-17
3
29
48
58
55
44
29
10
-8
-27
-42
-46
-39
-28
-13
3
10
9
2
-8
-16
-20
-24
-22
-19
-16
-11
-7
-8
-10
-16
-24
-35
-42
-44
-41
-36
-32
-23
-16
-8
-1
4
6
-1
-7
-17
-24
-24
-23
-19
-14
-9
-3
2
8
10
8
-1
-13
-23
-30
-31
-34
-32
-26
-23
-20
-22
-25
-28
-32
-35
-33
-29
-23
-19
-17
-16
-11
-3
3
4
3
-4
-4
-5
-6
-7
-11
-14
-17
-15
-14
-8
5
13
19
24
14
11
13
8
10
13
7
8
9
5
5
2
-2
3
7
8
19
32
41
47
44
32
20
4
-6
-8
-10
-5
8
25
42
53
58
53
44
32
22
13
6
2
5
8
12
16
18
22
25
26
29
32
36
39
40
36
27
18
9
1
-4
-4
0
7
12
16
22
24
22
18
11
3
-6
-15
-21
-25
-29
-28
-20
-10
0
9
11
12
6
-3
-14
-24
-35
-44
-49
-52
-47
-38
-30
-20
-15
-11
-7
-9
-15
-19
-28
-36
-38
-41
-42
-40
-37
-31
-24
-23
-26
-27
-29
-33
-35
-39
-40
-36
-34
-29
-24
-20
-16
-9
-7
-5
-1
4
10
12
8
4
-2
-10
-17
-23
-25
-20
-11
0
12
20
27
33
36
36
36
35
33
32
27
18
15
13
16
21
24
27
31
32
33
29
22
15
5
-2
-6
-5
-1
5
14
19
26
29
27
27
25
21
19
15
12
10
4
1
3
7
10
13
18
23
29
32
34
38
40
41
42
42
40
34
20
7
-9
-20
-18
-11
4
17
21
24
23
20
15
8
-5
-20
-32
-38
-36
-30
-25
-22
-22
-24
-24
-24
-27
-26
-31
-38
-46
-54
-58
-59
-59
-56
-54
-52
-48
-42
-37
-32
-29
-29
-29
-30
-30
-27
-27
-27
-29
-33
-34
-35
-32
-30
-29
-25
-21
-14
-7
-3
4
12
18
21
25
28
31
33
34
36
37
36
36
34
32
31
33
38
44
48
46
45
39
32
28
22
16
13
15
19
25
30
29
30
28
24
23
22
15
8
0
-5
-3
4
11
13
13
11
8
7
5
-1
-8
-18
-29
-39
-46
-45
-41
-37
-32
-23
-16
-7
1
7
9
11
8
5
5
2
2
-1
-7
-11
-12
-10
-3
2
3
3
6
8
13
17
19
17
9
1
-4
-9
-13
-16
-14
-13
-8
1
11
15
18
14
7
6
5
1
0
-6
-12
-15
-17
-17
-15
-14
-12
-8
-7
-5
-5
-6
-11
-18
-26
-28
-27
-21
-13
-7
-1
3
5
5
2
-2
-8
-14
-15
-15
-12
-6
-4
-4
-6
-8
-6
-2
4
8
10
10
10
11
12
11
10
7
4
2
3
3
7
11
13
18
20
25
30
29
28
22
14
9
4
4
3
3
4
5
6
7
7
8
7
4
1
1
2
5
6
3
2
-1
-4
-8
-12
-17
-16
-12
-9
-7
-7
-8
-9
-11
-13
-16
-19
-22
-22
-20
-17
-12
-12
-12
-12
-15
-16
-14
-10
-9
-5
-1
6
15
22
29
30
28
24
16
10
3
0
-5
-8
-6
-4
4
10
16
19
16
13
8
4
7
8
9
14
14
16
16
16
17
17
18
18
15
11
4
-3
-11
-16
-20
-24
-25
-25
-25
-25
-24
-20
-15
-12
-10
-13
-17
-17
-15
-10
-7
-7
-8
-8
-9
-4
1
7
12
14
15
16
16
9
-1
-8
-19
-23
-22
-20
-13
-8
-4
1
5
8
10
8
6
4
1
0
1
0
1
2
1
4
7
10
15
19
19
18
14
7
-1
-8
-18
-23
-25
-20
-15
-10
-5
-1
0
4
7
11
13
10
6
0
-1
-1
1
4
7
10
12
13
11
6
4
2
2
7
13
17
19
14
8
3
-2
3
7
6
9
10
12
14
12
6
3
2
3
7
11
10
10
10
8
1
-7
-13
-16
-15
-15
-14
-12
-9
-6
-6
-9
-12
-15
-14
-9
-9
-6
-5
-10
-13
-15
-16
-12
-9
-9
-5
-2
0
2
4
1
0
-4
-9
-10
-9
-9
-9
-8
-7
-7
-8
-9
-7
-6
-8
-9
-9
-10
-8
-7
-5
-8
-6
-1
7
15
20
20
21
17
9
1
-5
-9
-10
-2
6
12
15
17
15
12
11
10
12
16
18
20
21
16
10
3
-4
-7
-8
-6
-5
-1
1
-1
-6
-11
-16
-20
-19
-15
-9
2
6
11
15
12
10
14
17
22
29
30
26
18
8
-4
-10
-16
-20
-17
-13
-11
-11
-11
-12
-10
-7
-5
-3
0
-3
-7
-9
-9
-7
-5
-3
-3
0
3
5
5
7
5
5
4
3
6
7
4
0
-6
-13
-20
-19
-19
-17
-11
-8
-7
-5
-4
-6
-5
-4
-3
4
8
10
13
13
10
12
13
12
12
12
13
16
16
15
13
11
8
6
5
3
0
0
-3
-5
-3
2
3
5
6
2
-1
-3
-4
-5
-2
-2
0
1
0
-1
4
3
1
1
-3
-1
1
1
2
-1
-5
-5
-5
-6
-8
-13
-19
-23
-28
-25
-21
-17
-13
-11
-14
-18
-21
-24
-21
-21
-22
-17
-15
-18
-16
-11
-11
-10
-9
-11
-14
-15
-18
-16
-11
-7
0
6
10
15
17
20
24
