1
-1
0
0
0
0
0
0
0
0
0
0
1
0
0
-1
1
1
0
0
0
0
0
0
0
0
0
1
0
0
0
0
0
0
-1
0
0
-1
0
0
1
0
0
0
0
0
0
1
0
1
0
0
0
0
1
-1
0
0
0
1
0
-1
0
0
0
1
0
-1
0
0
0
0
1
0
0
0
0
0
0
1
0
0
0
0
0
1
0
0
0
-1
0
0
0
1
0
-1
-1
0
-1
0
1
-1
-2
-1
-2
0
0
0
1
0
-1
-1
-1
-1
1
0
1
0
-1
0
0
1
0
1
1
0
-1
-1
0
0
1
0
1
0
-1
-1
0
0
2
1
1
-1
-1
0
0
2
2
1
0
0
-1
0
1
2
2
1
0
0
0
0
1
1
1
0
-1
0
0
1
0
0
-1
1
-1
-1
-1
0
-1
0
-1
-1
-1
-1
-1
-1
-1
-1
-1
-1
0
-1
-1
0
-1
0
0
0
-1
0
-1
0
0
-1
0
-1
0
0
0
1
1
0
-1
-1
-1
3
4
9
11
6
0
-6
-7
-4
5
10
7
-1
-9
-13
-10
1
11
16
13
5
-1
-4
2
11
18
18
11
4
-3
-7
-3
5
12
14
10
3
-5
-7
-3
4
10
11
7
-2
-8
-9
-6
1
6
5
-1
-6
-10
-9
-3
5
8
6
-2
-8
-9
-5
3
5
4
-2
-11
-16
-16
-12
-5
1
2
0
-3
-5
-5
-3
-1
0
0
-3
-5
-7
-9
-9
-6
-4
-3
-1
0
-1
-1
-1
-2
-5
-6
-5
-5
-3
-1
-1
-2
-2
-2
0
1
0
0
0
-1
-2
-1
0
1
1
2
0
0
1
1
1
1
1
0
0
1
1
3
4
5
2
1
-2
-3
-1
1
2
1
0
-1
-3
-2
0
2
2
1
0
0
0
0
0
1
0
0
0
0
0
0
-1
-1
-1
0
0
1
0
2
0
-1
-1
-1
0
1
1
1
0
-1
-1
1
1
1
0
0
0
-1
0
0
0
1
1
0
0
0
0
1
3
1
2
0
0
-1
-1
0
1
1
1
1
0
0
1
1
1
1
0
0
0
0
0
0
0
0
0
0
0
0
0
1
0
0
0
0
1
0
0
0
0
0
-1
0
0
0
0
0
-1
0
1
0
1
0
0
0
0
-1
0
0
0
-1
0
0
0
0
0
0
0
0
-1
0
0
0
0
0
1
1
0
0
1
0
0
-1
0
1
0
0
1
0
0
0
1
0
0
0
0
0
1
0
1
0
0
0
1
0
0
0
0
0
-1
0
0
0
0
0
0
0
0
0
-1
0
0
0
0
0
0
0
0
-1
0
1
0
1
0
0
1
0
0
1
0
0
1
0
0
1
0
0
0
0
0
0
0
0
0
0
0
1
0
0
-1
0
0
-1
0
-1
0
0
1
1
0
0
0
-1
0
0
0
0
0
1
1
0
1
1
1
1
2
2
1
2
3
1
1
1
1
2
1
1
1
1
1
1
1
1
1
0
1
1
2
1
0
0
0
1
2
2
2
0
0
-1
0
0
0
-2
-1
-2
-2
-1
-3
-4
-6
-4
-2
-1
-3
-3
-3
-2
-1
-1
-1
-1
0
0
0
0
1
1
0
2
4
5
4
4
4
5
9
14
20
22
17
12
14
26
37
38
30
22
16
18
21
21
19
10
-1
-9
-12
-13
-11
-12
-15
-23
-32
-33
-23
-10
-6
-12
-21
-23
-17
-10
-5
-5
-11
-21
-27
-29
-27
-27
-30
-38
-45
-53
-60
-62
-58
-54
-55
-65
-73
-75
-69
-60
-57
-59
-63
-62
-53
-40
-29
-25
-27
-29
-28
-17
-5
2
-3
-10
-13
-8
2
4
-1
-9
-14
-11
-3
8
14
9
1
-1
10
22
30
28
25
25
32
39
44
41
32
29
45
74
88
74
46
26
27
43
62
62
32
-9
-24
-8
15
13
-26
-60
-61
-38
-35
-74
-122
-144
-139
-125
-114
-127
-195
-320
-435
-444
-332
-219
-257
-445
-610
-607
-462
-309
-238
-240
-278
-292
-237
-115
23
122
163
167
151
145
178
267
358
362
252
116
72
140
227
247
183
101
50
55
123
217
286
297
282
282
320
389
467
551
624
646
607
568
603
708
805
825
759
670
630
650
694
689
597
449
330
292
316
354
333
213
63
-12
37
136
182
119
0
-42
36
164
241
218
104
-59
-147
-50
125
182
22
-214
-350
-354
-276
-264
-376
-566
-726
-711
-562
-511
-941
-1810
-2375
-2028
-1097
-598
-1008
-1817
-2271
-2082
-1445
-735
-313
-332
-650
-890
-739
-216
357
650
646
511
369
326
476
798
1066
1037
701
290
62
110
317
466
391
113
-197
-337
-246
-72
19
-21
-124
-184
-105
130
343
403
365
344
405
518
676
797
823
801
759
744
746
734
693
628
609
604
530
398
304
302
304
243
159
117
140
159
137
89
62
104
174
204
188
172
165
153
182
246
301
334
321
247
114
36
98
226
287
173
-28
-160
-97
145
347
303
-38
-405
-489
-269
-26
-23
-171
-316
-376
-292
-51
17
-825
-2612
-4115
-3825
-1919
-355
-727
-2728
-4550
-4836
-3468
-1440
-61
19
-923
-1838
-1811
-713
826
1872
2013
1482
848
688
1140
1958
2627
2652
1981
955
193
123
617
1140
1105
427
-480
-1082
-1059
-551
-7
156
-104
-473
-590
-333
114
428
486
477
625
897
1135
1321
1483
1606
1603
1470
1302
1156
1074
1002
936
904
801
552
219
16
23
65
21
-74
-147
-203
-255
-216
-50
110
151
76
29
137
348
523
564
479
353
270
351
553
646
463
72
-248
-302
-187
-180
-373
-569
-631
-691
-831
-980
-987
-825
-589
-474
-651
-918
-908
-510
-59
59
-182
-481
-525
-278
-29
30
-75
-270
-446
-433
-205
-12
-23
-208
-414
-521
-461
-286
-141
-296
-992
-2003
-2585
-2199
-1256
-710
-1051
-1891
-2467
-2366
-1668
-811
-211
-48
-222
-414
-400
-60
539
1149
1503
1490
1223
949
923
1210
1568
1664
1377
860
409
215
262
306
93
-325
-599
-492
-204
-129
-321
-486
-352
54
486
745
782
735
783
1028
1420
1740
1817
1697
1550
1517
1565
1610
1628
1578
1400
1076
751
595
612
666
597
390
120
-122
-211
-169
-80
-67
-154
-261
-307
-211
-60
80
155
164
152
127
191
305
336
193
-1
-103
-145
-141
-64
-11
-275
-720
-831
-404
117
289
95
-265
-611
-808
-642
-121
458
731
715
736
910
533
-1735
-5732
-8651
-7341
-2396
1426
109
-5494
-10469
-10921
-6856
-1383
1762
1047
-2166
-4855
-4653
-1498
2563
4973
4716
2851
1153
870
2146
4232
5952
6132
4536
2067
196
51
1460
3014
3120
1445
-929
-2562
-2610
-1355
93
608
-97
-1293
-1947
-1566
-385
886
1631
1716
1323
664
220
887
2781
4438
4363
2846
1350
955
1663
2727
3242
2660
1307
-24
-619
-391
60
148
-264
-793
-1196
-1520
-1613
-1187
-363
205
103
-383
-665
-447
192
902
1280
1101
612
301
424
864
1119
833
187
-341
-559
-606
-614
-633
-652
-763
-1058
-1420
-1575
-1393
-1042
-742
-651
-807
-1093
-1191
-871
-416
-224
-220
-170
-16
110
178
208
186
260
468
684
704
561
377
96
-108
34
346
482
388
422
743
783
-454
-3258
-6105
-6708
-4714
-2342
-1977
-3767
-6096
-7451
-6975
-4885
-2460
-1059
-1134
-1926
-2331
-1661
59
2004
3299
3652
3321
2813
2654
3241
4378
5257
5196
4124
2626
1611
1532
2058
2386
1992
970
-231
-1053
-1137
-645
-124
-34
-377
-830
-1024
-695
99
897
1032
312
-396
40
1601
3034
3368
2758
1934
1615
2006
2766
3297
3095
2208
1175
653
733
946
953
611
-33
-818
-1416
-1396
-807
-203
-153
-651
-1177
-1294
-842
-101
460
529
152
-280
-329
65
504
653
449
90
-222
-384
-404
-336
-295
-421
-745
-1122
-1366
-1398
-1271
-1140
-1078
-1195
-1500
-1678
-1543
-1209
-971
-954
-1016
-1025
-813
-521
-267
-102
-109
-189
-235
-136
101
337
363
122
-157
-218
-65
167
340
347
186
-14
29
440
1046
1705
1683
-142
-3580
-6515
-6670
-4174
-1223
-377
-2469
-5796
-7925
-7274
-4382
-1274
250
-285
-1744
-2521
-1671
488
2802
4279
4411
3557
2767
2791
3737
5053
5921
5763
4483
2806
1718
1723
2414
2891
2556
1290
-276
-1286
-1380
-804
-226
-137
-571
-1153
-1556
-1827
-1995
-1510
76
1894
2403
1471
501
612
1997
3802
4880
4641
3421
2259
1842
2259
2882
2953
2280
1200
310
-285
-694
-756
-545
-513
-1076
-2015
-2688
-2645
-1922
-1031
-581
-827
-1426
-1671
-1168
-220
540
674
410
220
301
521
642
662
583
375
22
-356
-646
-785
-727
-675
-902
-1421
-1990
-2359
-2342
-2047
-1862
-2009
-2347
-2520
-2277
-1688
-1117
-879
-902
-841
-508
-163
22
413
964
1226
1117
948
956
1088
1316
1553
1695
1646
1675
2313
3114
2404
-1365
-6951
-10369
-8696
-3750
-236
-1128
-5980
-11186
-13081
-10337
-4772
-166
894
-1363
-4267
-5025
-2495
2043
5803
7154
6258
4425
3388
4092
6253
8610
9596
8444
5710
3111
2125
2884
4202
4446
3104
614
-1868
-2962
-2394
-1088
-385
-927
-2254
-3226
-2966
-1748
-638
-369
-583
-138
1259
2612
3130
3035
3156
3861
4816
5363
5124
4399
3720
3474
3535
3382
2689
1581
580
-84
-702
-1481
-2099
-2197
-2039
-2174
-2779
-3473
-3625
-3032
-2103
-1542
-1694
-2139
-2141
-1340
-189
639
732
405
374
819
1351
1441
1039
555
362
405
331
-34
-626
-1196
-1479
-1522
-1667
-2087
-2560
-2755
-2584
-2321
-2290
-2452
-2505
-2283
-1870
-1509
-1285
-1065
-727
-296
253
824
1089
1102
1221
1503
1552
1239
1005
1126
1304
1063
634
683
1314
1779
1719
1739
2106
816
-4015
-9847
-11458
-7329
-1867
82
-2893
-8513
-12806
-12742
-8026
-2000
1269
393
-2701
-4867
-3998
-195
4252
6973
7175
5618
3954
3731
5249
7680
9573
9646
7672
4713
2648
2552
3812
4782
4402
2530
-238
-2413
-2838
-1728
-493
-311
-1376
-2960
-3708
-2908
-1277
-529
-1192
-1642
-395
1811
3082
3010
2662
2878
3779
4853
5434
5230
4472
3787
3610
3734
3473
2523
1424
737
207
-929
-2511
-3456
-3299
-2717
-2579
-3103
-3914
-4287
-3810
-2638
-1471
-1018
-1229
-1331
-735
336
1194
1453
1446
1636
1927
1889
1598
1331
1209
1277
1232
845
81
-831
-1507
-1710
-1605
-1666
-2150
-2904
-3510
-3619
-3317
-2942
-2755
-2744
-2577
-2203
-1817
-1534
-1032
-47
1065
1608
1243
691
854
1827
2930
3434
3094
2154
1301
1304
2500
4046
4654
3828
1322
-3143
-8356
-11221
-9656
-5261
-2199
-3303
-8019
-13261
-15472
-12866
-6890
-1569
-69
-2295
-5394
-6015
-3005
2081
6559
8418
7479
5404
4428
5651
8407
10987
11839
10467
7600
4830
3658
4233
5263
5325
3802
1033
-1822
-3538
-3700
-2800
-1918
-1977
-3079
-4550
-5296
-4582
-2774
-1156
-468
-113
540
1265
1917
2929
4381
5585
6021
5857
5476
5081
4743
4530
4377
4010
3125
1727
322
-621
-1178
-1691
-2125
-2436
-2915
-3671
-4313
-4329
-3771
-3106
-2638
-2360
-2214
-2070
-1691
-929
30
823
1279
1496
1740
1999
2145
2155
2037
1796
1413
1033
753
529
148
-543
-1407
-2152
-2574
-2689
-2689
-2731
-2860
-3159
-3394
-3237
-2805
-2422
-2142
-1781
-1352
-854
-260
350
1005
1583
1781
1636
1596
1790
2096
2343
2652
2881
2415
1480
838
1056
2120
3521
4218
2744
-1770
-7938
-11908
-10635
-5423
-1083
-1435
-6383
-12197
-14681
-12290
-6616
-1475
163
-1614
-4406
-5413
-3200
1295
5547
7486
6900
5180
4079
4691
6822
9381
10815
10008
7405
4548
3117
3662
4992
5464
4223
1532
-1373
-3082
-3030
-1957
-1205
-1568
-2836
-4153
-4808
-4555
-3534
-2019
-433
421
150
-195
574
2230
4064
5394
5679
5039
4164
3864
4400
5276
5540
4713
3164
1627
730
406
155
-249
-955
-2077
-3178
-3751
-3792
-3572
-3355
-3239
-3245
-3386
-3411
-2954
-1983
-942
-298
-184
-262
62
878
1780
2383
2396
1866
1288
1079
1307
1625
1574
1010
50
-1008
-1845
-2195
-2095
-1916
-1945
-2306
-2887
-3381
-3619
-3327
-2484
-1803
-1762
-2195
-2400
-1700
-273
1010
1359
973
830
1279
1972
2358
2460
2707
3003
3182
3032
2618
2785
3942
4970
4009
-408
-6767
-10797
-9440
-4346
-849
-2281
-7546
-12672
-14369
-11961
-7009
-2757
-1768
-3651
-5894
-6076
-3406
794
4416
6097
5893
4890
4388
5279
7429
9893
11274
10583
8276
5829
4681
5218
6290
6395
4924
2197
-693
-2432
-2507
-1624
-1195
-2096
-3864
-5305
-5692
-5095
-3979
-2841
-1919
-1364
-1185
-875
221
1893
3435
4518
5051
5080
4796
4631
5040
5810
6140
5508
4146
2677
1608
1028
673
184
-648
-1803
-2968
-3685
-3888
-3833
-3839
-4025
-4189
-4217
-4049
-3602
-2893
-2105
-1453
-892
-325
299
962
1555
2040
2345
2375
2243
2144
2134
2070
1836
1410
843
215
-413
-987
-1541
-2096
-2613
-2967
-3085
-3011
-3076
-3360
-3536
-3322
-2845
-2436
-2159
-1729
-991
-208
435
860
1059
1190
1512
2030
2563
2822
2717
2257
1582
1211
1590
2538
3323
3408
2783
1675
157
-2179
-5094
-7180
-7060
-5131
-3811
-4608
-6915
-9077
-9781
-8719
-6437
-4204
-3088
-2994
-3113
-2675
-1308
665
2659
4111
4816
5108
5329
5859
6825
7964
8720
8558
7571
6273
5317
5037
5045
4733
3798
2265
596
-680
-1314
-1475
-1672
-2103
-2712
-3354
-3883
-4191
-4160
-3655
-2435
-794
184
128
-8
675
2207
3918
5057
5226
4625
4047
4150
4867
5392
5037
3878
2524
1601
1186
809
205
-499
-1322
-2298
-3128
-3541
-3586
-3512
-3534
-3657
-3875
-4112
-4029
-3385
-2400
-1542
-1061
-926
-747
-116
777
1522
1901
1899
1738
1678
1829
2034
2025
1699
1155
551
-73
-627
-927
-1073
-1277
-1765
-2594
-3333
-3601
-3382
-2973
-2773
-2941
-3171
-2989
-2360
-1534
-796
-313
145
848
1582
1864
1446
863
1152
2548
3922
4048
3015
2225
2686
3953
4437
2532
-2033
-7173
-9144
-6553
-2605
-1678
-4666
-9005
-11775
-11767
-9241
-5758
-3550
-3615
-4915
-5566
-4490
-1877
1180
3516
4725
4984
4753
4769
5803
7885
10032
10922
9983
7916
6148
5771
6537
7198
6683
4856
2301
-12
-1205
-1157
-729
-940
-2152
-3839
-5075
-5377
-4812
-3919
-3172
-2559
-1907
-1297
-795
-19
1248
2790
4182
4946
4947
4591
4574
5156
5923
6153
5509
4307
3119
2330
1879
1380
551
-494
-1626
-2723
-3612
-4200
-4452
-4426
-4299
-4350
-4615
-4804
-4518
-3606
-2432
-1478
-942
-677
-351
329
1244
2071
2565
2612
2423
2310
2417
2611
2668
2394
1749
851
-116
-805
-1075
-1207
-1572
-2301
-3262
-4084
-4367
-4140
-3710
-3562
-3772
-3956
-3606
-2627
-1478
-536
-98
-124
-150
402
1524
2456
2585
2202
2099
2443
2814
3018
3147
3299
3728
3943
2550
-1122
-5843
-8576
-7466
-4258
-2498
-4035
-7704
-10926
-11884
-10257
-7146
-4419
-3529
-4349
-5167
-4674
-2594
433
3124
4691
5122
4926
4944
5840
7669
9738
10826
10232
8456
6743
6042
6375
6974
6715
5175
2860
617
-688
-926
-812
-1120
-2089
-3372
-4444
-5035
-4997
-4305
-3265
-2250
-1502
-1135
-1030
-475
965
2878
4605
5479
5400
4945
4803
5297
6082
6457
6026
4912
3539
2431
1797
1349
666
-370
-1711
-3120
-4118
-4553
-4522
-4358
-4365
-4587
-4954
-5141
-4737
-3730
-2567
-1652
-1139
-879
-504
281
1329
2251
2771
2828
2687
2576
2615
2786
2825
2535
1902
977
-24
-786
-1282
-1679
-2062
-2506
-3188
-4078
-4834
-5026
-4518
-3754
-3457
-3811
-4250
-3970
-2683
-923
419
696
134
-130
789
2329
3210
2955
2256
2131
2831
3544
3397
2785
2776
3752
4490
2722
-2353
-8025
-9926
-6855
-2501
-1624
-5035
-9805
-12737
-12423
-9313
-5445
-3324
-3702
-5252
-5838
-4329
-1262
1911
4085
5097
5326
5217
5291
6289
8348
10546
11425
10323
8041
6144
5808
6655
7329
6764
4766
2047
-285
-1356
-1175
-702
-1018
-2336
-4026
-5272
-5624
-5005
-3816
-2660
-1839
-1469
-1413
-1095
91
2000
3920
5181
5493
5094
4749
5077
6003
6855
6863
5932
4556
3281
2442
1862
1147
165
-989
-2240
-3427
-4202
-4464
-4483
-4546
-4748
-5003
-5093
-4823
-4104
-3164
-2424
-1985
-1639
-1012
8
1123
1864
2091
2095
2106
2295
2626
2849
2726
2223
1498
732
35
-582
-1088
-1511
-1975
-2570
-3285
-3972
-4452
-4624
-4586
-4322
-3905
-3607
-3540
-3336
-2705
-1754
-701
185
702
803
992
1686
2636
3198
3202
3161
3128
2925
2779
2768
2909
3292
3878
4323
3510
99
-5416
-9653
-9199
-4953
-1707
-2913
-7369
-11505
-12983
-11222
-7370
-3998
-3023
-4112
-5357
-5083
-2814
537
3482
5051
5322
5094
5009
5567
7219
9543
11079
10759
8830
6592
5485
5877
6725
6748
5403
2964
391
-1262
-1570
-1167
-1202
-2122
-3370
-4399
-5163
-5426
-4900
-3708
-2292
-1257
-931
-1020
-734
506
2570
4682
5846
5718
4916
4475
4970
5898
6391
6055
4979
3462
1998
1036
560
251
-272
-1253
-2674
-4092
-4952
-4962
-4344
-3733
-3708
-4348
-4995
-4837
-3715
-2231
-1070
-542
-500
-420
189
1295
2352
2898
2882
2608
2358
2237
2250
2287
2189
1720
820
-263
-1140
-1575
-1741
-1964
-2396
-3055
-3887
-4548
-4602
-3987
-3274
-3033
-3275
-3507
-3168
-2114
-688
375
695
670
849
1253
1739
2307
2878
3205
3126
2775
2308
1870
1825
2482
3528
3943
2575
-999
-5523
-8238
-7336
-4320
-2663
-4097
-7346
-9937
-10427
-8935
-6497
-4336
-3308
-3438
-3946
-3697
-1992
741
3307
4781
5166
4937
4736
5306
6873
8807
9936
9423
7680
5952
5193
5422
5823
5557
4305
2365
381
-955
-1305
-1159
-1247
-1876
-2868
-3764
-4324
-4542
-4273
-3327
-1942
-846
-539
-640
-274
922
2574
4038
4811
4752
4304
4155
4510
5077
5320
4903
3983
2893
1836
885
130
-363
-728
-1302
-2272
-3425
-4353
-4814
-4706
-4146
-3644
-3618
-3954
-4103
-3679
-2685
-1486
-570
-69
185
486
1052
1781
2380
2625
2460
2201
2131
2111
1935
1597
1196
661
-27
-726
-1297
-1651
-1901
-2184
-2559
-2997
-3412
-3586
-3387
-2942
-2616
-2661
-2757
-2359
-1264
-54
614
774
727
861
1406
2311
3119
3243
2581
1556
1116
1759
2779
3112
2576
1757
1598
2363
2751
574
-4418
-8712
-8532
-4631
-1676
-2556
-6241
-9765
-10902
-9336
-6133
-3329
-2433
-3269
-4231
-3756
-1687
910
2786
3734
4402
4767
4712
4861
5735
7306
8576
8536
7115
5178
4028
4044
4709
4972
4087
2222
14
-1470
-1679
-1273
-1132
-1575
-2377
-3207
-3925
-4214
-3804
-2727
-1377
-410
-116
-237
-42
990
2614
4245
5151
4945
4198
3811
4111
4745
5054
4673
3725
2539
1464
645
65
-398
-885
-1592
-2660
-3744
-4410
-4468
-3965
-3345
-3134
-3441
-3809
-3630
-2787
-1654
-725
-199
21
201
660
1314
1864
2220
2336
2249
2069
1876
1759
1721
1598
1211
528
-271
-903
-1217
-1354
-1549
-1840
-2317
-2923
-3386
-3459
-3067
-2552
-2248
-2149
-2097
-1828
-1233
-443
213
693
1173
1427
1356
1118
1099
1426
1891
2316
2336
1776
925
291
481
1604
2931
3281
1244
-3096
-7459
-8801
-6032
-2048
-690
-3334
-7582
-9874
-9115
-6203
-3100
-1491
-1609
-2746
-3508
-2726
-481
2294
4249
4824
4392
3687
3627
4436
6005
7668
8216
7206
5183
3522
3267
4025
4670
4323
2849
881
-761
-1431
-1182
-682
-560
-1168
-2109
-2795
-3057
-2964
-2660
-1952
-729
323
605
399
436
1214
2525
3827
4481
4286
3656
3100
3088
3510
3775
3487
2612
1572
691
-89
-714
-1068
-1225
-1494
-2081
-2830
-3536
-3897
-3682
-3033
-2385
-2301
-2745
-3073
-2690
-1594
-433
189
250
141
193
500
1007
1557
1869
1822
1526
1151
854
632
455
270
-70
-569
-1069
-1427
-1630
-1753
-1886
-2079
-2245
-2234
-2130
-2089
-2099
-2089
-1859
-1325
-631
-61
227
286
263
423
934
1650
2050
1686
852
339
713
1683
2255
1836
889
404
852
1939
2754
1666
-2222
-7013
-8857
-5947
-1405
-4
-3025
-7633
-10132
-9207
-5853
-2235
-463
-1033
-2804
-3857
-2903
-292
2658
4491
4794
4226
3472
3254
4009
5707
7630
8331
7119
4747
2879
2725
3813
4776
4521
2913
715
-1075
-1605
-953
-205
-233
-1061
-2029
-2582
-2708
-2496
-2048
-1354
-412
335
537
365
427
1214
2529
3782
4278
3783
2951
2535
2820
3383
3535
3087
2135
1028
175
-362
-709
-1037
-1380
-1808
-2490
-3284
-3850
-3824
-3206
-2596
-2493
-2844
-3075
-2667
-1758
-747
-41
204
171
199
608
1218
1668
1822
1737
1529
1238
906
680
616
623
440
-71
-657
-1118
-1389
-1514
-1575
-1670
-1847
-1986
-1964
-1847
-1767
-1758
-1679
-1341
-706
6
380
296
136
384
1101
1863
2037
1410
522
268
888
1624
1547
751
92
-16
187
533
1220
1673
119
-4090
-8318
-8589
-4623
-733
-804
-4545
-8439
-9662
-7864
-4303
-1091
18
-1106
-2952
-3466
-1850
1033
3545
4526
4300
3582
3014
3139
4118
5866
7379
7347
5613
3314
2063
2423
3602
4366
3826
2088
-49
-1418
-1255
-222
490
227
-706
-1464
-1751
-1698
-1383
-785
52
810
1173
1073
839
1087
1949
3113
4020
4010
3200
2349
2096
2512
2995
2944
2266
1264
340
-283
-599
-832
-1099
-1348
-1732
-2265
-2769
-3079
-2908
-2283
-1659
-1468
-1793
-2270
-2400
-1844
-739
281
660
374
-74
-103
325
885
1268
1312
1102
732
255
-179
-354
-317
-325
-590
-1065
-1554
-1839
-1841
-1699
-1602
-1706
-1878
-1807
-1561
-1366
-1282
-1153
-805
-271
177
406
496
487
390
448
888
1330
1244
501
-253
-301
229
614
531
108
-431
-778
-555
484
1706
1409
-1803
-6385
-8466
-6082
-1729
253
-1758
-5668
-8323
-8126
-5375
-1867
181
8
-1451
-2636
-2363
-493
1866
3548
4209
4073
3431
2752
2754
3927
5813
6933
6359
4483
2530
1731
2352
3506
4033
3309
1558
-263
-1076
-672
222
708
419
-266
-810
-1055
-946
-624
-287
254
1091
1705
1558
1098
1107
1869
3094
3945
3859
3002
2058
1755
2178
2711
2727
2025
908
-37
-476
-604
-717
-834
-1080
-1599
-2191
-2611
-2640
-2244
-1754
-1526
-1737
-2153
-2246
-1766
-918
-164
96
-101
-349
-214
222
628
818
677
289
-105
-283
-225
-148
-235
-515
-946
-1408
-1753
-1835
-1642
-1391
-1321
-1547
-1855
-1876
-1570
-1199
-886
-701
-646
-696
-677
-306
381
1004
1126
725
180
-85
116
587
850
631
-113
-908
-1127
-623
8
86
-209
-247
134
478
-303
-2871
-5770
-6281
-3554
-461
-197
-2869
-5980
-7174
-5877
-2945
-136
879
-145
-1834
-2403
-1011
1368
3055
3481
3186
2834
2556
2490
2969
3995
5041
5293
4478
3073
1894
1657
2328
3131
3256
2294
674
-552
-645
114
765
803
378
-98
-358
-380
-183
27
211
663
1342
1662
1392
1040
1179
1936
2842
3216
2779
2024
1574
1604
1910
2073
1825
1146
336
-153
-356
-600
-868
-971
-994
-1200
-1686
-2259
-2463
-1981
-1187
-731
-866
-1326
-1614
-1406
-786
-96
278
170
-99
-152
-39
50
69
45
50
74
-77
-393
-606
-648
-660
-789
-1048
-1321
-1498
-1562
-1535
-1437
-1403
-1418
-1296
-1032
-716
-525
-492
-421
-161
129
163
-53
-49
302
519
122
-437
-444
-199
-149
-405
-714
-797
-565
-318
-389
-585
-540
-131
225
-400
-2323
-4345
-4483
-2460
-636
-975
-2998
-4705
-4929
-3760
-1874
-456
-114
-672
-1241
-941
175
1482
2201
2378
2488
2661
2696
2518
2639
3256
3963
4152
3577
2673
1989
1868
2195
2522
2460
1816
930
319
265
576
771
682
519
461
384
128
-215
-315
145
1033
1702
1631
1066
636
759
1519
2415
2781
2336
1486
891
839
1125
1267
1090
660
105
-478
-1067
-1436
-1397
-1089
-934
-1174
-1671
-2192
-2412
-2127
-1449
-813
-718
-1101
-1477
-1420
-865
-206
165
161
-6
-194
-336
-300
-105
112
170
42
-194
-420
-556
-547
-385
-261
-301
-456
-593
-610
-515
-384
-275
-203
-164
-67
96
262
416
524
555
481
346
273
354
533
390
-112
-501
-477
-245
-310
-666
-1008
-1049
-907
-810
-698
-630
-590
-596
-568
-547
-984
-2008
-3027
-3031
-2059
-1256
-1443
-2545
-3591
-3735
-2903
-1732
-922
-709
-1012
-1339
-1183
-392
646
1212
1170
1013
1162
1478
1709
1926
2248
2610
2692
2422
2114
1947
1916
1961
2059
2044
1752
1244
801
732
943
1085
931
500
22
-94
297
886
1206
1106
772
514
575
920
1433
1841
1970
1815
1468
1143
993
1094
1251
1259
985
467
31
-130
-93
-64
-144
-335
-565
-711
-739
-650
-556
-528
-503
-455
-447
-530
-598
-569
-387
-110
42
-10
-158
-240
-155
22
107
-25
-287
-494
-527
-410
-368
-495
-754
-1007
-1132
-1081
-936
-904
-986
-1099
-1153
-1184
-1144
-916
-626
-469
-482
-559
-717
-917
-857
-489
-184
-259
-663
-975
-1030
-865
-722
-745
-807
-839
-761
-633
-444
-336
-469
-715
-761
-399
119
368
-8
-863
-1592
-1614
-977
-265
-62
-557
-1407
-1928
-1587
-611
233
390
57
-275
-260
143
743
1239
1460
1415
1215
1104
1181
1439
1690
1823
1802
1617
1389
1211
1243
1381
1397
1203
912
794
820
814
703
631
704
821
878
794
684
710
926
1227
1397
1339
1120
915
846
924
1073
1183
1173
1057
858
648
520
458
461
468
419
233
-88
-416
-600
-547
-412
-373
-507
-742
-912
-888
-699
-495
-401
-466
-596
-643
-551
-406
-304
-338
-463
-543
-524
-445
-417
-479
-593
-729
-852
-928
-833
-612
-500
-646
-997
-1250
-1188
-904
-693
-684
-837
-1021
-1162
-1129
-847
-511
-433
-734
-1027
-979
-599
-319
-431
-794
-1065
-1002
-758
-501
-429
-558
-709
-692
-411
-188
-199
-354
-371
-121
74
97
-24
-93
-41
107
361
533
546
381
178
152
278
476
503
306
66
-123
-127
-33
184
329
207
-39
-246
-189
70
402
677
773
741
636
627
781
997
1161
1177
1123
1023
929
867
880
991
1111
1169
1103
993
927
976
1119
1241
1235
1102
949
876
930
1018
1028
941
815
731
707
755
813
790
706
590
498
422
367
348
320
272
156
-4
-150
-229
-234
-239
-262
-337
-464
-595
-677
-688
-666
-645
-658
-711
-794
-921
-1020
-1029
-944
-837
-829
-932
-1099
-1218
-1247
-1208
-1116
-1044
-1007
-1058
-1126
-1134
-1095
-1026
-991
-949
-921
-915
-868
-780
-677
-694
-787
-779
-669
-620
-721
-775
-670
-507
-478
-579
-617
-587
-523
-431
-265
-102
-108
-226
-281
-104
128
180
128
135
223
225
209
272
431
579
586
561
569
610
656
749
896
977
916
726
614
690
851
958
950
862
689
530
480
611
815
853
694
444
296
305
424
539
554
442
266
195
315
480
489
362
245
268
377
441
404
332
298
320
389
437
441
396
383
454
564
588
478
357
315
356
405
422
387
300
188
93
67
82
84
38
-35
-124
-200
-243
-253
-251
-292
-374
-463
-507
-504
-465
-415
-406
-437
-500
-556
-558
-520
-477
-449
-446
-483
-554
-627
-651
-603
-539
-541
-618
-712
-743
-689
-615
-589
-598
-583
-528
-468
-431
-410
-368
-292
-261
-302
-367
-340
-213
-102
-112
-226
-255
-141
-2
-8
-120
-173
-138
-49
7
42
81
106
76
-29
-127
-153
-84
22
115
114
-40
-215
-238
-73
93
143
137
128
103
14
-97
-150
-133
-99
-85
-72
-55
-55
-54
23
189
323
355
370
404
419
407
449
548
617
593
497
432
450
552
649
661
566
458
439
535
648
604
373
123
58
183
358
441
369
207
64
-2
-23
-56
-104
-163
-198
-214
-258
-350
-415
-333
-104
164
373
504
575
621
686
761
796
789
754
706
663
628
586
514
433
387
347
268
144
28
-39
-48
-23
-26
-63
-91
-79
-51
-21
-2
-3
-2
25
75
91
42
-50
-140
-183
-196
-199
-239
-330
-429
-486
-513
-567
-667
-781
-878
-971
-1078
-1206
-1342
-1474
-1596
-1678
-1699
-1650
-1571
-1514
-1493
-1516
-1545
-1509
-1359
-1165
-1048
-1042
-1064
-1021
-904
-747
-590
-437
-310
-245
-225
-191
-110
13
162
341
480
499
400
330
449
712
949
1012
936
844
831
931
1086
1276
1445
1492
1384
1246
1261
1429
1607
1646
1549
1366
1198
1123
1124
1148
1126
1067
974
882
818
802
848
943
1033
1031
934
818
774
782
787
770
703
578
406
236
117
85
102
92
4
-168
-348
-480
-520
-512
-518
-599
-749
-893
-978
-975
-913
-847
-843
-917
-998
-1002
-909
-761
-622
-543
-546
-604
-655
-666
-635
-633
-699
-807
-905
-979
-1029
-1012
-907
-754
-623
-535
-466
-379
-284
-247
-316
-483
-681
-842
-913
-869
-723
-527
-350
-236
-189
-148
-74
53
191
291
316
264
203
166
180
201
201
204
237
296
332
339
333
321
293
235
146
40
-74
-182
-251
-252
-198
-153
-160
-195
-174
-31
194
373
389
226
-28
-250
-348
-339
-315
-302
-227
-13
316
659
952
1215
1490
1738
1864
1830
1755
1777
1908
2016
1953
1723
1459
1329
1351
1414
1437
1368
1220
1043
900
786
674
561
440
306
121
-89
-291
-435
-521
-596
-689
-814
-938
-1043
-1109
-1126
-1100
-1070
-1080
-1112
-1154
-1203
-1252
-1267
-1229
-1166
-1134
-1163
-1233
-1296
-1298
-1217
-1105
-1029
-1011
-1015
-982
-897
-807
-751
-714
-686
-663
-651
-646
-617
-552
-461
-373
-322
-320
-329
-313
-257
-169
-99
-69
-61
-45
-39
-63
-92
-127
-162
-171
-127
-28
97
233
380
532
680
817
937
1060
1195
1326
1436
1509
1552
1565
1557
1530
1500
1468
1430
1374
1296
1205
1132
1088
1058
1000
891
746
588
444
315
189
70
-44
-166
-294
-396
-445
-447
-430
-423
-438
-484
-530
-538
-512
-474
-467
-500
-540
-540
-490
-425
-378
-351
-335
-340
-374
-416
-444
-459
-492
-574
-690
-789
-839
-842
-807
-729
-614
-489
-368
-251
-144
-52
36
128
205
233
209
149
87
46
30
19
0
-22
-49
-69
-83
-90
-92
-110
-163
-242
-333
-410
-441
-435
-432
-446
-461
-457
-397
-261
-53
179
363
469
511
522
537
577
642
712
739
692
576
451
389
392
427
440
407
349
284
226
189
200
248
272
232
139
43
-27
-44
-10
30
13
-64
-145
-190
-199
-195
-187
-172
-156
-162
-200
-251
-278
-263
-225
-192
-184
-191
-196
-188
-158
-116
-70
-33
-1
11
7
22
76
161
245
298
308
297
293
317
359
400
428
450
461
457
438
408
392
394
396
382
343
297
259
237
227
222
210
177
114
36
-14
-16
19
43
33
-13
-92
-178
-239
-263
-268
-281
-317
-365
-408
-435
-445
-452
-456
-452
-456
-472
-493
-524
-562
-587
-593
-588
-589
-617
-650
-668
-657
-609
-554
-525
-535
-569
-592
-557
-463
-349
-260
-204
-161
-113
-50
24
108
183
222
224
190
150
121
118
147
206
279
330
336
309
280
279
296
317
323
312
289
275
303
365
432
473
483
470
433
374
312
272
256
240
184
82
-33
-126
-171
-170
-153
-136
-121
-112
-111
-102
-77
-34
26
111
196
258
302
348
408
452
463
461
469
489
497
484
451
401
345
293
251
209
162
121
92
79
72
66
51
38
31
36
44
37
21
12
1
-5
-7
-14
-27
-39
-49
-45
-33
-24
-21
-26
-42
-76
-118
-158
-201
-265
-339
-414
-487
-550
-596
-625
-641
-665
-690
-706
-709
-698
-680
-664
-644
-625
-618
-614
-603
-580
-543
-505
-471
-444
-424
-401
-373
-344
-313
-271
-223
-166
-116
-86
-70
-53
-25
22
68
114
175
249
316
370
421
475
531
583
631
674
700
706
714
736
763
782
787
779
745
700
666
650
633
594
544
491
437
380
324
280
246
218
188
152
109
64
12
-33
-61
-74
-79
-92
-108
-115
-120
-125
-137
-149
-153
-151
-146
-134
-112
-70
-30
-6
-7
-22
-33
-23
6
39
66
86
102
104
92
82
84
89
92
87
66
37
-2
-45
-77
-98
-114
-132
-162
-196
-227
-253
-279
-316
-367
-417
-451
-470
-492
-514
-535
-562
-593
-612
-615
-603
-589
-582
-569
-557
-540
-513
-477
-434
-395
-363
-334
-307
-273
-227
-183
-143
-104
-69
-28
16
56
93
130
172
220
262
296
325
353
379
394
400
403
411
431
457
474
471
457
429
397
379
368
362
347
334
325
311
295
277
262
248
222
190
169
156
147
131
99
64
32
0
-22
-28
-23
-13
-15
-28
-49
-72
-89
-85
-63
-37
-15
-8
-7
3
29
54
71
80
89
105
121
143
165
176
175
160
146
139
141
137
124
100
69
41
14
-14
-31
-36
-52
-82
-122
-155
-174
-181
-178
-174
-183
-205
-233
-256
-267
-263
-241
-205
-173
-155
-149
-152
-163
-177
-190
-196
-187
-160
-140
-139
-153
-169
-180
-189
-193
-195
-184
-164
-149
-137
-129
-109
-75
-34
2
25
26
19
13
6
1
-2
-3
-16
-45
-68
-82
-85
-77
-63
-40
-17
0
8
17
31
60
94
123
145
152
155
155
158
169
184
197
192
178
161
145
130
101
63
17
-24
-58
-78
-89
-106
-119
-132
-135
-140
-139
-129
-116
-112
-122
-133
-140
-122
-81
-29
23
68
105
138
174
206
235
270
318
381
440
481
502
506
502
496
486
466
450
447
453
452
443
425
396
368
345
326
304
279
233
157
67
-15
-83
-143
-202
-259
-315
-371
-421
-455
-473
-487
-503
-525
-545
-557
-557
-552
-552
-559
-578
-599
-622
-647
-672
-710
-762
-825
-885
-934
-962
-971
-969
-942
-885
-795
-671
-513
-336
-156
11
162
296
415
519
609
686
744
793
836
877
912
937
957
966
967
967
963
952
932
904
868
822
772
719
671
617
561
496
422
344
268
201
145
93
39
-17
-72
-122
-168
-208
-245
-279
-313
-340
-353
-353
-342
-336
-334
-338
-342
-349
-362
-381
-401
-422
-443
-460
-466
-453
-423
-367
-304
-243
-200
-188
-195
-222
-258
-291
-318
-340
-358
-376
-393
-393
-367
-320
-265
-212
-170
-136
-109
-84
-60
-41
-18
-2
4
1
1
12
29
38
32
19
7
9
27
56
90
119
134
129
116
110
116
134
158
184
204
219
233
259
291
319
339
342
339
341
350
362
380
407
432
456
475
495
520
551
576
588
593
591
579
561
544
534
527
524
518
514
503
486
467
435
390
326
249
175
103
27
-46
-118
-185
-253
-325
-395
-461
-517
-566
-609
-640
-665
-682
-693
-706
-728
-759
-791
-817
-834
-842
-844
-850
-863
-869
-868
-858
-839
-815
-785
-754
-725
-693
-658
-615
-572
-538
-511
-488
-456
-410
-348
-269
-194
-130
-80
-36
12
65
119
175
230
284
330
369
410
456
502
535
559
579
605
632
651
653
639
627
625
627
631
630
618
600
580
568
567
569
572
569
558
543
526
508
486
465
446
431
419
405
384
360
331
294
251
210
169
126
79
25
-37
-96
-144
-180
-203
-220
-243
-276
-317
-357
-388
-408
-425
-430
-424
-410
-399
-390
-380
-373
-360
-341
-315
-285
-251
-214
-178
-146
-123
-107
-87
-57
-21
4
20
33
46
58
59
48
31
21
32
54
79
92
86
68
49
31
17
9
2
-8
-27
-44
-60
-75
-88
-111
-137
-163
-182
-192
-196
-200
-209
-215
-218
-224
-231
-234
-232
-225
-218
-215
-210
-200
-191
-185
-181
-181
-179
-172
-162
-153
-145
-137
-122
-104
-86
-74
-58
-38
-9
23
47
62
70
76
84
89
93
97
112
137
165
187
203
212
215
214
216
229
249
273
289
296
296
290
284
275
270
274
289
303
311
317
315
304
288
270
258
254
250
243
230
217
205
184
161
140
124
115
107
87
60
28
-6
-40
-64
-71
-68
-67
-75
-96
-124
-158
-188
-212
-228
-235
-239
-245
-252
-264
-273
-285
-301
-314
-327
-334
-336
-331
-327
-328
-328
-330
-331
-328
-321
-304
-289
-275
-262
-250
-236
-219
-194
-163
-137
-108
-80
-49
-7
38
76
98
110
124
143
170
202
231
260
281
294
307
316
324
332
339
335
323
312
307
304
296
282
262
240
225
213
202
188
171
154
134
116
96
71
47
20
3
-8
-12
-14
-27
-50
-77
-100
-119
-134
-144
-155
-164
-168
-175
-182
-185
-188
-193
-198
-202
-198
-187
-174
-163
-159
-159
-158
-148
-132
-112
-87
-67
-42
-19
2
23
38
47
48
46
48
54
65
74
83
93
98
95
91
90
91
95
87
74
62
44
29
17
9
0
-14
-31
-43
-49
-58
-70
-79
-89
-97
-104
-113
-117
-115
-108
-98
-93
-81
-69
-60
-58
-62
-62
-59
-46
-30
-17
-8
-9
-16
-22
-27
-23
-11
2
13
26
44
60
72
86
97
113
128
133
133
127
115
104
97
96
102
106
113
118
124
133
135
132
126
120
120
124
124
117
98
75
57
50
53
60
64
65
57
51
52
53
51
41
27
16
14
18
20
17
4
-17
-42
-68
-78
-77
-74
-77
-91
-113
-135
-143
-139
-133
-124
-120
-119
-121
-126
-127
-126
-122
-118
-115
-114
-120
-140
-167
-190
-199
-196
-188
-177
-170
-170
-172
-177
-175
-163
-147
-128
-109
-85
-66
-50
-46
-50
-55
-54
-44
-26
-6
12
27
38
45
44
47
61
80
101
113
115
112
111
116
120
125
130
125
122
124
131
148
163
169
163
149
135
132
136
148
165
173
175
174
168
159
147
139
133
132
137
138
130
114
96
87
87
90
89
76
61
47
34
28
29
32
36
36
29
23
14
9
-2
-17
-30
-38
-37
-33
-29
-29
-37
-46
-54
-57
-51
-42
-39
-39
-42
-53
-66
-80
-94
-103
-102
-95
-83
-80
-93
-116
-133
-138
-134
-125
-118
-121
-134
-145
-156
-162
-164
-165
-155
-139
-126
-121
-128
-140
-148
-150
-142
-122
-101
-92
-87
-88
-96
-105
-112
-120
-121
-116
-104
-84
-61
-39
-21
-12
-11
-11
-2
7
16
30
39
43
45
42
46
59
76
88
94
100
101
101
97
95
94
97
100
98
95
94
92
92
94
99
110
127
144
157
163
159
145
126
116
117
120
132
134
126
114
95
83
76
73
68
57
48
37
33
38
46
47
39
20
3
-5
-4
5
14
15
10
-3
-13
-22
-33
-37
-41
-45
-49
-54
-58
-66
-69
-66
-51
-29
-16
-15
-27
-43
-49
-43
-34
-36
-45
-49
-48
-41
-34
-37
-46
-57
-64
-64
-51
-34
-20
-14
-17
-24
-31
-34
-31
-19
-5
2
-1
-12
-20
-23
-24
-27
-28
-24
-16
-6
0
2
6
11
13
15
12
2
-5
-13
-24
-33
-43
-46
-42
-31
-15
3
9
4
-3
-12
-18
-16
-14
-6
5
13
22
20
6
-6
-15
-16
-5
8
14
6
-9
-23
-36
-45
-41
-28
-18
-10
-6
-12
-22
-30
-28
-14
5
22
31
25
14
7
5
9
19
24
24
21
21
27
34
40
37
23
11
9
12
19
26
26
19
10
6
14
27
47
67
77
74
67
56
47
44
43
46
46
39
35
33
35
43
47
40
23
5
-1
1
11
20
18
11
1
-10
-16
-20
-24
-25
-23
-20
-16
-16
-12
-5
4
7
-2
-15
-32
-46
-50
-45
-31
-18
-17
-18
-24
-35
-49
-59
-60
-50
-33
-24
-23
-29
-38
-46
-45
-37
-30
-25
-21
-13
-10
-11
-13
-13
-11
-10
-11
-10
-10
-9
-14
-29
-43
-52
-50
-41
-33
-30
-31
-37
-46
-49
-45
-35
-21
-9
2
9
9
2
-5
-12
-11
1
14
24
32
37
44
47
48
45
39
29
18
13
14
19
21
25
33
43
52
52
47
42
43
44
44
36
28
28
38
49
52
46
34
29
27
32
39
46
52
53
45
36
33
31
29
25
22
19
19
19
17
14
8
1
0
-2
-4
-2
2
6
-1
-12
-18
-23
-22
-16
-5
2
1
-7
-21
-33
-37
-33
-27
-23
-29
-44
-55
-63
-66
-66
-62
-54
-49
-48
-56
-63
-70
-71
-67
-60
-49
-44
-45
-54
-64
-67
-62
-51
-41
-38
-34
-31
-25
-16
-4
9
10
4
-5
-13
-21
-23
-17
-8
1
2
-2
-9
-16
-17
-12
4
24
38
50
57
59
57
58
54
46
42
41
40
43
51
57
59
53
48
45
42
38
45
53
58
60
53
41
26
14
18
34
50
62
61
52
46
42
42
41
41
35
23
14
12
19
24
27
22
5
-12
-18
-11
2
8
6
-4
-16
-29
-35
-35
-33
-33
-37
-37
-29
-20
-11
-15
-28
-41
-51
-51
-45
-38
-35
-46
-58
-67
-71
-66
-58
-46
-39
-41
-46
-47
-42
-36
-31
-24
-21
-28
-38
-43
-38
-32
-27
-22
-20
-17
-25
-32
-37
-42
-39
-28
-9
11
23
25
20
16
18
23
32
35
31
25
19
19
23
30
37
44
42
35
30
27
27
29
32
36
41
47
50
50
46
39
36
38
46
58
63
59
51
43
35
31
34
31
21
5
-10
-17
-15
-12
-11
-12
-16
-15
-10
-6
-2
-7
-20
-34
-40
-38
-29
-19
-10
-7
-9
-20
-37
-52
-58
-55
-43
-35
-30
-26
-22
-16
-12
-12
-18
-21
-14
-2
16
28
27
18
3
-5
-3
6
13
17
16
9
-3
-16
-24
-22
-11
2
10
9
-1
-4
0
9
17
22
24
22
20
21
22
25
17
4
-7
-14
-6
10
28
48
57
48
27
3
-14
-18
-8
6
15
16
5
-7
-15
-20
-22
-28
-29
-19
-5
11
16
9
-6
-28
-43
-46
-36
-16
-3
4
5
-3
-12
-20
-26
-30
-32
-33
-43
-51
-53
-41
-20
-2
9
6
-3
-12
-16
-11
-2
11
21
22
12
-7
-24
-30
-25
-12
-2
7
16
26
34
36
30
22
17
15
20
21
14
1
-7
-6
-1
7
15
24
32
42
45
42
37
31
27
29
36
40
36
31
23
17
12
11
12
15
21
26
26
23
18
13
10
4
0
-3
-2
2
5
4
-3
-14
-27
-34
-33
-26
-17
-12
-13
-17
-22
-24
-28
-37
-41
-37
-28
-18
-12
-10
-8
-15
-28
-35
-34
-25
-10
-1
2
-3
-19
-30
-35
-35
-24
-17
-14
-14
-14
-16
-19
-23
-19
-12
-8
-2
-4
-13
-23
-27
-24
-18
-9
-1
6
7
6
9
7
4
1
1
3
2
-1
2
1
2
5
7
14
22
29
33
32
32
33
33
28
22
17
17
19
23
26
26
23
16
14
17
22
26
29
33
33
31
28
24
20
15
11
8
12
18
23
24
18
13
10
8
10
11
9
5
-1
-1
1
4
3
-2
-8
-13
-22
-29
-29
-22
-11
-6
-8
-16
-25
-34
-42
-49
-45
-36
-23
-13
-12
-21
-33
-44
-48
-43
-35
-29
-27
-22
-19
-18
-22
-28
-30
-30
-26
-17
-5
4
7
4
-1
-11
-21
-24
-18
-3
14
25
23
16
6
-4
-8
-7
0
8
14
17
21
25
26
22
14
7
4
9
19
27
27
20
8
-5
-9
-4
11
27
36
36
28
19
17
19
28
36
42
47
49
48
43
36
28
21
13
10
12
16
22
26
27
20
10
1
-4
-8
-6
-3
1
3
4
2
-2
-7
-15
-20
-23
-25
-25
-30
-34
-35
-37
-35
-33
-26
-19
-15
-18
-19
-18
-19
-20
-18
-14
-9
-9
-12
-15
-20
-25
-29
-28
-23
-15
-13
-16
-24
-35
-36
-29
-21
-12
-13
-22
-31
-34
-29
-19
-12
-9
-6
-5
-5
-3
-2
-2
-4
-7
-4
0
9
20
26
28
25
22
21
23
26
29
31
32
32
33
32
29
27
27
26
25
28
31
34
37
43
52
56
51
42
29
22
21
23
24
16
6
0
-1
0
6
7
4
-1
-6
-9
-13
-16
-19
-23
-25
-22
-16
-12
-7
-5
-11
-16
-19
-21
-18
-16
-12
-13
-17
-24
-30
-27
-21
-12
-6
-7
-8
-10
-14
-21
-29
-31
-23
-8
9
17
11
-6
-25
-35
-35
-31
-26
-24
-22
-14
-1
7
13
14
14
7
3
3
6
10
16
19
15
8
-1
-3
0
0
-1
-4
-3
4
11
13
6
-5
-13
-17
-14
-6
1
6
8
9
8
7
5
3
4
10
15
19
17
12
7
5
2
-6
-16
-19
-15
-6
8
20
21
13
5
2
5
10
7
3
0
1
4
6
4
-1
-4
-4
4
17
24
25
17
5
-3
-9
-4
5
14
23
24
15
7
-2
-5
-4
0
10
15
18
18
9
-2
-4
-3
-5
-6
-8
-10
-4
4
9
11
7
2
0
-1
-7
-9
-11
-15
-19
-22
-16
-3
1
-2
-10
-17
-20
-17
-12
-9
-13
-19
-26
-29
-28
-21
-18
-15
-10
-6
-8
-7
-7
-8
-8
-11
-14
-14
-8
0
6
4
0
-5
-9
-17
-24
-23
-21
-13
-2
7
7
3
-4
-5
4
16
25
29
24
15
7
2
-1
2
9
18
25
21
12
5
1
2
9
20
26
26
23
22
21
18
12
4
2
5
6
6
3
2
4
7
11
17
18
12
5
-2
-7
-8
-6
1
10
16
18
17
17
15
8
5
0
-5
-9
-12
-11
-10
-9
-6
-3
-4
-8
-10
-13
-16
-16
-17
-13
-9
-11
-19
-22
-25
-25
-19
-10
-5
-1
-3
-4
-5
-9
-9
-5
-2
1
-4
-9
-10
-8
-8
-8
-5
5
19
30
31
23
10
-5
-15
-20
-17
-8
2
10
13
8
-3
-13
-12
-1
12
21
24
25
21
15
10
4
5
5
3
2
-1
0
5
11
12
4
-6
-13
-16
-8
2
7
6
1
-7
-15
-17
-11
-5
-2
-5
-8
-10
-7
-2
-1
-3
-9
-15
-15
-12
-6
-2
2
6
7
6
3
0
-6
-14
-20
-20
-12
0
16
23
19
8
-6
-15
-18
-17
-6
8
18
18
9
-2
-10
-12
-7
4
17
26
32
34
34
28
18
5
-4
-8
-8
-6
-7
-5
-5
-5
-6
-3
1
1
-3
-8
-12
-12
-7
-1
4
7
13
18
21
22
16
6
-7
-18
-22
-20
-14
-9
-7
-10
-11
-12
-10
-5
0
-1
-4
-4
-3
-3
-1
3
8
14
16
15
9
5
5
10
11
10
8
4
7
14
17
16
9
1
-6
-11
-15
-14
-12
-9
-6
-7
-7
-9
-12
-15
-19
-22
-24
-24
-16
-9
-2
4
8
8
9
7
-1
-14
-25
-32
-27
-14
2
14
14
8
-3
-9
-11
-8
-2
5
9
11
6
-6
-11
-11
-7
0
5
11
16
22
21
19
13
5
2
8
13
21
27
24
19
10
-4
-16
-23
-23
-15
-6
8
19
25
22
12
2
-7
-8
-4
-1
2
8
12
14
19
20
18
13
8
3
-2
-6
-6
-3
2
7
14
21
22
21
15
7
0
-5
-6
-3
1
5
7
4
0
-5
-10
-18
-28
-33
-35
-28
-14
-2
3
0
-9
-15
-17
-13
-12
-13
-16
-21
-24
-21
-18
-11
-5
-5
-6
-13
-24
-30
-28
-23
-14
-9
-5
2
7
9
5
-2
-9
-12
-9
0
7
9
9
5
3
3
6
12
15
15
11
4
-4
-5
-4
2
10
14
14
14
15
16
19
19
16
12
7
8
11
14
12
9
4
-1
4
10
17
21
27
28
21
17
13
8
5
5
6
5
8
11
14
18
19
19
17
13
9
6
5
4
-2
-11
-24
-34
-37
-30
-22
-13
-7
-4
-8
-17
-28
-37
-39
-37
-30
-25
-15
-3
3
7
9
7
10
10
8
2
-9
-16
-18
-13
-6
-4
-2
-7
-11
-15
-19
-18
-12
-4
1
1
-2
-12
-22
-23
-19
-13
-4
2
0
-4
-8
-8
-1
7
14
21
25
25
24
22
19
16
11
5
1
-2
1
4
12
23
31
36
34
25
14
2
-7
-7
-4
-2
-2
-2
-2
-2
-4
-5
-3
-1
2
10
14
14
12
6
1
0
2
4
0
-5
-10
-13
-9
-3
-3
-9
-17
-22
-19
-9
1
12
18
17
14
5
-1
-5
-5
2
7
11
11
8
10
11
8
2
-3
-7
-2
3
8
10
5
0
-3
-4
-4
-4
-7
-10
-15
-19
-17
-11
-7
-2
-3
-6
-8
-9
-9
-8
-6
-1
0
-3
-7
-10
-16
-18
-17
-15
-6
4
9
11
8
1
-6
-12
-15
-16
-16
-12
-8
-5
-5
-5
-2
3
6
9
7
2
-1
-1
2
8
7
1
-3
-5
-6
-4
-1
2
3
2
1
1
1
4
7
8
7
6
6
7
10
15
17
19
21
19
19
17
13
7
1
-5
-5
0
9
20
25
26
21
16
12
9
8
11
12
13
12
13
11
10
7
2
-2
-6
-12
-15
-18
-18
-17
-15
-9
-3
-3
-3
-7
-13
-13
-11
-9
-9
-9
-12
-14
-11
-9
-8
-6
-5
-5
-7
-10
-13
-12
-11
-11
-10
-9
-8
-5
-5
-6
-11
-19
-23
-20
-15
-9
-3
-2
-1
-4
-7
-5
-5
-3
-5
-10
-17
-22
-23
-17
-4
7
12
15
12
7
3
1
3
4
5
4
4
5
9
14
18
18
17
13
10
10
14
21
27
30
28
24
22
19
21
24
23
26
27
26
27
27
26
24
17
10
-1
-12
-20
-22
-19
-11
-1
2
1
-6
-13
-17
-18
-16
-14
-12
-10
-8
-6
-6
-7
-11
-14
-15
-11
-7
-1
-2
-12
-24
-35
-34
-28
-16
-6
0
-3
-9
-15
-16
-12
-7
-5
-7
-6
-3
1
6
9
8
6
5
6
4
0
-2
-2
1
6
