-8
-6
-6
0
4
3
3
3
3
4
8
9
7
3
-4
-9
-11
-12
-9
-6
1
6
8
10
10
9
6
5
5
3
3
3
0
0
-3
-4
-4
-3
-1
0
0
1
3
5
8
11
11
8
6
2
-3
-7
-11
-13
-12
-10
-6
-4
-4
-6
-8
-10
-9
-8
-7
-5
-5
-5
-6
-10
-10
-8
-4
-1
3
7
6
4
1
1
2
5
8
10
11
9
8
5
6
7
11
15
18
18
17
13
9
5
3
1
0
3
6
7
8
10
8
6
4
0
-1
-1
-1
-1
-4
-6
-11
-16
-19
-19
-20
-21
-20
-19
-18
-17
-15
-15
-13
-13
-11
-8
-6
-4
-4
-3
-2
-2
-3
-2
2
6
10
14
16
17
18
17
16
16
16
16
19
23
25
27
25
23
20
16
13
12
11
11
8
4
-2
-4
-6
-7
-6
-4
-3
-4
-5
-5
-9
-13
-21
-32
-43
-49
-51
-55
-57
-58
-55
-51
-44
-38
-31
-26
-23
-21
-19
-15
-10
-2
5
11
15
15
13
13
18
28
34
39
41
44
45
46
47
45
44
42
42
42
44
49
50
50
47
44
43
45
46
46
40
31
24
18
12
7
1
-5
-12
-15
-17
-19
-19
-23
-31
-41
-49
-51
-49
-48
-48
-51
-51
-50
-47
-40
-34
-31
-28
-26
-26
-26
-23
-18
-14
-12
-10
-9
-6
-5
-1
1
1
1
2
4
7
9
11
10
10
9
9
10
13
15
15
15
14
13
13
12
11
10
10
9
7
5
5
4
4
4
3
1
-1
0
-1
0
-2
-3
-4
-4
-4
-4
-4
-4
-3
-3
-2
-2
-1
0
0
-1
0
0
0
0
-1
0
0
0
-1
-1
-1
-2
-1
-2
-2
-3
-2
-3
-3
-3
-3
-3
-3
-3
-3
-3
-3
-4
-4
-5
-3
-5
-5
-5
-4
-3
-2
-2
-1
-1
0
1
1
2
2
2
3
2
4
4
6
6
5
5
5
5
6
5
5
3
3
3
3
3
2
3
1
2
1
0
1
0
1
1
1
0
0
0
1
0
0
0
0
0
0
0
-1
0
0
0
-1
0
-1
-1
-1
0
1
0
-1
0
-1
-1
0
0
1
0
0
0
1
1
0
0
0
1
-1
0
-1
-1
-1
-1
0
-1
-1
-1
0
-1
0
0
-1
0
0
-1
-1
1
0
0
1
1
0
0
1
1
1
1
0
1
1
1
1
1
0
0
1
1
0
1
1
1
1
1
0
1
0
0
0
0
0
0
1
0
0
0
0
0
0
0
-1
1
0
0
0
0
-1
-1
0
-1
-1
0
0
0
0
-1
0
0
0
0
-1
0
1
0
0
0
0
-1
0
0
1
0
0
0
0
0
0
0
0
0
0
0
0
0
0
0
-1
0
0
0
0
0
0
0
0
0
1
0
0
1
0
1
0
0
0
0
-1
-1
-1
-1
-1
-2
-1
-1
-1
-2
-2
-2
-1
-2
-1
-1
-2
-3
-2
0
0
0
-2
-3
-2
-1
0
0
-1
-1
-1
-2
-2
-2
-2
-1
-1
0
-2
-1
-1
-1
-1
0
-1
0
0
0
0
0
1
1
0
0
0
0
1
1
0
0
1
2
3
2
3
1
-1
-1
-1
-1
-1
-3
-4
-4
-5
-5
-4
-5
-6
-7
-8
-8
-9
-9
-9
-9
-10
-13
-17
-21
-23
-21
-18
-16
-17
-21
-21
-16
-6
6
10
3
-2
1
7
13
14
11
4
-4
-8
-5
0
1
-5
-12
-17
-16
-12
-8
-6
-7
-9
-10
-6
0
6
7
7
8
11
14
15
14
17
18
21
25
28
27
23
17
17
23
35
40
33
14
2
5
17
22
15
4
-3
-3
-4
-7
-13
-16
-18
-22
-24
-24
-22
-24
-30
-30
-23
-16
-12
-10
-5
-2
-1
-3
-2
2
7
9
9
4
-9
-21
-27
-22
-17
-19
-26
-35
-43
-45
-30
2
28
30
15
10
23
49
75
87
87
77
69
69
79
96
102
101
104
115
123
117
119
148
198
243
259
238
197
176
191
224
236
184
64
-57
-88
-28
24
-1
-73
-125
-136
-103
-32
42
65
35
-9
-9
49
126
171
157
109
71
57
72
103
117
77
-11
-76
-83
-62
-75
-123
-165
-190
-199
-208
-233
-277
-333
-370
-372
-318
-248
-239
-350
-537
-638
-521
-222
13
-39
-296
-476
-406
-184
-12
23
-27
-85
-129
-167
-166
-110
-31
7
-3
-33
-70
-113
-142
-109
-20
52
35
-57
-126
-115
-39
47
112
133
92
25
1
70
212
335
349
242
119
115
245
401
483
457
359
260
253
347
466
519
487
406
323
283
288
308
305
289
277
242
158
67
45
111
207
258
223
130
46
35
91
151
156
107
46
-4
-25
-34
-38
-45
-45
-20
-16
-222
-753
-1304
-1270
-510
244
130
-796
-1638
-1697
-1069
-282
238
279
-167
-794
-1059
-653
121
611
516
110
-167
-180
-88
-1
100
226
289
201
-19
-280
-442
-383
-101
207
285
57
-300
-489
-349
27
376
470
295
36
-84
19
253
464
540
485
356
238
172
134
99
113
231
368
356
144
-103
-171
-7
266
447
402
181
-24
-58
80
285
448
479
384
254
156
89
80
202
427
580
501
222
-45
-93
117
434
628
565
294
19
-70
57
268
392
354
181
-40
-217
-291
-232
-76
58
43
-127
-341
-462
-430
-268
-69
26
-43
-287
-703
-1234
-1579
-1320
-529
75
-198
-1192
-2014
-1964
-1104
-139
310
112
-434
-886
-932
-455
291
812
785
325
-107
-210
3
311
508
545
431
227
-36
-276
-345
-194
93
272
194
-90
-368
-417
-181
207
511
560
358
89
-5
179
527
786
774
485
82
-135
73
577
889
674
159
-161
-87
179
325
287
219
230
246
154
45
82
269
470
572
546
395
231
225
415
637
684
513
266
161
278
466
517
379
178
82
160
319
388
267
34
-144
-175
-106
-55
-56
-83
-157
-289
-371
-291
-122
-45
-47
0
72
-50
-554
-1325
-1934
-1886
-1158
-376
-355
-1261
-2417
-2895
-2293
-1042
4
201
-393
-1158
-1418
-907
67
878
1066
679
174
-35
136
472
718
774
672
491
248
-45
-294
-347
-140
169
306
124
-268
-575
-542
-153
336
606
529
246
37
93
398
755
961
944
786
633
555
468
292
174
360
734
815
343
-321
-583
-267
323
728
690
287
-191
-433
-299
132
579
725
534
240
62
38
128
345
625
797
695
345
14
-54
171
499
687
611
302
-35
-158
25
339
503
416
203
50
-6
-59
-122
-101
68
228
132
-205
-532
-608
-487
-326
-211
-195
-325
-607
-812
-699
-324
-142
-662
-1782
-2713
-2527
-1269
-149
-335
-1735
-2989
-2984
-1778
-375
285
67
-599
-1084
-994
-282
680
1252
1119
556
187
331
720
919
776
558
518
577
471
96
-289
-371
-92
273
375
143
-233
-435
-265
185
619
742
564
351
356
591
857
992
920
638
293
198
525
944
931
435
-76
-188
67
403
569
480
257
86
78
226
431
570
567
514
530
603
639
628
634
674
702
663
560
504
547
591
524
390
320
317
316
304
294
239
116
-14
-68
-31
17
-5
-68
-64
-35
-171
-400
-416
-183
-63
-257
-567
-759
-772
-664
-459
-312
-419
-760
-1197
-1672
-2296
-2819
-2662
-1778
-1025
-1368
-2591
-3500
-3272
-2190
-1118
-550
-450
-632
-922
-1027
-601
290
1131
1428
1162
743
554
679
931
1112
1127
1020
858
591
224
-74
-104
119
333
307
39
-252
-344
-199
104
428
632
624
454
339
479
839
1167
1213
945
580
419
534
722
787
743
682
520
218
-52
-44
266
615
749
608
356
190
206
415
714
941
947
756
553
494
614
803
927
902
743
535
358
284
324
425
474
400
232
86
59
136
227
239
145
-3
-101
-59
79
125
-36
-226
-186
69
205
11
-307
-432
-340
-250
-316
-525
-820
-1128
-1284
-1133
-783
-610
-780
-1085
-1487
-2404
-3867
-4828
-4039
-1837
-194
-727
-2954
-4840
-4877
-3131
-770
973
1344
318
-1218
-1913
-1012
971
2648
2993
2077
823
182
427
1139
1665
1699
1373
911
364
-230
-633
-544
-23
501
617
273
-250
-591
-485
99
888
1421
1399
982
646
739
1210
1735
2027
1994
1690
1243
892
881
1180
1407
1205
700
278
56
-100
-146
92
471
550
181
-298
-384
44
611
926
872
629
391
320
518
869
1122
1039
679
346
246
289
222
43
-46
51
171
43
-305
-574
-522
-263
-79
-107
-295
-430
-379
-206
-123
-211
-263
-145
26
-1
-274
-490
-377
-12
221
114
-259
-781
-1176
-1122
-671
-367
-591
-1095
-1382
-1250
-960
-795
-757
-804
-1094
-1864
-2981
-3942
-4227
-3432
-1841
-625
-1047
-3049
-4837
-4719
-2604
22
1477
1253
-104
-1401
-1574
-290
1824
3353
3375
2149
829
449
1038
1971
2501
2319
1643
865
331
63
9
176
496
775
714
291
-213
-384
-27
655
1301
1542
1321
901
680
937
1540
2074
2086
1543
984
981
1465
1689
1250
597
344
537
708
579
217
-122
-176
81
430
564
377
41
-124
83
470
681
596
404
346
416
452
343
174
123
200
257
166
-33
-179
-186
-50
89
68
-152
-449
-591
-479
-233
-121
-302
-588
-731
-676
-558
-486
-378
-207
-51
-105
-457
-901
-1061
-621
213
748
428
-532
-1337
-1344
-673
-72
-216
-1022
-1733
-1712
-988
-273
-137
-655
-1530
-2359
-2870
-3040
-3243
-3526
-3353
-2468
-1574
-1864
-3264
-4356
-3909
-1999
19
1047
856
-44
-769
-649
624
2410
3524
3325
2156
1173
1093
1804
2637
2875
2381
1476
751
467
448
493
502
537
531
380
134
-59
-1
322
812
1236
1375
1242
1023
1052
1396
1782
1825
1445
1166
1394
1902
1982
1320
476
162
528
1014
1059
635
41
-363
-356
49
505
561
141
-382
-550
-283
138
406
436
339
210
113
102
170
243
212
107
-12
-100
-134
-110
1
87
12
-234
-481
-505
-364
-216
-255
-484
-684
-762
-689
-591
-520
-499
-599
-751
-875
-830
-630
-320
80
250
-77
-731
-1041
-603
172
565
217
-486
-1062
-1314
-1177
-753
-313
-238
-607
-993
-1037
-857
-958
-1591
-2550
-3572
-4262
-4084
-2843
-1286
-872
-2165
-4016
-4705
-3432
-1054
936
1545
790
-363
-868
-95
1619
3185
3755
3186
2183
1540
1623
2261
2849
2934
2429
1674
1062
666
460
400
519
704
719
444
-39
-394
-375
49
663
1106
1166
861
501
426
812
1429
1715
1497
1134
1078
1311
1436
1262
942
780
838
839
603
218
-44
-30
163
356
292
-75
-484
-636
-424
-92
78
-8
-220
-314
-245
-66
110
162
125
31
-37
-30
35
134
216
269
200
24
-148
-237
-207
-158
-166
-323
-521
-575
-521
-455
-543
-786
-1017
-983
-582
-176
-177
-661
-1108
-944
-210
491
515
-96
-699
-683
-48
629
735
31
-990
-1379
-661
583
1169
534
-659
-1302
-1105
-759
-1019
-2306
-4478
-6326
-6080
-3342
-338
-14
-2854
-6168
-6845
-4268
-317
2411
2601
908
-964
-1361
254
2907
4833
4982
3780
2407
1833
2160
2852
3299
3126
2429
1529
656
-90
-504
-424
-11
326
138
-585
-1305
-1490
-982
-80
729
1084
947
599
469
946
1877
2662
2752
2165
1557
1539
2007
2292
2047
1440
734
143
-152
-113
18
-57
-460
-970
-1243
-1196
-976
-792
-678
-586
-541
-515
-359
32
448
643
601
452
360
337
332
324
358
380
278
43
-215
-362
-389
-394
-419
-471
-588
-707
-758
-710
-626
-625
-710
-778
-734
-611
-424
-243
-152
-142
-179
-224
-253
-221
-97
158
404
275
-306
-839
-633
253
928
699
-163
-836
-906
-524
-113
83
166
173
5
-305
-445
-200
50
-504
-2260
-4469
-5488
-4114
-1309
298
-975
-4043
-6178
-5659
-2920
22
1410
840
-750
-1782
-1287
648
2865
4033
3761
2715
1953
1958
2580
3301
3631
3466
2891
2094
1250
574
356
587
899
823
199
-685
-1349
-1385
-828
-78
404
357
-30
-352
-217
442
1282
1868
1949
1602
1208
1281
1805
2071
1705
1155
974
1044
923
506
36
-208
-279
-305
-372
-490
-686
-994
-1212
-1119
-794
-640
-770
-891
-807
-551
-272
-17
176
243
172
94
185
439
689
776
698
541
306
-15
-241
-224
-100
-117
-324
-579
-751
-833
-852
-831
-830
-954
-1143
-1122
-735
-254
-90
-322
-580
-509
-202
25
16
10
275
706
895
566
-13
-370
-139
474
723
150
-736
-939
-304
467
615
177
-214
-457
-1252
-3245
-5593
-6158
-3849
-452
806
-1415
-5265
-7471
-6203
-2434
1163
2495
1280
-1026
-2409
-1614
1095
4007
5277
4416
2601
1449
1725
2960
4029
4267
3711
2713
1607
701
299
470
920
1118
714
-243
-1292
-1808
-1496
-601
277
610
286
-297
-541
-118
832
1788
2243
1993
1289
792
1069
1935
2597
2507
1843
1085
505
218
264
530
688
411
-311
-1077
-1356
-1056
-599
-427
-613
-969
-1261
-1249
-879
-395
-154
-226
-404
-443
-256
13
235
386
496
499
356
194
138
154
113
25
-74
-217
-434
-611
-612
-514
-512
-728
-1020
-1140
-1025
-795
-634
-618
-725
-854
-768
-414
-143
-260
-500
-393
59
523
669
392
-89
-268
49
432
480
189
-243
-492
-271
195
473
415
210
82
27
-388
-1960
-4660
-6725
-5976
-2578
402
104
-3334
-6975
-7789
-5217
-1183
1735
2146
391
-1755
-2321
-549
2534
4869
5234
4077
2679
2092
2577
3620
4445
4623
4065
2940
1634
587
184
503
1081
1233
583
-681
-1837
-2156
-1509
-410
424
500
-46
-570
-546
157
1216
2056
2263
1872
1347
1225
1717
2497
3019
2875
2068
1130
612
609
866
1004
715
15
-776
-1290
-1306
-963
-690
-781
-1159
-1529
-1647
-1458
-1067
-643
-368
-317
-383
-388
-259
28
410
731
874
774
514
289
269
404
483
342
-22
-454
-814
-977
-883
-696
-707
-1009
-1403
-1605
-1506
-1201
-898
-728
-717
-831
-920
-819
-550
-307
-189
-15
309
505
273
-230
-441
-57
717
1182
835
-70
-885
-1151
-709
244
1045
992
68
-857
-1084
-1149
-2160
-4163
-5598
-4949
-2635
-838
-1296
-3578
-5807
-6286
-4593
-1660
794
1390
194
-1342
-1561
-17
2359
4163
4569
3840
2935
2647
3112
3913
4480
4470
3861
2883
1917
1307
1153
1267
1307
1001
265
-654
-1329
-1420
-940
-301
29
-90
-386
-462
-128
526
1184
1540
1504
1340
1438
1936
2586
2913
2668
2058
1560
1475
1604
1614
1389
944
421
-19
-292
-437
-605
-896
-1260
-1510
-1597
-1612
-1571
-1443
-1198
-938
-797
-720
-545
-247
67
320
492
623
719
734
729
757
751
596
302
-3
-175
-220
-298
-466
-687
-928
-1188
-1459
-1619
-1534
-1385
-1447
-1654
-1734
-1664
-1670
-1829
-1858
-1422
-565
365
772
241
-927
-1529
-624
1298
2699
2255
352
-1367
-1491
-22
1719
2328
1432
-44
-918
-613
558
1223
-341
-4353
-8267
-8600
-4876
-537
290
-3088
-7465
-9259
-7433
-3547
26
1624
849
-1131
-2289
-1216
1630
4406
5703
5393
4369
3609
3566
4174
5076
5789
5810
4861
3197
1603
821
1003
1601
1803
1057
-451
-1895
-2522
-2091
-1089
-288
-157
-606
-1070
-1027
-327
734
1634
2044
1982
1832
2046
2620
3212
3457
3343
3025
2612
2225
1877
1618
1462
1273
860
182
-529
-1039
-1336
-1468
-1500
-1529
-1725
-2116
-2434
-2388
-1899
-1240
-751
-564
-600
-595
-361
112
670
1046
1088
924
797
766
737
609
394
181
-37
-317
-628
-905
-1122
-1251
-1342
-1453
-1589
-1745
-1853
-1811
-1620
-1488
-1502
-1438
-1110
-680
-445
-439
-451
-274
166
645
827
686
538
514
578
694
622
129
-522
-712
-387
-19
54
-132
-374
-387
-184
-713
-3059
-6451
-8198
-6508
-2702
-110
-992
-4513
-7631
-7949
-5295
-1381
1470
1871
181
-1694
-1814
175
2975
4969
5455
4700
3619
3134
3489
4353
5183
5488
5025
3855
2397
1319
1070
1487
1965
1800
715
-800
-1886
-1982
-1189
-201
215
-122
-778
-1156
-823
144
1251
1980
2088
1728
1380
1499
2174
3014
3424
3164
2472
1776
1396
1390
1552
1574
1213
471
-361
-902
-1032
-974
-1023
-1305
-1677
-1970
-2112
-2061
-1846
-1517
-1178
-937
-812
-730
-613
-369
37
514
860
936
788
603
536
573
608
536
304
-9
-262
-392
-453
-612
-928
-1272
-1473
-1460
-1339
-1324
-1491
-1712
-1777
-1564
-1200
-816
-541
-532
-748
-861
-518
215
884
1172
1124
880
501
119
106
437
628
402
60
23
93
-54
-148
253
945
734
-1589
-5692
-9004
-8531
-4272
287
1044
-2733
-7621
-9698
-7683
-3276
607
2030
921
-1255
-2541
-1589
1254
4189
5655
5323
4166
3433
3473
4117
5018
5724
5829
5076
3583
1975
1128
1298
1959
2237
1457
-133
-1666
-2370
-1977
-985
-223
-192
-774
-1432
-1572
-965
66
1053
1615
1585
1310
1340
1855
2582
3097
3199
2929
2447
1977
1717
1697
1740
1607
1132
378
-348
-803
-997
-1125
-1356
-1694
-2078
-2407
-2555
-2399
-1961
-1499
-1270
-1294
-1314
-1040
-475
116
504
659
689
715
840
1034
1170
1159
937
579
269
117
66
6
-151
-414
-741
-1157
-1601
-1833
-1667
-1245
-1005
-1234
-1694
-1879
-1513
-830
-402
-459
-671
-612
-154
397
604
544
740
1212
1380
961
314
198
788
1297
1065
188
-659
-783
-72
866
1376
469
-2828
-7528
-10543
-9224
-3977
1658
3204
-861
-7522
-11676
-9900
-3359
3404
6267
3977
-1092
-4735
-4110
429
5958
8983
7850
4186
1009
325
2413
5547
7495
7031
4355
1160
-657
-422
1069
2539
2754
1231
-1163
-3129
-3575
-2317
-484
625
414
-818
-2032
-2242
-1272
342
1802
2339
1877
1182
957
1497
2534
3430
3717
3231
2211
1262
902
1211
1795
2024
1443
232
-980
-1704
-1717
-1252
-902
-1055
-1703
-2443
-2788
-2634
-2119
-1488
-968
-718
-782
-1004
-1057
-586
281
1093
1478
1323
916
624
661
928
1137
1048
642
119
-296
-477
-475
-564
-850
-1248
-1634
-1790
-1625
-1269
-1019
-1117
-1432
-1634
-1420
-773
-12
328
15
-429
-392
222
958
1272
1127
823
493
195
75
245
537
669
351
-281
-770
-853
-269
852
1666
1276
-710
-3891
-6817
-7433
-4912
-1013
969
-1006
-5316
-8249
-7623
-4110
-378
1340
804
-907
-2247
-1971
120
2806
4536
4661
3694
2819
2685
3233
4241
5230
5646
5142
3751
2130
1221
1410
2193
2708
2222
705
-968
-1904
-1721
-772
-8
-11
-689
-1488
-1826
-1439
-540
351
812
777
627
776
1227
1812
2303
2537
2551
2385
2037
1700
1587
1627
1641
1432
944
314
-288
-687
-813
-855
-1042
-1475
-2045
-2418
-2407
-2108
-1723
-1394
-1249
-1295
-1378
-1306
-916
-275
320
630
630
436
328
477
770
1014
1016
726
358
127
100
205
232
40
-360
-847
-1226
-1366
-1361
-1289
-1145
-1062
-1154
-1327
-1330
-1108
-827
-546
-205
166
381
249
1
193
893
1256
796
208
78
289
521
610
430
-9
-339
-236
313
1088
1212
-640
-4624
-8178
-8062
-4250
-36
863
-2304
-6603
-8650
-7275
-3705
-170
1480
703
-1343
-2678
-1868
716
3347
4804
4783
3862
3085
2928
3476
4544
5622
6019
5287
3672
2009
1306
1666
2369
2693
2053
556
-1054
-1951
-1732
-808
-85
-137
-791
-1495
-1787
-1416
-562
381
995
998
761
820
1263
1910
2509
2864
2869
2543
2068
1713
1704
1895
1977
1731
1121
345
-415
-949
-1091
-977
-943
-1256
-1845
-2415
-2646
-2360
-1777
-1243
-1027
-1191
-1435
-1381
-867
-106
502
707
578
394
379
579
844
954
841
587
306
115
32
-24
-167
-431
-774
-1119
-1352
-1408
-1340
-1258
-1250
-1365
-1548
-1632
-1476
-998
-377
-116
-435
-932
-943
-178
828
1304
1029
315
-309
-407
132
886
1063
522
-105
-307
-177
-238
-391
-79
688
626
-1659
-5376
-7760
-6630
-2903
187
54
-3090
-6575
-7673
-5667
-2038
866
1479
43
-1678
-2000
-528
1883
3844
4529
4109
3341
2940
3158
3834
4646
5276
5284
4427
3030
1797
1373
1770
2293
2207
1356
84
-1035
-1453
-1119
-463
-54
-250
-855
-1356
-1344
-757
137
878
1192
1181
1138
1279
1639
2173
2758
3155
3074
2551
1949
1597
1701
2002
2011
1530
721
-107
-706
-931
-938
-1056
-1438
-1969
-2395
-2544
-2376
-1976
-1582
-1373
-1423
-1554
-1463
-1000
-295
243
399
296
204
285
486
710
822
726
490
221
26
-42
-40
-99
-336
-725
-1163
-1527
-1697
-1574
-1253
-1061
-1214
-1687
-2107
-1983
-1198
-310
-43
-482
-999
-899
-196
484
666
307
-125
-57
429
723
381
-188
-391
0
680
950
487
-344
-693
-334
-278
-1779
-4478
-6245
-5431
-2792
-868
-1614
-4251
-6439
-6474
-4342
-1602
103
93
-943
-1707
-1201
560
2531
3782
4002
3622
3439
3686
4131
4589
4991
5258
5161
4459
3340
2479
2262
2472
2668
2311
1288
24
-904
-1081
-623
-158
-224
-793
-1407
-1597
-1210
-556
-1
374
556
690
934
1297
1721
2124
2458
2687
2723
2515
2161
1889
1829
1927
1909
1499
772
18
-500
-706
-773
-936
-1355
-1939
-2425
-2595
-2399
-2009
-1689
-1620
-1746
-1798
-1612
-1161
-547
-39
227
283
269
306
411
568
721
804
724
508
265
63
-64
-176
-333
-585
-951
-1289
-1470
-1530
-1499
-1405
-1378
-1555
-1789
-1790
-1397
-788
-466
-604
-900
-895
-453
71
278
185
152
267
382
442
354
181
76
218
569
685
291
-363
-601
-61
815
965
-648
-3624
-5978
-5845
-3241
-533
-269
-2794
-5903
-7021
-5409
-2398
-168
189
-876
-2037
-2025
-635
1326
2842
3402
3213
2891
2918
3313
3920
4558
5018
5134
4696
3730
2768
2331
2507
2919
2940
2176
886
-292
-791
-530
-13
146
-243
-916
-1440
-1432
-956
-343
130
359
427
496
683
1015
1482
1974
2371
2553
2418
2097
1828
1763
1894
2017
1841
1285
575
-31
-436
-675
-900
-1172
-1492
-1822
-2057
-2152
-2136
-2061
-1967
-1830
-1635
-1411
-1204
-985
-708
-411
-135
87
242
348
385
396
451
548
629
608
463
206
-76
-315
-462
-517
-621
-832
-1063
-1261
-1405
-1539
-1600
-1496
-1246
-984
-915
-1013
-1115
-1023
-640
-127
212
182
-40
-57
236
565
606
408
210
179
313
351
309
311
297
147
-99
-109
98
125
-700
-2510
-4225
-4481
-2976
-1166
-884
-2544
-4905
-6116
-5098
-2356
210
841
-533
-2348
-2668
-941
1642
3442
3689
2847
1970
1893
2714
3932
4799
4860
4308
3540
2882
2523
2446
2563
2686
2476
1705
599
-328
-674
-399
64
176
-248
-985
-1596
-1656
-1104
-331
171
214
42
-6
250
794
1404
1827
1990
1981
1851
1695
1656
1743
1858
1853
1570
1021
385
-105
-361
-439
-493
-703
-1114
-1581
-1875
-1877
-1660
-1406
-1286
-1328
-1416
-1366
-1101
-712
-357
-139
-30
73
225
416
560
627
627
572
531
521
460
256
-20
-209
-303
-415
-636
-925
-1129
-1190
-1214
-1300
-1376
-1307
-1153
-1080
-1113
-1098
-864
-499
-280
-265
-265
-161
-7
198
434
473
240
-153
-471
-469
-109
326
355
-66
-559
-821
-790
-632
-484
-295
39
30
-1270
-3564
-4924
-4007
-1677
-36
-458
-2394
-4166
-4453
-3072
-860
931
1261
158
-1129
-1191
212
1972
3003
3064
2539
2089
2027
2289
2827
3476
3856
3638
2902
2034
1490
1524
1936
2297
2186
1456
454
-266
-330
130
561
543
88
-486
-823
-711
-273
203
519
568
431
344
447
684
1031
1490
1833
1779
1345
880
709
892
1177
1239
875
233
-377
-740
-739
-540
-451
-681
-1126
-1506
-1674
-1562
-1232
-875
-702
-829
-1095
-1220
-1036
-594
-155
77
64
-82
-177
-135
57
260
314
201
33
-95
-161
-185
-228
-330
-492
-704
-894
-957
-861
-721
-733
-886
-1018
-1039
-943
-754
-518
-363
-331
-321
-289
-203
-13
226
281
100
-14
61
47
-171
-429
-436
-91
267
166
-430
-936
-852
-283
365
630
337
-241
-722
-1092
-1574
-1866
-1518
-854
-643
-1156
-2007
-2453
-2147
-1314
-496
-80
-131
-537
-809
-520
342
1270
1697
1582
1203
995
1256
1814
2288
2489
2420
2158
1851
1687
1663
1744
1849
1777
1519
1135
739
466
374
455
505
311
-98
-465
-548
-378
-126
27
29
-15
-93
-79
148
498
812
930
901
833
795
777
752
758
741
650
471
259
112
17
-122
-302
-451
-556
-623
-665
-695
-734
-774
-803
-791
-725
-659
-593
-531
-434
-302
-208
-154
-94
-13
50
85
82
54
34
-6
-72
-127
-135
-148
-233
-379
-523
-600
-603
-569
-560
-602
-647
-657
-638
-549
-395
-289
-316
-431
-552
-530
-260
83
174
-92
-382
-393
-156
55
-18
-289
-500
-425
-237
-214
-391
-626
-663
-452
-166
-80
-246
-438
-412
-126
195
39
-861
-1936
-2195
-1347
-292
-16
-678
-1582
-1968
-1658
-932
-205
210
154
-188
-383
-117
485
1021
1276
1305
1274
1251
1274
1376
1624
1951
2109
1970
1584
1211
1083
1229
1462
1540
1347
920
509
367
493
626
579
450
350
244
131
111
214
401
599
679
626
550
543
644
874
1090
1047
755
491
447
560
661
643
486
261
77
-38
-95
-113
-170
-318
-490
-590
-634
-672
-685
-644
-577
-561
-621
-668
-626
-513
-416
-390
-416
-448
-462
-461
-446
-433
-441
-452
-478
-553
-679
-746
-669
-536
-510
-645
-838
-991
-985
-773
-485
-385
-619
-990
-1109
-799
-335
-115
-295
-633
-781
-608
-238
60
47
-295
-639
-656
-330
-40
-156
-573
-811
-561
-152
-28
-273
-535
-517
-282
-31
10
-56
-86
32
174
252
293
256
75
-370
-811
-796
-235
294
261
-242
-732
-860
-641
-228
150
388
414
268
135
235
596
946
1130
1178
1184
1177
1211
1340
1527
1682
1669
1487
1268
1158
1181
1273
1341
1317
1139
783
468
423
601
681
493
200
9
-49
-36
50
131
123
-11
-134
-78
148
352
364
296
283
328
333
280
241
233
250
240
183
58
-104
-234
-281
-227
-195
-282
-431
-514
-496
-434
-408
-441
-482
-502
-521
-539
-528
-513
-489
-436
-355
-286
-286
-355
-416
-393
-292
-180
-129
-171
-281
-360
-358
-309
-275
-311
-395
-470
-508
-503
-465
-430
-417
-441
-483
-529
-619
-697
-644
-428
-260
-329
-546
-682
-626
-532
-481
-459
-408
-422
-599
-778
-774
-551
-320
-241
-312
-413
-456
-426
-268
5
218
213
51
-64
-24
132
344
540
663
640
382
-46
-371
-291
141
549
626
307
-160
-429
-337
39
376
434
247
66
65
182
343
482
604
700
751
791
832
890
975
1103
1209
1214
1071
855
747
827
996
1078
992
767
522
389
413
548
643
580
416
278
255
326
404
429
408
362
295
266
283
327
361
338
285
212
133
57
23
44
65
54
-27
-135
-224
-290
-329
-351
-351
-367
-419
-497
-570
-614
-619
-586
-529
-494
-509
-552
-564
-504
-391
-298
-285
-372
-491
-509
-401
-270
-277
-443
-612
-666
-598
-514
-513
-598
-720
-782
-740
-611
-503
-565
-752
-913
-926
-777
-573
-471
-549
-691
-725
-582
-353
-245
-350
-539
-610
-475
-270
-160
-196
-275
-339
-351
-247
-69
110
168
94
20
57
189
275
272
203
191
257
333
368
315
212
141
227
399
500
437
279
241
385
576
636
547
399
320
372
483
563
538
441
404
481
604
629
523
421
448
615
758
800
744
649
639
692
744
712
622
542
565
695
792
766
609
448
379
408
484
514
465
367
293
260
267
291
311
315
307
289
250
227
227
244
254
211
154
112
88
76
52
7
-51
-110
-167
-218
-274
-349
-423
-485
-516
-539
-575
-629
-693
-744
-793
-830
-865
-911
-964
-1019
-1054
-1068
-1090
-1137
-1200
-1263
-1281
-1241
-1193
-1167
-1189
-1248
-1306
-1308
-1211
-1098
-1055
-1079
-1074
-970
-807
-666
-607
-589
-550
-476
-336
-156
-3
87
155
249
359
449
479
495
629
869
1051
1023
865
743
750
916
1127
1224
1110
888
745
795
974
1094
1065
933
800
714
661
627
662
683
661
555
403
287
233
301
393
473
428
259
104
32
94
187
259
269
209
92
-41
-65
15
140
192
120
-13
-144
-188
-131
10
96
41
-99
-203
-172
-82
-21
-30
-94
-153
-194
-178
-123
-77
-92
-154
-158
-117
-75
-97
-134
-130
-98
-59
-69
-95
-125
-133
-110
-70
-34
-61
-136
-192
-176
-112
-77
-102
-149
-158
-142
-121
-120
-130
-157
-205
-227
-221
-202
-210
-248
-279
-294
-296
-287
-270
-246
-224
-216
-219
-200
-190
-198
-205
-191
-154
-122
-108
-120
-136
-128
-102
-59
-16
-5
-42
-105
-123
-51
61
112
64
-42
-116
-116
-49
48
131
142
54
-66
-114
-40
107
219
237
195
136
106
127
190
225
177
115
122
217
274
253
241
273
290
241
189
214
304
346
302
239
227
213
156
116
117
141
148
169
205
224
173
57
-30
-22
16
-24
-99
-166
-190
-221
-274
-352
-456
-533
-553
-491
-419
-405
-472
-545
-531
-449
-374
-327
-276
-199
-130
-85
-39
32
111
161
177
177
170
168
186
233
285
291
259
225
219
239
263
293
343
413
448
410
317
227
178
182
205
189
115
16
-65
-103
-97
-75
-66
-82
-100
-114
-108
-56
30
117
165
163
147
139
161
209
235
203
126
47
17
37
65
65
23
-30
-74
-106
-106
-75
-42
-45
-85
-140
-184
-193
-161
-89
-9
33
16
-45
-106
-133
-116
-101
-136
-229
-353
-455
-485
-460
-410
-355
-295
-218
-150
-97
-68
-39
15
82
133
124
43
-71
-146
-145
-78
-16
-26
-115
-223
-273
-253
-197
-142
-119
-140
-182
-208
-212
-197
-157
-83
24
138
203
183
138
162
278
405
464
456
444
448
448
430
398
385
397
411
395
313
177
43
-4
57
143
137
-8
-187
-264
-190
-41
66
82
35
-35
-75
-59
13
102
152
150
119
97
95
125
182
239
245
193
122
98
137
170
149
60
-49
-123
-141
-120
-101
-110
-148
-184
-204
-213
-240
-280
-285
-248
-208
-212
-259
-294
-296
-259
-213
-177
-157
-152
-137
-102
-35
37
61
26
-36
-84
-112
-120
-111
-105
-105
-128
-157
-170
-160
-122
-85
-44
-11
4
14
36
69
87
62
-8
-102
-188
-240
-271
-307
-373
-477
-578
-625
-608
-562
-525
-503
-473
-416
-328
-220
-84
70
215
341
441
513
555
599
669
746
812
847
844
813
776
745
732
745
780
803
768
679
589
548
562
585
564
494
406
338
298
274
241
188
113
32
-39
-99
-148
-178
-190
-209
-267
-367
-466
-515
-496
-439
-392
-389
-451
-540
-589
-561
-487
-428
-414
-445
-484
-500
-490
-447
-384
-313
-265
-268
-311
-348
-321
-227
-128
-84
-111
-172
-208
-189
-126
-56
-23
-47
-108
-173
-206
-199
-157
-100
-67
-72
-103
-119
-88
-18
53
90
81
50
29
35
74
125
175
208
209
193
174
178
219
274
305
284
238
219
243
288
323
325
304
291
313
354
381
368
331
293
271
274
266
237
189
151
133
124
107
76
50
26
7
-2
-12
-30
-58
-86
-91
-63
-30
-13
-21
-38
-45
-34
-12
22
53
64
55
45
48
67
106
147
181
191
174
149
129
125
126
123
109
83
45
1
-43
-82
-111
-138
-169
-218
-284
-362
-437
-503
-576
-649
-705
-746
-782
-836
-888
-916
-905
-857
-800
-747
-703
-661
-623
-567
-484
-385
-296
-246
-230
-225
-198
-149
-88
-29
7
19
10
11
49
109
158
178
167
161
190
264
361
439
485
513
542
587
640
695
763
839
906
946
963
973
982
989
982
953
903
839
764
688
620
572
546
523
489
427
343
264
205
155
90
5
-94
-190
-270
-317
-319
-282
-223
-154
-80
5
98
179
235
264
261
234
193
151
122
102
72
13
-90
-225
-358
-462
-534
-589
-651
-736
-836
-918
-961
-972
-974
-987
-1009
-1034
-1047
-1037
-1002
-945
-876
-806
-753
-715
-674
-615
-537
-453
-375
-320
-292
-265
-216
-138
-48
24
68
98
130
175
226
279
323
353
366
367
362
356
360
380
397
392
355
298
248
217
200
182
162
153
165
182
191
203
234
293
378
472
553
615
667
730
812
906
989
1032
1030
985
932
882
831
770
685
585
472
363
273
199
138
68
-14
-104
-191
-256
-300
-329
-362
-409
-465
-517
-545
-545
-534
-526
-532
-549
-567
-580
-572
-544
-501
-458
-419
-398
-396
-397
-382
-342
-297
-265
-252
-252
-257
-249
-223
-179
-129
-91
-74
-75
-73
-66
-55
-47
-46
-44
-52
-71
-105
-133
-145
-145
-129
-108
-102
-117
-136
-142
-131
-114
-105
-106
-114
-125
-125
-115
-106
-99
-98
-97
-94
-83
-67
-37
3
48
95
152
216
288
361
430
494
538
552
535
501
473
465
469
465
441
400
351
306
278
265
256
240
207
153
85
23
-14
-28
-35
-50
-73
-100
-127
-140
-138
-127
-116
-115
-114
-108
-95
-88
-88
-90
-96
-102
-113
-121
-132
-140
-144
-142
-136
-138
-153
-180
-211
-230
-234
-227
-214
-194
-160
-112
-57
6
76
154
241
339
441
529
590
628
651
654
637
607
576
542
498
439
371
307
250
200
149
90
24
-36
-86
-126
-166
-220
-288
-358
-419
-465
-493
-524
-565
-610
-647
-661
-651
-619
-566
-498
-424
-354
-289
-223
-157
-96
-48
-21
-12
-18
-35
-50
-63
-76
-90
-105
-118
-132
-152
-177
-199
-218
-236
-257
-283
-309
-340
-374
-411
-445
-470
-483
-489
-491
-494
-492
-477
-437
-366
-263
-134
9
164
313
453
580
683
758
811
843
858
856
834
797
754
713
676
638
597
560
531
511
495
478
456
434
410
393
382
372
353
328
297
262
236
217
211
207
191
160
121
89
70
58
47
31
4
-37
-89
-137
-173
-196
-210
-219
-229
-239
-249
-263
-286
-314
-346
-377
-394
-394
-391
-390
-393
-399
-398
-393
-388
-386
-385
-382
-374
-357
-343
-328
-317
-311
-304
-292
-275
-254
-234
-219
-201
-185
-166
-142
-117
-96
-86
-86
-86
-77
-59
-32
-4
18
34
50
71
99
133
163
180
182
174
160
150
149
154
156
151
146
139
143
157
173
191
207
213
208
193
171
157
151
155
160
159
147
129
112
103
105
111
112
104
83
62
42
23
2
-15
-30
-43
-55
-69
-75
-80
-90
-105
-121
-133
-138
-141
-138
-136
-130
-115
-92
-65
-34
-2
34
71
100
114
115
105
98
97
101
105
107
107
105
111
119
121
119
112
108
108
119
139
164
186
198
195
181
162
150
147
150
151
149
138
122
113
103
91
75
57
43
30
17
3
-17
-49
-93
-141
-177
-201
-217
-232
-251
-272
-292
-312
-334
-350
-361
-366
-365
-369
-373
-378
-382
-382
-383
-386
-386
-379
-365
-346
-317
-290
-273
-265
-264
-255
-235
-200
-159
-117
-83
-69
-74
-84
-82
-62
-28
6
34
53
72
97
119
134
141
150
169
197
231
264
288
304
317
331
343
354
369
390
415
440
458
471
471
466
466
471
483
493
497
496
491
486
476
462
446
429
416
399
377
345
305
259
207
157
113
78
46
12
-22
-62
-110
-164
-212
-255
-292
-325
-354
-379
-396
-409
-416
-424
-441
-466
-489
-501
-500
-491
-479
-468
-453
-433
-412
-394
-378
-365
-349
-328
-307
-288
-269
-255
-243
-231
-217
-189
-161
-134
-118
-111
-107
-100
-87
-72
-56
-39
-26
-19
-12
2
22
45
67
83
93
99
99
103
118
142
165
182
188
196
207
217
227
233
228
218
206
205
208
212
213
207
196
180
168
158
150
145
135
117
101
86
83
83
85
85
84
81
72
61
53
53
57
58
58
52
45
38
39
42
46
45
40
31
20
14
7
-5
-24
-45
-61
-68
-63
-55
-50
-49
-48
-44
-38
-32
-26
-18
-11
-7
-3
7
16
24
24
17
9
2
2
5
10
18
17
10
-1
-12
-16
-13
-7
-7
-15
-30
-49
-68
-80
-79
-70
-60
-57
-64
-72
-74
-72
-69
-69
-75
-87
-98
-105
-101
-85
-67
-53
-55
-66
-77
-75
-66
-52
-39
-35
-30
-27
-31
-33
-28
-19
-9
-11
-22
-40
-52
-54
-45
-32
-27
-26
-32
-38
-38
-34
-20
-7
-1
2
1
3
11
22
32
33
25
20
26
37
45
42
33
22
13
12
26
49
67
74
61
46
37
37
49
64
77
78
75
74
71
68
68
70
70
67
65
67
72
71
62
51
42
40
40
37
32
29
26
28
32
30
22
17
17
20
31
41
47
44
30
9
-14
-26
-25
-21
-12
-7
-10
-25
-48
-68
-76
-70
-59
-46
-40
-44
-55
-66
-77
-86
-91
-89
-77
-57
-46
-47
-57
-66
-67
-63
-57
-51
-47
-45
-42
-38
-34
-31
-32
-29
-24
-19
-7
4
7
2
-10
-22
-27
-33
-37
-42
-45
-44
-41
-37
-26
-9
5
12
14
14
17
26
35
41
43
44
43
43
47
54
62
64
61
58
53
55
63
65
63
59
57
61
65
65
58
41
27
19
17
22
28
35
43
51
49
39
30
30
31
37
44
47
45
35
25
16
12
8
3
2
3
6
12
10
5
0
-12
-23
-31
-37
-36
-31
-26
-29
-37
-51
-68
-77
-74
-62
-51
-47
-50
-53
-54
-54
-50
-48
-48
-44
-40
-40
-41
-38
-39
-46
-53
-57
-57
-47
-39
-31
-19
-13
-8
-5
1
10
21
27
31
31
24
17
18
23
31
33
28
20
19
25
35
47
58
61
56
46
36
28
25
21
17
11
2
-3
-7
-9
-10
-9
-8
1
8
14
16
14
15
17
18
14
10
8
4
5
7
5
1
-3
-4
1
6
7
1
-13
-25
-26
-22
-12
-4
0
-1
-3
-4
-5
-3
-4
-8
-14
-20
-24
-26
-25
-26
-28
-36
-42
-44
-42
-33
-23
-16
-15
-18
-22
-26
-32
-36
-33
-31
-34
-39
-40
-37
-28
-18
-11
-4
1
-1
-2
-1
3
13
26
29
27
26
26
37
46
53
56
58
59
61
63
62
62
69
77
84
92
88
76
61
44
32
26
21
24
29
35
36
24
12
-1
-8
-6
-2
5
6
5
-2
-10
-17
-21
-23
-23
-25
-25
-26
-29
-38
-48
-59
-69
-74
-73
-71
-66
-57
-47
-40
-36
-35
-39
-42
-41
-35
-38
-45
-48
-51
-46
-37
-32
-28
-24
-21
-17
-10
-1
2
2
-6
-16
-18
-11
-1
6
8
10
15
19
26
31
35
39
37
35
33
29
27
27
31
37
39
40
39
35
34
33
33
32
35
34
33
30
27
23
16
13
12
14
20
24
25
22
17
14
13
9
0
-10
-19
-16
-8
3
13
19
22
26
27
28
25
21
18
15
14
12
3
-5
-10
-10
-7
-4
2
1
-5
-13
-26
-36
-40
-40
-34
-27
-23
-21
-19
-20
-27
-34
-39
-47
-52
-60
-69
-72
-71
-63
-54
-48
-46
-46
-44
-40
-35
-29
-29
-34
-39
-42
-39
-26
-11
0
6
5
-1
-7
-8
-2
9
22
32
40
48
55
62
60
57
54
53
56
65
68
64
60
53
47
44
41
35
30
26
24
22
23
23
23
21
18
14
11
12
16
19
15
5
-8
-16
-20
-20
-16
-11
-6
-7
-14
-24
-35
-44
-50
-54
-57
-62
-66
-64
-56
-45
-34
-27
-26
-29
-29
-28
-24
-19
-13
-7
-4
1
8
14
15
8
-1
-5
-7
-7
-4
4
11
13
15
17
19
20
15
7
6
15
31
43
47
42
31
21
19
30
45
58
62
53
37
27
23
28
35
43
51
55
50
42
34
28
29
32
34
33
34
33
34
35
34
30
26
15
3
-8
-16
-23
-28
-37
-46
-50
-54
-60
-67
-77
-85
-91
-94
-95
-97
-102
-108
-107
-107
-103
-99
-94
-89
-86
-87
-91
-93
-90
-83
-70
-55
-46
-39
-36
-29
-14
6
25
34
32
18
3
-3
1
18
36
44
40
30
25
30
43
56
68
73
69
63
57
55
55
53
50
48
50
58
69
82
89
90
88
84
81
81
84
88
93
97
101
107
108
105
100
94
91
88
86
85
82
74
62
51
43
39
36
31
25
17
9
1
-5
-14
-21
-30
-41
-58
-74
-85
-94
-101
-104
-106
-109
-117
-125
-127
-122
-116
-112
-117
-127
-137
-142
-142
-136
-127
-122
-125
-132
-137
-135
-131
-120
-108
-96
-87
-82
-78
-76
-71
-65
-59
-53
-47
-43
-37
-31
-24
-12
-1
7
12
14
18
28
42
55
63
65
64
58
51
48
56
71
89
105
112
114
115
111
110
109
110
112
118
126
136
145
143
135
125
120
116
115
116
115
116
113
108
99
92
85
78
67
56
51
48
44
38
29
20
15
11
4
-3
-9
-18
-23
-27
-30
-36
-41
-49
-54
-57
-54
-50
-50
-51
-51
-54
-63
-71
-78
-84
-86
-87
-80
-67
-58
-59
-70
-85
-94
-95
-90
-86
-83
-78
-78
-80
-79
-76
-74
-75
-78
-75
-67
-61
-59
-63
-68
-67
-60
-52
-45
-42
-42
-48
-53
-51
-38
-24
-9
0
0
-1
-4
-4
0
7
17
28
34
41
46
53
52
49
46
41
40
38
43
51
59
64
65
63
62
63
65
65
65
60
51
39
28
26
35
49
61
66
69
64
52
40
29
25
28
32
39
42
43
43
40
34
30
32
32
31
32
28
26
20
9
-2
-9
-13
-11
-7
-8
-10
-10
-14
-16
-19
-24
-24
-19
-19
-19
-20
-20
-20
-23
-35
-49
-56
-54
-45
-37
-34
-34
-34
-36
-36
-37
-39
-41
-44
-45
-43
-39
-33
-27
-18
-14
-13
-16
-20
-22
-22
-19
-13
-7
-6
-9
-11
-11
-10
-6
1
6
8
3
-3
-4
-2
2
6
12
12
10
2
-9
-19
-23
-18
-12
-4
3
10
13
14
13
10
8
7
6
7
10
15
20
21
17
10
2
-1
2
10
20
29
32
29
17
0
-11
-13
-5
8
21
28
28
22
14
8
5
3
4
10
11
12
12
8
3
-2
-7
-9
-6
0
12
22
23
20
10
-2
-10
-14
-13
-3
5
10
12
10
6
2
2
5
9
14
17
19
19
16
12
9
7
4
0
2
6
9
6
-1
-10
-14
-11
-3
4
1
-8
-22
-34
-36
-30
-17
-4
4
6
0
-6
-12
-14
-7
-3
2
4
3
-1
-8
-10
-4
2
7
9
10
4
-3
-9
-11
-12
-16
-23
-29
-31
-25
-15
-5
1
3
3
0
0
5
12
13
11
2
-7
-12
-10
-3
7
16
17
11
4
-3
-7
-9
-5
-3
-3
-5
-9
-10
-7
-3
-3
-4
-2
3
10
14
13
6
-8
-18
-17
-7
6
20
23
16
3
-6
-10
-5
5
13
15
13
10
3
-3
-10
-13
-11
-6
-3
-2
1
5
10
12
6
-1
-5
-3
3
9
9
2
-5
-9
-9
-3
3
9
11
9
2
-8
-13
-15
-14
-9
-6
-7
-9
-13
-16
-14
-14
-14
-16
-15
-9
-1
7
14
16
14
8
-1
-6
-5
-1
3
6
5
4
5
10
20
27
30
29
24
17
14
12
12
13
14
16
20
23
24
24
21
14
12
14
17
17
15
7
0
-4
-3
4
13
16
14
3
-8
-15
-12
-8
-5
-6
-11
-15
-15
-13
-11
-16
-26
-33
-32
-24
-13
-3
-3
-8
-13
-17
-19
-22
-24
-30
-31
-29
-22
-15
-11
-8
-10
-16
-18
-12
-5
-1
-1
-12
-21
-25
-19
-10
-3
-3
-8
-10
-8
-3
1
4
4
3
3
4
6
6
6
6
9
16
21
25
21
14
9
7
14
21
24
27
25
20
14
12
14
18
22
21
18
12
8
11
16
18
14
3
-3
-4
3
13
20
16
4
-6
-7
-5
0
2
-4
-12
-17
-12
-11
-10
-13
-15
-11
-8
-9
-10
-11
-10
-10
-10
-5
3
8
8
1
-9
-17
-13
-4
6
11
9
-1
-11
-14
-9
-4
0
-2
-8
-15
-19
-19
-16
-10
-7
-5
-1
7
14
19
19
17
10
3
0
0
1
1
3
3
6
10
19
25
22
13
4
-1
-1
2
6
9
8
4
1
0
-2
-5
-7
-8
-13
-16
-18
-14
-7
-1
4
1
-7
-14
-15
-12
-8
-4
-2
-5
-9
-12
-11
-9
-7
-6
-5
-3
-5
-12
-19
-23
-25
-24
-14
-9
-5
-4
-3
-2
-3
-4
-4
1
7
10
12
11
15
20
24
24
13
3
-4
-4
2
9
15
18
19
14
8
4
2
3
2
0
-4
-4
1
8
12
12
7
2
1
4
8
15
21
22
22
22
20
17
11
3
-2
-3
3
12
12
9
8
7
10
15
14
13
9
5
0
-5
-8
-10
-9
-7
-5
-1
5
9
8
2
-8
-15
-22
-27
-28
-25
-17
-9
-8
-11
-16
-17
-18
-20
-21
-23
-24
-23
-21
-22
-22
-23
-23
-21
-22
-20
-17
-13
-7
-1
1
4
8
11
9
-2
-16
-26
-29
-22
-15
-9
-8
-8
-2
5
13
19
19
13
4
-1
-3
-2
-5
-11
-15
-16
-8
6
19
23
22
18
15
16
21
27
27
23
17
12
13
20
29
38
41
38
32
25
20
17
18
18
20
20
19
21
20
14
7
-1
-8
-5
2
9
13
10
2
-5
-6
-6
-5
-4
-8
-10
-11
-11
-9
-7
-4
-2
-1
2
4
7
4
-4
-19
-28
-26
-16
-5
2
0
-7
-12
-14
-10
-7
-7
-9
-12
-13
-13
-13
-15
-19
-19
-16
-11
-7
-7
-8
-10
-15
-17
-18
-17
-14
-13
-14
-17
-18
-21
-21
-19
-17
-10
-2
4
6
3
-1
-3
-2
0
6
12
16
19
17
11
5
0
-4
-3
-3
3
7
15
20
22
20
18
15
13
11
6
1
-2
0
4
8
12
14
15
12
9
7
6
6
8
14
19
18
13
5
-2
