0
0
-1
0
0
0
0
1
0
0
0
1
0
0
1
-1
0
0
0
0
0
0
-1
0
1
0
0
0
1
-1
0
0
0
-1
0
0
0
-1
0
1
0
-1
0
0
-1
-1
0
0
0
0
-1
-1
-1
0
0
0
0
0
0
0
0
0
1
0
-1
0
1
0
1
0
0
0
-1
0
0
0
0
0
0
-1
1
0
0
0
0
1
0
0
0
-1
0
1
0
0
0
0
0
0
0
0
0
0
-1
1
-1
0
1
0
0
0
0
0
0
0
0
0
0
0
0
0
0
0
1
0
0
0
0
-1
1
0
0
0
0
0
0
0
0
0
0
0
0
-1
0
0
0
-1
0
0
1
1
0
0
0
0
-1
0
1
0
-1
0
0
0
0
-1
0
0
0
0
0
-1
-1
0
0
0
0
1
0
0
0
0
-1
0
0
0
0
0
0
0
0
1
0
-1
0
0
-1
0
0
0
0
0
0
0
0
0
0
0
1
0
0
0
0
-1
-1
0
-1
0
0
0
-1
0
0
0
0
1
1
-1
0
0
-1
-1
0
0
-1
0
0
-1
0
0
-1
1
-1
0
0
-1
0
0
0
0
0
0
0
1
0
0
-1
1
1
0
0
0
0
0
0
0
0
0
1
0
0
0
0
0
0
-1
0
0
-1
0
0
1
0
0
1
0
0
0
1
0
0
0
0
0
0
1
-1
0
0
0
1
0
-1
0
0
0
0
0
-1
0
0
0
0
1
0
0
1
0
0
0
1
0
0
0
0
-1
1
0
0
0
-1
0
0
0
0
0
0
-1
0
-1
-1
-1
-2
-2
-1
-2
-1
-1
-2
-1
-1
-1
-1
-1
-2
-1
-1
0
0
-1
0
0
0
-1
0
0
0
-1
-1
-2
-3
-3
-3
-2
-2
-2
-2
-2
-1
1
0
0
0
0
1
0
0
-1
-3
-3
-3
-4
-4
-5
-6
-6
-7
-6
-4
-3
-2
-2
-2
-2
-1
-1
1
2
2
0
-2
-5
-4
-4
-6
-8
-10
-12
-14
-19
-22
-21
-20
-19
-19
-20
-20
-19
-16
-11
-8
-6
-7
-9
-5
0
4
5
5
4
6
5
5
6
7
7
3
0
0
1
2
2
3
3
4
1
2
3
6
7
7
6
4
4
4
6
7
6
7
10
15
19
20
15
8
10
16
23
21
11
2
2
9
13
8
1
-3
3
8
2
-9
-8
2
5
-11
-33
-40
-32
-26
-34
-40
-34
-30
-52
-78
-78
-47
-14
3
2
-3
-4
4
25
57
93
117
125
114
106
108
123
141
149
140
113
79
51
39
41
47
41
24
1
-20
-28
-24
-3
27
51
55
52
66
96
122
138
169
217
246
240
221
212
212
216
214
203
173
125
81
60
73
86
59
4
-41
-53
-49
-54
-60
-59
-56
-65
-80
-73
-43
-14
-4
-14
-23
-27
-38
-52
-43
-17
-11
-35
-66
-83
-82
-66
-52
-43
-46
-67
-81
-83
-90
-132
-198
-260
-273
-216
-147
-160
-281
-395
-359
-194
-77
-121
-226
-256
-181
-65
-18
-87
-173
-114
27
44
-77
-139
-28
112
17
-383
-818
-883
-608
-434
-584
-824
-885
-866
-877
-834
-674
-479
-343
-235
-150
-97
-17
133
331
510
626
666
638
635
707
786
803
739
643
550
467
400
325
257
225
197
143
61
-9
-26
4
39
38
13
26
87
158
226
285
313
318
367
463
532
543
524
494
469
458
436
385
320
280
260
227
177
118
59
5
-32
-39
-45
-74
-95
-89
-69
-61
-84
-107
-107
-67
-21
-29
-76
-107
-90
-60
-54
-49
-58
-82
-101
-91
-69
-76
-98
-129
-159
-167
-152
-129
-144
-190
-229
-251
-262
-278
-307
-333
-306
-215
-145
-164
-278
-398
-393
-241
-71
-58
-168
-206
-80
81
158
184
283
474
655
548
-304
-1689
-2477
-1668
-46
571
-464
-2147
-3033
-2617
-1374
-278
-23
-414
-864
-1005
-757
-202
482
967
1129
1089
913
713
693
1024
1535
1840
1718
1184
545
230
391
759
872
604
169
-226
-407
-333
-123
56
115
92
19
-66
-73
50
298
548
656
599
499
539
726
890
891
733
579
535
536
466
328
247
216
143
16
-128
-248
-313
-330
-315
-310
-332
-376
-396
-315
-150
3
57
27
9
55
149
255
326
319
228
131
116
152
133
53
-45
-127
-193
-256
-281
-268
-232
-233
-321
-447
-522
-460
-315
-202
-178
-236
-301
-311
-231
-86
41
67
-28
-150
-189
-130
-85
-81
-26
84
42
-261
-516
-393
-29
174
115
-53
-223
-277
-47
381
719
803
474
-498
-1983
-2923
-2290
-609
419
-262
-1957
-3161
-3056
-1912
-679
-47
-86
-517
-948
-978
-343
686
1472
1673
1411
1019
793
921
1410
1959
2215
1979
1318
619
329
554
921
983
672
168
-321
-601
-549
-230
71
131
-49
-285
-362
-208
113
479
732
776
602
408
486
876
1266
1327
1082
752
519
429
452
495
443
250
-60
-382
-587
-610
-484
-371
-395
-552
-743
-821
-693
-397
-88
72
55
-44
-77
33
222
398
476
453
363
263
208
195
185
128
3
-187
-386
-503
-485
-378
-320
-392
-556
-697
-707
-585
-423
-323
-281
-254
-232
-211
-149
-12
150
248
228
137
74
98
175
168
48
-52
-49
7
4
-66
-172
-279
-235
24
337
394
177
-1
66
354
653
651
4
-1285
-2492
-2738
-1907
-825
-396
-979
-2233
-3260
-3216
-2047
-615
124
-88
-736
-1115
-817
45
1021
1687
1857
1617
1227
1045
1307
1857
2326
2387
1979
1304
725
552
756
1010
983
553
-97
-618
-754
-535
-232
-57
-87
-271
-466
-509
-300
102
516
769
814
755
725
781
940
1160
1316
1288
1059
761
506
323
215
137
35
-98
-247
-450
-694
-849
-828
-707
-615
-615
-687
-738
-659
-432
-152
57
131
105
85
161
331
497
582
588
529
402
254
157
111
45
-70
-193
-302
-423
-538
-623
-676
-710
-725
-706
-662
-594
-523
-504
-505
-421
-193
62
165
102
14
21
104
190
258
260
150
-14
-99
-9
165
188
-10
-181
-121
20
61
22
-64
-133
-36
288
545
441
180
157
401
406
-316
-1483
-2210
-1966
-1253
-968
-1264
-1830
-2419
-2750
-2455
-1532
-663
-468
-769
-960
-698
-115
502
1008
1350
1511
1508
1431
1490
1800
2193
2398
2248
1832
1375
1082
1015
1041
957
698
301
-130
-434
-500
-387
-294
-332
-446
-552
-565
-428
-156
166
400
502
515
511
611
834
1093
1267
1270
1113
792
428
307
499
735
684
283
-206
-490
-494
-360
-290
-369
-577
-810
-915
-815
-560
-321
-253
-317
-392
-372
-223
14
252
393
392
315
245
234
274
291
234
99
-57
-192
-306
-377
-411
-444
-514
-626
-710
-730
-714
-669
-605
-545
-505
-469
-377
-261
-180
-112
-7
126
190
170
140
136
193
296
332
233
59
-26
3
53
128
154
46
-105
-162
-46
193
437
529
381
223
274
388
168
-694
-1792
-2259
-1789
-1047
-939
-1441
-2014
-2455
-2657
-2378
-1572
-712
-398
-652
-979
-883
-254
559
1183
1476
1500
1414
1366
1545
1978
2391
2511
2269
1819
1415
1218
1227
1272
1166
877
449
-7
-318
-397
-313
-255
-307
-436
-596
-674
-569
-297
31
246
310
304
322
437
675
1014
1263
1173
835
547
487
634
827
872
643
241
-108
-256
-210
-137
-204
-426
-684
-837
-829
-720
-593
-509
-513
-571
-585
-499
-330
-149
14
140
161
114
92
155
258
290
213
79
-19
-68
-125
-208
-265
-277
-329
-494
-654
-681
-599
-501
-458
-458
-479
-509
-492
-391
-236
-101
-65
-121
-195
-158
-9
144
274
333
233
82
83
208
278
236
143
104
208
379
333
30
-190
-75
264
542
635
509
166
-124
-77
-42
-575
-1495
-2084
-2040
-1670
-1291
-1202
-1659
-2424
-2804
-2357
-1361
-512
-271
-551
-854
-694
-59
736
1377
1679
1669
1516
1496
1737
2094
2388
2468
2259
1844
1435
1227
1196
1206
1131
811
276
-222
-467
-456
-358
-326
-421
-634
-817
-806
-599
-300
-52
64
86
120
254
486
755
981
1029
905
782
741
746
732
680
616
513
333
99
-110
-229
-312
-404
-528
-678
-795
-849
-802
-666
-576
-595
-651
-617
-460
-267
-133
-66
11
128
233
276
262
266
317
335
260
132
34
2
-7
-41
-113
-224
-375
-504
-539
-482
-412
-408
-482
-591
-624
-509
-337
-213
-174
-170
-146
-104
-12
161
334
370
220
48
-6
125
426
641
608
379
103
10
273
736
892
551
61
-187
2
292
113
-741
-1910
-2677
-2726
-2239
-1599
-1290
-1646
-2624
-3435
-3200
-2019
-739
-200
-438
-822
-809
-256
600
1474
2096
2207
1927
1653
1743
2199
2689
2909
2720
2209
1631
1233
1129
1206
1209
936
362
-297
-719
-787
-638
-531
-596
-780
-965
-1008
-846
-522
-146
124
253
330
423
587
850
1154
1366
1378
1224
983
812
861
1045
1089
834
404
30
-148
-182
-218
-366
-615
-872
-1038
-1034
-911
-765
-692
-709
-725
-671
-543
-368
-167
31
127
105
99
216
398
472
412
320
244
160
49
-13
-12
-37
-153
-346
-530
-647
-681
-628
-542
-512
-600
-726
-739
-568
-310
-138
-124
-197
-240
-147
123
467
645
479
112
-62
145
460
552
425
222
63
16
51
67
186
516
714
530
103
-139
54
327
155
-774
-2107
-2872
-2594
-1727
-1157
-1343
-2085
-2969
-3348
-2784
-1611
-604
-367
-742
-1072
-879
-129
773
1444
1785
1846
1739
1644
1791
2222
2677
2849
2606
2074
1540
1260
1260
1347
1290
947
361
-243
-598
-621
-495
-438
-534
-746
-952
-998
-797
-439
-115
87
193
287
415
589
860
1182
1386
1350
1155
993
957
1057
1172
1105
823
454
170
27
-28
-126
-357
-631
-820
-879
-850
-826
-818
-803
-770
-703
-619
-521
-399
-242
-79
28
79
129
200
301
374
345
231
137
129
180
181
59
-140
-325
-435
-451
-445
-492
-606
-723
-764
-749
-688
-607
-557
-494
-420
-365
-301
-190
-62
16
109
237
282
228
222
292
279
192
196
269
241
140
78
45
101
199
145
-4
-23
178
438
596
412
-496
-1964
-3085
-3031
-1925
-748
-416
-1344
-3005
-4038
-3549
-1866
-226
342
-202
-1153
-1499
-773
597
1849
2386
2186
1644
1275
1487
2198
2970
3346
3085
2332
1495
1042
1147
1529
1709
1374
602
-242
-782
-813
-474
-160
-193
-587
-1055
-1256
-1042
-554
-80
184
251
244
257
377
697
1150
1469
1451
1230
1009
863
900
1087
1183
1001
599
189
-77
-150
-162
-289
-532
-814
-1011
-1042
-969
-855
-792
-818
-844
-774
-604
-420
-247
-76
48
120
178
246
317
356
355
310
228
95
-30
-73
-81
-118
-229
-415
-596
-728
-777
-779
-769
-714
-656
-629
-670
-739
-717
-567
-280
-1
94
62
-11
-35
108
379
582
524
300
131
111
232
402
542
476
147
-118
-55
161
273
279
205
129
265
534
717
540
-243
-1409
-2413
-2788
-2528
-1961
-1400
-1371
-2202
-3402
-3911
-3067
-1467
-330
-227
-780
-1195
-964
-77
1109
2045
2358
2080
1664
1644
2155
2876
3353
3324
2826
2159
1638
1453
1549
1654
1500
959
175
-505
-800
-707
-496
-455
-659
-1003
-1263
-1249
-935
-441
-20
181
207
190
301
646
1173
1582
1566
1259
991
989
1190
1320
1250
983
642
345
127
26
-77
-288
-591
-904
-1115
-1213
-1199
-1078
-942
-895
-949
-963
-816
-551
-281
-86
23
86
167
266
376
484
531
503
399
255
132
66
61
52
-33
-204
-416
-600
-735
-780
-724
-666
-680
-772
-860
-874
-785
-599
-395
-239
-148
-145
-139
39
367
633
640
463
292
279
477
586
362
37
-20
273
610
637
219
-270
-324
34
586
982
871
110
-1102
-2128
-2570
-2348
-1824
-1651
-1942
-2452
-2798
-2928
-2952
-2581
-1775
-910
-529
-719
-876
-594
208
1193
1870
2098
1965
1828
1942
2355
2918
3231
3093
2601
2058
1737
1627
1621
1500
1136
607
59
-356
-578
-623
-629
-722
-877
-1023
-1080
-1005
-775
-453
-200
12
261
466
561
692
1015
1365
1566
1587
1434
1258
1159
1116
1097
1042
908
637
275
-44
-277
-445
-625
-833
-987
-1121
-1213
-1191
-1105
-1003
-912
-809
-668
-500
-318
-179
-47
115
261
375
443
494
514
460
389
336
271
167
70
-35
-185
-353
-534
-683
-784
-847
-872
-908
-936
-925
-904
-866
-794
-655
-402
-109
86
110
67
134
285
400
424
403
446
523
524
411
267
243
305
407
507
391
24
-256
-41
413
435
129
-6
20
-275
-1081
-1990
-2634
-2745
-2326
-1864
-1738
-2049
-2643
-3126
-3045
-2173
-1012
-328
-303
-560
-582
-142
691
1617
2195
2302
2142
1963
2023
2407
2886
3096
2874
2398
1895
1491
1304
1282
1222
948
431
-153
-600
-796
-765
-665
-635
-731
-899
-985
-872
-573
-207
130
416
562
531
495
697
1135
1567
1769
1624
1249
900
778
919
1107
1102
785
241
-243
-494
-551
-584
-684
-827
-1018
-1189
-1263
-1216
-1037
-809
-629
-551
-549
-516
-368
-96
172
315
347
310
279
297
336
361
314
189
16
-134
-203
-269
-355
-419
-476
-564
-728
-869
-881
-761
-605
-563
-598
-608
-539
-375
-186
8
162
222
257
298
345
386
439
530
561
498
266
-144
-222
149
536
651
268
-351
-666
-460
104
437
443
433
313
-90
-942
-1918
-2385
-2183
-1505
-1131
-1579
-2295
-2753
-2771
-2420
-1879
-1236
-856
-826
-837
-678
-154
593
1218
1558
1597
1627
1757
1917
2242
2622
2807
2651
2199
1780
1562
1560
1636
1476
1065
567
121
-174
-319
-298
-277
-428
-649
-793
-774
-611
-392
-267
-271
-139
263
585
563
470
605
934
1276
1403
1220
902
703
724
874
958
830
490
95
-163
-257
-367
-554
-706
-788
-854
-922
-960
-939
-846
-704
-577
-465
-391
-334
-215
-59
95
178
182
193
227
262
249
183
88
-15
-57
-57
-106
-264
-485
-618
-609
-518
-466
-528
-626
-686
-671
-566
-393
-201
-103
-102
-109
-48
91
223
306
314
227
195
287
281
155
81
109
227
264
82
-111
-66
125
122
-6
-68
-78
93
321
353
-129
-1275
-2409
-2838
-2321
-1371
-1021
-1501
-2359
-2901
-2824
-2357
-1579
-822
-446
-457
-616
-471
48
770
1480
1862
1942
1848
1746
1856
2213
2690
2913
2643
2052
1492
1241
1263
1337
1242
873
334
-177
-481
-524
-396
-286
-320
-478
-658
-736
-627
-357
-2
331
543
548
387
336
630
1152
1530
1534
1219
836
652
704
857
933
765
425
78
-148
-265
-371
-488
-644
-779
-876
-977
-994
-894
-704
-524
-475
-510
-505
-389
-156
104
248
232
176
171
204
265
291
230
102
-54
-188
-243
-247
-289
-407
-580
-701
-717
-672
-609
-568
-590
-651
-653
-542
-346
-160
-73
-82
-114
-46
149
385
478
360
180
41
-39
-33
111
279
200
-106
-197
169
515
203
-522
-736
-56
855
1077
550
-50
-415
-880
-1757
-2688
-2858
-2118
-1247
-1074
-1811
-2921
-3533
-3133
-1907
-656
-101
-390
-1002
-1111
-363
873
1854
2107
1870
1627
1667
2024
2504
2891
2987
2740
2264
1749
1426
1360
1418
1378
1056
507
-73
-493
-619
-470
-271
-283
-535
-785
-826
-688
-471
-189
144
441
547
483
444
631
1083
1507
1630
1445
1080
786
742
923
1072
934
554
125
-164
-274
-324
-388
-550
-793
-1027
-1150
-1074
-894
-737
-658
-628
-587
-546
-456
-282
-45
180
281
272
227
204
231
262
253
178
29
-115
-193
-213
-255
-395
-596
-763
-827
-764
-657
-599
-629
-677
-669
-586
-407
-211
-59
35
62
68
87
173
351
517
561
364
49
-56
95
340
390
155
-44
13
121
-123
-499
-395
42
380
413
242
93
-324
-1343
-2720
-3515
-2827
-1297
-509
-1170
-2623
-3643
-3628
-2621
-1105
-19
40
-717
-1365
-1051
174
1571
2312
2201
1776
1533
1643
2072
2654
3119
3143
2632
1874
1301
1198
1451
1637
1427
811
49
-537
-727
-497
-151
-63
-310
-722
-984
-901
-524
-71
197
260
337
496
600
619
827
1288
1650
1676
1360
949
778
904
1134
1190
942
445
-89
-368
-354
-258
-333
-629
-929
-1101
-1136
-1048
-906
-751
-620
-529
-483
-472
-401
-229
37
304
422
354
204
164
282
401
381
187
-70
-213
-210
-149
-193
-404
-667
-869
-914
-808
-709
-692
-718
-747
-760
-714
-516
-216
-17
-19
-124
-97
46
253
530
602
340
-57
-104
409
852
774
384
67
-92
-248
-196
113
374
319
-53
-151
204
430
-146
-1862
-3809
-4480
-3213
-1087
-297
-1549
-3602
-4756
-4205
-2520
-699
197
-249
-1243
-1686
-933
629
2029
2664
2477
1963
1655
1820
2435
3177
3684
3612
2913
1950
1230
1145
1564
1919
1713
898
-158
-931
-1045
-607
-123
-68
-495
-1029
-1326
-1164
-528
213
601
522
318
297
525
955
1470
1911
2083
1891
1482
1156
1135
1295
1372
1280
988
483
-88
-445
-476
-414
-502
-793
-1162
-1431
-1517
-1395
-1124
-839
-688
-716
-780
-708
-459
-142
146
383
473
415
328
335
471
582
547
339
64
-161
-313
-326
-268
-289
-489
-878
-1224
-1318
-1115
-804
-650
-698
-865
-944
-818
-512
-129
110
121
13
-26
136
430
699
777
618
303
106
299
557
497
320
292
222
-246
-724
-550
112
647
546
-140
-891
-1389
-1596
-1855
-2342
-2596
-2391
-2021
-2022
-2538
-3027
-3054
-2503
-1666
-1039
-738
-724
-749
-437
269
1182
1820
1938
1819
1802
2086
2547
2888
2991
2846
2563
2264
1970
1758
1643
1520
1274
838
361
-10
-269
-374
-358
-322
-406
-658
-816
-712
-455
-253
-205
-104
192
585
880
925
866
970
1254
1537
1657
1591
1349
1018
819
824
908
871
593
151
-282
-573
-704
-722
-700
-765
-977
-1227
-1348
-1240
-979
-719
-555
-516
-547
-527
-346
-23
307
480
458
349
263
239
298
379
397
273
40
-192
-345
-391
-406
-465
-579
-764
-956
-1055
-1002
-845
-731
-712
-741
-697
-532
-347
-197
-45
124
262
305
382
534
600
505
362
356
541
714
585
156
-187
-215
-43
129
42
-214
-313
-274
-238
-336
-705
-1251
-1861
-2342
-2474
-2263
-1921
-1865
-2178
-2474
-2451
-2114
-1727
-1384
-1024
-700
-353
33
388
746
1087
1401
1704
1950
2148
2282
2324
2363
2421
2419
2283
2021
1740
1482
1288
1128
871
564
258
-10
-168
-280
-377
-463
-520
-465
-354
-260
-194
-194
-187
-21
455
971
1041
790
654
849
1250
1536
1579
1343
950
684
627
741
826
657
256
-198
-466
-603
-711
-729
-715
-762
-938
-1149
-1175
-989
-708
-472
-376
-417
-485
-410
-163
174
433
454
303
156
137
194
238
243
171
23
-177
-374
-495
-520
-486
-500
-627
-825
-977
-964
-792
-576
-432
-401
-446
-489
-421
-247
-51
145
316
391
340
245
200
249
321
301
255
342
530
561
221
-326
-566
-135
518
592
-1
-703
-893
-453
-79
-444
-1548
-2739
-3172
-2683
-1810
-1281
-1514
-2263
-2914
-2877
-2087
-1089
-390
-241
-366
-317
3
554
1187
1705
2032
2124
2083
2046
2093
2282
2544
2709
2557
2070
1521
1144
1046
1114
1081
821
364
-138
-455
-505
-388
-249
-246
-424
-642
-708
-548
-232
190
586
738
610
411
458
835
1318
1636
1623
1351
1015
768
761
932
1027
865
449
-16
-362
-507
-502
-496
-571
-787
-1085
-1264
-1220
-993
-732
-584
-579
-661
-716
-633
-360
9
273
324
230
132
147
250
341
343
242
72
-112
-215
-214
-178
-224
-401
-623
-793
-859
-815
-724
-639
-608
-596
-558
-492
-364
-214
-85
17
27
39
202
483
612
355
4
-32
265
601
618
283
-126
-193
39
88
-59
-183
-240
-169
-53
21
-102
-502
-1070
-1821
-2492
-2607
-2027
-1283
-1219
-1888
-2610
-2821
-2352
-1519
-766
-392
-489
-742
-693
-115
805
1553
1786
1621
1430
1497
1820
2241
2564
2616
2386
1979
1582
1407
1422
1445
1344
1054
646
233
-82
-182
-126
-89
-182
-326
-370
-346
-310
-268
-217
-69
212
547
740
666
521
568
863
1247
1462
1368
1019
691
584
662
813
813
563
170
-189
-394
-479
-507
-535
-613
-759
-946
-1057
-1014
-840
-599
-431
-419
-519
-594
-509
-246
70
265
273
165
69
70
145
200
174
64
-63
-149
-224
-315
-386
-436
-498
-594
-688
-722
-683
-600
-524
-478
-463
-462
-408
-273
-107
28
49
-14
1
171
402
463
242
-61
-147
130
570
656
174
-434
-666
-508
-222
70
216
13
-305
-344
-129
47
-131
-734
-1573
-2245
-2282
-1723
-1140
-1039
-1484
-2115
-2460
-2266
-1598
-848
-360
-293
-524
-600
-249
411
1042
1380
1486
1487
1486
1591
1793
2068
2308
2361
2153
1749
1428
1342
1373
1381
1256
977
578
143
-101
-55
79
51
-158
-312
-323
-358
-414
-322
-17
297
409
353
263
326
614
967
1219
1251
1052
773
618
699
883
956
834
560
253
-19
-201
-269
-295
-362
-518
-729
-890
-958
-904
-771
-629
-545
-591
-704
-737
-575
-259
16
116
44
-79
-100
3
137
205
162
74
-5
-78
-147
-222
-290
-323
-353
-405
-501
-628
-701
-671
-552
-432
-405
-463
-536
-500
-332
-163
-65
-37
-59
-106
-107
3
167
272
262
173
152
144
-67
-249
-128
100
113
-24
-57
-1
-22
-100
-80
-34
-283
-989
-1867
-2300
-1962
-1328
-1088
-1305
-1692
-2099
-2317
-2024
-1233
-466
-215
-468
-728
-558
69
798
1238
1377
1429
1456
1429
1515
1854
2263
2428
2236
1861
1542
1364
1309
1347
1377
1247
877
370
15
-3
146
98
-246
-518
-418
-167
-183
-378
-349
-117
90
241
388
551
692
811
929
1011
1040
995
948
988
1013
919
694
495
448
410
254
12
-232
-421
-557
-608
-601
-643
-751
-855
-880
-814
-735
-681
-626
-550
-433
-339
-278
-193
-86
12
82
132
137
59
-28
-18
75
137
80
-77
-251
-386
-473
-519
-502
-440
-463
-614
-743
-718
-572
-487
-534
-555
-436
-267
-201
-284
-403
-378
-91
356
619
379
-195
-483
-187
238
329
210
76
-48
-193
-325
-293
-24
324
535
414
-249
-1407
-2485
-2552
-1478
-371
-398
-1500
-2569
-2820
-2246
-1306
-542
-234
-407
-793
-907
-462
388
1164
1463
1335
1125
1051
1141
1403
1843
2260
2311
1864
1196
808
900
1227
1432
1303
864
341
-19
-56
203
512
593
376
67
-114
-112
47
288
521
671
702
653
586
605
808
1092
1286
1282
1078
790
595
604
726
767
600
245
-120
-315
-324
-265
-279
-409
-580
-706
-750
-706
-593
-478
-400
-345
-327
-333
-314
-245
-147
-59
-8
-9
-71
-173
-237
-221
-153
-95
-111
-218
-338
-398
-389
-361
-369
-471
-617
-679
-614
-528
-532
-604
-596
-485
-405
-418
-452
-427
-349
-254
-188
-203
-287
-341
-266
-28
166
71
-249
-465
-353
-91
1
-160
-396
-507
-469
-356
-267
-240
-218
-134
31
211
262
-117
-1066
-2028
-2020
-898
129
-36
-1132
-2096
-2240
-1631
-687
12
124
-212
-591
-625
-248
388
930
1092
987
881
908
975
1111
1413
1752
1865
1577
1081
736
752
1092
1409
1396
1020
495
142
174
527
815
757
482
245
191
279
435
599
702
769
815
803
736
730
876
1072
1169
1054
771
508
402
459
538
502
313
35
-199
-310
-315
-302
-342
-398
-474
-552
-595
-576
-484
-384
-320
-337
-414
-456
-427
-316
-186
-102
-108
-207
-296
-310
-250
-207
-251
-313
-370
-431
-479
-484
-465
-491
-559
-655
-746
-748
-648
-557
-586
-684
-697
-616
-542
-543
-584
-549
-384
-120
64
13
-278
-614
-650
-312
89
215
10
-342
-612
-608
-395
-146
1
-115
-434
-604
-405
0
273
299
142
-33
-59
-61
-279
-782
-1123
-851
-301
-157
-599
-1154
-1315
-1032
-478
38
209
30
-256
-321
-10
554
996
979
717
610
721
898
1026
1153
1208
1120
934
791
795
862
924
916
834
725
610
513
514
671
834
796
610
485
509
610
682
737
759
710
615
550
593
708
804
795
701
604
497
383
300
272
268
199
43
-99
-166
-205
-271
-330
-355
-389
-440
-491
-490
-438
-380
-326
-301
-314
-361
-390
-367
-297
-239
-255
-321
-379
-402
-404
-388
-379
-409
-488
-594
-669
-652
-557
-473
-463
-510
-601
-713
-776
-723
-609
-501
-437
-451
-564
-668
-592
-394
-290
-327
-314
-209
-211
-379
-480
-389
-199
-63
-97
-266
-416
-358
-140
-5
-36
-194
-329
-268
-26
221
264
133
14
-17
112
320
466
400
-26
-604
-906
-557
184
554
148
-695
-1210
-995
-260
440
624
245
-296
-451
-95
447
759
757
606
428
339
388
601
862
1007
975
777
539
408
509
763
963
970
775
554
436
502
682
819
817
648
476
411
459
574
658
685
622
502
398
369
463
606
687
617
414
210
105
134
219
244
152
-21
-162
-218
-212
-193
-186
-195
-223
-289
-369
-412
-383
-303
-251
-254
-303
-371
-408
-388
-311
-258
-296
-405
-500
-511
-468
-430
-441
-492
-552
-616
-669
-656
-553
-502
-578
-672
-674
-628
-624
-625
-564
-469
-423
-430
-442
-463
-554
-645
-561
-265
-8
-74
-392
-599
-453
-199
-121
-173
-188
-213
-350
-338
-87
132
57
-220
-311
-130
159
250
66
-42
64
233
263
145
75
83
191
318
351
261
40
-106
-64
135
294
236
77
-70
-86
20
142
223
179
103
89
156
296
407
460
462
439
474
530
586
642
666
675
657
652
667
679
696
658
593
552
565
614
631
613
536
464
433
455
513
522
476
388
336
345
376
389
362
313
264
217
173
136
112
100
91
56
-8
-87
-159
-197
-201
-203
-238
-295
-333
-359
-373
-383
-400
-423
-459
-489
-509
-520
-530
-540
-546
-542
-526
-539
-591
-644
-618
-533
-518
-607
-691
-666
-591
-562
-590
-646
-681
-642
-495
-325
-270
-396
-568
-594
-459
-279
-171
-128
-176
-305
-457
-474
-231
46
79
-124
-279
-251
-124
25
139
154
59
-48
-112
-58
91
244
326
303
232
126
71
118
258
393
409
285
120
81
162
313
405
390
345
353
413
407
362
330
348
405
440
385
262
170
173
238
325
378
324
230
170
215
258
242
251
290
360
360
305
247
216
235
267
314
329
291
220
173
208
280
309
272
229
227
224
208
199
218
232
203
133
71
47
50
60
52
23
-34
-87
-99
-65
-26
-40
-106
-178
-202
-184
-173
-195
-226
-256
-291
-323
-346
-342
-318
-298
-296
-313
-332
-354
-374
-359
-322
-297
-310
-348
-375
-383
-387
-393
-396
-416
-437
-411
-351
-321
-350
-374
-335
-287
-259
-261
-279
-272
-250
-187
-84
-8
-44
-215
-344
-258
-10
170
140
-12
-134
-153
-91
49
205
297
252
67
-100
-151
-20
199
354
370
191
-69
-196
3
411
615
418
80
-36
100
244
314
378
409
333
128
-13
1
113
236
288
300
230
87
-3
73
323
503
444
267
160
194
248
276
298
262
162
60
58
115
128
97
60
54
39
6
4
67
154
149
34
-85
-91
19
136
174
104
-31
-128
-132
-50
26
23
-17
-41
-30
-37
-81
-126
-122
-60
-18
-46
-136
-205
-201
-145
-80
-67
-107
-152
-163
-128
-82
-53
-49
-58
-72
-101
-131
-133
-103
-63
-45
-62
-98
-115
-115
-113
-115
-106
-91
-97
-104
-106
-97
-85
-81
-71
-67
-74
-95
-105
-89
-49
-3
15
-16
-76
-105
-89
-52
-27
-19
-26
-48
-66
-61
-34
-12
-1
5
21
15
-6
-12
-8
0
-22
-38
-26
9
46
45
18
-9
-6
35
80
101
76
13
-33
5
109
148
82
-3
-23
13
29
29
42
67
60
-4
-38
-2
67
91
54
14
-13
-23
-32
1
73
106
56
-13
14
88
129
130
128
133
52
-73
-130
-62
62
99
58
12
-11
-23
-14
64
183
240
174
61
3
23
66
92
117
125
85
-6
-64
-39
34
90
110
115
75
2
-50
-38
30
79
76
27
-11
-21
-7
13
28
30
-2
-50
-76
-44
3
20
5
-12
-17
-27
-45
-58
-54
-40
-26
-31
-56
-88
-106
-96
-82
-77
-91
-118
-127
-110
-81
-49
-38
-50
-68
-82
-67
-56
-65
-84
-87
-50
-25
-35
-72
-94
-79
-62
-68
-79
-54
-15
1
-25
-66
-64
-21
18
20
1
7
22
25
9
2
21
38
33
-5
-48
-68
-38
12
39
34
14
8
11
18
33
56
74
67
49
31
28
32
27
20
14
27
42
40
30
13
25
60
95
84
11
-60
-66
13
107
135
88
4
-41
-14
51
95
91
64
45
39
32
25
14
10
11
14
8
-17
-27
-3
49
81
63
5
-47
-36
9
47
37
11
-3
-19
-30
-48
-35
-4
20
15
-16
-29
-24
-1
18
40
47
29
-3
-41
-47
-36
-15
7
18
10
-44
-96
-103
-45
52
102
88
26
-26
-32
-13
17
23
-2
-34
-55
-53
-48
-36
-12
7
3
-18
-32
-16
17
36
22
-6
-21
-22
-6
18
40
47
30
4
-18
-13
7
17
7
-23
-51
-59
-37
-3
8
-12
-50
-73
-77
-53
-11
16
21
-19
-80
-119
-103
-45
-12
-29
-71
-78
-35
3
6
-10
-8
-2
-16
-39
-49
-30
-15
-19
-27
-29
-26
-44
-50
-15
42
74
55
29
31
63
84
64
36
33
51
64
48
29
25
51
79
71
38
-3
-4
35
82
93
54
1
-30
-19
7
34
40
19
2
13
50
75
71
53
40
35
17
-12
-22
-7
23
49
45
13
-20
-26
-4
8
2
-9
0
15
5
-30
-62
-70
-60
-53
-62
-71
-55
-24
-1
-2
-14
-16
1
25
32
28
24
33
39
24
-4
-35
-45
-36
-17
-2
5
8
12
9
1
1
11
26
24
6
-7
-13
-6
2
3
-6
-13
-9
-3
14
27
32
28
14
-5
-21
-21
-3
13
8
-21
-50
-60
-54
-40
-36
-38
-44
-53
-48
-34
-11
12
25
27
7
-25
-42
-37
-21
-22
-46
-63
-57
-38
-27
-27
-27
-20
-13
-21
-37
-32
-5
21
18
-19
-50
-54
-36
-19
-14
-9
-9
-10
-1
18
39
40
27
22
34
53
63
67
72
68
45
15
3
14
36
50
53
41
16
-4
-4
18
45
62
67
65
56
38
22
25
48
79
94
88
63
32
13
20
45
65
65
45
20
12
20
31
43
46
45
32
12
-1
-9
-6
-1
-2
-11
-28
-36
-34
-26
-28
-45
-61
-80
-90
-96
-93
-89
-94
-106
-121
-122
-110
-99
-94
-99
-98
-87
-76
-59
-43
-34
-42
-59
-72
-67
-44
-26
-20
-29
-29
-14
6
21
30
33
36
38
38
39
40
45
52
57
54
49
48
62
87
112
125
113
93
81
77
77
75
76
70
54
39
28
25
21
11
-1
-11
-23
-42
-56
-70
-74
-74
-72
-67
-65
-62
-61
-53
-42
-30
-21
-15
-8
-1
5
4
-4
-13
-19
-16
-10
-8
-11
-17
-14
-3
8
9
1
0
16
36
55
57
47
36
26
27
31
36
37
26
14
7
6
11
22
30
36
39
35
26
7
-11
-22
-30
-30
-29
-25
-23
-22
-18
-15
-11
-5
-5
-6
-11
-11
-8
1
8
12
18
20
16
7
2
8
19
28
24
13
-1
-15
-21
-18
-3
12
16
4
-16
-29
-23
-1
16
17
4
-16
-32
-41
-39
-31
-21
-19
-33
-56
-73
-74
-62
-43
-28
-20
-23
-32
-43
-47
-44
-36
-29
-22
-21
-21
-22
-19
-12
-4
8
19
26
28
33
37
38
36
28
18
11
14
24
37
47
52
55
56
51
41
38
38
41
41
37
36
37
39
35
30
25
23
24
27
32
31
25
13
-1
-11
-12
-4
10
20
13
3
-5
-8
-13
-14
-10
-1
-1
-12
-25
-28
-25
-23
-19
-18
-17
-20
-29
-40
-47
-48
-46
-36
-23
-14
-13
-16
-15
-12
-8
-8
-11
-11
-11
-10
-14
-20
-21
-12
5
18
19
19
16
14
14
15
13
11
9
5
0
-4
-4
0
5
5
1
-1
2
6
9
5
-2
-7
-9
-11
-9
-8
-5
-3
-5
-7
-7
-8
-7
-8
-8
-4
7
19
25
24
18
13
9
7
8
9
10
11
9
7
0
-2
-1
4
9
8
4
-1
-4
-4
1
3
1
-5
-8
-3
9
24
28
28
23
19
15
9
5
4
-2
-10
-15
-11
-5
0
-1
-6
-7
-4
2
5
5
0
-6
-15
-23
-29
-27
-15
-2
0
-2
-6
-6
-7
-7
-8
-6
0
5
6
-2
-10
-19
-20
-18
-14
-10
-11
-15
-19
-22
-23
-25
-20
-11
-4
-1
-4
-5
-1
7
13
15
13
10
9
8
9
8
9
4
-3
-6
-9
-12
-13
-11
-6
-3
1
4
6
2
-1
1
8
13
14
13
10
9
8
5
5
4
4
8
13
15
11
1
-12
-23
-27
-23
-12
2
11
14
14
9
5
4
7
9
8
8
8
12
17
18
14
10
10
11
14
15
10
8
9
12
17
24
24
23
21
15
11
10
11
12
14
20
25
26
22
13
6
6
8
9
6
3
-2
-3
1
10
17
15
6
-3
-10
-11
-8
-5
-4
-9
-18
-30
-39
-42
-38
-29
-25
-26
-29
-38
-45
-49
-49
-47
-47
-48
-55
-61
-66
-67
-62
-54
-45
-38
-34
-35
-40
-42
-43
-37
-27
-14
-4
-3
-1
4
7
10
13
17
26
35
40
38
36
32
29
30
35
40
46
47
45
43
39
44
52
58
59
53
47
44
40
34
27
19
16
16
17
20
24
22
16
7
1
-5
-4
2
8
14
13
6
-1
-6
-5
1
8
11
10
7
7
10
14
20
26
27
23
15
7
-2
-3
0
6
11
10
6
-1
-7
-14
-16
-16
-15
-12
-12
-11
-13
-17
-21
-22
-24
-23
-19
-19
-21
-26
-32
-35
-35
-34
-36
-39
-43
-47
-52
-50
-48
-43
-38
-36
-36
-37
-37
-36
-37
-35
-33
-32
-33
-33
-30
-27
-23
-21
-21
-22
-20
-18
-14
-11
-7
-4
-1
4
8
12
18
23
25
26
28
35
42
48
55
58
58
56
55
55
61
70
79
83
79
73
62
50
42
37
37
37
39
42
43
44
41
34
29
26
22
19
15
12
9
10
11
10
8
1
-9
-18
-24
-27
-30
-32
-31
-30
-29
-33
-40
-46
-47
-44
-42
-40
-44
-49
-50
-52
-54
-54
-54
-52
-47
-44
-43
-43
-40
-39
-42
-44
-47
-44
-42
-37
-30
-23
-19
-15
-14
-15
-14
-11
-6
2
10
17
23
25
27
28
30
35
42
46
47
44
41
37
35
34
37
42
44
45
44
44
49
51
47
41
30
20
13
14
18
18
13
7
4
6
12
17
20
23
18
10
3
0
0
2
2
0
-6
-11
-17
-20
-18
-16
-15
-16
-21
-22
-20
-17
-16
-21
-25
-30
-35
-37
-37
-35
-35
-35
-36
-35
-33
-34
-34
-34
-36
-40
-42
-40
-37
-31
-25
-19
-13
-9
-6
-11
-15
-17
