2
-4
-9
-10
-9
-5
-2
2
5
8
10
8
7
1
-4
-9
-12
-8
0
7
10
8
4
2
0
-1
-2
0
2
4
2
-2
-3
-2
0
0
0
0
0
0
-2
-3
-4
-6
-6
-7
-1
8
13
14
9
6
0
-8
-15
-18
-12
-4
0
1
6
10
11
5
-4
-8
-9
-8
-6
-5
-3
2
5
8
12
12
9
2
-3
-10
-14
-12
-7
1
10
15
14
11
7
2
-2
-7
-10
-12
-13
-12
-5
6
14
13
9
3
2
2
0
-2
-4
-4
-4
-1
4
8
9
6
0
-4
-6
-8
-9
-5
1
3
1
-2
-1
1
4
2
0
0
-2
-4
-7
-6
-2
1
1
1
1
5
6
4
3
2
1
-1
-2
-1
1
3
3
2
1
3
3
2
0
-2
-2
-2
2
6
10
8
-1
-8
-11
-10
-5
-3
0
3
4
2
-5
-10
-11
-5
0
3
3
1
1
0
0
1
0
-2
-6
-9
-5
0
4
5
4
3
0
0
-1
-1
-2
1
1
-1
-1
0
2
4
4
6
4
2
-2
-4
-2
0
0
-1
-1
2
5
4
1
-1
-2
-5
-7
-8
-5
0
4
3
3
5
7
7
5
4
4
1
-2
-3
-1
3
4
3
2
3
5
5
3
2
1
0
-3
-6
-7
-6
-3
-1
2
1
0
-1
-2
-2
-2
-4
-6
-8
-8
-3
2
2
-1
-3
-2
0
2
0
-5
-7
-9
-6
-2
0
2
3
1
0
2
3
5
3
0
0
0
-1
-1
-1
2
5
6
6
6
5
3
-1
-5
-5
-3
0
2
5
7
6
3
0
-2
-3
-2
2
3
4
2
0
-1
0
2
3
4
3
1
-1
-4
-3
0
2
2
1
2
2
3
1
-2
-5
-6
-7
-7
-3
1
4
6
3
0
-2
-2
-1
-1
1
2
3
1
-2
-4
-2
-2
-1
-3
-5
-6
-6
-4
-1
-1
-3
-6
-6
-5
-5
-2
0
1
-1
-2
-2
-2
0
1
4
4
5
2
0
1
2
3
2
-3
-6
-7
-5
-3
-3
-6
-4
-2
-1
0
3
4
2
0
-2
1
3
4
4
5
6
6
5
4
5
8
8
6
0
-2
-1
1
5
9
11
11
9
8
8
7
6
7
8
11
17
17
15
13
13
13
12
8
4
4
5
5
2
-4
-6
-6
-4
0
2
-2
-11
-19
-22
-22
-21
-24
-28
-28
-21
-15
-13
-16
-19
-19
-18
-21
-28
-37
-41
-39
-36
-32
-28
-25
-22
-19
-14
-10
-9
-13
-13
-11
-5
2
6
9
9
8
9
10
9
8
7
3
1
-3
-3
-4
-1
5
15
21
23
21
17
18
18
21
24
28
33
42
54
65
72
73
70
67
65
64
60
52
46
43
43
45
49
52
54
52
49
44
41
36
29
21
17
16
15
11
5
-1
-5
-10
-13
-14
-12
-10
-7
-6
-6
-6
-12
-22
-32
-33
-38
-64
-118
-190
-251
-281
-284
-271
-252
-225
-189
-144
-95
-41
5
36
46
40
27
10
-8
-20
-15
3
26
46
58
66
75
73
63
37
3
-29
-51
-58
-53
-38
-22
-5
18
47
75
93
97
92
82
71
62
55
52
53
64
82
104
123
133
132
119
95
67
38
10
-32
-93
-164
-210
-204
-158
-100
-53
-9
34
78
112
131
137
128
100
67
40
33
38
49
62
82
103
112
105
83
63
41
10
-34
-72
-91
-91
-72
-42
-8
24
41
50
56
58
45
12
-29
-58
-66
-60
-50
-37
-18
7
27
39
36
18
-17
-65
-111
-148
-172
-180
-176
-155
-117
-63
-9
30
46
42
23
-3
-29
-51
-65
-72
-65
-42
-8
29
59
78
85
76
51
15
-25
-70
-116
-159
-191
-205
-202
-186
-161
-128
-89
-46
-6
29
55
70
75
73
67
61
61
64
73
91
109
125
137
138
129
108
75
30
-15
-52
-72
-78
-70
-51
-25
4
30
56
79
84
54
-21
-117
-187
-205
-180
-139
-89
-24
65
164
255
322
351
335
278
202
126
61
8
-26
-32
-6
40
84
111
127
140
142
119
70
12
-39
-67
-70
-49
-12
30
67
102
136
154
141
95
34
-22
-60
-84
-95
-95
-84
-63
-31
5
48
92
132
166
190
196
184
140
38
-147
-410
-693
-913
-1022
-1037
-1006
-956
-869
-728
-531
-314
-121
16
82
96
84
75
83
103
137
198
290
401
511
589
626
616
558
445
280
81
-119
-287
-399
-445
-435
-385
-297
-176
-28
113
209
252
249
225
205
194
192
200
230
301
414
548
673
755
781
749
670
546
384
191
-6
-181
-309
-381
-405
-389
-351
-291
-224
-161
-115
-99
-109
-136
-162
-177
-176
-151
-97
-16
84
186
277
342
377
369
296
141
-82
-311
-492
-608
-667
-671
-612
-492
-328
-150
19
148
214
214
168
98
25
-43
-93
-107
-67
25
142
256
352
426
454
417
321
191
44
-104
-231
-315
-344
-323
-272
-192
-81
32
112
141
126
88
40
-16
-75
-120
-140
-128
-82
-4
91
174
223
232
204
153
78
-15
-119
-206
-269
-309
-325
-302
-231
-131
-22
71
151
213
250
249
193
76
-89
-260
-412
-541
-648
-726
-750
-706
-604
-467
-320
-180
-56
43
108
140
137
114
94
97
140
219
311
402
487
570
640
676
665
605
503
374
230
91
-26
-115
-171
-186
-156
-94
-17
53
106
139
152
142
110
66
24
0
5
35
69
81
41
-51
-167
-261
-307
-302
-270
-237
-188
-101
33
188
328
417
453
439
384
307
221
138
65
11
-14
-14
6
38
71
111
149
161
140
91
27
-35
-74
-91
-81
-55
-26
2
36
71
88
79
50
19
-6
-28
-50
-65
-62
-39
11
78
158
240
302
338
361
387
424
467
514
527
426
103
-492
-1249
-1978
-2524
-2876
-3102
-3235
-3222
-2982
-2493
-1809
-1063
-385
137
493
726
877
959
968
932
910
968
1121
1332
1553
1747
1896
1968
1923
1717
1338
822
233
-350
-865
-1277
-1577
-1736
-1714
-1496
-1118
-662
-219
166
479
712
867
941
940
896
862
893
1015
1213
1440
1649
1810
1896
1893
1778
1531
1163
706
213
-268
-698
-1052
-1310
-1461
-1493
-1406
-1223
-992
-754
-540
-369
-251
-185
-160
-166
-222
-350
-552
-753
-822
-696
-419
-115
148
368
571
756
876
898
795
589
313
24
-213
-372
-482
-555
-563
-481
-321
-147
-17
59
108
131
117
60
-31
-127
-202
-223
-169
-41
114
254
368
473
547
543
427
216
-27
-245
-402
-490
-502
-444
-320
-131
102
354
574
742
873
986
1077
1109
1078
1023
1000
994
909
566
-161
-1221
-2387
-3371
-4023
-4371
-4546
-4602
-4460
-4000
-3184
-2140
-1075
-171
500
966
1294
1524
1659
1700
1687
1700
1804
2011
2271
2516
2699
2804
2796
2628
2259
1675
914
60
-775
-1504
-2078
-2483
-2679
-2621
-2297
-1765
-1131
-507
40
488
840
1097
1256
1322
1328
1342
1427
1607
1856
2121
2343
2488
2539
2480
2290
1938
1423
786
96
-580
-1182
-1682
-2090
-2417
-2676
-2824
-2807
-2612
-2314
-2011
-1742
-1458
-1103
-676
-236
148
461
726
985
1265
1560
1813
1971
2009
1936
1792
1572
1259
844
377
-77
-467
-792
-1068
-1297
-1454
-1531
-1512
-1397
-1226
-1051
-909
-773
-607
-403
-199
-39
80
195
334
507
681
825
922
978
1022
1051
1047
975
822
618
414
241
88
-74
-236
-346
-355
-245
-70
100
212
280
359
469
534
375
-161
-1085
-2187
-3177
-3859
-4232
-4423
-4486
-4357
-3902
-3080
-2003
-902
28
707
1174
1497
1706
1796
1751
1615
1487
1473
1614
1868
2146
2384
2559
2661
2653
2467
2046
1396
597
-226
-966
-1569
-2024
-2322
-2405
-2231
-1809
-1210
-555
55
565
965
1267
1460
1536
1508
1420
1350
1363
1479
1665
1875
2056
2186
2251
2220
2059
1733
1244
634
-33
-691
-1316
-1951
-2637
-3303
-3756
-3802
-3439
-2856
-2262
-1706
-1131
-498
141
681
1032
1172
1178
1143
1165
1271
1412
1495
1511
1530
1597
1657
1579
1302
882
405
-89
-590
-1087
-1543
-1922
-2156
-2178
-1979
-1645
-1296
-996
-702
-372
-52
166
226
172
105
88
137
247
405
587
788
1009
1243
1451
1549
1474
1240
913
552
203
-123
-393
-587
-660
-599
-411
-124
199
500
727
819
635
29
-1061
-2465
-3836
-4851
-5412
-5620
-5596
-5341
-4731
-3674
-2247
-722
621
1594
2195
2514
2647
2613
2402
2048
1673
1435
1445
1708
2112
2531
2872
3102
3191
3065
2652
1922
938
-155
-1195
-2062
-2715
-3130
-3274
-3107
-2596
-1798
-852
81
870
1467
1877
2117
2183
2080
1860
1625
1470
1459
1597
1829
2088
2326
2498
2570
2493
2209
1699
986
131
-858
-1983
-3148
-4141
-4711
-4767
-4427
-3877
-3190
-2356
-1397
-406
485
1137
1477
1537
1413
1230
1096
1040
1025
1063
1211
1487
1830
2087
2156
2033
1731
1244
573
-230
-1072
-1870
-2529
-2950
-3062
-2902
-2568
-2135
-1616
-999
-357
183
523
649
623
526
419
340
320
374
501
726
1051
1433
1768
1961
1962
1777
1465
1060
564
3
-586
-1098
-1409
-1459
-1262
-903
-477
-46
377
771
994
816
41
-1327
-3007
-4527
-5519
-5926
-5939
-5750
-5354
-4544
-3169
-1370
466
1931
2820
3207
3290
3199
2948
2496
1872
1247
865
881
1245
1785
2318
2752
3082
3284
3259
2887
2108
985
-295
-1501
-2467
-3151
-3550
-3641
-3377
-2716
-1728
-569
553
1476
2126
2514
2679
2634
2384
1979
1530
1173
1016
1085
1316
1616
1924
2192
2380
2435
2279
1855
1130
113
-1117
-2417
-3565
-4387
-4826
-4910
-4687
-4158
-3333
-2289
-1165
-114
735
1323
1650
1739
1650
1462
1229
1025
942
1041
1313
1666
1975
2167
2221
2107
1790
1251
516
-347
-1245
-2058
-2682
-3067
-3191
-3079
-2753
-2213
-1515
-759
-70
449
760
885
858
724
533
350
226
215
361
652
1031
1418
1734
1930
1984
1888
1619
1167
576
-72
-670
-1106
-1327
-1325
-1131
-813
-425
11
445
743
661
-24
-1331
-2952
-4407
-5360
-5815
-5986
-6011
-5777
-5030
-3644
-1809
61
1576
2566
3120
3409
3521
3422
3040
2395
1689
1193
1075
1300
1701
2122
2506
2855
3135
3245
3038
2415
1407
184
-1025
-2058
-2862
-3432
-3728
-3660
-3158
-2271
-1154
-7
993
1766
2314
2667
2820
2747
2453
2008
1568
1276
1190
1280
1471
1702
1929
2129
2262
2245
1991
1381
371
-912
-2265
-3426
-4265
-4787
-5025
-4998
-4629
-3881
-2820
-1578
-392
569
1260
1705
1965
2058
1978
1726
1385
1126
1059
1196
1443
1675
1843
1929
1917
1765
1427
863
80
-801
-1617
-2260
-2695
-2937
-2993
-2827
-2407
-1774
-1047
-355
198
562
762
844
826
703
504
300
190
267
531
916
1330
1696
1970
2135
2158
1989
1594
978
237
-443
-917
-1153
-1214
-1169
-1003
-684
-254
-9
-322
-1363
-2922
-4457
-5488
-5930
-6072
-6219
-6324
-6019
-4950
-3135
-1033
814
2105
2922
3520
4041
4394
4358
3843
3008
2209
1768
1740
1940
2142
2267
2395
2605
2849
2914
2580
1773
626
-593
-1667
-2525
-3212
-3735
-4000
-3854
-3212
-2166
-945
213
1180
1955
2593
3100
3413
3430
3149
2703
2275
2008
1927
1941
1968
1972
1983
2012
2022
1900
1434
562
-665
-2052
-3317
-4350
-5102
-5559
-5683
-5371
-4589
-3385
-1944
-525
724
1717
2439
2896
3068
2916
2479
1919
1416
1120
1065
1152
1302
1483
1667
1818
1860
1683
1206
450
-482
-1452
-2311
-2993
-3491
-3773
-3768
-3423
-2769
-1905
-1002
-194
463
939
1245
1373
1318
1103
786
496
350
418
667
999
1347
1657
1902
2038
2012
1792
1370
831
280
-212
-587
-849
-1042
-1183
-1423
-1972
-2957
-4265
-5475
-6195
-6342
-6193
-6086
-6027
-5692
-4730
-3136
-1290
337
1484
2255
2897
3549
4158
4482
4381
3954
3466
3199
3199
3296
3300
3152
2941
2781
2662
2450
1951
1082
-35
-1164
-2105
-2806
-3327
-3709
-3892
-3758
-3229
-2350
-1288
-243
665
1434
2110
2713
3188
3456
3490
3355
3182
3083
3069
3068
2996
2836
2617
2323
1917
1307
459
-589
-1721
-2791
-3704
-4376
-4809
-4997
-4900
-4490
-3763
-2803
-1740
-717
169
902
1490
1928
2186
2247
2167
2036
1957
1979
2086
2207
2263
2231
2123
1947
1660
1208
559
-242
-1081
-1850
-2487
-2960
-3249
-3347
-3249
-2952
-2474
-1889
-1275
-711
-227
175
491
717
839
888
927
1023
1200
1430
1711
1992
2216
2335
2296
2091
1744
1329
907
515
180
-164
-544
-940
-1390
-2025
-3095
-4660
-6410
-7787
-8371
-8258
-7877
-7528
-7103
-6167
-4473
-2228
-1
1708
2785
3470
4088
4724
5190
5248
4856
4251
3790
3680
3846
4012
3991
3777
3487
3232
2951
2444
1540
238
-1234
-2580
-3596
-4273
-4712
-4942
-4876
-4372
-3391
-2081
-677
607
1659
2495
3191
3778
4189
4335
4229
3965
3706
3573
3561
3576
3501
3297
3015
2683
2194
1396
193
-1326
-2896
-4276
-5328
-6045
-6445
-6502
-6144
-5298
-3998
-2438
-888
449
1512
2321
2933
3321
3383
3125
2683
2275
2068
2071
2211
2389
2522
2575
2545
2406
2057
1403
452
-674
-1783
-2748
-3516
-4085
-4428
-4489
-4250
-3705
-2909
-1988
-1095
-334
267
725
1062
1248
1280
1213
1144
1187
1390
1724
2095
2404
2599
2679
2673
2582
2386
2032
1494
837
142
-516
-1185
-2186
-3850
-6195
-8666
-10372
-10813
-10242
-9453
-8974
-8522
-7388
-5140
-2168
600
2437
3290
3715
4256
5023
5689
5811
5331
4628
4231
4421
4990
5460
5488
5106
4603
4178
3747
3007
1680
-204
-2269
-4004
-5129
-5719
-6021
-6162
-5991
-5269
-3926
-2167
-391
1060
2104
2879
3576
4232
4702
4819
4601
4265
4067
4124
4344
4505
4426
4008
3293
2439
1523
579
-472
-1712
-3065
-4294
-5128
-5523
-5572
-5387
-4998
-4349
-3413
-2258
-1093
-89
706
1288
1734
2124
2430
2591
2594
2545
2617
2872
3187
3368
3300
2994
2528
1989
1393
670
-222
-1258
-2292
-3141
-3688
-3950
-4032
-3974
-3748
-3326
-2693
-1948
-1229
-624
-177
175
501
812
1081
1250
1346
1441
1620
1932
2231
2398
2393
2252
2050
1807
1547
1245
904
546
133
-310
-733
-1190
-1925
-3289
-5340
-7631
-9388
-10055
-9770
-9163
-8746
-8352
-7328
-5248
-2369
474
2527
3650
4256
4858
5582
6117
6120
5519
4643
3999
3891
4222
4577
4629
4361
3990
3707
3442
2920
1866
248
-1639
-3324
-4503
-5201
-5618
-5881
-5862
-5302
-4079
-2381
-592
951
2123
3022
3811
4524
5031
5167
4924
4479
4081
3881
3848
3822
3565
2985
2186
1381
739
208
-422
-1327
-2449
-3492
-4203
-4563
-4674
-4693
-4631
-4337
-3673
-2685
-1567
-520
333
1015
1637
2285
2875
3214
3225
3033
2860
2828
2874
2850
2643
2234
1717
1231
797
318
-313
-1130
-1995
-2686
-3096
-3292
-3395
-3456
-3411
-3153
-2628
-1910
-1182
-579
-117
284
717
1161
1498
1642
1625
1581
1627
1765
1904
1942
1876
1744
1603
1508
1422
1302
1084
746
355
-107
-826
-2161
-4304
-6890
-9122
-10311
-10414
-10020
-9673
-9362
-8519
-6624
-3782
-714
1725
3189
3979
4594
5276
5849
5959
5465
4585
3835
3610
3915
4421
4747
4763
4610
4479
4368
4029
3145
1602
-365
-2310
-3842
-4860
-5537
-6009
-6196
-5867
-4856
-3261
-1421
295
1657
2692
3538
4265
4783
4936
4681
4170
3667
3395
3393
3498
3489
3148
2511
1757
1070
495
-164
-1029
-2123
-3201
-3978
-4352
-4381
-4261
-4040
-3650
-2991
-2055
-1031
-98
595
1046
1380
1702
2042
2257
2263
2126
2021
2109
2351
2584
2649
2471
2102
1640
1162
646
-23
-874
-1790
-2573
-3060
-3265
-3299
-3252
-3124
-2840
-2359
-1714
-1036
-454
-26
288
563
832
1052
1188
1252
1279
1359
1501
1687
1841
1900
1851
1706
1530
1328
1112
844
495
100
-310
-801
-1671
-3252
-5513
-7906
-9589
-10082
-9659
-9039
-8665
-8251
-7105
-4844
-1848
958
2840
3761
4239
4785
5450
5886
5749
5040
4157
3584
3589
4015
4428
4512
4278
3983
3781
3572
3042
1914
219
-1686
-3333
-4444
-5070
-5462
-5728
-5689
-5053
-3723
-1933
-120
1357
2423
3221
3922
4555
4965
4968
4573
4001
3538
3325
3258
3080
2640
2008
1389
937
561
52
-712
-1652
-2550
-3216
-3556
-3671
-3726
-3760
-3649
-3221
-2437
-1446
-513
196
731
1240
1787
2289
2588
2614
2443
2245
2186
2284
2394
2338
2064
1690
1336
1025
662
104
-663
-1498
-2217
-2718
-3002
-3144
-3229
-3226
-3064
-2658
-2038
-1340
-691
-171
275
687
1050
1304
1401
1393
1362
1373
1464
1630
1819
1943
1955
1886
1808
1715
1556
1256
782
206
-489
-1491
-3123
-5449
-8015
-10001
-10795
-10499
-9788
-9255
-8790
-7707
-5523
-2504
457
2537
3590
4094
4606
5257
5755
5745
5155
4318
3746
3757
4254
4810
5034
4886
4577
4294
4002
3433
2299
552
-1498
-3347
-4645
-5387
-5810
-6063
-6026
-5434
-4144
-2338
-437
1180
2368
3236
3970
4624
5070
5137
4805
4270
3809
3610
3590
3485
3036
2251
1448
901
622
316
-319
-1276
-2290
-3030
-3375
-3450
-3487
-3618
-3707
-3512
-2893
-1951
-995
-255
238
668
1224
1850
2367
2599
2549
2421
2409
2555
2710
2678
2367
1862
1348
940
575
86
-629
-1472
-2215
-2680
-2885
-2963
-3032
-3086
-3022
-2726
-2146
-1417
-740
-258
49
338
693
1071
1306
1331
1221
1098
1109
1240
1406
1492
1431
1298
1189
1159
1152
1030
743
279
-365
-1240
-2538
-4380
-6573
-8558
-9738
-9942
-9488
-8876
-8256
-7294
-5582
-3081
-316
1971
3401
4127
4590
5038
5397
5433
5010
4303
3666
3420
3630
4071
4418
4489
4347
4124
3845
3379
2520
1163
-566
-2337
-3781
-4716
-5223
-5461
-5456
-5040
-4063
-2576
-848
780
2081
3035
3752
4318
4711
4824
4598
4139
3664
3357
3223
3095
2802
2319
1780
1301
899
413
-284
-1135
-2035
-2829
-3426
-3787
-3946
-3985
-3867
-3503
-2827
-1910
-929
-54
623
1182
1691
2112
2381
2458
2396
2283
2209
2216
2273
2284
2159
1911
1610
1293
920
424
-243
-1021
-1761
-2354
-2783
-3068
-3193
-3186
-3055
-2748
-2260
-1646
-1006
-437
53
478
863
1174
1352
1421
1421
1416
1433
1496
1584
1607
1530
1361
1182
1052
926
730
352
-299
-1295
-2732
-4609
-6711
-8587
-9807
-10243
-10109
-9676
-9012
-7900
-6088
-3641
-992
1276
2860
3873
4597
5191
5597
5655
5304
4723
4204
3971
4076
4366
4611
4684
4599
4418
4112
3550
2592
1198
-488
-2192
-3631
-4678
-5354
-5704
-5712
-5257
-4263
-2820
-1150
460
1841
2960
3859
4549
4978
5097
4908
4494
3934
3328
2783
2347
2082
1933
1792
1618
1417
1227
956
502
-142
-940
-1804
-2624
-3332
-3873
-4192
-4216
-3928
-3342
-2507
-1514
-484
462
1271
1927
2428
2724
2785
2647
2394
2110
1851
1641
1462
1288
1119
928
696
432
78
-419
-1024
-1652
-2207
-2642
-2943
-3102
-3113
-2950
-2612
-2110
-1482
-815
-185
341
769
1089
1310
1409
1356
1222
1092
1050
1092
1152
1179
1110
993
864
751
645
454
130
-435
-1300
-2522
-4123
-5925
-7586
-8788
-9359
-9394
-9051
-8380
-7307
-5687
-3578
-1272
825
2457
3619
4419
4976
5308
5355
5103
4651
4205
3938
3913
4066
4246
4362
4373
4259
3990
3466
2610
1404
-58
-1578
-2960
-4064
-4841
-5293
-5364
-4990
-4150
-2924
-1459
42
1403
2548
3468
4167
4608
4766
4664
4381
4047
3718
3371
3001
2573
2139
1737
1362
998
570
73
-504
-1141
-1795
-2416
-2966
-3415
-3702
-3789
-3648
-3265
-2686
-1982
-1229
-452
331
1075
1711
2178
2459
2576
2588
2552
2494
2386
2219
1990
1719
1429
1108
750
304
-240
-822
-1393
-1897
-2309
-2613
-2797
-2849
-2749
-2490
-2123
-1689
-1207
-732
-265
186
597
927
1143
1285
1390
1504
1628
1733
1779
1706
1543
1356
1198
1071
879
559
115
-464
-1327
-2708
-4654
-6821
-8635
-9668
-9935
-9820
-9599
-9158
-8103
-6209
-3714
-1177
885
2350
3424
4349
5169
5708
5771
5387
4807
4360
4238
4400
4636
4750
4704
4558
4373
4102
3576
2611
1179
-504
-2133
-3480
-4493
-5241
-5748
-5897
-5521
-4547
-3112
-1487
67
1421
2573
3548
4315
4766
4829
4547
4075
3598
3235
2993
2828
2686
2559
2486
2474
2432
2220
1734
974
28
-991
-1981
-2900
-3701
-4318
-4659
-4639
-4233
-3499
-2560
-1552
-549
415
1293
2012
2486
2677
2626
2444
2240
2056
1890
1735
1579
1429
1300
1187
1029
754
316
-260
-885
-1476
-1998
-2448
-2804
-3030
-3070
-2902
-2538
-2035
-1456
-851
-266
291
764
1106
1288
1337
1367
1403
1449
1462
1425
1366
1299
1223
1088
881
605
249
-259
-1042
-2219
-3830
-5674
-7406
-8711
-9423
-9603
-9410
-8900
-7973
-6485
-4456
-2161
8
1775
3093
4074
4826
5348
5550
5382
4965
4523
4256
4222
4335
4460
4509
4464
4323
4049
3565
2773
1632
225
-1272
-2661
-3814
-4690
-5273
-5505
-5306
-4631
-3511
-2108
-625
774
1995
3013
3778
4232
4337
4132
3735
3275
2860
2521
2290
2172
2143
2186
2267
2319
2246
1955
1431
700
-183
-1156
-2154
-3090
-3867
-4332
-4416
-4134
-3551
-2756
-1789
-748
282
1227
1975
2462
2660
2623
2446
2188
1904
1608
1347
1173
1097
1096
1108
1066
928
664
285
-184
-704
-1231
-1740
-2179
-2491
-2651
-2641
-2483
-2161
-1687
-1102
-470
116
623
1012
1267
1410
1475
1499
1464
1335
1097
831
643
546
481
331
39
-434
-1167
-2231
-3635
-5192
-6603
-7657
-8325
-8695
-8760
-8399
-7491
-6029
-4203
-2275
-475
1106
2474
3616
4492
5021
5168
5001
4673
4348
4111
3989
3949
3939
3931
3906
3832
3646
3248
2556
1568
380
-863
-2032
-3059
-3915
-4533
-4815
-4664
-4068
-3112
-1936
-675
572
1730
2750
3556
4100
4320
4117
3559
2805
2108
1683
1513
1468
1391
1350
1467
1729
2016
2123
1919
1361
566
-300
-1173
-2004
-2767
-3399
-3800
-3823
-3399
-2638
-1718
-775
143
1028
1808
2369
2638
2590
2286
1863
1467
1153
901
682
493
388
418
552
654
601
386
38
-371
-775
-1181
-1580
-1966
-2253
-2339
-2172
-1782
-1267
-730
-243
202
620
993
1238
1297
1191
984
724
470
240
37
-123
-230
-267
-233
-210
-414
-1086
-2292
-3812
-5242
-6280
-6936
-7416
-7834
-8025
-7654
-6526
-4795
-2882
-1139
338
1640
2866
3965
4738
5024
4855
4423
3957
3633
3472
3371
3261
3162
3141
3225
3343
3327
3002
2306
1339
282
-737
-1691
-2603
-3435
-4048
-4267
-3993
-3295
-2335
-1274
-217
810
1768
2604
3230
3550
3548
3281
2899
2529
2245
2042
1890
1790
1763
1836
1961
2029
1937
1609
1055
345
-425
-1196
-1949
-2652
-3231
-3576
-3604
-3309
-2757
-2057
-1290
-506
248
923
1452
1766
1857
1766
1571
1361
1189
1053
945
878
877
943
1039
1093
1027
818
504
129
-260
-649
-1042
-1410
-1718
-1883
-1848
-1613
-1238
-829
-428
-55
302
628
882
1013
993
896
790
746
765
773
719
588
427
213
-198
-983
-2216
-3692
-5054
-6057
-6696
-7179
-7602
-7799
-7482
-6492
-5005
-3382
-1909
-669
464
1566
2572
3345
3756
3825
3689
3533
3479
3531
3613
3647
3628
3615
3649
3682
3565
3156
2408
1432
405
-564
-1454
-2295
-3076
-3655
-3885
-3697
-3152
-2394
-1557
-722
88
875
1602
2215
2640
2821
2794
2671
2579
2576
2622
2656
2663
2670
2692
2712
2658
2443
2023
1405
663
-120
-874
-1574
-2213
-2739
-3068
-3118
-2904
-2509
-2012
-1464
-861
-230
367
848
1171
1337
1383
1386
1395
1413
1403
1362
1309
1287
1314
1330
1264
1070
757
379
-31
-453
-882
-1304
-1667
-1925
-2040
-1998
-1825
-1557
-1246
-929
-613
-313
-53
150
268
306
304
298
327
370
382
359
295
252
206
24
-490
-1432
-2659
-3908
-4915
-5630
-6190
-6684
-7049
-7042
-6468
-5374
-4000
-2627
-1395
-263
840
1900
2789
3368
3608
3605
3515
3470
3505
3566
3591
3576
3556
3577
3622
3585
3340
2822
2072
1207
331
-527
-1366
-2166
-2832
-3229
-3277
-2978
-2448
-1793
-1088
-379
324
988
1587
2063
2370
2498
2492
2456
2463
2511
2564
2598
2624
2644
2661
2634
2478
2145
1642
1021
349
-331
-985
-1599
-2150
-2554
-2729
-2660
-2409
-2037
-1584
-1068
-509
36
522
883
1096
1193
1216
1217
1226
1225
1203
1167
1151
1167
1170
1118
982
771
507
197
-144
-522
-906
-1246
-1517
-1686
-1747
-1720
-1617
-1455
-1226
-939
-636
-374
-183
-54
35
85
86
55
16
0
11
-9
-133
-489
-1154
-2113
-3200
-4166
-4899
-5435
-5914
-6345
-6546
-6305
-5542
-4422
-3215
-2088
-1066
-62
956
1891
2608
3029
3197
3238
3283
3371
3464
3507
3486
3460
3475
3516
3505
3335
2947
2346
1614
850
92
-676
-1447
-2151
-2659
-2857
-2750
-2403
-1908
-1320
-647
92
812
1392
1760
1939
2038
2161
2307
2395
2393
2369
2412
2562
2779
2963
3029
2931
2678
2297
1808
1225
547
-221
-1006
-1689
-2171
-2414
-2478
-2402
-2178
-1799
-1292
-730
-203
226
528
723
852
933
966
938
865
803
797
860
939
988
975
897
773
611
399
131
-201
-578
-937
-1228
-1436
-1572
-1639
-1628
-1518
-1295
-1002
-708
-490
-362
-289
-244
-197
-159
-156
-187
-247
-285
-272
-261
-391
-831
-1643
-2704
-3748
-4565
-5143
-5615
-6072
-6422
-6422
-5905
-4914
-3700
-2528
-1482
-497
504
1492
2341
2923
3189
3232
3198
3190
3245
3300
3294
3244
3227
3290
3386
3389
3167
2697
2054
1341
633
-71
-817
-1566
-2198
-2586
-2661
-2464
-2076
-1589
-1054
-468
177
867
1517
2030
2345
2496
2591
2691
2794
2856
2850
2800
2739
2697
2662
2570
2368
2040
1592
1081
542
-21
-613
-1214
-1738
-2090
-2240
-2214
-2067
-1835
-1504
-1068
-567
-64
369
676
855
941
988
1022
1026
974
880
793
751
739
721
672
574
432
265
71
-147
-405
-700
-999
-1238
-1378
-1433
-1424
-1365
-1243
-1043
-804
-595
-445
-344
-249
-169
-140
-175
-243
-300
-337
-350
-361
-410
-573
-988
-1725
-2706
-3724
-4560
-5166
-5618
-5982
-6193
-6093
-5566
-4642
-3497
-2319
-1200
-144
847
1737
2453
2934
3169
3214
3153
3064
3004
2969
2936
2910
2908
2945
2983
2932
2719
2325
1801
1199
559
-107
-790
-1437
-1960
-2276
-2333
-2155
-1786
-1289
-740
-162
423
1004
1553
2013
2342
2535
2646
2717
2755
2750
2691
2603
2499
2398
2291
2142
1930
1646
1302
890
427
-72
-590
-1080
-1489
-1767
-1897
-1898
-1792
-1574
-1245
-835
-394
31
403
681
862
967
1010
1011
957
835
689
568
487
425
355
273
183
92
-4
-119
-250
-420
-626
-842
-1019
-1120
-1155
-1119
-1035
-915
-764
-592
-398
-206
-46
52
80
35
-41
-107
-165
-232
-313
-370
-372
-413
-659
-1258
-2208
-3281
-4189
-4804
-5232
-5610
-5943
-6047
-5736
-4972
-3889
-2716
-1599
-569
405
1315
2086
2644
2962
3056
2997
2897
2828
2761
2666
2557
2497
2534
2625
2656
2532
2235
1818
1343
831
260
-371
-1012
-1566
-1913
-2018
-1919
-1680
-1322
-833
-250
355
910
1361
1718
2020
2279
2453
2502
2463
2388
2319
2258
2199
2123
2026
1904
1741
1520
1254
945
576
142
-331
-780
-1154
-1438
-1622
-1683
-1607
-1408
-1114
-749
-349
47
407
697
898
995
998
938
826
686
552
444
367
315
281
265
231
166
69
-50
-178
-337
-536
-746
-943
-1107
-1212
-1242
-1201
-1085
-908
-687
-440
-201
-5
96
98
31
-73
-229
-416
-595
-741
-813
-831
-810
-768
-671
-534
-486
-694
-1281
-2131
-3002
-3662
-4104
-4462
-4797
-5021
-4944
-4463
-3629
-2595
-1525
-499
449
1283
1966
2436
2672
2661
2476
2221
2001
1842
1677
1525
1463
1559
1763
1962
2070
2053
1944
1769
1523
1168
691
148
-373
-767
-974
-1020
-951
-782
-488
-74
394
843
1203
1484
1701
1854
1925
1881
1758
1609
1472
1363
1279
1208
1153
1117
1104
1093
1036
918
736
508
255
-5
-260
-498
-700
-817
-832
-739
-561
-328
-69
177
396
562
657
668
606
502
368
214
60
-72
-161
-184
-149
-91
-46
-37
-62
-99
-162
-264
-419
-609
-796
-951
-1054
-1093
-1058
-976
-868
-747
-623
-509
-416
-367
-370
-430
-533
-671
-833
-993
-1120
-1189
-1214
-1193
-1152
-1069
-929
-722
-455
-263
-275
-585
-1121
-1730
-2251
-2617
-2901
-3144
-3329
-3325
-3058
-2546
-1859
-1104
-345
365
990
1493
1825
1974
1950
1791
1576
1354
1161
974
830
803
925
1156
1394
1577
1687
1744
1756
1713
1582
1337
996
624
299
73
-47
-80
-45
53
236
474
720
938
1117
1249
1313
1322
1282
1204
1092
954
817
685
596
552
548
569
596
647
689
690
633
525
391
242
111
-16
-143
-259
-339
-343
-274
-153
-20
98
193
264
310
308
254
155
26
-101
-210
-285
-332
-351
-361
-364
-367
-378
-392
-423
-472
-546
-629
-709
-791
-863
-911
-909
-863
-787
-714
-653
-601
-541
-472
-418
-401
-429
-499
-586
-684
-789
-900
-1013
-1104
-1160
-1165
-1131
-1071
-973
-843
-670
-470
-271
-104
-41
-85
-268
-542
-861
-1158
-1402
-1634
-1795
-1869
-1786
-1563
-1230
-820
-380
75
483
815
1049
1183
1248
1240
1158
1017
844
693
584
545
579
678
813
944
1070
1189
1299
1365
1359
1285
1147
984
809
627
445
267
126
53
82
207
369
528
671
824
987
1112
1184
1182
1141
1077
1003
929
845
774
705
648
602
582
583
581
568
546
518
453
342
207
82
-1
-54
-85
-102
-107
-92
-63
-26
1
4
-14
-58
-112
-164
-226
-305
-399
-479
-532
-574
-606
-634
-640
-628
-618
-616
-647
-699
-759
-820
-871
-925
-970
-1013
-1052
-1076
-1087
-1066
-1021
-939
-840
-723
-599
-507
-467
-485
-538
-604
-669
-729
-795
-866
-927
-963
-938
-859
-737
-596
-442
-269
-92
62
178
269
312
280
148
-66
-313
-540
-707
-818
-872
-876
-823
-706
-520
-267
18
287
499
656
765
831
855
847
809
755
701
660
650
669
737
833
939
1033
1104
1151
1159
1134
1067
949
796
642
515
435
383
360
369
420
521
650
786
909
1009
1071
1081
1049
989
910
819
724
639
580
550
532
515
504
496
482
452
405
346
278
202
98
-25
-141
-240
-308
-347
-352
-336
-308
-275
-241
-218
-222
-256
-315
-378
-434
-485
-536
-588
-633
-659
-677
-680
-670
-665
-671
-696
-730
-768
-803
-837
-876
-918
-951
-969
-969
-934
-881
-813
-748
-680
-617
-551
-488
-451
-439
-459
-493
-538
-591
-626
-641
-645
-646
-648
-624
-567
-481
-392
-312
-243
-187
-144
-129
-123
-120
-111
-117
-139
-152
-134
-64
29
125
191
221
241
258
276
262
209
122
42
2
-3
18
39
68
116
184
270
363
467
578
684
761
799
799
777
751
749
779
820
857
895
945
1028
1125
1205
1246
1238
1211
1175
1137
1097
1048
1007
971
947
929
907
877
846
828
829
830
805
743
653
559
474
381
274
156
47
-40
-107
-158
-209
-254
-281
-301
-319
-352
-400
-450
-499
-539
-581
-626
-675
-728
-772
-810
-847
-890
-930
-968
-999
-1023
-1045
-1064
-1078
-1082
-1073
-1064
-1053
-1041
-1024
-1005
-988
-969
-946
-914
-888
-874
-872
-865
-849
-815
-779
-744
-703
-659
-601
-537
-475
-412
-374
-351
-336
-312
-272
-234
-195
-171
-147
-117
-81
-24
44
120
192
251
307
368
444
518
568
589
585
572
550
545
562
605
670
734
785
809
817
823
826
831
827
803
764
713
670
646
640
647
655
659
659
661
662
667
676
680
662
622
579
537
506
481
460
437
404
365
331
305
289
273
245
214
188
175
174
166
150
126
97
51
-1
-51
-96
-139
-175
-217
-256
-287
-313
-324
-331
-332
-336
-348
-361
-376
-385
-384
-385
-385
-381
-376
-368
-361
-351
-339
-328
-324
-332
-352
-382
-417
-450
-471
-481
-495
-520
-548
-565
-564
-559
-558
-561
-563
-549
-524
-494
-465
-439
-403
-368
-333
-310
-306
-310
-323
-327
-327
-329
-335
-357
-376
-394
-402
-406
-404
-396
-385
-362
-337
-297
-234
-143
-30
87
200
304
401
491
565
604
608
577
527
472
412
351
299
265
263
295
354
438
530
629
726
812
884
931
962
978
979
957
905
828
737
642
543
449
359
282
220
168
130
101
76
61
51
46
36
11
-31
-79
-119
-144
-158
-166
-166
-153
-128
-99
-71
-52
-35
-25
-28
-47
-75
-109
-132
-148
-157
-160
-166
-167
-165
-151
-125
-93
-61
-40
-29
-23
-28
-44
-80
-131
-183
-233
-276
-314
-348
-372
-386
-387
-375
-361
-349
-342
-327
-305
-274
-249
-233
-219
-210
-204
-197
-192
-182
-165
-149
-142
-144
-150
-153
-156
-157
-155
-161
-184
-220
-270
-325
-368
-395
-406
-404
-397
-375
-342
-298
-243
-172
-89
2
97
178
242
296
334
349
337
300
247
188
131
81
45
22
13
28
59
105
156
207
250
288
324
351
374
389
391
383
367
352
347
345
341
336
332
325
320
311
296
278
258
239
224
212
202
190
175
161
150
140
131
127
135
156
183
208
225
231
226
209
181
151
114
66
9
-51
-98
-127
-146
-157
-161
-164
-162
-158
-148
-134
-122
-121
-132
-147
-163
-178
-196
-224
-254
-282
-303
-319
-326
-319
-306
-289
-266
-244
-227
-210
-200
-190
-175
-156
-142
-139
-145
-153
-165
-167
-169
-165
-162
-164
-168
-173
-167
-148
-127
-112
-107
-105
-101
-94
-91
-94
-101
-110
-121
-125
-116
-100
-87
-79
-69
-51
-28
1
32
63
90
112
124
138
154
167
172
171
169
165
161
159
160
166
172
178
186
198
216
234
253
275
297
317
333
342
344
340
325
299
268
238
209
181
152
130
116
109
102
92
76
52
25
0
-18
-28
-45
-72
-101
-127
-147
-164
-181
-194
-209
-221
-232
-242
-247
-252
-258
-256
-251
-244
-238
-237
-235
-227
-215
-199
-184
-164
-138
-110
-70
-25
23
72
110
135
147
153
160
161
155
144
135
128
123
119
110
89
63
34
11
-5
-18
-28
-34
-36
-40
-50
-58
-62
-64
-67
-77
-87
-95
-95
-83
-63
-38
-20
-18
-24
-31
-27
-8
22
45
59
61
56
50
49
52
54
50
43
32
24
21
26
36
50
57
55
48
43
36
25
12
-3
-14
-19
-19
-15
-9
3
20
37
55
63
61
55
50
50
48
39
22
-1
-22
-38
-45
-39
-25
-6
15
30
41
46
46
38
28
18
12
7
1
-11
-28
-40
-48
-52
-47
-43
-40
-32
-19
-6
3
3
-3
-11
-17
-18
-15
-8
-6
-11
-22
-31
-39
-44
-43
-35
-22
-9
-3
-4
-7
-7
-3
8
18
20
13
-2
-17
-25
-25
-19
-15
-12
-11
-15
-19
-23
-25
-26
-37
-53
-65
-73
-73
-72
-70
-63
-56
-49
-51
-60
-66
-67
-61
-46
-25
-1
16
23
24
26
32
41
52
56
56
54
45
38
32
23
19
13
8
10
13
15
17
17
20
25
32
44
55
60
60
64
71
76
79
79
77
73
64
58
51
47
48
47
42
40
37
35
28
19
12
6
3
3
5
9
12
16
19
17
17
18
17
14
10
8
4
-2
-7
-14
-20
-28
-36
-39
-41
-43
-49
-56
-64
-69
-69
-67
-62
-61
-68
-80
-93
-99
-96
-90
-85
-82
-81
-75
-65
-55
-49
-46
-39
-29
-16
-5
1
1
0
0
4
9
15
20
22
22
22
22
21
19
15
11
10
11
13
17
19
22
27
35
46
50
48
50
58
64
69
68
60
47
30
13
1
-6
-7
-4
2
9
15
20
21
19
18
17
17
21
23
20
14
6
4
10
19
36
50
61
67
65
57
50
46
46
46
42
33
20
2
-13
-19
-20
-12
-1
8
11
7
-2
-9
-11
-12
-15
-18
-24
-35
-47
-52
-47
-33
-19
-9
-8
-10
-16
-21
-23
-25
-24
-28
-37
-51
-68
-77
-82
-85
-82
-80
-76
-71
-66
-60
-57
-54
-53
-53
-46
-38
-36
-37
-36
-35
-32
-29
-29
-31
-30
-29
-25
-28
-33
-40
-46
-46
-41
-32
-22
-9
2
10
12
15
22
32
42
47
47
43
44
47
55
64
71
76
75
74
73
68
66
70
76
82
82
78
67
51
39
35
39
47
52
50
45
37
28
21
13
10
11
19
27
34
40
40
42
42
40
39
36
32
25
21
15
8
2
-5
-12
-14
-15
-14
-9
-5
-8
-13
-19
-21
-18
-11
-5
-1
2
5
2
-4
-9
-17
-23
-25
-22
-19
-23
-30
-40
-50
-58
-63
-64
-69
-75
-81
-82
-77
-72
-70
-70
-74
-79
-84
-85
-83
-78
-73
-70
-65
-57
-52
-51
-53
-47
-31
-7
14
30
39
42
43
43
39
34
26
23
30
41
49
49
43
41
36
35
37
41
41
36
35
37
40
44
45
44
47
52
58
61
57
48
35
26
22
18
11
4
-3
-10
-19
-36
-55
-66
-69
-61
-46
-37
-31
-31
-31
-29
-24
-13
-1
15
28
37
43
47
49
51
51
50
45
41
36
34
29
21
10
-4
-12
-15
-16
-17
-19
-21
-19
-10
-5
-2
0
2
10
25
40
47
46
41
36
37
41
53
62
59
46
33
24
19
14
10
4
-1
-10
-26
-41
-50
-50
-48
-44
-47
-61
-79
-89
-86
-79
-70
-64
-63
-65
-65
-64
-61
-59
-60
-64
-67
-66
-59
-53
-48
-44
-46
-53
-63
-67
-66
-60
-53
-47
-42
-36
-30
-22
-15
-9
-2
6
14
20
24
31
38
48
58
65
71
81
93
100
104
104
102
99
92
83
76
65
55
47
38
30
22
16
14
15
19
22
26
32
38
38
39
44
49
56
65
71
72
68
64
56
46
38
32
28
25
19
9
-6
-22
-35
-44
-49
-53
-56
-59
-60
-59
-61
-57
-47
-33
-21
-14
-10
-8
-6
-2
2
8
13
21
28
32
35
34
27
15
-2
-17
-30
-38
-46
-52
-60
-67
-71
-69
-70
-74
-76
-74
-69
-61
-55
-48
-41
-42
-41
-42
-35
-23
-12
-5
-3
-6
-12
-15
-17
-19
-20
-18
-18
-24
-37
-53
-63
-64
-62
-59
-55
-50
-42
-35
-27
-22
-17
-14
-5
11
27
39
47
56
66
75
84
90
93
92
88
84
80
74
68
61
59
64
66
62
54
49
44
43
45
48
52
51
51
54
55
57
57
57
59
58
55
54
57
60
57
47
37
29
22
19
15
9
-3
-18
-30
-39
-45
-53
-67
-85
-103
-121
-132
-134
-127
-116
-103
-89
-76
-70
-70
-71
-68
-62
-55
-49
-42
-35
-24
-13
-8
-8
-10
-10
-11
-13
-15
-12
-6
-1
3
1
-7
-12
-15
-11
-5
1
4
2
1
3
12
22
28
35
43
50
58
59
59
55
49
45
39
33
28
24
24
24
23
18
9
3
-2
-3
-3
-2
-4
-10
-14
-15
-12
-4
3
8
10
12
17
22
25
26
26
23
23
24
24
25
23
24
23
22
21
15
6
-2
-9
-12
-14
-14
-12
-11
-12
-14
-12
-8
-7
-9
-14
-15
-12
-4
1
-1
-4
-10
-13
-12
-13
-15
-17
-18
-16
-14
-15
-20
-27
-33
-35
-33
-26
-23
-24
-26
-25
-20
-13
-7
-5
-10
-17
-22
-27
-33
-39
-40
-40
-40
-36
-28
-17
-6
3
8
10
11
14
16
20
21
19
14
11
8
7
5
2
2
4
8
13
16
17
18
17
14
11
8
7
7
12
20
28
36
39
39
41
46
56
64
63
58
50
48
52
56
57
53
41
27
12
2
-7
-12
-14
-13
-15
-20
-25
-33
-39
-40
-36
-33
-29
-26
-24
-20
-13
-5
2
8
7
3
-1
-2
4
10
9
3
-8
-17
-22
-24
-26
-32
-40
-49
-57
-60
-59
-58
-50
-44
-37
-32
-27
-22
-21
-22
-20
-15
-10
-6
0
4
9
14
14
13
12
15
18
17
14
10
5
0
-7
-13
-15
-16
-15
-15
-13
-9
-5
0
4
5
7
10
14
23
34
44
50
51
50
48
46
46
45
41
36
32
27
22
17
14
9
4
0
-3
-7
-10
-15
-20
-21
-15
-4
5
11
13
11
11
15
23
30
35
36
31
28
29
32
30
26
19
12
5
-1
-7
-16
-24
-32
-35
-35
-35
-33
-33
-34
-40
-42
-45
-45
-39
-33
-27
-24
-18
-9
1
10
16
21
20
16
11
6
1
-3
-6
-10
-19
-24
-27
-28
-26
-24
-22
-21
-24
-32
-46
-54
-53
-43
-33
-22
-14
-8
1
8
14
21
26
31
34
30
25
20
15
11
13
11
9
5
0
-5
-7
-13
-18
-20
-26
-28
-25
-18
-10
-5
-1
1
8
19
29
32
33
30
30
33
36
39
42
47
50
51
46
38
29
15
4
-1
-2
-1
-1
-4
-8
-14
-14
-13
-12
-8
-5
-2
-2
-1
-2
-2
4
15
27
37
43
43
38
32
30
27
21
13
1
-7
-13
-19
-24
-30
-36
-41
-44
-45
-44
-43
-39
-38
-37
-35
-33
-28
-20
-13
-9
-4
2
8
15
19
21
20
18
19
20
18
16
7
-5
-16
-23
-26
-26
-25
-25
-27
-32
-34
-32
-22
-13
-6
-6
-10
-14
-18
-17
-11
-2
7
17
26
