-2
-1
-2
-2
-3
-3
-2
-2
-1
-1
1
0
-1
-2
-2
-1
-2
-2
-2
-2
-1
-2
-2
-3
-2
-1
0
0
-1
-2
-4
-4
-4
-4
-2
-1
0
1
1
2
2
0
0
0
2
1
1
1
1
2
2
1
1
2
2
1
0
0
1
1
1
3
3
2
2
1
1
1
1
0
1
0
0
1
0
0
0
0
0
0
0
1
1
0
0
0
-1
-1
-1
-1
0
0
0
1
0
-1
-1
-2
-3
-3
-2
-1
0
0
0
0
-2
-2
-2
1
1
2
0
-2
-2
-2
0
0
0
-1
0
0
-1
-1
-1
-1
0
1
2
2
2
1
0
-1
-1
0
1
0
2
3
3
2
1
1
1
0
1
0
0
0
1
1
1
0
1
0
-1
0
0
2
2
2
1
0
0
0
1
1
1
2
2
1
1
1
1
0
0
-1
-1
0
1
1
-1
-1
-2
-3
-3
-1
-2
0
-1
-1
-3
-2
-1
-1
0
0
1
0
-2
-2
-4
-3
-3
-3
-2
-2
0
0
-1
-2
-3
-2
-1
-1
-1
0
0
0
0
0
-1
-1
-1
0
0
0
0
0
1
2
1
0
-1
1
1
1
1
2
1
2
3
2
1
0
2
2
2
2
1
-1
0
1
1
1
0
1
0
0
0
0
0
1
1
0
0
1
1
1
0
1
-1
0
0
0
0
0
0
0
0
0
1
0
-1
0
-1
-1
-1
0
0
0
0
-1
-1
-1
0
1
1
0
0
0
0
0
-1
0
0
-1
0
1
0
0
0
0
-1
-1
0
0
0
0
0
-1
-1
1
0
0
0
0
1
0
0
0
-1
0
1
0
0
0
0
0
1
0
0
0
0
-1
1
-1
0
1
0
0
0
0
0
0
0
-1
0
0
0
0
0
0
0
1
0
-1
0
0
-1
1
0
-1
0
-1
0
0
0
0
0
0
0
0
-1
0
0
-1
-1
0
0
1
0
0
0
0
0
-1
0
1
0
-1
0
0
0
0
-1
0
0
0
0
0
-1
-1
0
0
0
0
1
0
0
0
0
-1
0
0
0
1
0
0
0
0
1
0
-1
0
0
-1
0
0
0
0
0
0
0
0
0
0
0
1
0
0
0
0
-1
-1
0
-1
-1
0
0
-1
0
0
0
0
1
1
-1
0
0
-1
-1
0
0
-1
0
0
-1
0
0
-1
1
-1
0
0
0
0
0
0
0
0
0
0
1
0
0
-1
1
1
0
0
0
0
0
0
0
0
0
1
0
0
0
0
0
0
-1
0
0
-1
0
0
1
0
0
1
0
0
0
1
0
0
0
0
0
0
1
-1
0
0
0
1
0
-1
0
0
0
0
0
-1
0
0
0
0
1
0
0
1
0
0
0
1
0
0
0
1
0
1
0
0
0
0
1
0
0
0
-1
-1
-1
-1
-2
-1
-1
-2
-3
-2
-3
-2
-2
-1
0
0
0
0
0
0
1
1
2
2
2
2
2
2
1
2
3
2
1
1
0
0
0
-1
0
-1
-1
-1
-1
-1
0
0
0
0
0
1
0
1
0
-2
-3
-4
-5
-5
-5
-5
-5
-8
-10
-10
-9
-5
-2
0
-1
-2
-3
0
4
9
12
13
10
11
10
11
12
14
13
11
6
0
-3
-4
-3
0
6
10
7
-6
-17
-16
-2
10
10
5
-1
-2
0
4
5
11
14
15
11
2
-1
-1
4
10
12
6
-5
-14
-13
-3
3
4
0
-5
-7
-7
-5
-1
7
11
12
8
3
3
7
12
15
14
7
1
0
0
1
2
3
0
-5
-5
-3
0
8
15
20
19
11
5
6
18
31
34
25
9
-4
-11
-9
-5
-3
-6
-15
-30
-47
-56
-52
-34
-13
2
0
-13
-20
-6
32
76
113
127
129
123
117
113
122
151
189
200
160
90
34
17
26
36
28
-5
-61
-125
-167
-170
-148
-129
-128
-138
-154
-166
-161
-127
-68
-8
29
39
28
-4
-63
-109
-70
64
181
160
18
-103
-111
-43
14
19
-5
-34
-67
-113
-156
-163
-113
-40
7
-1
-54
-118
-143
-83
43
136
118
24
-48
-44
7
55
83
86
62
7
-70
-127
-126
-70
-10
-8
-76
-167
-218
-200
-141
-85
-53
-41
-45
-68
-75
-32
42
90
101
101
84
33
-21
-12
66
145
167
133
70
-10
-70
-67
8
95
132
76
-56
-182
-209
-119
12
89
86
38
-14
-45
-32
29
92
116
108
87
49
11
14
70
129
140
89
20
-3
46
105
90
8
-38
1
67
67
-12
-100
-107
-10
106
132
68
19
29
51
49
48
78
128
145
75
-48
-107
-39
65
76
2
-66
-98
-120
-117
-47
41
47
-42
-101
-53
33
55
28
21
37
12
-79
-146
-95
34
110
65
-31
-76
-43
6
30
34
25
-25
-100
-112
-30
31
-37
-149
-134
-2
54
-43
-159
-157
-54
49
98
88
25
-52
-61
27
146
184
130
74
68
70
27
-17
20
123
146
-5
-197
-205
-32
56
-63
-210
-192
-102
-111
-183
-185
-121
-79
-61
-28
-11
-43
-65
4
139
227
215
150
137
202
256
212
122
113
186
225
151
19
-77
-103
-67
11
82
84
-24
-193
-288
-226
-89
-24
-37
-53
-77
-142
-188
-118
29
117
111
68
28
-10
-12
53
130
147
87
25
44
126
152
39
-104
-95
66
176
79
-109
-182
-110
-28
-14
-15
-17
-67
-147
-155
-69
14
19
-15
-12
13
15
-18
-17
63
185
246
172
43
-8
37
63
34
25
50
37
-38
-120
-173
-194
-163
-100
-73
-126
-222
-266
-208
-84
12
12
-60
-109
-69
49
154
192
161
113
96
105
111
102
110
153
182
129
7
-96
-100
-30
19
-22
-119
-195
-201
-166
-143
-131
-98
-50
-47
-88
-99
-43
46
123
159
150
145
181
226
227
199
203
244
280
266
207
135
79
48
43
69
66
-17
-124
-148
-110
-107
-169
-212
-186
-144
-169
-254
-301
-243
-122
-54
-70
-114
-123
-82
28
186
270
194
51
34
167
296
282
141
5
27
221
386
347
153
-10
-26
87
174
56
-188
-257
-107
-74
-361
-655
-633
-408
-302
-390
-525
-596
-558
-433
-310
-273
-267
-191
-49
71
138
164
178
231
357
507
575
521
389
252
167
188
301
385
323
135
-48
-126
-108
-53
-19
-26
-74
-137
-177
-182
-156
-115
-49
26
34
-111
-344
-421
-187
186
371
266
30
-119
-98
86
347
543
560
416
247
162
188
278
384
451
411
236
6
-126
-64
122
243
199
49
-97
-167
-134
-24
94
152
139
77
-1
-59
-53
44
181
246
152
-69
-255
-237
-44
126
133
51
-18
-107
-257
-328
-180
71
170
25
-218
-338
-231
27
203
-18
-744
-1537
-1661
-952
-151
-57
-651
-1276
-1488
-1342
-1036
-675
-354
-200
-242
-389
-491
-423
-128
330
751
907
746
454
318
474
799
1070
1164
1066
809
497
294
306
452
555
498
293
15
-239
-364
-309
-140
-5
-11
-157
-333
-409
-322
-116
103
252
296
255
211
241
295
230
48
21
339
733
737
324
-43
-17
258
447
421
282
146
50
-16
-49
-27
39
93
99
39
-85
-213
-222
-52
165
213
41
-163
-185
-31
153
243
212
113
12
-45
-41
15
100
160
149
47
-112
-240
-225
-66
88
105
-29
-206
-308
-261
-122
-31
-65
-178
-296
-366
-363
-294
-234
-222
-218
-223
-275
-347
-322
-195
-63
-26
-81
-149
-126
56
280
210
-433
-1295
-1561
-853
132
351
-436
-1426
-1730
-1277
-637
-316
-339
-477
-552
-547
-485
-348
-86
302
685
857
723
453
366
623
1051
1362
1408
1213
900
649
614
792
969
950
717
417
167
9
-51
-37
20
45
-41
-229
-419
-490
-380
-148
55
119
14
-203
-414
-468
-302
67
493
705
496
34
-237
-81
342
696
792
628
318
18
-108
11
275
476
447
204
-98
-286
-284
-128
76
184
93
-144
-345
-362
-217
-32
97
135
81
-54
-192
-204
-52
154
253
191
53
-66
-132
-128
-36
98
163
84
-107
-277
-309
-222
-119
-84
-154
-293
-379
-371
-330
-275
-218
-209
-268
-332
-335
-266
-175
-121
-98
-52
-27
-96
-182
-138
54
249
306
43
-662
-1490
-1692
-951
51
322
-370
-1334
-1823
-1608
-961
-319
-31
-127
-369
-535
-522
-301
97
544
894
1003
846
580
501
741
1144
1439
1480
1275
917
609
550
733
923
911
689
371
79
-102
-130
-46
48
67
-27
-219
-406
-465
-328
-66
163
240
157
-5
-177
-301
-269
3
393
610
476
130
-150
-183
37
364
580
535
261
-40
-157
-52
147
281
281
163
-10
-180
-281
-227
-35
136
129
-52
-257
-334
-239
-32
172
246
125
-84
-214
-179
-31
113
175
155
63
-94
-238
-247
-104
54
84
-38
-204
-293
-268
-184
-123
-140
-234
-334
-339
-268
-209
-169
-132
-144
-183
-143
-24
44
-55
-218
-216
4
156
-16
-341
-442
-219
12
-15
-218
-358
-347
-230
-51
122
7
-674
-1562
-1770
-960
70
272
-417
-1162
-1376
-1120
-656
-166
168
198
1
-188
-180
41
426
867
1186
1189
883
554
520
840
1258
1483
1415
1099
684
406
425
652
814
733
469
181
-61
-207
-194
-48
97
111
-27
-239
-380
-375
-258
-184
-213
-261
-291
-321
-281
-86
140
218
158
110
142
216
299
406
519
550
459
302
181
163
238
322
344
263
88
-106
-202
-136
-3
37
-58
-201
-294
-315
-298
-280
-266
-245
-216
-202
-227
-279
-270
-155
-10
59
14
-80
-125
-67
28
65
28
-29
-81
-150
-223
-248
-205
-151
-155
-219
-294
-342
-368
-347
-246
-104
-69
-221
-400
-373
-106
179
253
10
-344
-446
-176
135
85
-176
-273
-135
-51
-180
-340
-290
58
447
426
-298
-1302
-1721
-1155
-160
326
-8
-793
-1400
-1456
-1018
-458
-116
-61
-169
-244
-196
-30
196
470
782
1041
1121
1042
952
963
1105
1348
1582
1607
1333
964
777
824
933
927
767
510
239
43
-47
-64
-44
-34
-69
-188
-387
-618
-823
-867
-666
-355
-214
-300
-395
-311
-83
134
279
385
489
583
636
646
646
679
749
805
761
583
353
219
249
326
273
50
-205
-346
-380
-413
-495
-571
-605
-591
-571
-585
-625
-629
-531
-350
-190
-140
-176
-188
-103
46
171
221
220
243
287
272
168
43
-28
-52
-92
-183
-302
-413
-472
-496
-515
-542
-573
-602
-593
-535
-483
-508
-579
-544
-349
-88
24
-89
-226
-176
4
71
50
97
199
164
41
-3
36
171
260
-89
-1123
-2149
-2033
-733
382
152
-1101
-2192
-2336
-1651
-716
-121
-82
-337
-487
-367
-45
348
762
1221
1606
1708
1484
1234
1343
1799
2238
2387
2196
1760
1272
1009
1088
1289
1283
984
533
80
-249
-379
-322
-215
-205
-323
-531
-771
-965
-1044
-924
-603
-257
-137
-254
-373
-244
132
533
777
824
786
748
779
896
1027
1084
1003
794
525
273
101
63
126
133
-49
-395
-698
-795
-728
-651
-647
-694
-743
-772
-763
-696
-582
-448
-307
-188
-113
-78
-66
-15
112
262
346
311
229
168
147
118
37
-52
-109
-166
-289
-455
-595
-642
-610
-601
-665
-767
-796
-731
-637
-569
-508
-428
-351
-281
-161
-10
15
-20
114
387
454
317
307
507
638
454
152
0
53
235
470
472
54
-498
-922
-1258
-1620
-1756
-1490
-1119
-1105
-1501
-1930
-2053
-1734
-1199
-749
-527
-470
-419
-245
142
661
1112
1386
1560
1713
1820
1875
2007
2232
2379
2343
2151
1868
1573
1365
1272
1208
1024
677
272
-81
-302
-398
-430
-462
-535
-633
-727
-752
-679
-572
-553
-616
-558
-253
111
258
239
317
574
798
851
827
858
913
911
873
842
801
637
378
180
79
-18
-165
-279
-324
-399
-602
-819
-853
-701
-564
-577
-659
-680
-587
-443
-294
-159
-55
8
41
77
109
128
153
210
261
239
118
-25
-94
-88
-95
-187
-324
-476
-629
-759
-829
-833
-792
-777
-817
-837
-790
-715
-676
-601
-407
-166
-51
-101
-144
-60
124
284
333
265
209
250
294
274
270
343
395
309
124
-12
-22
103
327
533
448
-218
-1394
-2454
-2605
-1713
-595
-286
-1049
-2194
-2798
-2488
-1574
-716
-349
-405
-500
-402
-123
271
783
1398
1914
2114
1979
1767
1796
2155
2631
2901
2776
2308
1758
1401
1335
1407
1379
1118
657
134
-299
-530
-553
-477
-446
-538
-728
-928
-1007
-902
-664
-423
-257
-135
-75
-102
-96
115
482
808
972
993
910
782
726
847
1048
1108
918
506
33
-292
-330
-172
-90
-261
-622
-964
-1108
-1018
-813
-660
-647
-724
-792
-787
-670
-450
-203
-13
78
99
93
104
181
335
473
507
423
276
147
78
60
9
-136
-354
-570
-753
-889
-964
-991
-1022
-1086
-1139
-1132
-1068
-986
-887
-745
-585
-451
-319
-144
34
223
433
541
458
374
609
989
1037
719
518
550
433
100
-74
203
634
687
166
-569
-983
-818
-230
400
678
321
-667
-1805
-2355
-2014
-1172
-445
-223
-646
-1488
-2134
-1940
-988
-9
402
231
-164
-389
-184
411
1161
1709
1836
1603
1282
1174
1391
1817
2213
2339
2063
1501
1008
848
969
1156
1208
994
515
-41
-392
-398
-185
10
33
-147
-438
-689
-856
-960
-886
-549
-153
-94
-404
-611
-388
54
331
356
330
401
509
573
602
644
681
666
606
504
351
155
-5
-27
40
0
-211
-434
-522
-487
-473
-500
-516
-522
-534
-547
-530
-464
-360
-250
-129
-43
-42
-104
-129
-39
132
264
253
134
10
-49
-38
22
64
-33
-267
-495
-565
-505
-507
-624
-728
-680
-584
-594
-667
-603
-370
-152
-127
-308
-474
-360
63
473
548
287
24
-10
93
134
170
297
363
254
6
-228
-346
-285
-47
322
585
453
-280
-1411
-2246
-2124
-1099
-92
18
-846
-1910
-2386
-1998
-1102
-310
-17
-188
-473
-559
-275
297
944
1455
1701
1642
1419
1295
1480
1943
2399
2536
2260
1743
1289
1141
1282
1471
1441
1100
558
54
-228
-253
-120
-8
-68
-334
-735
-1179
-1463
-1358
-879
-374
-212
-400
-669
-705
-319
322
826
940
766
561
480
582
866
1189
1311
1137
791
428
164
102
245
381
263
-140
-618
-896
-883
-704
-571
-605
-773
-962
-1049
-944
-675
-395
-242
-220
-242
-236
-180
-42
193
435
518
407
219
105
125
212
281
263
124
-136
-432
-631
-685
-649
-586
-561
-653
-872
-1064
-1042
-804
-558
-489
-558
-602
-523
-297
-33
126
187
253
407
582
613
480
318
324
567
705
375
-68
14
413
420
20
-167
-19
-13
-611
-1565
-2147
-1895
-1116
-651
-941
-1709
-2298
-2316
-1714
-900
-449
-521
-664
-448
-14
364
694
1099
1508
1794
1928
1925
1884
1993
2290
2552
2556
2266
1824
1469
1342
1368
1325
1055
621
190
-133
-306
-357
-401
-495
-626
-767
-932
-1145
-1331
-1358
-1122
-673
-277
-209
-403
-447
-113
396
725
800
790
847
957
1047
1099
1075
1001
918
826
672
425
152
-22
-43
-34
-194
-531
-810
-874
-790
-730
-766
-842
-880
-825
-695
-547
-441
-376
-275
-96
87
159
123
126
237
373
411
335
241
196
167
81
-103
-344
-508
-495
-386
-358
-492
-719
-924
-991
-881
-703
-573
-528
-534
-574
-605
-557
-405
-161
142
382
371
207
182
326
375
300
448
829
935
472
-136
-358
-156
184
360
258
-29
-292
-612
-1260
-2175
-2670
-2086
-902
-297
-861
-2037
-2761
-2455
-1373
-231
300
82
-421
-569
-38
883
1628
1929
1909
1842
1845
1875
2009
2307
2643
2770
2496
1911
1351
1106
1209
1387
1294
841
205
-324
-533
-462
-320
-307
-471
-702
-891
-1029
-1117
-1087
-840
-432
-118
-102
-312
-434
-225
252
768
1041
936
651
510
652
945
1131
1062
831
567
364
221
111
47
7
-57
-226
-488
-724
-816
-734
-536
-402
-455
-621
-706
-583
-315
-68
37
-12
-101
-126
-57
83
227
317
290
125
-84
-224
-254
-208
-193
-261
-380
-517
-693
-893
-953
-779
-546
-529
-725
-949
-945
-704
-438
-312
-351
-459
-496
-361
-143
-66
-148
-44
338
675
462
-117
-222
491
1222
1142
439
-15
124
417
317
-495
-1737
-2659
-2449
-1298
-377
-724
-1902
-2867
-3107
-2839
-2140
-929
200
312
-655
-1491
-1108
386
1836
2502
2369
1914
1615
1792
2425
3172
3554
3400
2860
2222
1758
1614
1777
1959
1830
1254
403
-386
-738
-627
-308
-192
-479
-1013
-1445
-1520
-1220
-805
-569
-495
-383
-226
-176
-139
116
618
1091
1307
1193
949
862
1059
1370
1509
1364
986
537
215
111
71
-111
-433
-716
-922
-1147
-1363
-1406
-1264
-1073
-1008
-1114
-1264
-1253
-986
-541
-133
74
66
7
91
347
622
789
840
847
801
699
586
494
436
333
140
-150
-460
-724
-861
-913
-954
-1008
-1109
-1261
-1380
-1347
-1166
-1017
-1009
-960
-786
-547
-354
-186
43
255
302
202
214
444
769
952
992
902
711
567
535
564
504
329
168
192
235
134
-175
-440
-415
-422
-1069
-2392
-3409
-3116
-1785
-805
-1134
-2402
-3386
-3285
-2234
-961
-146
12
-205
-365
-117
555
1397
2154
2634
2763
2604
2369
2340
2644
3115
3435
3275
2592
1750
1251
1242
1432
1444
1086
384
-398
-892
-941
-729
-567
-590
-755
-995
-1231
-1286
-990
-430
-4
14
-177
-217
73
621
1134
1294
1100
841
825
1123
1436
1420
1060
618
309
191
184
126
-95
-447
-797
-1021
-1098
-1099
-1066
-1026
-990
-997
-1038
-1020
-866
-593
-310
-146
-122
-119
9
281
559
697
624
468
421
500
597
606
476
262
57
-123
-283
-425
-607
-793
-891
-895
-953
-1182
-1438
-1445
-1148
-816
-771
-1013
-1172
-990
-600
-244
-40
-40
-123
-74
143
273
256
252
450
825
1062
922
528
161
10
256
812
1247
1112
473
-151
-238
161
505
92
-1321
-3029
-3726
-2808
-1300
-840
-1891
-3426
-4106
-3530
-2267
-1064
-492
-570
-877
-916
-392
547
1517
2295
2724
2754
2510
2328
2551
3220
3936
4166
3662
2716
1921
1700
1973
2215
2001
1271
328
-413
-728
-715
-603
-626
-881
-1268
-1565
-1607
-1422
-1183
-882
-564
-399
-342
-116
370
812
1045
1158
1261
1429
1655
1749
1618
1350
1143
1068
1007
836
523
86
-340
-597
-709
-816
-1030
-1270
-1461
-1544
-1531
-1448
-1316
-1151
-1028
-955
-884
-696
-336
36
286
399
425
486
650
828
921
848
711
632
592
483
269
35
-183
-445
-703
-873
-993
-1133
-1316
-1464
-1543
-1626
-1628
-1436
-1188
-1037
-967
-805
-487
-61
297
290
24
-103
187
712
1119
1189
953
616
487
733
1082
1250
1082
745
500
535
645
540
2
-1204
-2919
-4257
-4095
-2477
-1025
-1213
-2865
-4634
-5211
-4206
-2175
-348
193
-494
-1378
-1407
-310
1304
2707
3418
3335
2811
2431
2634
3450
4387
4859
4552
3540
2361
1667
1760
2258
2432
1850
686
-531
-1277
-1357
-1093
-1217
-2004
-2602
-2119
-1019
-537
-973
-1497
-1459
-830
168
1197
1829
1740
1219
1009
1468
2186
2518
2284
1880
1539
1093
586
390
614
698
177
-735
-1519
-1900
-1882
-1562
-1208
-1225
-1734
-2314
-2395
-1840
-1085
-632
-517
-483
-385
-217
85
635
1290
1685
1660
1404
1177
1091
1185
1406
1504
1198
478
-274
-626
-587
-579
-890
-1383
-1746
-1870
-1882
-1909
-1944
-1941
-1856
-1627
-1261
-953
-823
-708
-379
88
374
407
467
822
1169
1210
985
897
1142
1342
1027
394
141
529
1025
1021
716
490
518
370
-434
-2155
-4213
-5229
-4107
-1648
-248
-1420
-4226
-6160
-5701
-3319
-785
402
-91
-1245
-1834
-1135
569
2299
3309
3464
3108
2703
2585
3010
3884
4744
5036
4407
3127
1902
1420
1793
2388
2376
1526
181
-1002
-1537
-1372
-922
-679
-923
-1556
-2182
-2381
-1990
-1242
-583
-304
-364
-430
-194
402
1171
1820
2117
1980
1660
1474
1620
2042
2404
2318
1768
1042
460
191
147
70
-282
-900
-1554
-1993
-2111
-1978
-1786
-1735
-1833
-1995
-2062
-1885
-1417
-804
-339
-166
-134
-11
318
817
1277
1499
1429
1195
1012
1012
1190
1349
1264
883
398
-31
-377
-631
-740
-787
-960
-1345
-1734
-1861
-1731
-1548
-1485
-1441
-1283
-1065
-892
-730
-478
-188
30
309
662
799
624
481
563
743
678
364
146
232
510
627
317
-244
-546
-333
100
449
733
927
615
-814
-3016
-4300
-3187
-484
1114
-167
-3205
-5425
-5341
-3259
-385
1666
1551
-635
-3043
-3478
-1371
1755
3830
3854
2389
837
337
1219
2960
4568
5036
4064
2285
900
815
1947
3223
3486
2426
688
-760
-1265
-799
115
675
353
-706
-1849
-2379
-1993
-966
34
337
-218
-1049
-1277
-545
605
1385
1507
1140
683
503
704
1203
1721
1924
1637
991
330
-70
-147
21
191
51
-534
-1271
-1682
-1646
-1355
-1100
-1083
-1272
-1494
-1555
-1337
-915
-486
-243
-212
-233
-156
45
343
669
914
950
778
580
536
681
859
853
604
202
-157
-311
-321
-322
-447
-760
-1067
-1205
-1207
-1195
-1155
-1002
-863
-862
-905
-885
-714
-378
14
401
528
260
-99
-72
537
1242
1428
1141
751
610
649
806
1230
1609
1521
1091
716
441
-174
-1608
-3516
-4737
-4016
-1743
-211
-1286
-4473
-7158
-7124
-4415
-1014
810
198
-1725
-3101
-2760
-696
1971
3899
4338
3526
2426
1866
2314
3745
5374
6141
5457
3671
1901
1140
1690
2862
3369
2511
614
-1262
-2145
-1861
-977
-369
-604
-1521
-2531
-3012
-2610
-1556
-435
186
170
-201
-524
-398
402
1680
2805
3075
2358
1365
885
1269
2169
2776
2556
1583
408
-367
-536
-319
-158
-414
-1036
-1792
-2503
-2951
-2903
-2286
-1523
-1243
-1605
-2201
-2370
-1780
-726
225
605
382
6
-14
539
1347
1851
1797
1385
1018
883
937
1084
1148
931
390
-271
-715
-814
-733
-738
-954
-1318
-1630
-1757
-1641
-1311
-957
-804
-844
-896
-793
-518
-157
194
448
611
628
583
528
515
652
937
1141
1075
862
696
774
1056
1152
777
232
-15
129
520
699
-103
-2293
-4883
-5884
-4347
-1748
-722
-2354
-5180
-6501
-5104
-2213
-136
-193
-1620
-2591
-1906
156
2220
3167
3020
2534
2398
2763
3434
4147
4646
4886
4787
4112
2930
1835
1522
2049
2634
2373
1077
-614
-1731
-1798
-1150
-582
-688
-1400
-2186
-2543
-2263
-1548
-679
85
447
280
-96
-100
592
1751
2762
2971
2251
1360
1137
1613
2173
2339
2004
1251
379
-212
-408
-368
-371
-684
-1332
-2085
-2664
-2815
-2500
-1929
-1463
-1467
-1883
-2190
-1922
-1113
-192
422
543
323
199
449
996
1512
1703
1549
1231
950
825
822
857
827
597
127
-426
-859
-1066
-1067
-1001
-1032
-1259
-1578
-1754
-1620
-1227
-889
-748
-712
-684
-610
-453
-131
369
857
1070
956
713
599
627
807
1199
1504
1335
703
78
-10
418
836
817
357
-252
-644
-516
-11
-105
-1728
-4353
-6126
-5555
-3328
-1588
-1625
-3070
-4572
-5166
-4634
-3097
-1133
355
767
224
-294
10
1074
2456
3610
4278
4348
3832
3264
3226
3862
4647
4730
3946
2788
1822
1353
1253
1263
1152
626
-276
-1199
-1755
-1813
-1558
-1225
-982
-1021
-1348
-1665
-1539
-729
385
1163
1254
953
915
1380
2079
2643
2714
2253
1725
1602
1833
1959
1754
1309
663
-83
-744
-1101
-1108
-1056
-1271
-1837
-2528
-2958
-2936
-2543
-1945
-1488
-1413
-1642
-1764
-1393
-639
93
574
753
740
698
749
1018
1415
1661
1556
1142
712
490
469
532
481
194
-351
-958
-1317
-1335
-1207
-1130
-1189
-1333
-1493
-1593
-1521
-1263
-906
-544
-280
-137
-22
166
419
667
949
1311
1543
1441
1078
787
813
1048
1248
1219
853
174
-401
-409
206
852
802
168
-456
-801
-1243
-2512
-4492
-5806
-5186
-3107
-1715
-2455
-4469
-5797
-5223
-3292
-1466
-727
-1003
-1292
-839
318
1647
2532
2819
2812
2965
3452
3999
4327
4422
4444
4432
4123
3361
2425
1852
1860
2024
1741
860
-256
-1124
-1428
-1227
-931
-985
-1471
-1970
-2009
-1553
-982
-610
-355
55
614
1023
1119
1258
1782
2459
2907
2977
2696
2175
1679
1491
1637
1825
1745
1203
280
-709
-1459
-1825
-1859
-1714
-1707
-2096
-2754
-3235
-3198
-2670
-1966
-1397
-1170
-1277
-1369
-1086
-363
536
1197
1404
1292
1172
1201
1349
1545
1706
1701
1448
1003
552
253
104
16
-129
-443
-948
-1475
-1752
-1662
-1381
-1228
-1331
-1564
-1649
-1403
-907
-453
-238
-162
-15
244
499
703
914
1219
1489
1479
1167
926
1089
1424
1489
1202
821
569
490
477
365
170
-85
-300
-499
-1194
-2897
-5233
-6638
-5742
-3237
-1674
-2647
-5255
-6983
-6286
-3811
-1372
-420
-908
-1656
-1557
-301
1539
2989
3522
3330
3155
3478
4069
4579
4851
4953
4910
4463
3575
2586
1985
1945
2086
1826
962
-292
-1379
-1824
-1612
-1157
-1050
-1492
-2103
-2405
-2193
-1582
-819
-57
497
708
665
696
1206
2161
3046
3422
3241
2756
2250
1908
1865
2084
2296
2115
1323
204
-669
-1047
-1169
-1439
-1951
-2467
-2813
-2988
-3007
-2865
-2636
-2422
-2235
-1995
-1653
-1237
-791
-271
329
834
1091
1180
1294
1527
1783
1881
1779
1549
1263
1005
798
627
391
-1
-461
-813
-1027
-1213
-1443
-1681
-1790
-1761
-1696
-1616
-1472
-1281
-1095
-920
-664
-292
184
615
817
864
968
1221
1510
1644
1587
1423
1259
1170
1264
1462
1341
658
39
96
558
665
124
-541
-846
-873
-1377
-2843
-4668
-5541
-4707
-2957
-2158
-3191
-5161
-6249
-5288
-2939
-854
-330
-1318
-2331
-1983
-118
2129
3361
3308
2690
2395
2811
3661
4437
4799
4686
4331
3776
3004
2280
1929
2023
2196
1869
914
-335
-1321
-1619
-1263
-724
-621
-1178
-1956
-2309
-1928
-1139
-542
-257
10
441
801
875
954
1516
2417
3025
2984
2485
1940
1621
1591
1775
1962
1828
1134
119
-640
-883
-960
-1296
-1839
-2243
-2386
-2477
-2617
-2700
-2594
-2314
-1957
-1599
-1270
-1031
-822
-456
104
663
950
979
1033
1259
1528
1628
1528
1363
1195
1004
804
610
393
106
-228
-501
-721
-979
-1278
-1512
-1540
-1414
-1304
-1248
-1195
-1086
-941
-757
-463
-90
212
417
607
873
1112
1170
1138
1180
1338
1523
1647
1662
1427
755
-33
-230
416
1163
1052
53
-1016
-1487
-1239
-748
-816
-2016
-4035
-5440
-5035
-3280
-1947
-2262
-3724
-4879
-4749
-3386
-1644
-538
-481
-944
-992
-181
1078
2112
2622
2782
2881
3029
3207
3360
3488
3637
3758
3632
3085
2265
1588
1337
1407
1428
1045
254
-604
-1120
-1143
-897
-738
-828
-1094
-1305
-1277
-1088
-939
-674
48
1026
1450
999
522
814
1756
2604
2864
2511
1811
1173
911
1132
1605
1789
1199
119
-727
-1035
-1122
-1321
-1543
-1662
-1780
-2014
-2277
-2353
-2152
-1776
-1349
-958
-743
-710
-700
-403
247
887
1128
964
775
816
998
1124
1118
971
716
432
206
77
-54
-251
-480
-656
-780
-966
-1221
-1381
-1299
-1034
-772
-660
-674
-702
-622
-344
92
467
600
584
614
740
887
1061
1242
1293
1159
981
919
895
741
420
142
153
343
323
-74
-504
-636
-602
-723
-1160
-1982
-3128
-4063
-4037
-2988
-2000
-2186
-3355
-4281
-4051
-2884
-1651
-956
-752
-701
-543
-141
513
1260
1875
2288
2557
2714
2723
2616
2560
2688
2938
3045
2698
1922
1166
866
990
1104
885
345
-269
-697
-799
-616
-354
-235
-281
-382
-404
-330
-167
219
818
1335
1421
1182
1054
1320
1849
2258
2269
1935
1465
998
663
545
636
712
455
-132
-792
-1214
-1319
-1292
-1318
-1415
-1499
-1552
-1572
-1523
-1347
-1066
-741
-445
-242
-123
-60
69
345
671
866
810
607
436
380
399
394
313
131
-118
-361
-530
-608
-646
-699
-781
-886
-985
-1054
-1044
-918
-704
-486
-348
-320
-312
-223
-6
253
437
484
469
471
447
414
423
527
615
515
312
189
190
135
-62
-277
-447
-503
-402
-139
121
135
-150
-551
-812
-950
-1242
-1864
-2543
-2685
-2138
-1582
-1746
-2536
-3126
-2928
-2188
-1428
-912
-637
-558
-553
-313
257
935
1413
1600
1698
1832
1987
2109
2197
2292
2394
2409
2205
1794
1395
1213
1231
1227
1027
675
313
58
-27
56
186
198
91
-39
-87
-10
220
562
797
799
717
773
1045
1386
1581
1525
1278
1038
863
754
744
784
716
404
-30
-359
-493
-529
-624
-834
-1083
-1233
-1219
-1117
-1007
-950
-919
-855
-731
-552
-359
-186
-49
57
138
162
154
139
155
185
166
70
-80
-200
-249
-264
-314
-403
-524
-635
-689
-688
-657
-647
-641
-615
-582
-545
-499
-410
-255
-54
86
80
-12
-57
47
245
384
347
197
131
231
393
453
346
119
-157
-342
-362
-275
-201
-172
-183
-264
-409
-477
-366
-110
189
281
-53
-895
-1803
-2182
-1827
-1135
-796
-1113
-1873
-2530
-2583
-1957
-1020
-354
-316
-674
-916
-690
-62
612
1076
1258
1239
1191
1201
1358
1649
1957
2113
1998
1658
1269
1045
1069
1241
1366
1253
891
465
224
266
440
571
537
325
41
-119
22
366
606
604
506
507
611
743
862
901
871
806
747
677
542
393
291
285
272
113
-137
-343
-381
-322
-304
-386
-529
-631
-637
-537
-394
-293
-292
-332
-316
-210
-84
-16
-5
-11
-7
-15
-45
-70
-47
-16
-45
-136
-249
-318
-314
-253
-206
-251
-408
-610
-712
-631
-454
-335
-346
-442
-540
-558
-456
-285
-142
-111
-197
-301
-269
-87
87
110
31
-36
-99
-169
-222
-192
-120
-88
-168
-398
-665
-738
-503
-217
-181
-395
-603
-578
-347
-83
8
-76
-110
61
166
-312
-1274
-1882
-1443
-433
20
-568
-1641
-2243
-1965
-1023
-83
207
-181
-748
-839
-310
466
979
989
780
722
898
1106
1195
1241
1380
1583
1645
1434
1052
767
795
1085
1352
1309
910
419
189
342
711
927
800
459
186
162
310
507
642
646
519
352
277
348
542
756
836
714
468
262
211
331
497
521
317
-9
-218
-215
-107
-38
-56
-137
-252
-351
-393
-357
-258
-148
-99
-144
-248
-333
-309
-177
-30
-8
-151
-339
-423
-355
-224
-161
-212
-350
-483
-524
-466
-364
-329
-386
-464
-509
-518
-520
-513
-493
-466
-465
-494
-530
-545
-539
-510
-458
-398
-337
-324
-386
-476
-483
-353
-226
-238
-380
-457
-392
-306
-326
-403
-397
-310
-243
-271
-356
-418
-327
-125
88
153
39
-103
-143
25
234
352
330
226
134
-78
-382
-579
-395
59
218
-133
-741
-1013
-761
-252
193
312
141
-188
-373
-168
330
780
871
711
564
530
583
685
887
1100
1170
1021
757
599
625
767
858
816
680
521
412
403
458
490
439
338
302
325
339
307
290
354
418
417
348
305
348
446
523
525
449
322
220
198
260
318
272
146
19
-42
-74
-114
-148
-166
-181
-225
-284
-325
-342
-340
-328
-323
-330
-347
-369
-362
-327
-304
-320
-365
-391
-382
-343
-318
-335
-383
-441
-472
-459
-423
-416
-456
-491
-504
-518
-534
-514
-448
-409
-452
-526
-521
-415
-336
-326
-330
-301
-292
-369
-454
-418
-257
-110
-128
-307
-492
-490
-271
-43
-3
-154
-288
-276
-161
-46
-2
-1
-12
-15
-21
-23
13
86
182
233
197
103
57
132
281
391
377
292
228
228
267
310
337
341
316
284
262
251
259
279
311
327
299
232
164
175
257
326
309
218
130
102
150
255
364
405
335
207
136
189
332
456
499
453
365
294
285
348
421
453
412
319
231
201
229
275
300
259
166
66
17
37
93
137
123
64
-6
-39
-29
2
32
37
-8
-88
-154
-171
-134
-88
-78
-119
-191
-257
-277
-247
-207
-208
-253
-314
-357
-363
-336
-311
-322
-369
-418
-426
-395
-350
-327
-338
-359
-365
-364
-381
-420
-430
-388
-336
-337
-389
-422
-406
-351
-291
-244
-230
-245
-273
-285
-242
-152
-87
-101
-156
-155
-86
-36
-32
-47
-51
-58
-62
12
138
216
153
9
-65
-27
73
159
205
199
121
15
-28
54
194
266
238
182
167
186
225
290
355
367
291
204
186
247
319
349
339
299
259
233
238
269
315
322
281
228
208
224
231
227
224
221
186
128
97
123
179
206
188
135
90
65
59
81
110
128
113
68
24
1
-8
-23
-33
-34
-33
-53
-87
-113
-105
-74
-49
-58
-100
-141
-159
-133
-88
-48
-51
-100
-148
-168
-153
-138
-144
-164
-181
-182
-172
-164
-152
-132
-114
-115
-135
-154
-157
-143
-124
-117
-123
-137
-149
-152
-146
-122
-92
-67
-66
-79
-92
-109
-110
-100
-90
-89
-112
-136
-149
-128
-87
-58
-48
-57
-65
-64
-59
-44
-22
7
19
9
-8
-22
-5
38
82
95
74
51
39
43
60
81
107
132
140
117
71
46
64
118
179
222
228
168
66
-4
3
68
115
113
80
37
-26
-109
-160
-134
-64
-12
-20
-42
-36
-28
-28
-31
5
50
52
29
15
23
17
-6
-6
37
84
106
114
130
151
155
148
151
161
149
95
35
0
-7
-22
-49
-60
-33
11
43
62
66
65
66
75
83
83
71
45
23
14
24
46
62
69
67
65
55
29
11
8
5
-6
-28
-42
-47
-42
-17
17
43
49
44
44
49
56
48
25
-12
-68
-132
-207
-273
-314
-315
-292
-266
-246
-230
-207
-161
-101
-56
-40
-49
-55
-42
-24
-19
-28
-36
-39
-48
-62
-67
-66
-68
-76
-80
-87
-94
-98
-97
-73
-45
-35
-47
-61
-54
-33
-7
14
26
25
36
73
125
165
170
151
144
166
185
174
129
83
68
74
83
63
19
-35
-51
-21
21
45
45
56
87
140
200
229
205
126
18
-86
-169
-220
-254
-284
-318
-349
-361
-366
-366
-354
-321
-266
-194
-111
-21
70
156
227
274
299
329
377
414
401
350
308
310
332
321
259
182
124
82
53
21
1
8
37
68
78
70
63
73
100
121
114
85
60
58
68
73
57
25
2
-19
-27
-17
16
59
72
53
25
11
12
17
21
28
34
32
28
24
9
-22
-63
-92
-113
-134
-154
-167
-166
-168
-189
-232
-271
-291
-283
-257
-231
-216
-221
-229
-236
-227
-203
-190
-184
-178
-175
-174
-176
-158
-119
-80
-58
-68
-97
-118
-118
-96
-69
-54
-56
-75
-101
-116
-111
-88
-64
-55
-55
-65
-73
-68
-50
-21
13
29
24
5
-10
-12
-13
-9
-10
-19
-43
-68
-84
-84
-70
-55
-43
-23
17
75
139
205
270
331
380
431
478
524
562
584
594
585
562
536
513
497
482
460
427
386
353
327
302
269
223
173
124
94
76
65
47
21
0
-11
-17
-28
-49
-72
-104
-136
-175
-212
-230
-240
-241
-254
-285
-316
-335
-329
-310
-283
-261
-253
-240
-223
-203
-186
-179
-177
-177
-173
-171
-174
-181
-188
-185
-182
-184
-192
-204
-201
-181
-161
-153
-157
-161
-158
-140
-118
-91
-75
-76
-81
-81
-68
-52
-37
-33
-39
-53
-73
-86
-90
-83
-75
-72
-70
-77
-80
-82
-80
-73
-70
-72
-84
-93
-89
-68
-38
-11
10
24
39
51
61
72
84
103
122
136
149
160
174
188
207
223
229
230
226
234
246
260
271
272
274
272
266
256
243
235
230
231
232
233
230
226
234
247
256
253
239
228
220
217
207
188
172
152
131
103
72
48
38
37
36
26
6
-19
-44
-59
-63
-66
-79
-110
-155
-205
-251
-290
-317
-333
-339
-346
-358
-371
-381
-376
-355
-335
-313
-295
-276
-251
-220
-183
-148
-123
-107
-97
-87
-74
-63
-54
-48
-50
-59
-65
-60
-46
-36
-36
-43
-57
-61
-63
-63
-61
-62
-66
-71
-74
-79
-75
-66
-58
-52
-55
-55
-61
-67
-72
-74
-70
-65
-61
-60
-57
-44
-18
10
40
67
90
119
157
207
255
296
324
341
352
356
359
365
363
355
335
311
285
258
232
204
173
144
120
104
94
83
72
52
31
8
-16
-38
-52
-53
-54
-57
-67
-79
-90
-100
-103
-107
-111
-112
-115
-116
-113
-106
-93
-83
-72
-66
-62
-62
-63
-57
-49
-41
-38
-42
-43
-49
-52
-50
-46
-38
-34
-32
-36
-41
-44
-42
-35
-29
-22
-16
-12
-8
-10
-9
-7
-2
1
-1
0
-1
-1
4
12
23
30
32
33
27
21
16
15
18
19
19
16
14
16
16
15
12
11
11
15
18
14
9
2
-6
-11
-10
-7
-11
-20
-31
-48
-63
-73
-73
-67
-63
-62
-68
-76
-84
-87
-82
-73
-65
-61
-65
-67
-65
-60
-49
-39
-25
-14
-7
-1
7
18
27
34
34
31
33
35
42
51
63
69
68
65
66
69
72
78
79
77
74
67
61
57
57
58
57
52
39
27
28
33
37
31
18
5
-3
-3
7
16
16
2
-13
-19
-18
-8
4
14
20
22
22
24
35
56
77
94
100
93
77
64
49
29
7
-18
-41
-66
-92
-115
-133
-140
-143
-142
-139
-133
-123
-110
-94
-77
-59
-48
-38
-32
-27
-18
-10
-5
-6
-9
-9
0
10
17
20
22
21
19
18
12
5
-2
-9
-12
-8
-3
-4
-9
-16
-18
-14
-13
-12
-8
-4
3
11
17
21
24
26
29
36
48
55
61
65
68
71
70
68
64
63
63
63
63
57
47
34
22
11
2
-2
1
5
8
12
16
17
13
9
6
4
1
-6
-7
-7
-9
-7
-3
1
5
3
-3
-7
-12
-11
-6
-1
2
-3
-10
-15
-18
-20
-21
-25
-35
-42
-42
-34
-27
-33
-44
-56
-59
-56
-51
-44
-45
-49
-55
-59
-57
-51
-46
-47
-48
-49
-53
-55
-55
-46
-35
-25
-16
-16
-22
-27
-29
-28
-25
-23
-26
-26
-21
-11
-7
-4
-8
-16
-18
-18
-13
-4
8
12
12
7
7
15
27
35
39
40
37
35
33
38
46
58
67
75
78
74
65
56
55
64
74
79
76
69
62
62
70
79
86
87
82
79
79
78
74
72
72
71
70
63
60
58
59
60
56
48
32
17
5
-5
-7
-14
-19
-24
-30
-33
-36
-39
-39
-40
-43
-50
-53
-57
-56
-55
-56
-61
-65
-66
-66
-66
-65
-63
-60
-60
-65
-71
-80
-89
-92
-92
-91
-86
-83
-82
-80
-78
-77
-74
-69
-66
-61
-57
-53
-49
-46
-44
-42
-41
-40
-36
-30
-22
-18
-16
-14
-13
-8
-2
6
15
20
21
21
22
22
28
34
41
49
56
62
66
70
75
74
72
69
69
73
77
80
78
71
63
54
47
43
39
33
27
23
21
23
23
22
20
17
15
12
13
14
14
13
10
4
-2
-8
-11
-15
-18
-20
-23
-26
-31
-38
-44
-47
-44
-34
-22
-12
-8
-7
-4
2
7
12
11
5
-3
-6
0
13
23
28
25
18
14
7
3
4
11
22
26
28
27
25
32
39
48
52
52
46
42
40
38
36
30
26
26
26
28
26
19
10
-4
-16
-29
-32
-28
-21
-18
-25
-36
-47
-56
-58
-57
-56
-55
-56
-53
-47
-39
-33
-29
-29
-33
-37
-41
-43
-41
-36
-29
-26
-30
-39
-47
-47
-42
-35
-25
-19
-15
-17
-19
-19
-17
-15
-11
-9
-7
-5
-2
3
5
3
1
-7
-9
-5
1
3
2
-7
-17
-23
-25
-24
-21
-17
-15
-14
-11
-12
-10
-7
1
11
15
11
3
-4
-6
-1
5
9
11
9
4
-1
-10
-14
-11
-5
0
0
0
3
7
8
6
8
15
28
43
57
65
68
72
78
87
96
103
112
119
118
112
105
100
100
105
109
110
109
106
101
94
84
74
67
56
44
29
16
6
2
1
0
-3
-11
-22
-30
-39
-48
-58
-62
-65
-68
-72
-81
-90
-94
-94
-90
-82
-80
-83
-86
-90
-93
-91
-88
-82
-80
-78
-79
-82
-88
-92
-92
-88
-79
-66
-58
-53
-54
-58
-65
-67
-63
-57
-50
-46
-48
-48
-46
-40
-33
-25
-17
-13
-10
-10
-10
-4
4
12
15
15
15
17
24
32
40
48
52
51
46
45
48
55
62
62
63
62
61
64
68
72
74
74
70
69
74
80
84
83
74
66
55
51
50
53
56
56
52
45
36
31
27
28
27
25
24
22
21
18
14
12
8
10
11
10
12
11
6
2
-4
-9
-14
-15
-14
-13
-13
-15
-21
-28
-34
-36
-33
-30
-30
-33
-36
-37
-37
-33
-31
-31
-33
-37
-35
-33
-31
-30
-30
-31
-31
-33
-34
-33
-29
-24
-23
-26
-31
-35
-36
-32
-26
-19
-20
-22
-23
-25
-21
-16
-13
-12
-14
-15
-16
-14
-13
-11
-10
-9
-10
-13
-16
-11
-3
4
7
2
-3
-2
0
4
6
4
1
-2
-4
0
3
3
6
8
9
10
10
10
10
10
12
16
20
21
19
16
14
13
13
15
23
32
37
36
29
22
18
16
16
16
14
14
21
27
30
29
21
14
12
14
16
19
22
19
14
9
8
9
10
11
12
13
14
14
10
5
-1
-3
-1
2
3
5
3
-2
-5
-7
-8
-8
-9
-10
-11
-10
-6
-1
-2
-3
-5
-7
-11
-13
-14
-10
-2
4
2
-6
-10
-10
-5
-2
-1
-1
1
1
-1
-2
-3
-3
-2
-2
-7
-12
-16
-17
-15
-10
-9
-8
-8
-10
-15
-20
-22
-21
-18
-21
-22
-24
-22
-19
-17
-17
-18
-18
-16
-13
-13
-13
-13
-16
-20
-25
-26
-22
-15
-9
-7
-8
-8
-6
-1
5
12
16
14
11
6
6
7
8
10
15
18
20
22
22
20
17
13
9
6
5
5
5
7
10
15
19
16
10
5
6
10
14
16
18
20
20
17
13
10
7
8
7
4
0
-4
-4
0
3
5
3
-1
-2
-2
-7
-15
-16
-13
-6
0
0
-2
-3
-1
-1
-1
-3
-4
-4
-1
1
3
6
4
-2
-9
-12
-11
-7
-2
1
-5
-11
-12
-11
-8
-6
-5
-5
-5
-5
-4
-1
3
6
8
4
0
0
2
9
19
22
21
17
13
10
8
6
5
7
9
9
3
-3
-7
-7
-6
-6
-5
-3
-3
-4
-7
-9
-12
-12
-8
-7
-6
-2
1
3
5
7
8
9
6
0
-4
-8
-11
-13
-18
-19
-18
-15
-10
-10
-13
-18
-20
-18
-12
-7
-3
-4
-7
-10
-11
-9
-5
0
9
14
15
15
10
6
5
5
8
12
16
18
15
13
12
12
13
10
7
5
7
11
14
13
13
15
15
14
9
4
5
10
12
13
8
3
3
7
12
15
13
8
3
-2
-3
-1
0
3
4
5
6
6
4
1
0
0
2
4
8
7
5
1
-3
-6
-10
-9
-7
-4
-3
-7
-11
-14
-17
-16
-14
-14
-16
-16
-18
-24
-26
-28
-28
-27
-27
-28
-30
-30
-25
-22
-21
-23
-22
-19
-17
-16
-18
-21
-21
-20
-17
-13
-9
-4
-1
-3
-4
-4
-4
-4
-4
-2
4
12
19
21
20
20
17
15
14
13
17
23
29
33
33
33
29
24
19
18
17
18
23
28
29
27
23
22
25
29
29
27
24
21
18
18
19
21
21
22
20
15
8
3
-2
-4
-4
-4
-4
-4
-3
0
1
1
-2
-8
-12
-12
-12
-11
-11
-11
-14
-17
-18
-19
-17
-14
-12
-13
-18
-21
-21
-25
-27
-28
-30
-30
-30
-28
-24
-21
-19
-17
-18
-18
-14
-12
-14
-17
-19
-21
-21
-19
-14
-8
-3
-3
-6
-11
-12
-9
-7
-5
-5
-8
-11
-8
-3
5
11
11
5
-1
-4
-2
3
7
10
10
10
9
10
14
21
26
22
15
11
11
17
25
26
21
12
7
6
12
19
27
31
29
22
18
18
23
25
25
23
21
22
24
26
27
32
34
32
29
23
16
11
9
4
0
0
0
2
5
2
0
-4
-9
-14
-21
-23
-22
-17
-12
-9
-10
-11
-14
-15
-15
-16
-15
-16
-21
-26
-30
-30
-29
-30
-31
-29
-26
-23
-21
-21
-24
-25
-26
-28
-32
-31
-29
-30
-28
-27
-26
-23
-21
-20
-19
-19
-18
-13
-10
-7
-2
-2
0
0
3
8
13
17
18
16
14
19
22
24
27
29
29
27
25
21
21
24
27
27
21
11
8
13
17
23
25
27
29
28
27
24
22
25
28
28
26
25
27
28
29
26
22
18
13
6
1
1
5
6
0
-11
-18
-21
-18
-14
-15
