1
1
2
4
4
3
4
3
3
3
4
3
5
4
4
3
2
3
2
3
1
0
-2
-2
-3
-3
-2
-2
-2
-4
-4
-3
-2
1
1
-1
-1
-3
-3
-3
-2
-2
0
1
2
0
0
-2
-2
-3
-2
-2
-2
-3
-3
-3
-2
-3
-3
-3
-3
-2
0
2
3
3
2
3
1
2
1
-2
0
1
2
2
1
2
2
2
1
1
0
0
0
2
2
2
1
0
-1
-2
-2
0
2
3
3
1
1
0
1
1
2
1
1
1
0
-1
-2
-1
-1
0
1
1
0
0
1
1
0
-2
-2
-2
-2
-2
-2
-2
-1
0
1
1
1
0
0
-1
-1
0
-1
-2
-3
-4
-5
-4
-3
0
2
3
3
4
2
2
0
-1
-1
0
1
1
1
1
2
1
2
0
1
-1
-2
-3
-3
-2
0
-1
1
2
2
3
2
1
0
-1
0
0
0
0
0
0
2
1
1
0
0
0
-1
0
-1
-1
-1
-1
-1
-2
-2
-3
-3
-4
-4
-3
-1
-1
1
2
3
3
1
0
0
0
0
0
0
1
1
2
3
4
4
3
0
-1
-3
-5
-4
-3
0
2
4
5
3
3
2
1
1
0
-1
0
2
2
2
3
1
0
-2
-2
-2
-2
-3
-1
0
1
1
1
1
-3
-4
-5
-4
-2
-2
-1
0
2
3
3
2
1
0
-2
-3
-2
-1
2
2
2
0
-1
-2
-2
0
-1
1
0
-3
-3
-1
1
2
2
1
0
0
1
2
3
2
2
1
0
-1
-3
-3
-3
-4
-3
0
4
4
5
2
0
-2
-3
-1
-2
-2
0
0
1
2
3
4
4
3
0
0
-2
-2
-1
1
1
0
-1
0
0
-1
0
0
0
0
0
-1
0
1
0
1
0
1
0
1
2
3
3
2
1
-1
-3
-4
-4
-2
0
1
1
-1
-3
-3
-2
-1
2
3
3
2
-1
-4
-5
-2
1
5
6
5
3
3
4
5
4
2
-2
-6
-8
-11
-7
-2
0
-1
-4
-5
-7
-6
-4
-3
-2
-3
-3
-1
2
4
5
5
3
2
-1
-1
0
3
4
5
3
1
0
0
-3
-4
-5
-6
-6
-4
-1
2
2
2
1
-1
-2
-3
-2
1
5
7
6
6
5
3
3
4
3
1
-1
-1
-1
1
3
4
3
-1
-3
-4
-1
0
2
4
5
5
5
2
-1
-3
-3
-3
-2
-2
1
2
4
8
11
13
13
12
11
9
4
3
3
3
-1
-6
-11
-16
-16
-11
-5
-1
-3
-2
2
4
4
1
1
-1
-3
-3
-2
-1
-5
-9
-14
-18
-18
-16
-11
-5
-1
0
0
1
2
4
7
7
2
-8
-17
-19
-17
-11
-11
-10
-6
0
0
-3
-2
0
4
4
3
2
3
4
3
1
-1
-2
-2
-2
0
6
8
8
7
8
9
8
3
1
1
1
4
9
12
14
12
10
6
6
8
10
11
14
14
15
17
16
16
15
12
9
7
10
14
15
13
11
13
15
15
12
11
11
10
13
16
18
13
7
8
17
27
33
34
29
16
-1
-16
-14
2
16
10
-10
-22
-22
-21
-24
-29
-34
-45
-52
-45
-28
-19
-27
-32
-31
-24
-25
-36
-49
-61
-64
-62
-61
-56
-53
-54
-59
-70
-72
-68
-62
-57
-59
-57
-53
-42
-25
-15
-15
-22
-28
-26
-16
-3
7
13
12
10
14
19
22
21
18
15
19
28
40
54
61
64
62
57
56
57
56
57
58
67
75
82
84
82
82
84
90
94
98
98
93
92
92
95
93
84
74
66
65
66
67
64
60
58
58
57
53
49
47
47
45
43
42
45
51
55
57
60
61
54
39
22
6
-12
-28
-33
-30
-38
-78
-127
-150
-141
-133
-164
-217
-250
-243
-213
-195
-190
-195
-202
-216
-221
-213
-204
-202
-213
-242
-304
-392
-467
-489
-473
-454
-437
-389
-298
-190
-104
-50
-8
32
70
111
155
209
268
318
351
367
361
329
267
193
123
65
32
26
40
58
67
70
71
73
81
86
95
114
152
204
256
301
326
333
317
290
264
241
221
200
180
162
145
132
114
89
57
21
0
-5
6
32
59
82
94
102
107
111
115
123
135
147
163
173
172
152
116
75
35
3
-25
-41
-45
-42
-27
-11
2
4
-4
-15
-27
-40
-47
-36
-2
38
62
59
38
13
-4
-16
-36
-79
-134
-171
-165
-135
-111
-135
-213
-327
-444
-519
-557
-570
-589
-654
-826
-1113
-1405
-1557
-1481
-1233
-942
-686
-466
-248
-34
135
238
277
302
343
420
543
692
817
860
801
659
475
285
109
-42
-155
-211
-201
-142
-60
3
32
25
1
-3
44
150
288
433
579
708
812
862
847
770
656
536
432
361
323
300
270
216
143
59
-31
-119
-192
-236
-244
-211
-142
-57
24
82
92
40
-45
-102
-89
-26
44
102
145
166
150
94
18
-70
-155
-217
-243
-225
-183
-138
-110
-100
-105
-119
-138
-151
-147
-110
-48
27
93
146
179
173
125
53
-16
-73
-115
-136
-138
-124
-110
-108
-129
-170
-222
-263
-275
-256
-209
-153
-94
-27
41
84
69
8
-41
-67
-122
-227
-320
-345
-316
-262
-168
-37
61
72
35
38
97
178
250
325
399
436
427
401
380
368
360
322
149
-255
-857
-1478
-1889
-1986
-1807
-1487
-1140
-813
-517
-245
-26
118
189
221
295
464
738
1058
1331
1492
1494
1351
1102
796
481
179
-69
-237
-300
-281
-239
-217
-239
-300
-379
-440
-443
-367
-203
23
282
546
777
943
1009
978
876
743
616
518
455
378
251
87
-74
-202
-306
-391
-450
-475
-460
-414
-323
-201
-75
23
75
110
146
192
235
268
300
326
332
299
230
133
8
-133
-267
-367
-430
-468
-488
-489
-470
-444
-426
-417
-410
-394
-362
-308
-232
-140
-35
59
123
144
127
94
55
13
-39
-93
-135
-152
-146
-133
-131
-153
-193
-219
-205
-155
-94
-39
14
84
160
229
283
327
356
349
317
295
315
340
312
241
185
153
95
-1
-72
-81
-72
-99
-136
-137
-106
-86
-132
-306
-640
-1054
-1381
-1504
-1418
-1229
-1002
-738
-438
-142
97
253
321
328
331
386
514
688
862
987
1038
1012
912
741
517
272
45
-128
-212
-214
-171
-122
-92
-81
-100
-137
-156
-131
-52
65
216
393
574
728
820
840
789
681
557
439
338
255
183
105
5
-91
-168
-246
-341
-432
-481
-479
-431
-346
-232
-113
-13
58
101
129
140
126
91
48
18
7
7
5
-10
-45
-104
-179
-248
-291
-315
-326
-320
-292
-243
-198
-169
-149
-130
-114
-102
-83
-49
0
52
94
119
124
112
84
42
-5
-45
-77
-105
-127
-137
-133
-123
-112
-103
-92
-73
-45
-16
20
72
148
240
333
406
450
461
432
378
323
271
197
92
2
-17
21
19
-79
-210
-276
-260
-259
-394
-694
-1053
-1332
-1461
-1469
-1425
-1375
-1306
-1145
-849
-481
-159
49
168
271
404
571
746
898
998
1041
1055
1042
974
838
637
411
203
33
-79
-148
-196
-220
-219
-199
-179
-156
-125
-70
14
131
281
447
610
760
873
935
940
894
811
710
601
487
369
253
144
38
-69
-177
-288
-392
-475
-519
-513
-469
-404
-327
-232
-119
-9
87
152
189
205
197
169
119
64
20
-14
-49
-89
-138
-192
-249
-303
-353
-389
-409
-408
-384
-337
-275
-210
-150
-91
-31
20
59
87
100
102
93
80
62
32
-11
-54
-85
-117
-161
-210
-248
-259
-248
-226
-199
-170
-136
-96
-48
-1
42
77
108
147
202
250
265
246
216
205
217
246
278
300
299
261
200
135
84
57
26
-9
-25
-17
22
73
46
-195
-707
-1335
-1801
-1953
-1873
-1733
-1558
-1279
-888
-459
-102
123
230
261
295
401
588
828
1061
1246
1357
1386
1328
1159
875
522
186
-58
-194
-245
-238
-206
-169
-153
-175
-229
-282
-302
-254
-125
86
362
641
877
1039
1115
1100
1000
850
673
499
358
262
193
122
41
-40
-124
-224
-335
-432
-492
-496
-445
-344
-212
-83
26
98
126
112
78
60
74
111
147
166
154
115
49
-45
-165
-291
-406
-491
-533
-526
-476
-405
-341
-297
-273
-261
-247
-221
-181
-126
-55
30
113
173
198
187
140
64
-33
-133
-215
-259
-269
-256
-239
-233
-234
-232
-225
-210
-187
-161
-132
-81
-2
78
142
191
244
286
291
268
253
249
249
244
235
232
243
249
222
170
114
59
2
-56
-84
-59
-3
76
185
233
62
-404
-1027
-1541
-1786
-1794
-1685
-1504
-1226
-878
-501
-163
69
189
203
188
249
424
692
975
1201
1344
1399
1368
1227
977
657
334
85
-65
-128
-130
-95
-69
-77
-124
-199
-266
-315
-318
-242
-71
184
462
715
907
1015
1037
969
844
674
483
312
204
165
154
116
39
-54
-160
-277
-399
-498
-549
-535
-461
-346
-219
-103
-24
12
12
5
13
23
31
56
101
142
150
107
20
-98
-235
-357
-441
-482
-484
-458
-405
-344
-297
-277
-277
-275
-264
-233
-177
-105
-25
65
143
194
208
178
114
38
-28
-69
-103
-139
-166
-180
-192
-205
-220
-242
-262
-265
-235
-168
-67
47
166
271
343
384
381
337
284
245
240
237
205
170
171
219
269
253
167
52
-12
-28
-74
-168
-278
-325
-277
-188
-89
-46
-146
-397
-721
-985
-1129
-1187
-1189
-1107
-909
-629
-343
-108
36
97
114
126
178
287
438
617
793
930
1021
1039
964
805
583
365
194
87
32
21
48
85
102
80
25
-36
-93
-127
-111
-26
122
299
475
625
724
750
705
603
458
309
196
146
136
127
104
73
28
-44
-138
-235
-319
-370
-374
-323
-237
-149
-84
-51
-45
-54
-62
-76
-92
-96
-73
-19
28
57
62
25
-43
-134
-221
-290
-335
-350
-342
-311
-265
-226
-207
-208
-222
-229
-221
-193
-141
-72
1
63
106
131
124
88
37
-13
-46
-63
-64
-53
-38
-30
-34
-44
-60
-67
-59
-28
29
100
177
229
228
184
129
96
77
55
18
-29
-59
-36
29
90
92
48
45
87
124
101
25
-28
-39
12
97
105
-73
-484
-976
-1352
-1539
-1590
-1611
-1570
-1406
-1114
-732
-369
-103
42
106
175
307
495
698
888
1054
1199
1317
1368
1313
1128
862
586
361
199
69
-18
-67
-82
-83
-107
-148
-194
-233
-245
-195
-69
119
331
534
719
860
944
955
894
785
645
515
413
334
276
210
128
34
-72
-179
-285
-379
-438
-461
-445
-395
-322
-244
-184
-147
-121
-93
-53
-20
9
39
74
112
129
111
61
-21
-118
-226
-329
-410
-464
-489
-490
-464
-428
-395
-375
-365
-340
-301
-243
-173
-98
-19
58
127
173
197
189
142
82
20
-26
-53
-77
-99
-114
-130
-144
-153
-153
-140
-122
-102
-69
-17
46
95
118
118
118
134
148
147
125
92
80
117
192
255
264
209
121
34
-65
-143
-190
-200
-161
-91
19
136
194
119
-132
-486
-841
-1101
-1220
-1223
-1125
-977
-811
-615
-423
-268
-181
-135
-77
24
174
363
587
811
990
1105
1148
1108
987
810
613
440
321
262
245
237
219
184
124
35
-75
-178
-243
-243
-168
-36
140
327
489
606
664
659
596
488
371
295
265
270
282
276
254
202
119
3
-134
-251
-331
-365
-350
-308
-261
-224
-195
-175
-165
-179
-224
-260
-241
-158
-49
43
97
126
136
105
31
-74
-196
-295
-358
-382
-371
-347
-336
-336
-336
-342
-345
-345
-337
-296
-216
-113
-9
76
128
153
157
132
96
51
4
-24
-36
-33
-33
-39
-49
-67
-82
-105
-128
-141
-145
-127
-83
-18
49
97
114
99
77
82
108
138
153
164
205
253
285
292
293
291
239
154
52
-23
-43
-67
-48
32
130
201
86
-213
-603
-992
-1266
-1422
-1441
-1341
-1174
-950
-701
-445
-219
-78
-7
43
121
262
452
655
860
1028
1153
1221
1190
1070
870
637
423
246
139
89
68
55
28
-8
-60
-132
-207
-264
-272
-209
-81
98
305
488
623
682
656
589
488
394
328
289
286
289
281
267
226
147
31
-112
-238
-325
-368
-370
-352
-313
-268
-220
-179
-168
-184
-226
-257
-233
-155
-50
47
118
158
173
139
56
-53
-171
-266
-323
-349
-340
-321
-305
-298
-296
-290
-299
-306
-300
-267
-183
-84
16
107
168
204
206
176
130
70
9
-39
-64
-76
-92
-112
-137
-158
-173
-187
-207
-219
-205
-161
-88
-27
17
50
60
69
64
70
90
131
216
279
305
290
273
310
344
318
226
110
29
-7
-31
-70
-106
-105
-21
114
150
-32
-455
-920
-1243
-1407
-1431
-1398
-1283
-1048
-738
-382
-79
106
178
172
190
276
425
610
779
941
1093
1191
1220
1133
918
657
404
211
92
16
-13
-9
16
36
21
-29
-111
-190
-225
-196
-87
73
248
422
566
640
656
617
535
445
349
279
248
235
245
252
237
183
77
-59
-197
-315
-398
-456
-474
-447
-380
-290
-221
-197
-222
-270
-282
-237
-156
-64
13
82
150
182
151
68
-46
-167
-262
-325
-346
-345
-339
-325
-302
-274
-267
-282
-298
-297
-252
-177
-91
-3
84
160
216
238
223
179
115
55
14
-17
-49
-90
-118
-123
-109
-89
-92
-106
-113
-118
-104
-80
-39
-3
1
17
77
174
242
226
190
193
238
275
273
260
244
211
154
76
16
-28
-37
-2
72
174
201
71
-234
-637
-1010
-1288
-1435
-1474
-1404
-1226
-988
-698
-411
-184
-39
23
55
113
235
419
633
837
998
1131
1205
1179
1053
851
620
400
228
115
67
70
81
83
56
-8
-89
-170
-231
-246
-190
-66
100
285
458
579
620
589
543
504
445
375
323
314
336
355
348
306
220
92
-53
-183
-287
-353
-381
-375
-340
-297
-257
-233
-226
-225
-210
-185
-154
-122
-82
-20
36
68
65
22
-35
-102
-171
-228
-268
-285
-290
-293
-295
-296
-301
-318
-331
-329
-309
-268
-207
-131
-45
43
108
149
163
143
106
64
31
7
-10
-31
-60
-81
-101
-120
-139
-168
-184
-173
-132
-65
-4
38
61
72
76
75
72
81
113
162
205
216
220
246
270
257
187
126
97
64
-10
-117
-146
-99
-30
65
140
154
19
-315
-729
-1088
-1312
-1419
-1423
-1308
-1102
-820
-513
-248
-61
43
88
131
198
301
464
658
846
1008
1119
1176
1137
995
788
571
398
267
175
131
119
128
132
96
31
-50
-135
-196
-200
-135
-6
153
321
457
534
549
517
483
441
382
324
295
321
365
390
377
313
207
75
-60
-187
-285
-346
-376
-373
-344
-293
-246
-223
-222
-231
-216
-185
-153
-128
-102
-66
-28
-7
-19
-61
-108
-157
-205
-247
-288
-315
-322
-315
-299
-292
-310
-332
-343
-326
-292
-256
-211
-156
-87
-12
46
80
78
57
29
6
-8
-16
-22
-28
-27
-21
-22
-41
-80
-115
-125
-107
-72
-41
-8
31
87
138
158
157
159
190
221
243
266
270
251
217
197
202
193
146
91
70
72
69
56
29
23
45
41
-47
-252
-535
-824
-1050
-1190
-1256
-1242
-1154
-1000
-784
-555
-347
-178
-60
33
135
247
373
516
663
806
929
1005
1012
959
857
712
567
434
314
218
149
109
94
67
21
-26
-68
-103
-112
-88
-31
67
191
323
446
535
557
504
418
335
299
291
278
267
275
302
307
269
191
76
-50
-159
-233
-268
-276
-270
-242
-197
-149
-117
-113
-139
-165
-171
-165
-157
-146
-127
-106
-95
-114
-156
-207
-263
-310
-330
-332
-330
-320
-301
-270
-234
-216
-218
-231
-236
-215
-180
-140
-102
-58
-7
37
63
58
29
-7
-41
-62
-78
-95
-107
-108
-97
-85
-88
-101
-112
-118
-115
-101
-73
-27
28
91
140
171
186
180
179
173
174
204
253
301
334
350
367
375
359
298
201
109
39
-10
-26
-30
-9
38
81
98
22
-187
-513
-876
-1137
-1272
-1308
-1276
-1186
-1006
-758
-495
-276
-136
-51
22
113
228
369
523
677
823
946
1026
1034
960
806
615
446
315
223
152
106
86
80
69
31
-33
-102
-150
-161
-132
-54
58
192
330
455
540
548
486
396
322
282
254
231
228
253
279
273
223
128
12
-104
-205
-272
-300
-291
-252
-192
-126
-75
-60
-88
-128
-149
-150
-143
-131
-105
-64
-34
-47
-95
-162
-225
-284
-327
-351
-355
-340
-316
-280
-237
-205
-192
-195
-194
-188
-166
-133
-103
-65
-21
22
56
70
62
35
7
-20
-39
-54
-76
-93
-110
-116
-122
-136
-155
-170
-170
-155
-121
-68
-10
51
97
119
130
142
158
181
206
228
251
273
297
325
349
357
342
315
273
229
179
109
37
-29
-81
-106
-110
-86
-28
23
-9
-171
-436
-713
-925
-1038
-1073
-1063
-995
-876
-703
-490
-308
-176
-98
-46
35
147
282
419
545
664
770
852
880
832
718
579
445
342
266
199
154
126
114
111
92
54
-6
-61
-87
-70
-4
94
208
321
413
469
471
410
311
227
178
173
187
203
226
242
248
223
156
63
-46
-127
-171
-185
-175
-154
-121
-85
-54
-42
-52
-84
-123
-153
-179
-189
-184
-165
-135
-117
-110
-122
-159
-213
-277
-326
-352
-359
-349
-332
-313
-293
-266
-240
-216
-194
-173
-144
-104
-56
-12
29
58
66
58
27
-22
-67
-97
-114
-122
-124
-123
-119
-117
-122
-129
-128
-118
-97
-71
-43
-3
47
89
119
140
153
156
156
164
180
188
178
165
175
203
227
238
239
235
227
204
169
127
88
52
29
38
72
128
181
221
239
187
35
-227
-526
-783
-961
-1042
-1061
-1020
-912
-763
-588
-429
-315
-224
-137
-39
72
209
369
522
659
769
846
882
847
739
608
479
367
284
215
170
145
127
99
56
-5
-68
-118
-149
-150
-104
-16
89
195
273
309
323
321
309
306
295
277
272
274
281
282
259
207
132
51
-27
-95
-151
-192
-204
-196
-186
-172
-166
-175
-186
-205
-220
-213
-191
-149
-97
-52
-21
-11
-31
-77
-138
-204
-265
-309
-330
-328
-311
-289
-269
-255
-249
-241
-225
-204
-174
-134
-94
-49
-12
21
45
49
40
23
0
-25
-50
-68
-80
-80
-75
-68
-64
-72
-85
-97
-105
-100
-82
-54
-29
2
40
84
129
155
169
171
172
177
188
208
222
234
243
247
253
251
235
204
167
133
113
106
95
89
99
124
148
142
95
2
-160
-386
-636
-837
-951
-989
-958
-863
-719
-556
-408
-282
-183
-102
-30
46
140
254
390
528
643
713
739
719
652
553
434
329
250
193
164
147
131
110
81
43
-6
-49
-77
-87
-69
-19
58
148
218
246
250
249
251
250
237
222
227
242
255
257
246
213
155
89
25
-32
-84
-134
-163
-164
-149
-131
-123
-120
-119
-124
-140
-161
-172
-158
-127
-96
-70
-52
-48
-66
-109
-166
-222
-278
-325
-349
-346
-321
-288
-253
-227
-209
-194
-182
-169
-149
-116
-69
-24
12
40
50
39
9
-30
-70
-100
-114
-107
-89
-65
-44
-24
-8
-9
-17
-22
-22
-19
-15
1
27
55
79
103
130
156
171
182
194
210
225
236
249
265
276
274
249
211
177
153
124
85
52
47
58
53
25
0
-24
-97
-246
-430
-598
-728
-816
-861
-847
-767
-649
-523
-394
-276
-179
-97
-29
38
125
239
357
462
541
595
628
619
559
473
389
306
233
174
133
115
100
82
68
57
43
28
21
22
47
92
135
173
206
236
266
281
276
266
262
258
252
249
242
228
204
165
122
76
27
-23
-68
-103
-129
-143
-151
-145
-131
-113
-96
-92
-92
-93
-93
-92
-89
-87
-88
-94
-107
-123
-145
-175
-210
-246
-275
-298
-322
-347
-358
-349
-324
-284
-237
-193
-149
-112
-85
-64
-53
-51
-44
-35
-26
-15
-9
-16
-28
-46
-67
-81
-86
-85
-68
-41
-15
11
36
54
68
77
78
75
67
59
63
88
121
148
169
193
224
250
261
250
231
213
201
194
190
181
164
144
124
100
69
35
8
-13
-42
-92
-178
-299
-430
-552
-661
-740
-783
-772
-704
-598
-471
-342
-229
-132
-49
31
109
176
238
301
373
439
485
506
494
455
405
346
284
215
150
109
94
87
82
84
85
83
77
75
84
101
117
134
156
185
217
244
259
267
272
272
264
247
223
201
176
148
122
101
75
42
3
-33
-59
-75
-88
-94
-89
-79
-71
-65
-59
-58
-64
-76
-91
-96
-94
-95
-104
-123
-149
-175
-200
-235
-276
-312
-336
-338
-317
-289
-252
-213
-182
-159
-138
-123
-118
-115
-108
-95
-77
-65
-58
-52
-45
-41
-46
-60
-75
-78
-76
-67
-52
-40
-31
-20
-12
-6
0
-3
-5
0
16
39
68
99
133
171
199
216
224
220
217
213
212
217
229
244
246
231
189
130
61
-26
-114
-179
-204
-197
-174
-151
-132
-136
-188
-283
-392
-491
-568
-613
-608
-540
-421
-287
-165
-60
16
62
79
81
82
104
154
220
292
356
403
423
404
347
274
207
147
102
81
88
118
155
186
208
213
198
162
124
90
73
74
99
146
206
260
290
301
293
273
242
204
169
149
141
137
132
127
115
95
63
21
-23
-63
-92
-107
-105
-92
-76
-63
-54
-52
-60
-81
-111
-141
-162
-172
-182
-199
-221
-241
-246
-241
-236
-234
-234
-229
-222
-210
-193
-174
-156
-138
-122
-116
-119
-131
-141
-142
-134
-123
-110
-94
-69
-42
-24
-18
-19
-21
-19
-19
-23
-29
-30
-33
-35
-23
-5
14
29
48
76
110
137
150
161
178
192
198
191
179
168
161
154
147
131
93
40
-18
-63
-90
-104
-115
-120
-108
-86
-62
-44
-43
-60
-106
-182
-288
-394
-481
-529
-524
-475
-401
-305
-209
-125
-65
-25
6
33
62
93
144
217
290
350
380
383
370
348
313
271
234
210
202
200
205
222
235
232
218
194
166
144
127
120
129
148
170
193
211
218
217
212
192
170
148
131
122
119
119
118
114
99
70
33
-14
-54
-83
-100
-111
-114
-113
-105
-93
-82
-75
-78
-90
-111
-134
-164
-201
-237
-257
-254
-239
-224
-212
-197
-183
-177
-177
-176
-176
-173
-171
-170
-168
-163
-153
-138
-125
-109
-93
-77
-64
-47
-31
-26
-25
-24
-23
-20
-20
-20
-19
-19
-23
-23
-19
-20
-18
-8
8
26
44
60
74
91
109
125
144
153
160
166
164
154
143
129
98
50
-1
-40
-58
-60
-51
-34
-21
-27
-42
-54
-64
-74
-87
-98
-104
-95
-90
-91
-126
-194
-257
-301
-320
-326
-315
-287
-233
-160
-90
-17
49
91
105
111
126
154
184
201
218
244
265
275
275
266
256
241
216
193
178
173
172
169
160
148
142
134
129
127
130
133
136
140
152
164
163
153
146
138
133
126
112
97
84
67
40
6
-40
-80
-104
-115
-116
-108
-95
-73
-49
-29
-25
-30
-43
-53
-57
-62
-64
-62
-57
-48
-42
-45
-63
-86
-106
-116
-124
-138
-153
-162
-159
-150
-135
-126
-119
-112
-109
-102
-95
-84
-67
-52
-44
-35
-33
-28
-26
-34
-45
-62
-80
-93
-99
-104
-109
-109
-100
-84
-64
-42
-25
-17
-17
-14
-1
6
2
-3
3
18
22
8
-19
-49
-82
-111
-126
-124
-102
-81
-63
-52
-43
-31
-21
-22
-28
-30
-21
-5
20
46
69
78
70
51
26
-2
-46
-90
-127
-147
-145
-134
-111
-81
-44
-16
6
31
52
75
94
117
150
190
227
260
288
305
313
307
300
287
271
250
226
207
195
196
194
189
180
170
157
144
135
127
125
127
131
135
138
137
133
125
112
98
82
69
60
50
39
25
7
-11
-23
-38
-59
-82
-100
-111
-113
-109
-108
-103
-103
-107
-110
-115
-124
-131
-138
-141
-142
-145
-148
-150
-157
-168
-176
-185
-191
-191
-187
-181
-176
-165
-155
-146
-141
-138
-132
-126
-120
-112
-105
-94
-89
-86
-86
-88
-94
-102
-109
-113
-113
-104
-89
-70
-56
-52
-59
-76
-90
-87
-74
-63
-46
-20
7
32
49
68
82
81
62
33
4
-22
-43
-49
-38
-18
11
39
69
87
89
82
63
45
43
57
74
89
102
117
131
131
127
120
107
84
64
60
68
83
99
117
125
113
85
52
18
-11
-27
-31
-25
-10
14
44
73
95
107
111
107
97
94
96
101
98
92
92
97
102
107
118
121
115
107
105
101
101
100
101
103
100
98
92
90
84
78
73
66
60
53
46
39
31
22
18
19
15
5
-10
-30
-46
-56
-63
-66
-68
-66
-64
-68
-70
-74
-79
-86
-92
-97
-99
-98
-99
-103
-110
-125
-142
-160
-183
-203
-219
-225
-223
-212
-198
-186
-176
-178
-182
-192
-208
-218
-227
-227
-217
-202
-184
-166
-140
-113
-97
-90
-88
-81
-74
-68
-63
-58
-41
-18
-5
3
6
10
12
11
11
9
16
27
46
66
80
91
101
112
116
116
104
92
84
79
81
94
119
152
186
209
222
224
216
201
178
149
126
110
102
106
120
135
146
156
166
170
166
152
135
124
120
118
112
105
96
86
70
56
44
29
21
14
14
14
15
11
3
-9
-22
-33
-46
-54
-59
-57
-51
-42
-35
-33
-31
-36
-43
-52
-58
-60
-59
-56
-53
-48
-46
-46
-47
-48
-49
-47
-43
-38
-34
-26
-22
-24
-32
-40
-44
-47
-51
-57
-62
-60
-52
-43
-32
-28
-27
-30
-34
-33
-33
-31
-31
-33
-33
-36
-39
-44
-52
-57
-66
-75
-81
-82
-79
-73
-67
-62
-56
-50
-50
-60
-79
-103
-123
-130
-123
-102
-79
-54
-29
-6
13
28
34
34
21
-6
-38
-64
-77
-76
-65
-45
-17
14
37
53
60
58
53
47
43
37
24
7
-10
-14
-10
2
21
41
68
87
97
93
80
72
63
64
69
80
91
100
103
100
93
83
70
53
37
26
31
46
67
90
106
119
119
110
89
62
40
29
35
50
69
87
96
98
89
68
41
9
-20
-43
-51
-44
-32
-14
4
20
35
41
36
23
4
-13
-23
-26
-18
-12
-7
-12
-21
-36
-50
-60
-67
-69
-65
-59
-53
-41
-29
-15
-7
-8
-13
-23
-33
-40
-46
-51
-57
-62
-62
-57
-46
-40
-37
-35
-34
-34
-33
-36
-37
-37
-37
-39
-42
-47
-51
-57
-60
-58
-57
-55
-53
-50
-46
-44
-41
-42
-47
-55
-67
-76
-82
-80
-72
-57
-39
-24
-14
-11
-8
-7
-7
-13
-22
-30
-33
-24
-12
7
23
29
26
15
5
-4
-6
6
23
49
69
85
94
94
88
74
47
19
-4
-13
-7
4
20
39
55
68
74
73
58
32
1
-20
-23
-15
5
38
79
114
136
149
155
152
132
98
63
36
21
19
26
41
59
73
77
79
75
68
58
49
44
41
40
36
33
21
0
-28
-53
-68
-74
-70
-56
-31
-2
23
36
31
14
-12
-41
-71
-95
-113
-123
-126
-120
-108
-90
-70
-51
-34
-24
-20
-24
-30
-35
-42
-51
-60
-64
-61
-53
-47
-45
-50
-58
-64
-62
-52
-33
-8
13
30
35
34
30
22
11
-5
-22
-32
-35
-27
-14
2
17
31
41
46
41
29
15
4
-2
-2
0
3
2
2
1
-5
-10
-14
-12
-7
-2
1
8
15
22
24
21
16
12
8
4
2
1
5
17
28
38
43
43
42
36
34
32
29
19
4
-13
-31
-44
-54
-59
-57
-48
-34
-14
6
24
38
47
51
47
34
14
-10
-31
-48
-59
-61
-54
-38
-17
7
30
45
49
44
37
29
20
11
2
-4
-11
-12
-5
5
18
22
22
17
12
6
7
20
37
56
71
79
77
64
45
17
-10
-32
-45
-47
-46
-37
-21
-2
22
41
53
53
42
26
6
-9
-19
-26
-25
-24
-25
-23
-25
-25
-22
-18
-13
-9
-4
-1
0
-4
-13
-25
-38
-51
-59
-62
-60
-53
-42
-26
-9
8
21
30
29
15
-7
-26
-40
-45
-37
-23
-3
17
34
51
62
60
43
17
-10
-31
-47
-55
-57
-52
-44
-32
-12
11
29
38
36
32
25
22
17
7
-5
-19
-28
-30
-23
-12
0
11
19
23
27
28
27
23
17
10
6
5
2
-5
-8
-10
-7
-4
1
7
12
14
12
8
6
7
7
8
9
7
6
6
5
-2
-12
-24
-30
-30
-27
-21
-11
-3
4
8
14
22
26
22
9
-4
-15
-22
-21
-15
-3
8
15
17
18
20
19
16
12
6
1
-2
-5
-5
-8
-8
-5
2
12
22
34
40
41
36
32
28
24
20
19
19
20
18
12
2
-9
-20
-30
-31
-29
-27
-27
-28
-23
-13
-2
9
15
14
9
-2
-14
-26
-31
-30
-29
-27
-23
-16
-10
-6
-7
-9
-11
-14
-16
-19
-24
-27
-26
-19
-12
-4
0
2
1
0
0
1
2
5
6
5
5
6
6
6
5
5
5
6
9
9
6
-3
-11
-15
-18
-20
-19
-16
-8
3
15
23
29
28
27
20
8
-5
-17
-24
-24
-22
-16
-9
-1
10
19
24
26
23
21
16
10
2
-1
-5
-10
-9
-8
-10
-12
-11
-8
-4
0
7
15
23
28
31
29
24
17
9
-2
-9
-14
-12
-5
4
18
31
41
46
47
47
40
30
17
4
-8
-15
-19
-22
-25
-30
-30
-24
-16
-6
5
16
25
33
36
29
16
-5
-25
-44
-59
-69
-68
-60
-46
-30
-11
4
16
22
24
20
8
-6
-16
-21
-22
-21
-20
-19
-15
-9
-2
-2
-5
-9
-13
-14
-17
-20
-19
-14
-9
-1
6
12
15
17
14
8
2
-4
-7
-8
-5
-1
4
12
21
29
33
31
25
20
18
15
11
8
5
7
8
10
11
9
6
3
2
3
4
5
9
11
10
11
12
13
14
16
15
13
10
8
8
11
13
14
14
10
4
-6
-14
-23
-30
-35
-34
-31
-25
-20
-13
-5
-1
1
0
-1
-2
-4
-7
-9
-12
-15
-20
-24
-24
-22
-18
-13
-5
0
6
9
8
6
4
2
1
2
1
-1
-5
-11
-15
-20
-24
-25
-23
-14
-4
4
10
13
15
13
11
8
5
6
8
4
-3
-7
-12
-11
-7
-1
3
8
12
15
18
23
28
34
38
36
30
20
8
-3
-12
-18
-18
-15
-10
-4
3
11
16
20
21
19
13
7
0
-6
-9
-12
-10
-5
-1
4
9
13
12
9
6
2
2
0
0
1
2
3
4
2
-3
-10
-14
-15
-17
-20
-19
-17
-10
-1
5
9
13
12
8
2
-5
-13
-18
-22
-23
-23
-21
-15
-5
5
15
21
23
20
15
8
-5
-18
-28
-33
-33
-26
-16
-2
9
18
21
17
9
0
-7
-14
-19
-20
-16
-8
-2
3
4
3
1
-3
-3
0
5
10
15
18
17
13
7
4
-1
-5
-7
-6
-2
1
0
-2
-2
-2
2
3
6
6
4
2
3
6
11
16
18
19
16
12
9
5
3
0
0
0
3
8
13
16
17
17
13
6
-2
-8
-12
-11
-8
-4
-2
-2
-1
-2
-3
-6
-7
-10
-15
-18
-21
-20
-19
-18
-12
-7
2
9
12
10
3
-3
-11
-15
-16
-16
-14
-10
-5
2
4
8
8
8
8
6
6
5
1
-1
-5
-7
-7
-6
-5
-2
-1
1
2
2
3
2
2
3
3
3
2
0
-4
-8
-12
-12
-6
0
9
14
16
18
18
17
14
10
6
1
-1
-2
-2
-1
-1
-4
-7
-9
-9
-7
-2
1
6
7
8
8
5
1
-4
-5
-6
-5
-2
0
2
3
4
6
6
4
7
8
8
7
2
-3
-9
-10
-10
-8
-2
2
6
7
6
4
3
1
0
-4
-9
-12
-12
-11
-8
-4
2
10
16
18
17
14
11
10
7
6
2
-1
-4
-6
-5
-5
-5
-2
2
6
8
6
2
-2
-5
-8
-9
-8
-5
-3
-1
-2
-4
-6
-8
-9
-11
-12
-12
-13
-13
-15
-17
-18
-14
-10
-5
-2
1
3
4
0
-3
-6
-5
-1
2
1
-1
-5
-7
-8
-7
-6
-5
1
8
13
15
16
14
10
7
3
-3
-8
-9
-8
-4
2
7
11
15
16
17
15
13
12
11
11
12
11
10
11
10
12
13
15
16
15
12
11
9
7
6
5
5
1
-2
-2
-1
1
5
9
9
8
4
-1
-8
-13
-14
-13
-10
-7
-7
-8
-10
-13
-13
-14
-14
-14
-15
-18
-20
-24
-26
-28
-28
-29
-28
-24
-16
-13
-10
-9
-9
-8
-7
-7
-7
-8
-5
0
5
9
9
9
9
9
9
8
4
3
1
1
1
0
0
1
5
4
4
4
4
6
9
12
14
14
14
13
12
9
5
2
3
7
10
13
17
18
20
21
22
22
22
19
16
11
8
4
3
5
8
12
15
17
18
16
12
10
4
0
-3
-6
-9
-8
-6
-6
-6
-6
-7
-10
-15
-20
-24
-25
-21
-16
-12
-11
-13
-14
-15
-16
-19
-21
-24
-26
-27
-24
-21
-18
-15
-11
-6
-4
-4
-5
-7
-6
-6
-7
-6
-4
-3
1
4
5
4
1
1
1
4
5
7
11
11
12
10
8
8
6
5
5
4
5
6
8
10
13
16
15
13
9
7
8
12
13
12
9
7
8
9
12
11
8
4
3
1
0
-2
0
3
7
9
9
5
1
-2
-3
-5
-5
-6
-5
-4
-3
2
5
5
2
-4
-8
-8
-6
1
4
5
7
8
7
6
4
1
2
0
-3
-3
-5
-8
-9
-12
-15
-17
-17
-18
-14
-11
-7
-5
-2
-1
-1
-4
-8
-14
-17
-18
-17
-11
-5
0
3
8
9
6
4
0
-1
-2
-2
0
1
2
3
4
3
1
1
1
-2
-6
-8
-8
-7
-3
-2
0
0
3
7
9
7
4
1
-1
-1
-3
-4
-4
-4
-2
0
0
2
2
3
4
4
